06  09  12  13  33  39    21
16  21  27  30  31  47    35
02  04  25  26  34  43    41
18  19  28  29  30  34    12
14  15  20  29  32  39    43
13  28  29  32  33  34    43
02  06  13  34  40  44    14
22  29  34  36  44  46    37
04  06  11  22  42  48    23
17  22  26  29  37  43    31
14  17  20  25  43  48    15
01  02  26  31  39  40    38
07  13  18  19  25  37    14
04  21  25  32  37  43    2
03  06  17  23  28  32    45
08  12  23  24  45  46    36
11  13  15  21  35  38    37
11  17  21  36  43  49    5
02  12  14  30  41  46    29
06  16  20  25  33  46    12
01  02  07  26  38  43    4
08  14  21  22  30  31    48
08  12  17  18  19  34    37
12  15  22  23  41  48    17
01  11  17  25  41  45    32
01  10  13  33  34  46    7
22  25  29  31  34  46    49
03  11  19  20  22  28    13
13  17  19  26  39  45    11
13  14  20  30  37  45    1
24  25  26  30  36  48    45
05  14  26  38  41  43    4
16  24  25  26  39  44    30
03  07  42  45  46  49    8
01  17  30  31  32  45    33
06  22  27  34  42  44    36
01  16  17  30  36  49    44
06  28  30  34  43  46    9
02  04  18  20  32  49    30
04  10  11  14  32  36    9
03  04  10  23  25  26    33
06  27  40  44  45  47    11
03  09  13  28  40  48    39
12  17  19  22  27  42    48
11  17  29  36  44  49    33
06  09  11  17  22  36    44
05  11  30  34  44  48    40
05  12  41  43  45  46    33
02  10  16  22  30  33    41
06  15  25  37  41  49    3
01  04  31  32  34  35    33
20  31  33  40  42  46    30
01  15  28  38  41  42    24
11  15  24  27  37  46    1
02  03  07  26  30  49    6
02  05  32  38  42  49    44
03  04  08  25  36  42    32
04  05  07  13  24  30    49
07  19  27  31  42  46    39
06  10  11  16  29  44    37
04  22  28  29  44  47    32
14  31  34  37  42  48    29
13  29  31  38  45  46    43
10  22  31  32  41  48    24
05  06  11  16  19  42    10
11  16  27  33  34  40    7
05  17  19  26  28  43    25
13  14  21  24  27  30    20
03  11  19  21  40  42    14
07  13  15  20  22  47    19
26  27  40  41  42  43    28
01  15  16  33  35  48    10
05  06  08  09  10  43    13
07  19  26  37  38  46    29
08  10  11  21  23  44    42
07  13  14  20  21  49    34
12  25  26  31  36  42    29
09  16  18  32  41  47    46
10  12  13  24  31  40    47
06  13  30  34  38  44    48
03  10  20  21  24  48    26
10  21  23  25  38  42    33
04  23  36  39  45  47    25
01  07  10  32  42  45    26
03  06  19  22  31  32    5
12  15  21  23  25  35    24
04  12  23  30  35  48    46
03  04  09  10  27  31    26
02  14  27  28  44  49    30
07  11  20  38  39  45    30
08  11  14  17  23  33    30
09  12  17  28  40  43    13
12  24  25  27  34  36    39
23  26  31  33  36  38    21
01  10  25  28  38  49    23
03  18  33  34  43  49    2
01  08  16  22  24  30    14
03  05  18  23  40  45    41
03  04  13  26  39  42    18
02  12  18  22  34  36    8
05  15  24  37  38  39    6
16  28  35  44  46  48    26
02  08  11  12  26  35    47
05  16  23  28  38  47    49
06  07  10  13  31  39    18
01  02  07  08  27  45    19
12  22  24  26  27  47    40
03  20  21  22  26  27    25
07  16  32  39  45  49    30
26  28  29  30  36  37    18
13  18  26  28  35  48    42
25  31  34  40  41  47    15
07  30  38  39  40  43    13
02  14  23  25  26  40    6
09  11  30  41  47  49    4
07  13  23  33  34  42    30
02  03  04  17  27  39    15
02  13  29  39  44  49    35
04  07  19  30  36  46    48
16  17  23  32  42  48    2
04  15  21  30  41  46    48
04  08  11  15  16  25    43
03  09  16  18  41  48    22
02  08  09  10  21  31    44
02  04  14  24  27  46    28
01  06  11  37  41  44    4
15  28  29  31  32  47    18
01  02  07  09  16  29    15
05  14  18  34  44  47    10
01  03  29  35  43  47    40
04  05  15  20  29  39    34
01  16  25  34  36  38    41
04  05  22  33  36  43    26
11  20  40  41  45  49    36
18  20  25  36  48  49    21
02  06  09  24  27  45    49
05  15  23  29  31  44    17
06  07  10  13  31  39    18
06  08  17  19  30  47    23
05  10  22  26  31  48    41
06  08  23  26  28  36    37
07  08  17  22  27  44    28
11  13  14  21  42  47    22
27  30  35  39  43  47    25
03  11  26  43  46  48    5
06  11  23  29  45  49    26
02  08  24  28  31  48    15
03  15  16  25  40  48    18
01  08  19  23  38  40    5
04  18  26  37  41  44    6
02  11  35  37  48  49    5
03  26  29  38  43  45    28
04  15  23  41  44  45    46
04  24  28  30  35  39    19
03  10  11  36  37  45    29
05  08  22  26  27  44    10
06  12  20  43  47  48    41
09  10  36  40  42  43    41
02  04  06  21  25  46    28
17  18  23  24  25  28    41
03  08  11  36  38  49    19
13  15  33  37  38  41    47
09  20  22  31  45  46    3
24  28  37  38  43  45    18
09  20  26  29  40  41    21
02  13  16  36  44  47    21
09  14  24  27  37  41    12
05  12  25  27  41  44    18
11  22  26  28  33  37    42
07  11  13  25  30  40    6
03  22  31  43  46  47    14
01  11  14  18  35  43    25
06  12  21  27  36  48    18
02  15  17  31  32  38    11
02  04  05  09  35  45    48
10  17  22  37  43  49    8
04  10  18  34  40  43    3
04  20  22  28  47  48    43
08  12  16  25  28  45    49
09  14  25  31  36  46    40
04  06  13  22  30  44    5
03  04  09  10  28  45    37
05  15  28  29  33  40    26
20  22  28  38  41  47    25
01  02  09  25  28  44    42
07  10  23  44  45  47    38
02  05  06  19  38  45    1
07  10  12  22  30  34    8
05  12  19  21  33  42    9
01  03  16  31  42  48    23
01  06  16  34  36  40    38
25  28  31  32  34  36    43
14  21  25  27  43  47    5
02  04  36  41  42  48    34
06  11  21  22  35  41    27
12  14  21  23  25  30    3
05  07  24  26  30  47    36
19  26  28  33  38  46    48
11  31  41  44  47  49    25
07  08  19  30  43  48    49
02  17  31  35  37  46    3
03  25  39  44  45  48    13
14  17  30  31  36  47    28
01  23  26  27  33  41    18
07  14  16  38  45  49    25
01  02  15  21  31  35    33
01  03  14  17  36  49    10
06  23  39  45  46  47    18
05  10  27  37  39  46    8