0.098087	0.099516	0.100921
0.092937	0.057605	0.105962
0.102100	-0.008718	0.115881
0.129887	-0.038768	0.128496
0.175585	-0.056246	0.139440
0.219953	-0.069225	0.145418
0.246829	-0.079392	0.140143
0.253725	-0.085964	0.118233
0.244397	-0.088688	0.094755
0.220752	-0.084490	0.075347
0.192958	-0.080462	0.051846
0.175680	-0.077766	0.034409
0.176963	-0.076954	0.019032
0.187574	-0.077954	0.004891
0.198560	-0.078430	-0.007176
0.212778	-0.078311	-0.018297
0.222034	-0.079120	-0.029410
0.224636	-0.079366	-0.039458
0.226137	-0.079987	-0.048269
0.229462	-0.080666	-0.056212
0.232618	-0.081153	-0.063652
0.231756	-0.080478	-0.070851
0.226073	-0.078923	-0.077556
0.216879	-0.077221	-0.083603
0.205612	-0.075971	-0.090821
0.196760	-0.074702	-0.097453
0.186240	-0.072810	-0.103919
0.176445	-0.071368	-0.111005
0.164768	-0.069756	-0.118481
0.149717	-0.068016	-0.124495
0.138971	-0.066190	-0.129193
0.136800	-0.065918	-0.132783
0.140688	-0.066269	-0.135563
0.146365	-0.066279	-0.137594
0.148563	-0.066014	-0.140975
0.143467	-0.065305	-0.144263
0.133436	-0.064061	-0.147330
0.125454	-0.060836	-0.150237
0.127537	-0.058662	-0.157877
0.142645	-0.056943	-0.167535
0.163397	-0.054477	-0.178264
0.184885	-0.052866	-0.191331
0.198754	-0.049336	-0.204310
0.201515	-0.043561	-0.216201
0.204902	-0.037498	-0.225933
0.213657	-0.031995	-0.233620
0.223935	-0.027138	-0.240802
0.228995	-0.020273	-0.249724
0.229037	-0.014292	-0.261833
0.230341	-0.012512	-0.278399
0.235692	-0.013205	-0.298221
0.241596	-0.014342	-0.317916
0.247174	-0.013173	-0.334260
0.251514	-0.010206	-0.345335
0.250821	-0.010379	-0.351255
0.245140	-0.008253	-0.353861
0.239781	0.004060	-0.355433
0.236353	0.017263	-0.355910
0.234658	0.029008	-0.354327
0.236057	0.042421	-0.351988
0.235050	0.052533	-0.349512
0.230427	0.060740	-0.347315
0.228930	0.074653	-0.347006
0.234970	0.098896	-0.349554
0.248528	0.131594	-0.354666
0.264065	0.169737	-0.360622
0.269070	0.200657	-0.364815
0.261401	0.217397	-0.365287
0.248582	0.218363	-0.363569
0.236343	0.209046	-0.362733
0.223319	0.204439	-0.362324
0.206883	0.210828	-0.360136
0.188366	0.221416	-0.356482
0.179854	0.235197	-0.351840
0.186314	0.246813	-0.347171
0.196414	0.252549	-0.344163
0.205320	0.251782	-0.343294
0.214586	0.245658	-0.343911
0.224585	0.239413	-0.345030
0.234471	0.239090	-0.344735
0.247018	0.246105	-0.343388
0.253836	0.256456	-0.343610
0.248466	0.273436	-0.347427
0.239792	0.295248	-0.354175
0.232711	0.317387	-0.360318
0.226437	0.333813	-0.364151
0.224777	0.341084	-0.366727
0.225058	0.342648	-0.368523
0.224414	0.342430	-0.370913
0.223970	0.342175	-0.375366
0.220560	0.344208	-0.381725
0.212024	0.349952	-0.389488
0.200523	0.358363	-0.398621
0.183002	0.367705	-0.408523
0.161072	0.375602	-0.417979
0.150117	0.380218	-0.423868
0.151171	0.382679	-0.422994
0.149308	0.384759	-0.416529
0.137342	0.386029	-0.405859
0.116766	0.388293	-0.392085
0.100591	0.391561	-0.377320
0.099123	0.394551	-0.363135
0.097579	0.398249	-0.349362
0.095657	0.404291	-0.335585
0.087930	0.412327	-0.320300
0.075512	0.421368	-0.301364
0.062059	0.431266	-0.278341
0.048851	0.439131	-0.253156
0.036637	0.442814	-0.225234
0.027228	0.445354	-0.195402
0.022123	0.450783	-0.168594
0.019934	0.460144	-0.142420
0.015162	0.470190	-0.130351
0.007686	0.479573	-0.115440
0.002314	0.488444	-0.104370
-0.001307	0.496476	-0.093007
-0.005824	0.501518	-0.083114
-0.012301	0.504846	-0.078372
-0.019348	0.507578	-0.080899
-0.026565	0.510293	-0.087328
-0.034363	0.513508	-0.091031
-0.042078	0.517600	-0.097261
-0.048878	0.523530	-0.104297
-0.054528	0.529796	-0.112579
-0.058735	0.533322	-0.121855
-0.061577	0.535470	-0.129930
-0.063511	0.538305	-0.136199
-0.064999	0.540257	-0.142749
-0.066628	0.540897	-0.153238
-0.068735	0.540816	-0.175033
-0.070884	0.540957	-0.197567
-0.072554	0.540823	-0.214542
-0.073597	0.540262	-0.223317
-0.073933	0.539787	-0.220927
-0.073354	0.540055	-0.209393
-0.074039	0.542412	-0.193681
-0.075377	0.547253	-0.178236
-0.078078	0.551617	-0.166575
-0.081657	0.553521	-0.157973
-0.085114	0.553240	-0.152395
-0.088171	0.552221	-0.149843
-0.090252	0.550453	-0.149209
-0.091749	0.548192	-0.149333
-0.093303	0.545916	-0.149452
-0.095304	0.542952	-0.149484
-0.097872	0.539346	-0.149594
-0.100870	0.535757	-0.150180
-0.103702	0.531847	-0.151385
-0.106114	0.527502	-0.154832
-0.108569	0.523615	-0.157130
-0.110765	0.521833	-0.156189
-0.112972	0.522857	-0.150955
-0.115357	0.525114	-0.146091
-0.117753	0.528834	-0.140472
-0.119842	0.534125	-0.134056
-0.121560	0.539807	-0.126417
-0.123255	0.544211	-0.119969
-0.125314	0.547288	-0.111287
-0.127600	0.549829	-0.099752
-0.129694	0.553041	-0.085286
-0.131552	0.557288	-0.070369
-0.133470	0.563101	-0.054592
-0.135490	0.569181	-0.036447
-0.137008	0.574011	-0.010889
-0.138694	0.577071	0.025285
-0.140247	0.577733	0.073069
-0.141947	0.578330	0.127769
-0.144143	0.578815	0.146223
-0.146419	0.577887	0.120904
-0.148126	0.575246	0.083851
-0.149261	0.571229	0.035740
-0.150223	0.566939	-0.010332
-0.151349	0.564227	-0.040788
-0.153586	0.562731	-0.059654
-0.154933	0.560379	-0.071243
-0.156902	0.556324	-0.078345
-0.160293	0.550507	-0.082221
-0.164786	0.543958	-0.083563
-0.170614	0.537242	-0.078947
-0.178568	0.531224	-0.073743
-0.189703	0.526707	-0.069535
-0.200411	0.522697	-0.067416
-0.209316	0.517995	-0.066990
-0.215408	0.511615	-0.067021
-0.219108	0.503600	-0.067228
-0.222235	0.495486	-0.067149
-0.226291	0.489856	-0.067527
-0.231443	0.488249	-0.067196
-0.237270	0.490198	-0.065872
-0.243164	0.494257	-0.065618
-0.248636	0.495694	-0.065431
-0.253792	0.493261	-0.065750
-0.259227	0.486203	-0.065993
-0.265785	0.476881	-0.066073
-0.273679	0.468443	-0.065690
-0.281261	0.461506	-0.065329
-0.286873	0.456164	-0.064819
-0.290392	0.452741	-0.063359
-0.293264	0.451130	-0.063893
-0.296979	0.451443	-0.064477
-0.300513	0.451190	-0.064988
-0.302820	0.450124	-0.065490
-0.303831	0.448970	-0.064376
-0.304111	0.446307	-0.063661
-0.304733	0.442790	-0.063122
-0.305986	0.439623	-0.061901
-0.306980	0.438035	-0.062274
-0.307825	0.438321	-0.062964
-0.310146	0.439167	-0.063281
-0.315179	0.441498	-0.063637
-0.322763	0.447026	-0.064620
-0.331782	0.456022	-0.066612
-0.340616	0.464226	-0.068928
-0.347801	0.469763	-0.070525
-0.352456	0.473006	-0.071270
-0.355458	0.474472	-0.071876
-0.359649	0.473807	-0.072472
-0.365960	0.470420	-0.073171
-0.373059	0.465990	-0.074316
-0.380948	0.460080	-0.075654
-0.389565	0.453030	-0.076773
-0.397354	0.444284	-0.077418
-0.403223	0.434287	-0.076929
-0.408184	0.425090	-0.075442
-0.410633	0.418615	-0.073745
-0.409878	0.414825	-0.073159
-0.408439	0.412496	-0.073435
-0.408331	0.409630	-0.074493
-0.411034	0.405519	-0.075229
-0.416802	0.399679	-0.076452
-0.422777	0.393945	-0.077304
-0.425912	0.390270	-0.075691
-0.425401	0.387650	-0.072744
-0.421965	0.384150	-0.070200
-0.416549	0.378321	-0.067753
-0.410871	0.370014	-0.066370
-0.406764	0.361595	-0.067084
-0.405598	0.355629	-0.068810
-0.408879	0.349990	-0.069055
-0.416676	0.345604	-0.068826
-0.427339	0.342756	-0.069097
-0.437492	0.337296	-0.069138
-0.443372	0.329056	-0.068911
-0.445381	0.317186	-0.067524
-0.445705	0.301298	-0.065375
-0.444849	0.283356	-0.063412
-0.442775	0.264614	-0.061564
-0.440708	0.244523	-0.062204
-0.440266	0.223029	-0.063767
-0.441862	0.202703	-0.065272
-0.445438	0.180534	-0.068356
-0.449605	0.155459	-0.072393
-0.453250	0.127303	-0.076465
-0.457048	0.099070	-0.080401
-0.460105	0.088784	-0.084212
-0.459988	0.067046	-0.088348
-0.456478	0.050029	-0.092441
-0.452042	0.035162	-0.096402
-0.450024	0.020840	-0.100330
-0.452368	0.009112	-0.104610
-0.458725	-0.000019	-0.109992
-0.467326	-0.008140	-0.116331
-0.476604	-0.016066	-0.122253
-0.484828	-0.024207	-0.127410
-0.490585	-0.032324	-0.131649
-0.494528	-0.040973	-0.134893
-0.497819	-0.049316	-0.137222
-0.499423	-0.056503	-0.140617
-0.497617	-0.062878	-0.144639
-0.491684	-0.068446	-0.148968
-0.484255	-0.073109	-0.159476
-0.477982	-0.076708	-0.172631
-0.473103	-0.079593	-0.186021
-0.469756	-0.082677	-0.195251
-0.468656	-0.086952	-0.199246
-0.468101	-0.092366	-0.199448
-0.464590	-0.096934	-0.197049
-0.457510	-0.100306	-0.192491
-0.448665	-0.102750	-0.186181
-0.441762	-0.104488	-0.179639
-0.438769	-0.105817	-0.173849
-0.437815	-0.106588	-0.169071
-0.436076	-0.105448	-0.164515
-0.432406	-0.104673	-0.158392
-0.427192	-0.104462	-0.153212
-0.422418	-0.104207	-0.150632
-0.418910	-0.104682	-0.150334
-0.415700	-0.105348	-0.150517
-0.412989	-0.106736	-0.150646
-0.410169	-0.108378	-0.151061
-0.406084	-0.109970	-0.151491
-0.399964	-0.111404	-0.152927
-0.392670	-0.112824	-0.155739
-0.387032	-0.114479	-0.159381
-0.385941	-0.116100	-0.162839
-0.389036	-0.117373	-0.166281
-0.392971	-0.118095	-0.170743
-0.394059	-0.116756	-0.175576
-0.392041	-0.115073	-0.179456
-0.387661	-0.113383	-0.181808
-0.378727	-0.111391	-0.179783
-0.098625	-0.118575	0.062781
-0.121099	-0.119685	-0.061657
-0.118774	-0.119136	-0.058795
-0.115940	-0.119277	-0.053831
-0.112623	-0.119002	-0.049866
-0.108618	-0.117682	-0.049256
-0.104999	-0.115630	-0.049548
-0.101970	-0.113222	-0.049392
-0.099381	-0.111077	-0.049434
-0.097778	-0.110099	-0.049501
-0.095251	-0.109136	-0.049017
-0.091999	-0.107351	-0.045089
-0.089988	-0.105146	-0.043556
-0.088857	-0.103914	-0.046049
-0.087436	-0.104013	-0.047437
-0.085444	-0.104520	-0.050607
-0.082262	-0.104709	-0.054946
-0.077974	-0.104224	-0.060215
-0.073589	-0.103379	-0.065748
-0.069701	-0.103054	-0.070912
-0.066733	-0.102460	-0.075746
-0.064486	-0.101451	-0.080336
-0.059386	-0.099733	-0.084318
-0.052348	-0.098790	-0.088024
-0.047505	-0.098317	-0.091165
-0.043629	-0.096723	-0.093589
-0.038033	-0.095130	-0.095480
-0.029816	-0.094439	-0.096791
-0.018568	-0.094146	-0.097329
-0.004087	-0.093867	-0.096533
0.013173	-0.093435	-0.097267
0.029723	-0.092575	-0.098153
0.043300	-0.090601	-0.099819
0.055441	-0.087921	-0.101911
0.070869	-0.084797	-0.104038
0.094300	-0.082265	-0.106015
0.122234	-0.081674	-0.108102
0.151568	-0.081403	-0.110113
0.175457	-0.080274	-0.112224
0.199402	-0.079066	-0.114467
0.220269	-0.078996	-0.116564
0.240325	-0.080185	-0.118039
0.266818	-0.080707	-0.118257
0.300409	-0.081403	-0.116529
0.332019	-0.082539	-0.115577
0.352540	-0.083614	-0.115431
0.363151	-0.084179	-0.115412
0.371711	-0.083308	-0.114928
0.383269	-0.080297	-0.113874
0.395573	-0.077778	-0.112024
0.408051	-0.076822	-0.108846
0.420461	-0.076032	-0.105013
0.432324	-0.073397	-0.101917
0.441622	-0.068688	-0.101243
0.447448	-0.065359	-0.102392
0.451471	-0.063946	-0.103257
0.455077	-0.062322	-0.103600
0.459238	-0.060227	-0.104239
0.463548	-0.057305	-0.105185
0.468573	-0.053705	-0.106602
0.474110	-0.049882	-0.108079
0.479526	-0.044655	-0.109428
0.482678	-0.038850	-0.110630
0.482920	-0.034802	-0.111736
0.482482	-0.031504	-0.112803
0.482120	-0.028314	-0.113865
0.481521	-0.023128	-0.114880
0.480933	-0.016307	-0.115589
0.481471	-0.006862	-0.114920
0.484027	0.004985	-0.113364
0.487497	0.011105	-0.112261
0.492422	0.011755	-0.111737
0.499829	0.012325	-0.111343
0.507760	0.014257	-0.109646
0.514520	0.022767	-0.107778
0.519921	0.032061	-0.105815
0.524531	0.038988	-0.104218
0.528620	0.045745	-0.104080
0.532736	0.049197	-0.105036
0.537763	0.054475	-0.105319
0.542958	0.063701	-0.105972
0.547739	0.072741	-0.106669
0.551022	0.079944	-0.107312
0.553114	0.098342	-0.107827
0.554618	0.129532	-0.108195
0.555713	0.167523	-0.108509
0.557969	0.205137	-0.108184
0.561702	0.239008	-0.107600
0.565758	0.268482	-0.108100
0.568778	0.292359	-0.108343
0.571244	0.311060	-0.108227
0.574682	0.327117	-0.106511
0.580080	0.341375	-0.103813
0.585329	0.355555	-0.101699
0.587921	0.369347	-0.100449
0.588817	0.381753	-0.100990
0.589498	0.394331	-0.102136
0.590342	0.408458	-0.102229
0.591295	0.422294	-0.102071
0.592093	0.434316	-0.099767
0.593445	0.444669	-0.094422
0.596849	0.454443	-0.084353
0.601708	0.464875	-0.069861
0.606976	0.475228	-0.049983
0.612211	0.486011	-0.025112
0.617012	0.501380	0.008400
0.621363	0.520932	0.062593
0.625539	0.541048	0.160887
0.629363	0.557595	0.261042
0.632523	0.568441	0.340976
0.635096	0.575891	0.399968
0.636556	0.580716	0.443488
0.637081	0.584041	0.475564
0.636991	0.587976	0.499665
0.636581	0.593094	0.516103
0.635916	0.599138	0.522755
0.635008	0.605414	0.519946
0.633806	0.611773	0.508131
0.632424	0.617442	0.481512
0.631107	0.621725	0.435170
0.629899	0.624721	0.359275
0.628987	0.628039	0.222982
0.628494	0.632099	0.074563
0.628174	0.636760	0.009739
0.627663	0.640332	-0.036069
0.626932	0.642124	-0.056627
0.626345	0.642588	-0.066414
0.626319	0.642182	-0.068239
0.626247	0.641259	-0.054093
0.626034	0.640277	-0.034951
0.625664	0.639226	-0.009181
0.624692	0.637968	0.025045
0.623053	0.636905	0.063267
0.621597	0.636465	0.094348
0.620680	0.636650	0.107689
0.619787	0.637189	0.104924
0.618636	0.637334	0.102696
0.617165	0.637082	0.108354
0.615104	0.636007	0.129807
0.612398	0.634191	0.156175
0.609478	0.632702	0.181506
0.606552	0.632743	0.207363
0.603418	0.633591	0.232856
0.599900	0.633588	0.257964
0.595673	0.633448	0.287206
0.590860	0.633193	0.325100
0.586216	0.632565	0.364732
0.581990	0.631979	0.397700
0.578107	0.632966	0.424180
0.574370	0.634219	0.447469
0.569699	0.634483	0.468257
0.564252	0.634021	0.487614
0.559425	0.633409	0.510338
0.555363	0.634051	0.533255
0.551571	0.635581	0.557027
0.547931	0.637515	0.580798
0.544946	0.639812	0.603717
0.543357	0.642576	0.625659
0.542436	0.645031	0.646690
0.541445	0.645943	0.660533
0.539543	0.645678	0.658071
0.536350	0.644841	0.657143
0.532518	0.643330	0.657143
0.528903	0.641242	0.658840
0.524995	0.639577	0.661788
0.520717	0.638979	0.664455
0.517349	0.638731	0.663351
0.514950	0.637914	0.652519
0.512670	0.635861	0.641284
0.509890	0.632358	0.630808
0.506722	0.627963	0.621483
0.503402	0.622879	0.614932
0.500254	0.616530	0.612725
0.498924	0.608038	0.615919
0.500691	0.598090	0.622234
0.503337	0.588542	0.630039
0.506129	0.581057	0.637708
0.508372	0.576225	0.644613
0.511190	0.573174	0.650262
0.515472	0.571388	0.653413
0.519289	0.569785	0.655630
0.522239	0.566602	0.658330
0.525124	0.561222	0.661040
0.528450	0.553863	0.660399
0.532409	0.545760	0.659821
0.536797	0.538890	0.659392
0.540861	0.534259	0.659090
0.544346	0.530916	0.658926
0.546641	0.528216	0.658878
0.547503	0.527300	0.658876
0.546390	0.530339	0.659333
0.544029	0.532596	0.659617
0.542335	0.532171	0.659842
0.541430	0.530286	0.659743
0.540077	0.527412	0.659356
0.537698	0.524592	0.659030
0.534184	0.522121	0.658475
0.529552	0.519957	0.657780
0.523705	0.516414	0.657143
0.517353	0.511624	0.657143
0.511644	0.506778	0.657143
0.507215	0.503064	0.657143
0.504146	0.501109	0.657143
0.502733	0.499554	0.657143
0.503899	0.496528	0.657143
0.507481	0.491583	0.657143
0.511086	0.485030	0.657143
0.514667	0.477892	0.657166
0.519436	0.469815	0.657501
0.524441	0.461234	0.657273
0.528651	0.451153	0.657166
0.531891	0.439067	0.657305
0.534320	0.427694	0.657667
0.535608	0.417700	0.657748
0.535484	0.405697	0.657449
0.534600	0.391355	0.657143
0.533741	0.376545	0.657143
0.534514	0.362015	0.657143
0.536418	0.346521	0.657143
0.537737	0.330072	0.657143
0.537600	0.314889	0.657143
0.536550	0.301671	0.657143
0.535282	0.290644	0.657143
0.534538	0.281556	0.657143
0.533890	0.274597	0.657143
0.532260	0.270448	0.657143
0.528392	0.269848	0.657143
0.521900	0.271944	0.657143
0.514498	0.275406	0.657143
0.508119	0.280925	0.657143
0.504720	0.285390	0.657143
0.504772	0.283024	0.657143
0.507902	0.274107	0.657143
0.514177	0.260353	0.657143
0.522166	0.240601	0.657143
0.528406	0.220784	0.657143
0.531098	0.209126	0.657143
0.531209	0.199610	0.657143
0.530412	0.181140	0.657143
0.528986	0.148433	0.657143
0.527604	0.104913	0.657143
0.526561	0.089502	0.657143
0.527207	0.063742	0.657143
0.529845	0.045299	0.657143
0.530175	0.029483	0.657143
0.528137	0.013051	0.657143
0.525645	-0.001198	0.657143
0.524988	-0.010578	0.657143
0.526804	-0.015932	0.661769
0.529804	-0.020410	0.669093
0.533209	-0.024529	0.671875
0.536300	-0.027746	0.672130
0.538771	-0.030266	0.671676
0.540683	-0.032386	0.670592
0.543651	-0.034918	0.668869
0.547857	-0.038807	0.666654
0.552431	-0.043418	0.666068
0.558054	-0.047818	0.666149
0.564559	-0.051562	0.666238
0.570582	-0.054812	0.666343
0.576196	-0.058342	0.666187
0.581844	-0.062781	0.665891
0.588358	-0.067764	0.665157
0.594732	-0.072470	0.666002
0.600021	-0.076376	0.666163
0.604716	-0.079712	0.657069
0.608944	-0.082977	0.650240
0.612698	-0.086816	0.645148
0.615747	-0.091464	0.640857
0.617297	-0.095582	0.636100
0.618501	-0.099022	0.630935
0.621005	-0.102050	0.626218
0.625115	-0.104850	0.623092
0.629812	-0.107443	0.622900
0.633748	-0.109207	0.626984
0.636782	-0.109953	0.634661
0.639822	-0.109882	0.644424
0.642620	-0.109353	0.654510
0.645323	-0.109798	0.660709
0.648550	-0.110134	0.659596
0.652140	-0.110280	0.658937
0.655762	-0.108740	0.658631
0.659473	-0.107615	0.658866
0.660665	-0.107565	0.660522
0.659774	-0.107655	0.661412
0.658703	-0.106324	0.661200
0.657431	-0.105236	0.660175
0.657143	-0.105774	0.659681
0.657143	-0.106090	0.658793
0.657143	-0.106226	0.657606
0.657143	-0.106295	0.657143
0.657143	-0.106609	0.657143
0.657143	-0.107439	0.657143
0.657143	-0.109079	0.657143
0.657143	-0.111368	0.657143
0.657143	-0.113434	0.657143
0.657143	-0.114543	0.657143
0.657143	-0.112525	0.657755
-0.026970	-0.109787	0.402405
0.618058	-0.108210	0.657143
0.575920	-0.105962	0.164645
0.374873	-0.108177	0.095185
0.375453	-0.108743	0.074303
0.376957	-0.109776	0.046624
0.380964	-0.110608	0.028352
0.384994	-0.110263	0.013953
0.389191	-0.108239	0.000728
0.393066	-0.105657	-0.009666
0.396483	-0.103856	-0.017801
0.399772	-0.103157	-0.026056
0.401449	-0.103837	-0.034634
0.403103	-0.104573	-0.042490
0.404892	-0.105301	-0.049547
0.407661	-0.106063	-0.055908
0.409673	-0.106629	-0.061646
0.407400	-0.107292	-0.066965
0.400893	-0.108118	-0.071720
0.391084	-0.108898	-0.075800
0.379041	-0.109187	-0.079605
0.368047	-0.107713	-0.083203
0.361186	-0.108403	-0.087222
0.359004	-0.108884	-0.092674
0.361307	-0.109963	-0.098901
0.364836	-0.111192	-0.105419
0.364530	-0.112208	-0.112732
0.360304	-0.112643	-0.120242
0.356460	-0.112639	-0.126573
0.354561	-0.112661	-0.131694
0.352548	-0.111874	-0.136002
0.348771	-0.110761	-0.140696
0.342401	-0.110064	-0.147526
0.334523	-0.110991	-0.162893
0.328175	-0.111529	-0.183093
0.325858	-0.111957	-0.201682
0.326471	-0.111648	-0.216182
0.328478	-0.111871	-0.226954
0.332860	-0.112032	-0.235525
0.339143	-0.112179	-0.243001
0.346672	-0.112286	-0.249651
0.349709	-0.112570	-0.255905
0.348413	-0.112837	-0.261827
0.348445	-0.111263	-0.267633
0.350456	-0.109234	-0.273459
0.353777	-0.107536	-0.278259
0.359255	-0.105934	-0.281517
0.364509	-0.105004	-0.284039
0.369427	-0.104128	-0.286469
0.372593	-0.103199	-0.289553
0.372946	-0.102015	-0.294023
0.371026	-0.101050	-0.298091
0.368356	-0.100642	-0.300504
0.366753	-0.098729	-0.302235
0.368414	-0.096450	-0.304252
0.369800	-0.094744	-0.306745
0.368054	-0.093773	-0.309816
0.363035	-0.091999	-0.313732
0.354787	-0.089903	-0.318661
0.344621	-0.088863	-0.325134
0.334394	-0.088560	-0.333638
0.324714	-0.088254	-0.343492
0.316247	-0.085433	-0.351633
0.307984	-0.081031	-0.357327
0.297743	-0.078396	-0.361729
0.285474	-0.077627	-0.365427
0.275330	-0.076412	-0.368667
0.264395	-0.075010	-0.374378
0.244303	-0.073848	-0.385464
0.221811	-0.074207	-0.400374
0.206975	-0.076027	-0.414784
0.202550	-0.076402	-0.425476
0.204063	-0.074981	-0.432536
0.198301	-0.071047	-0.437808
0.182049	-0.066693	-0.442173
0.165303	-0.062677	-0.445849
0.150672	-0.059992	-0.448471
0.142056	-0.057793	-0.449614
0.138037	-0.056278	-0.451269
0.134021	-0.056802	-0.453138
0.131541	-0.058489	-0.452412
0.130004	-0.058770	-0.448489
0.125852	-0.059161	-0.442769
0.116979	-0.056494	-0.438356
0.108470	-0.049973	-0.437414
0.099403	-0.042371	-0.441513
0.092670	-0.034538	-0.449783
0.074454	-0.028141	-0.458245
0.053821	-0.024307	-0.465613
0.038794	-0.023292	-0.472298
0.030992	-0.022482	-0.478055
0.026954	-0.023525	-0.484688
0.024172	-0.024389	-0.494263
0.020908	-0.025288	-0.506759
0.019567	-0.026346	-0.521227
0.029509	-0.026446	-0.533901
0.041316	-0.020719	-0.536364
0.047920	-0.012052	-0.536364
0.050739	-0.004336	-0.536364
0.050721	0.004350	-0.536150
0.049849	0.015048	-0.521831
0.049650	0.030506	-0.496802
0.049261	0.047834	-0.466247
0.046923	0.069981	-0.434839
0.040157	0.104984	-0.403629
0.031319	0.146662	-0.372529
0.021714	0.193379	-0.341923
0.009631	0.231239	-0.309591
-0.002454	0.260378	-0.274518
-0.011890	0.282510	-0.240755
-0.018202	0.301810	-0.208026
-0.021341	0.324240	-0.178044
-0.022179	0.349768	-0.153795
-0.023289	0.372461	-0.138962
-0.027133	0.390382	-0.130200
-0.032411	0.404204	-0.122670
-0.036832	0.415732	-0.119921
-0.039915	0.425961	-0.120731
-0.042401	0.437024	-0.123949
-0.045624	0.447619	-0.126891
-0.050276	0.456820	-0.132551
-0.055363	0.464334	-0.138608
-0.059087	0.469353	-0.151605
-0.059747	0.472152	-0.194875
-0.057585	0.473086	-0.246358
-0.057892	0.473185	-0.304375
-0.058672	0.473240	-0.363654
-0.058936	0.473448	-0.414483
-0.060212	0.474137	-0.450440
-0.062731	0.473775	-0.468308
-0.065658	0.472117	-0.468400
-0.068323	0.469746	-0.454228
-0.070452	0.466731	-0.426922
-0.071720	0.463927	-0.391889
-0.072262	0.462344	-0.358805
-0.072760	0.459322	-0.332111
-0.073703	0.451740	-0.311288
-0.075072	0.439345	-0.295088
-0.076782	0.425733	-0.283618
-0.079025	0.414415	-0.279099
-0.081699	0.404960	-0.280513
-0.084469	0.395338	-0.284787
-0.087470	0.387496	-0.289146
-0.090241	0.383632	-0.291464
-0.092458	0.380744	-0.290522
-0.094325	0.379312	-0.287324
-0.095770	0.377834	-0.282878
-0.096970	0.377872	-0.278539
-0.098497	0.378379	-0.274860
-0.100743	0.379853	-0.270232
-0.103668	0.386398	-0.263671
-0.107361	0.397683	-0.254760
-0.111871	0.408025	-0.244036
-0.115670	0.414996	-0.230741
-0.118444	0.420344	-0.213975
-0.120333	0.424814	-0.193893
-0.121781	0.428485	-0.173571
-0.123078	0.431248	-0.151598
-0.124553	0.434503	-0.136460
-0.126418	0.438108	-0.123261
-0.128295	0.441459	-0.110550
-0.129916	0.445466	-0.098393
-0.131402	0.450356	-0.085884
-0.132765	0.454108	-0.078895
-0.133917	0.454707	-0.079763
-0.134863	0.451268	-0.084518
-0.135889	0.445034	-0.087083
-0.137252	0.439312	-0.089572
-0.140265	0.435125	-0.093748
-0.144308	0.429660	-0.098950
-0.148710	0.420822	-0.105083
-0.156849	0.408811	-0.112847
-0.165840	0.393887	-0.121272
-0.171985	0.378347	-0.128301
-0.176223	0.367622	-0.133816
-0.179924	0.364040	-0.137552
-0.185193	0.366604	-0.142088
-0.191410	0.372190	-0.145144
-0.197787	0.377034	-0.145964
-0.203730	0.378842	-0.144166
-0.209952	0.378157	-0.141887
-0.216626	0.375827	-0.140162
-0.222362	0.370585	-0.139569
-0.227209	0.362618	-0.139811
-0.232115	0.354177	-0.139937
-0.235972	0.341549	-0.140197
-0.237953	0.326951	-0.140568
-0.238409	0.311681	-0.140808
-0.238601	0.297547	-0.140276
-0.241036	0.286780	-0.140028
-0.246677	0.275268	-0.140170
-0.254166	0.257147	-0.140347
-0.261899	0.227555	-0.141178
-0.268411	0.183931	-0.142721
-0.274805	0.132404	-0.144677
-0.282398	0.096842	-0.146615
-0.290398	0.083398	-0.148436
-0.298423	0.065619	-0.150045
-0.307992	0.054415	-0.151477
-0.320720	0.044927	-0.154441
-0.335741	0.033487	-0.156435
-0.350609	0.021014	-0.157399
-0.364531	0.009717	-0.157232
-0.376661	-0.000881	-0.156356
-0.386848	-0.011104	-0.156092
-0.396159	-0.019268	-0.157035
-0.405736	-0.023548	-0.160310
-0.417441	-0.021953	-0.165628
-0.430327	-0.017380	-0.171966
-0.441469	-0.015802	-0.178121
-0.450967	-0.018373	-0.183865
-0.459466	-0.020897	-0.187894
-0.467808	-0.026152	-0.191111
-0.476856	-0.032044	-0.194359
-0.486154	-0.037733	-0.196981
-0.494945	-0.041721	-0.197926
-0.500994	-0.042692	-0.197764
-0.503563	-0.040477	-0.199137
-0.504113	-0.036663	-0.202601
-0.504138	-0.032924	-0.206667
-0.503442	-0.032256	-0.209274
-0.503477	-0.034493	-0.210213
-0.506463	-0.035738	-0.210930
-0.512340	-0.040333	-0.212298
-0.519092	-0.047428	-0.215522
-0.523975	-0.055035	-0.220742
-0.527090	-0.061691	-0.226238
-0.530265	-0.067191	-0.230796
-0.534506	-0.071663	-0.234401
-0.536172	-0.075004	-0.237562
-0.536364	-0.077503	-0.241042
-0.536364	-0.079955	-0.245855
-0.536364	-0.082591	-0.252096
-0.536364	-0.084786	-0.258535
-0.536364	-0.086156	-0.264288
-0.536364	-0.087022	-0.268591
-0.536364	-0.088208	-0.271334
-0.536364	-0.090002	-0.273111
-0.536364	-0.092334	-0.273737
-0.536364	-0.094607	-0.273519
-0.536364	-0.096259	-0.271666
-0.536364	-0.097286	-0.267266
-0.536364	-0.098170	-0.260830
-0.536364	-0.099270	-0.252771
-0.536364	-0.100520	-0.243158
-0.536364	-0.102160	-0.230227
-0.536364	-0.104507	-0.215223
-0.536364	-0.107438	-0.202169
-0.536364	-0.110271	-0.192685
-0.536364	-0.112238	-0.188220
-0.536364	-0.114009	-0.188455
-0.536364	-0.116325	-0.191789
-0.536364	-0.119301	-0.198417
-0.536364	-0.122465	-0.208370
-0.536364	-0.125199	-0.222312
-0.536364	-0.127444	-0.240000
-0.536364	-0.129398	-0.260846
-0.536364	-0.131160	-0.287215
-0.536364	-0.132762	-0.318501
-0.536364	-0.134314	-0.353029
-0.536364	-0.136018	-0.391459
-0.536364	-0.137582	-0.434012
-0.536364	-0.140489	-0.478665
-0.536364	-0.143269	-0.526323
-0.536364	-0.145555	-0.536364
-0.536364	-0.147535	-0.536364
-0.536364	-0.149555	-0.536364
-0.536364	-0.153879	-0.536364
-0.536364	-0.162715	-0.536364
-0.536364	-0.171496	-0.536364
-0.536364	-0.178925	-0.536364
-0.536364	-0.186561	-0.536364
-0.536364	-0.193120	-0.536364
-0.536364	-0.198278	-0.536364
-0.536364	-0.202701	-0.536364
-0.536364	-0.207390	-0.536364
-0.536364	-0.212245	-0.536364
-0.536364	-0.216134	-0.536364
-0.536364	-0.218568	-0.536364
-0.536364	-0.220182	-0.536364
-0.536364	-0.221140	-0.536364
-0.536364	-0.221320	-0.536364
-0.536364	-0.220422	-0.536364
-0.536364	-0.218097	-0.536364
-0.536364	-0.214883	-0.536364
-0.536364	-0.212350	-0.536364
-0.536364	-0.210407	-0.536364
-0.536364	-0.209096	-0.536364
-0.536364	-0.207386	-0.536364
-0.536364	-0.204998	-0.536364
-0.536364	-0.204086	-0.536364
-0.536364	-0.205715	-0.536364
-0.536364	-0.209007	-0.536364
-0.536364	-0.211386	-0.536364
-0.536364	-0.211534	-0.536364
-0.536364	-0.210681	-0.536364
-0.536364	-0.209202	-0.536364
-0.536364	-0.206682	-0.536364
-0.536364	-0.203572	-0.536364
-0.536364	-0.199560	-0.536364
-0.536364	-0.195935	-0.536364
-0.536364	-0.192607	-0.536364
-0.012428	-0.082650	0.011109
-0.092983	-0.118837	-0.090070
-0.092165	-0.119615	-0.089390
-0.091552	-0.120137	-0.089325
-0.090343	-0.120777	-0.090063
-0.088789	-0.120665	-0.090356
-0.086593	-0.119547	-0.090624
-0.084205	-0.118518	-0.090891
-0.081736	-0.117269	-0.089421
-0.079383	-0.116018	-0.087396
-0.076375	-0.115077	-0.086692
-0.073358	-0.113745	-0.086822
-0.070641	-0.111326	-0.087773
-0.067534	-0.108179	-0.088684
-0.064279	-0.105225	-0.090746
-0.061498	-0.104035	-0.093619
-0.058995	-0.104875	-0.097046
-0.055552	-0.105819	-0.100748
-0.052936	-0.106634	-0.104408
-0.053421	-0.107275	-0.108136
-0.052505	-0.105538	-0.111922
-0.047002	-0.102231	-0.115177
-0.040562	-0.099250	-0.117896
-0.033512	-0.098215	-0.120282
-0.026100	-0.098622	-0.122615
-0.019431	-0.100103	-0.125047
-0.016679	-0.100312	-0.127651
-0.012332	-0.100160	-0.130387
-0.006429	-0.098701	-0.133192
-0.004217	-0.097036	-0.135929
-0.005608	-0.094893	-0.138480
-0.007043	-0.092062	-0.142335
-0.009078	-0.090140	-0.145844
-0.011881	-0.090127	-0.148598
-0.014882	-0.089387	-0.150435
-0.017017	-0.086512	-0.152156
-0.013986	-0.082538	-0.155501
-0.007821	-0.078465	-0.159430
-0.001975	-0.076272	-0.164572
0.004622	-0.075359	-0.171789
0.011831	-0.076405	-0.181865
0.020700	-0.078659	-0.192548
0.031570	-0.078980	-0.200490
0.043019	-0.079369	-0.204837
0.057973	-0.078254	-0.204569
0.080391	-0.076009	-0.200575
0.105992	-0.074141	-0.195935
0.131967	-0.070361	-0.191153
0.160155	-0.066803	-0.184599
0.183611	-0.063526	-0.178216
0.207442	-0.060931	-0.173460
0.233506	-0.059064	-0.170300
0.260579	-0.054882	-0.168615
0.285493	-0.048892	-0.167734
0.308296	-0.042130	-0.166784
0.329083	-0.035191	-0.165544
0.346473	-0.028811	-0.163354
0.358537	-0.020533	-0.160507
0.364222	-0.006216	-0.157949
0.363987	0.017938	-0.155686
0.362756	0.048306	-0.152963
0.365717	0.079372	-0.150222
0.373291	0.109288	-0.149152
0.384324	0.132324	-0.148839
0.392748	0.159884	-0.148989
0.397655	0.180238	-0.149141
0.401181	0.192200	-0.149566
0.401865	0.208712	-0.149453
0.400851	0.225849	-0.148077
0.401730	0.232469	-0.146835
0.407388	0.229221	-0.145692
0.417276	0.219744	-0.144644
0.428562	0.205625	-0.144062
0.439183	0.185877	-0.143855
0.450210	0.161323	-0.143550
0.462335	0.146385	-0.142622
0.473662	0.150616	-0.141255
0.482700	0.169050	-0.139861
0.489332	0.192992	-0.138938
0.495614	0.216186	-0.138152
0.501463	0.241108	-0.136333
0.507768	0.266128	-0.134139
0.514706	0.288209	-0.133371
0.522591	0.306682	-0.132723
0.529887	0.320394	-0.131696
0.534513	0.326687	-0.130267
0.536097	0.324204	-0.128507
0.535682	0.314555	-0.126743
0.534566	0.306817	-0.125956
0.533827	0.308975	-0.124969
0.533808	0.315496	-0.122946
0.533720	0.319886	-0.120656
0.535019	0.323739	-0.117791
0.536570	0.331602	-0.113354
0.537617	0.344824	-0.108750
0.539227	0.359992	-0.104059
0.542109	0.374331	-0.098134
0.545539	0.388524	-0.091340
0.548085	0.401664	-0.083814
0.549538	0.409328	-0.074511
0.550134	0.408946	-0.063829
0.550002	0.401581	-0.052632
0.549869	0.394557	-0.034228
0.550099	0.396886	-0.004023
0.550533	0.408308	0.045602
0.550445	0.423142	0.145346
0.549993	0.439088	0.255993
0.549938	0.453293	0.348812
0.550425	0.464073	0.411339
0.551132	0.473231	0.456561
0.551525	0.480035	0.490315
0.551405	0.485668	0.523888
0.551305	0.493420	0.548274
0.551769	0.503506	0.560716
0.552740	0.512890	0.560384
0.553798	0.521074	0.552500
0.554346	0.528597	0.533835
0.554407	0.535994	0.505394
0.555840	0.541933	0.465829
0.558653	0.547206	0.420757
0.562160	0.552682	0.363193
0.565349	0.558224	0.284465
0.568568	0.563670	0.180431
0.571122	0.567436	0.089559
0.572293	0.568494	0.053202
0.573479	0.566933	0.019117
0.574912	0.562966	0.014202
0.576505	0.558014	0.047856
0.578468	0.553432	0.108262
0.580928	0.549662	0.192173
0.581919	0.547464	0.279064
0.581474	0.548155	0.341186
0.580229	0.551949	0.380876
0.577377	0.556740	0.407215
0.573046	0.561035	0.425159
0.568875	0.564762	0.439577
0.565977	0.568695	0.452181
0.564373	0.572385	0.461816
0.563699	0.575524	0.471285
0.564342	0.578784	0.481806
0.565343	0.581201	0.494535
0.565657	0.581868	0.510762
0.565125	0.581814	0.526663
0.562965	0.582072	0.541701
0.559634	0.582278	0.555458
0.556291	0.583273	0.567679
0.552470	0.585179	0.578895
0.548137	0.587054	0.589943
0.543830	0.589172	0.601192
0.539285	0.591956	0.612576
0.534052	0.595407	0.623994
0.528066	0.599243	0.635636
0.521834	0.603687	0.649065
0.516094	0.608733	0.660479
0.510754	0.613060	0.657143
0.506060	0.616456	0.657143
0.501586	0.619786	0.657143
0.497077	0.621768	0.657143
0.493842	0.621939	0.657143
0.492753	0.621570	0.657143
0.492631	0.621037	0.657143
0.492061	0.620456	0.657143
0.489869	0.619417	0.100000
0.485478	0.618417	0.100000
0.480381	0.618290	0.100000
0.475647	0.619069	0.750000
0.470961	0.620269	0.721766
0.465678	0.621295	0.694103
0.459651	0.621389	0.680612
0.453679	0.620542	0.672728
0.450428	0.617976	0.667388
0.448788	0.614303	0.663012
0.446457	0.610464	0.658180
0.443166	0.606550	0.657143
0.438678	0.602584	0.657143
0.433216	0.599059	0.657143
0.425989	0.595793	0.657143
0.415590	0.591682	0.657143
0.401334	0.585974	0.657143
0.384019	0.578554	0.657143
0.368188	0.570128	0.657143
0.357688	0.562710	0.657143
0.350995	0.557752	0.657143
0.346953	0.553889	0.100000
0.344725	0.549283	0.100000
0.343775	0.544532	0.100000
0.342858	0.540470	0.100000
0.340112	0.536541	0.100000
0.335445	0.531230	0.100000
0.330323	0.523891	0.100000
0.324302	0.515345	0.100000
0.315602	0.506223	0.100000
0.303701	0.496821	0.100000
0.287497	0.487931	0.100000
0.272627	0.482063	0.100000
0.261575	0.478055	0.100000
0.250633	0.474918	0.100000
0.235828	0.471786	0.100000
0.221970	0.467047	0.100000
0.222820	0.461598	0.100000
0.236300	0.455934	0.100000
0.250648	0.449316	0.100000
0.259473	0.442921	0.100000
0.259092	0.438580	0.100000
0.253857	0.434994	0.100000
0.250725	0.429676	0.100000
0.251688	0.421197	0.100000
0.258779	0.411359	0.100000
0.270135	0.401570	0.100000
0.281728	0.393881	0.100000
0.293656	0.389184	0.100000
0.304730	0.384083	0.100000
0.317277	0.376307	0.100000
0.334401	0.368918	0.100000
0.351662	0.359946	0.100000
0.365443	0.349759	0.100000
0.375404	0.338348	0.100000
0.383541	0.326155	0.100000
0.392537	0.314248	0.100000
0.401323	0.302760	0.100000
0.408272	0.291522	0.100000
0.412750	0.283916	0.100000
0.415427	0.279647	0.100000
0.417556	0.270868	0.100000
0.420025	0.258987	0.100000
0.421808	0.240769	0.100000
0.421279	0.205695	0.100000
0.418544	0.146812	0.100000
0.415500	0.091545	0.100000
0.413076	0.060989	0.100000
0.414452	0.027386	0.100000
0.419034	0.008097	0.100000
0.423796	-0.002604	0.100000
0.428165	-0.009845	0.100000
0.432436	-0.016348	0.100000
0.435192	-0.022630	0.100000
0.436678	-0.028747	0.100000
0.439052	-0.034252	0.100000
0.442461	-0.038080	0.100000
0.447149	-0.040831	0.100000
0.453384	-0.044662	0.100000
0.460369	-0.050353	0.100000
0.468310	-0.056822	0.100000
0.475131	-0.062574	0.100000
0.478861	-0.066857	0.100000
0.478904	-0.069745	0.100000
0.475303	-0.071768	0.100000
0.471063	-0.072948	0.100000
0.468093	-0.073487	0.100000
0.466260	-0.073918	0.100000
0.467202	-0.074736	0.100000
0.470862	-0.076504	0.100000
0.476474	-0.079321	0.100000
0.482912	-0.082607	0.100000
0.488741	-0.085576	0.100000
0.493998	-0.088669	0.100000
0.497341	-0.091570	0.100000
0.501312	-0.094227	0.100000
0.505307	-0.096547	0.100000
0.509141	-0.098823	0.100000
0.512274	-0.101335	0.100000
0.514288	-0.104193	0.100000
0.516107	-0.107538	0.100000
0.518312	-0.111283	0.100000
0.521366	-0.114659	0.100000
0.525287	-0.117725	0.100000
0.529744	-0.120561	0.100000
0.534885	-0.123256	0.100000
0.540873	-0.125838	0.100000
0.547265	-0.128294	0.100000
0.554272	-0.130780	0.100000
0.561653	-0.133437	0.100000
0.568191	-0.135989	0.100000
0.573665	-0.138085	0.100000
0.578693	-0.140588	0.100000
0.583462	-0.141829	0.100000
0.588434	-0.141727	0.100000
0.594135	-0.141088	0.100000
0.598793	-0.141026	0.100000
0.602417	-0.141154	0.100000
0.605388	-0.141254	0.100000
0.608586	-0.141109	0.100000
0.613353	-0.140855	0.100000
0.619526	-0.140734	0.100000
0.626086	-0.140706	0.100000
0.632234	-0.140223	0.100000
0.638197	-0.139015	0.100000
0.643683	-0.137144	0.100000
0.649071	-0.135334	0.100000
0.654755	-0.134097	0.100000
0.660546	-0.133548	0.100000
0.660217	-0.132713	0.100000
0.659321	-0.132151	0.100000
0.658643	-0.132008	0.100000
0.657923	-0.132209	0.100000
0.657143	-0.132701	0.100000
0.657143	-0.133615	0.100000
0.657143	-0.135162	0.100000
-0.106145	-0.136691	-1.#IND00
0.559035	-0.138120	0.550000
0.324316	-0.171197	0.750000
0.231624	-0.224302	0.343941
0.235248	-0.223648	0.337049
0.231200	-0.222627	0.331950
0.223404	-0.221374	0.325425
0.214807	-0.219446	0.313256
0.208684	-0.214877	0.295453
0.208716	-0.207410	0.276731
0.213235	-0.199795	0.258752
0.224358	-0.193175	0.234136
0.243319	-0.186797	0.193638
0.266287	-0.180724	0.129540
0.287388	-0.176181	0.086966
0.302667	-0.172571	0.050354
0.314701	-0.169496	0.017760
0.328213	-0.167706	-0.004109
0.340040	-0.167141	-0.020328
0.348010	-0.166677	-0.034657
0.353091	-0.166651	-0.047706
0.357812	-0.167289	-0.058912
0.362174	-0.168026	-0.068227
0.364048	-0.166422	-0.075563
0.362431	-0.164390	-0.081648
0.356279	-0.163448	-0.087909
0.343913	-0.163993	-0.093719
0.323879	-0.166329	-0.098212
0.299047	-0.169502	-0.101806
0.279917	-0.171238	-0.105363
0.272849	-0.169571	-0.110041
0.273931	-0.165816	-0.115978
0.274695	-0.161760	-0.122559
0.271646	-0.157847	-0.129249
0.264444	-0.153343	-0.135467
0.255956	-0.149578	-0.141828
0.253691	-0.147407	-0.152448
0.258268	-0.144696	-0.174647
0.261347	-0.141903	-0.199542
0.260347	-0.139264	-0.222431
0.258743	-0.136755	-0.241603
0.258873	-0.133921	-0.257444
0.259240	-0.133072	-0.272109
0.258684	-0.133343	-0.287064
0.257817	-0.133451	-0.301454
0.253495	-0.132911	-0.314630
0.243747	-0.131762	-0.325398
0.232238	-0.130305	-0.333524
0.220486	-0.128087	-0.338188
0.214391	-0.125256	-0.339890
0.216923	-0.122835	-0.341918
0.225054	-0.120952	-0.346830
0.231789	-0.118712	-0.354051
0.229386	-0.115725	-0.361871
0.214353	-0.112134	-0.370045
0.187568	-0.108344	-0.378760
0.153014	-0.105782	-0.386527
0.121081	-0.104051	-0.392503
0.101624	-0.102386	-0.397393
0.099869	-0.101959	-0.401302
0.103290	-0.101962	-0.405365
0.103596	-0.101742	-0.411320
0.107346	-0.102305	-0.420408
0.105407	-0.102155	-0.432000
0.096441	-0.100006	-0.444786
0.081002	-0.098955	-0.456164
0.056824	-0.097040	-0.466434
0.035433	-0.094172	-0.476294
0.020477	-0.091915	-0.486501
0.009600	-0.089583	-0.497884
0.001239	-0.087303	-0.508600
-0.004008	-0.085941	-0.516799
-0.007178	-0.084812	-0.521978
-0.009447	-0.081177	-0.523920
-0.010759	-0.075389	-0.524224
-0.012249	-0.068539	-0.525944
-0.015082	-0.061411	-0.531273
-0.018721	-0.056812	-0.535586
-0.022651	-0.055335	-0.536364
-0.027953	-0.054136	-0.536364
-0.034573	-0.054108	-0.536364
-0.040628	-0.053068	-0.536364
-0.044320	-0.051825	-0.536364
-0.046150	-0.052582	-0.536364
-0.046852	-0.053450	-0.536364
-0.042999	-0.053865	-0.536364
-0.038549	-0.052765	-0.536364
-0.035879	-0.045412	-0.536364
-0.033686	-0.037378	-0.536364
-0.031148	-0.029561	-0.536364
-0.029668	-0.022602	-0.536364
-0.030272	-0.014215	-0.536364
-0.029749	-0.004425	-0.536364
-0.030173	0.005553	-0.536364
-0.031503	0.015275	-0.536364
-0.035708	0.026384	-0.536364
-0.041360	0.039526	-0.536364
-0.047002	0.048147	-0.536364
-0.052187	0.052388	-0.536364
-0.056853	0.065756	-0.536364
-0.061251	0.086582	-0.536364
-0.065513	0.110574	-0.536364
-0.069379	0.137468	-0.532564
-0.072689	0.169741	-0.503412
-0.075582	0.199182	-0.460561
-0.078121	0.220020	-0.416109
-0.080112	0.237244	-0.374450
-0.081589	0.251826	-0.338315
-0.082868	0.267918	-0.306477
-0.084069	0.285456	-0.277161
-0.085378	0.308609	-0.252116
-0.087232	0.337124	-0.229251
-0.089575	0.365725	-0.204528
-0.091592	0.391229	-0.178292
-0.093193	0.412256	-0.155775
-0.094393	0.431871	-0.142052
-0.095214	0.450003	-0.139518
-0.095777	0.465023	-0.141578
-0.096340	0.477631	-0.143056
-0.097135	0.487423	-0.148190
-0.098125	0.495577	-0.167578
-0.099058	0.503033	-0.202086
-0.099733	0.509341	-0.242858
-0.100154	0.512634	-0.293347
-0.100544	0.513170	-0.354281
-0.101037	0.513543	-0.421676
-0.101680	0.512858	-0.489613
-0.102762	0.510067	-0.529771
-0.104681	0.504922	-0.536364
-0.107536	0.497759	-0.536364
-0.110657	0.489380	-0.536364
-0.113144	0.480691	-0.536364
-0.115036	0.472377	-0.536364
-0.116692	0.463791	-0.536364
-0.118397	0.457394	-0.524007
-0.120109	0.454642	-0.498515
-0.121911	0.454799	-0.475846
-0.123790	0.455032	-0.463283
-0.125367	0.453233	-0.458641
-0.126519	0.449298	-0.456629
-0.127633	0.445659	-0.456626
-0.129005	0.444354	-0.456664
-0.130734	0.443444	-0.452407
-0.132995	0.441022	-0.444781
-0.135616	0.437531	-0.436304
-0.137740	0.433948	-0.425973
-0.141236	0.428017	-0.415672
-0.144296	0.421418	-0.406813
-0.147033	0.417425	-0.398413
-0.149622	0.417441	-0.390974
-0.154718	0.419739	-0.383453
-0.162573	0.423556	-0.371614
-0.171730	0.429271	-0.352228
-0.184608	0.436058	-0.326151
-0.199457	0.444250	-0.296020
-0.213155	0.453649	-0.264125
-0.225296	0.461864	-0.233341
-0.236295	0.467383	-0.203209
-0.246039	0.472612	-0.175377
-0.254623	0.478574	-0.149836
-0.263277	0.483804	-0.135021
-0.273497	0.487228	-0.122249
-0.285201	0.490493	-0.111455
-0.296321	0.494096	-0.103258
-0.306251	0.495027	-0.099841
-0.317417	0.492180	-0.102352
-0.332312	0.483726	-0.105640
-0.351853	0.471898	-0.109103
-0.373632	0.456978	-0.114577
-0.394989	0.440639	-0.120766
-0.416137	0.425819	-0.127186
-0.437234	0.414126	-0.133312
-0.457006	0.405671	-0.137865
-0.476130	0.401783	-0.143885
-0.494031	0.401725	-0.148796
-0.508599	0.400318	-0.153806
-0.520361	0.394523	-0.156065
-0.532406	0.383407	-0.149883
-0.536069	0.367659	-0.145542
-0.536364	0.347281	-0.142768
-0.536364	0.320720	-0.141614
-0.536364	0.287280	-0.141394
-0.536364	0.256187	-0.141750
-0.536364	0.229389	-0.141896
-0.536364	0.206070	-0.142454
-0.536364	0.186902	-0.143047
-0.536364	0.168996	-0.143274
-0.536364	0.149610	-0.143511
-0.536364	0.126283	-0.144104
-0.536364	0.098654	-0.144705
-0.536364	0.089556	-0.145168
-0.536364	0.074411	-0.146065
-0.536364	0.065045	-0.147539
-0.536364	0.055072	-0.149068
-0.536364	0.043705	-0.150373
-0.536364	0.031666	-0.151444
-0.536364	0.018990	-0.153672
-0.536364	0.006406	-0.154860
-0.536364	-0.004984	-0.154867
-0.536364	-0.014497	-0.154438
-0.536364	-0.020609	-0.154704
-0.536364	-0.023548	-0.155709
-0.536364	-0.024678	-0.156758
-0.536364	-0.026180	-0.157236
-0.536364	-0.030411	-0.157457
-0.536364	-0.037265	-0.157576
-0.536364	-0.044871	-0.157771
-0.536364	-0.052007	-0.158496
-0.536364	-0.057726	-0.160413
-0.536364	-0.061863	-0.164323
-0.536364	-0.065086	-0.170940
-0.536364	-0.068254	-0.180825
-0.536364	-0.071772	-0.192880
-0.536364	-0.075001	-0.203166
-0.536364	-0.077224	-0.211207
-0.536364	-0.078581	-0.217276
-0.536364	-0.079461	-0.222269
-0.536364	-0.080090	-0.226693
-0.536364	-0.080949	-0.229732
-0.536364	-0.082435	-0.231551
-0.536364	-0.084426	-0.232600
-0.536364	-0.086702	-0.233196
-0.536364	-0.089092	-0.233994
-0.536364	-0.090962	-0.235146
-0.536364	-0.092460	-0.236793
-0.536364	-0.093621	-0.239632
-0.536364	-0.094415	-0.243409
-0.536364	-0.094817	-0.247107
-0.536364	-0.094485	-0.250259
-0.536364	-0.094844	-0.252593
-0.536364	-0.095601	-0.254559
-0.536364	-0.097379	-0.256568
-0.536364	-0.099660	-0.257860
-0.536364	-0.101971	-0.258916
-0.536364	-0.104276	-0.260803
-0.536364	-0.106559	-0.263805
-0.536364	-0.108365	-0.267963
-0.536364	-0.108986	-0.273279
-0.536364	-0.108318	-0.279904
-0.536364	-0.108694	-0.287350
-0.536364	-0.108915	-0.294141
-0.536364	-0.109632	-0.299357
-0.536364	-0.110712	-0.303148
-0.536364	-0.111477	-0.304796
-0.536364	-0.111801	-0.302919
-0.536364	-0.112420	-0.298965
-0.536364	-0.113812	-0.296275
-0.536364	-0.115666	-0.296324
-0.536364	-0.117416	-0.298597
-0.536364	-0.118815	-0.304497
-0.536364	-0.120022	-0.316173
-0.536364	-0.121497	-0.334571
-0.536364	-0.123517	-0.358270
-0.536364	-0.125906	-0.384360
-0.536364	-0.128380	-0.409519
-0.536364	-0.130878	-0.432525
-0.536364	-0.133403	-0.453899
-0.536364	-0.135750	-0.475062
-0.536364	-0.137585	-0.501457
-0.536364	-0.140837	-0.530373
-0.536364	-0.144143	-0.536364
-0.536364	-0.147562	-0.536364
-0.536364	-0.151683	-0.536364
-0.536364	-0.160361	-0.536364
-0.536364	-0.167282	-0.536364
-0.536364	-0.172405	-0.536364
-0.536364	-0.176565	-0.536364
-0.536364	-0.181348	-0.536364
-0.536364	-0.188174	-0.536364
-0.536364	-0.195843	-0.536364
-0.536364	-0.203635	-0.536364
-0.536364	-0.211646	-0.536364
-0.536364	-0.219857	-0.536364
-0.536364	-0.227720	-0.536364
-0.536364	-0.234111	-0.536364
-0.536364	-0.238087	-0.536364
-0.536364	-0.240961	-0.536364
-0.536364	-0.243987	-0.536364
-0.536364	-0.246913	-0.536364
-0.536364	-0.249757	-0.536364
-0.536364	-0.252125	-0.536364
-0.536364	-0.253317	-0.536364
-0.536364	-0.253068	-0.536364
-0.536364	-0.252302	-0.536364
-0.536364	-0.252134	-0.536364
-0.536364	-0.252924	-0.536364
-0.536364	-0.254343	-0.536364
-0.536364	-0.256373	-0.536364
-0.536364	-0.260266	-0.536364
-0.536364	-0.266369	-0.536364
-0.536364	-0.273917	-0.536364
-0.536364	-0.280819	-0.536364
-0.536364	-0.284665	-0.536364
-0.536364	-0.285301	-0.536364
-0.536364	-0.283701	-0.536364
-0.536364	-0.279785	-0.536364
-0.536364	-0.275812	-0.536364
-0.536364	-0.273921	-0.536364
-0.536364	-0.274091	-0.536364
-0.536364	-0.275839	-0.536364
-0.536364	-0.278414	-0.536364
-0.536364	-0.281234	-0.536364
-0.159846	-0.142077	-0.021175
-0.139579	-0.143482	-0.097218
-0.137185	-0.143840	-0.097425
-0.133590	-0.144020	-0.099059
-0.130119	-0.143760	-0.099603
-0.127900	-0.142355	-0.100271
-0.126239	-0.140842	-0.100972
-0.124965	-0.139686	-0.102085
-0.123727	-0.139212	-0.103698
-0.121847	-0.139092	-0.105753
-0.119301	-0.138724	-0.108415
-0.116303	-0.138072	-0.111040
-0.113016	-0.137214	-0.113760
-0.109742	-0.136351	-0.116602
-0.107264	-0.135966	-0.119500
-0.106452	-0.135915	-0.122417
-0.106528	-0.134860	-0.125542
-0.106354	-0.133586	-0.129050
-0.105250	-0.133041	-0.132940
-0.102425	-0.132672	-0.136738
-0.099271	-0.131407	-0.141748
-0.097038	-0.129611	-0.147844
-0.094307	-0.128431	-0.159802
-0.090485	-0.127648	-0.177735
-0.087514	-0.128423	-0.201135
-0.086300	-0.129275	-0.226907
-0.085485	-0.130802	-0.254905
-0.084126	-0.132697	-0.288577
-0.082414	-0.134074	-0.327159
-0.079677	-0.134676	-0.364479
-0.075995	-0.134859	-0.395302
-0.072471	-0.135035	-0.416712
-0.069213	-0.134787	-0.429304
-0.066199	-0.133487	-0.434296
-0.063473	-0.131649	-0.432424
-0.060088	-0.129893	-0.425112
-0.055501	-0.128782	-0.413445
-0.050444	-0.127479	-0.398899
-0.045769	-0.126094	-0.383271
-0.042171	-0.125020	-0.367780
-0.040660	-0.124450	-0.352750
-0.039902	-0.123054	-0.337716
-0.036207	-0.120031	-0.323100
-0.029813	-0.116730	-0.310774
-0.019747	-0.114621	-0.302199
-0.008134	-0.113163	-0.298899
0.003802	-0.110920	-0.301768
0.018617	-0.108226	-0.308479
0.030386	-0.104136	-0.314875
0.035239	-0.100166	-0.318725
0.037336	-0.098110	-0.319150
0.039320	-0.096041	-0.314858
0.045525	-0.092609	-0.307212
0.058795	-0.088896	-0.299260
0.079041	-0.085680	-0.292973
0.106534	-0.084392	-0.289609
0.136397	-0.084753	-0.290060
0.169900	-0.083882	-0.293954
0.197638	-0.080186	-0.299151
0.223458	-0.075988	-0.302676
0.248533	-0.072521	-0.304132
0.271355	-0.070495	-0.302698
0.290994	-0.068454	-0.298563
0.307608	-0.066013	-0.294016
0.324950	-0.063967	-0.288603
0.346060	-0.061924	-0.283034
0.367382	-0.059771	-0.278522
0.384398	-0.058342	-0.274090
0.395556	-0.055851	-0.269468
0.401205	-0.051586	-0.265702
0.402012	-0.048198	-0.261785
0.399082	-0.045596	-0.257538
0.394403	-0.042966	-0.254110
0.390063	-0.042567	-0.252374
0.387706	-0.045024	-0.253056
0.388355	-0.045779	-0.256425
0.390888	-0.047687	-0.260191
0.392567	-0.049779	-0.261217
0.394794	-0.051729	-0.259445
0.397276	-0.053241	-0.256461
0.401003	-0.054124	-0.251836
0.407378	-0.050492	-0.248112
0.413364	-0.043062	-0.246966
0.417503	-0.034709	-0.247479
0.422048	-0.024867	-0.249161
0.428940	-0.016177	-0.250503
0.435924	-0.010649	-0.250455
0.440701	-0.007723	-0.250223
0.442552	-0.005994	-0.250488
0.440471	-0.002947	-0.251019
0.434381	0.005363	-0.252176
0.426371	0.018389	-0.253683
0.418318	0.032403	-0.253177
0.411183	0.047357	-0.247367
0.406919	0.065916	-0.236770
0.407315	0.086952	-0.221983
0.409922	0.104621	-0.204575
0.413800	0.121502	-0.185112
0.418122	0.147424	-0.168999
0.422717	0.171512	-0.154474
0.428741	0.189944	-0.144627
0.435669	0.202849	-0.138078
0.442076	0.213354	-0.129050
0.446436	0.227103	-0.119347
0.448642	0.246815	-0.110541
0.449853	0.274326	-0.100523
0.450933	0.302488	-0.088444
0.452046	0.326101	-0.075008
0.454152	0.345929	-0.060548
0.457979	0.365357	-0.043914
0.462006	0.386821	-0.020616
0.465777	0.410839	0.017614
0.468930	0.436187	0.088495
0.471846	0.458220	0.201433
0.475739	0.476185	0.306620
0.479631	0.490189	0.364625
0.482194	0.503557	0.388286
0.483334	0.514519	0.390721
0.484393	0.523755	0.374202
0.485092	0.529692	0.335155
0.484562	0.532981	0.272009
0.482910	0.534501	0.180047
0.481584	0.536229	0.088254
0.481152	0.537368	0.043610
0.481983	0.535950	-0.004508
0.483270	0.531025	-0.032245
0.484959	0.523486	-0.048744
0.487779	0.514623	-0.057979
0.489472	0.505620	-0.060840
0.489042	0.497911	-0.050016
0.487460	0.491203	-0.037795
0.485487	0.484665	-0.025175
0.483260	0.480986	-0.011333
0.481359	0.479084	0.004942
0.479942	0.478990	0.026429
0.477105	0.480949	0.054473
0.472843	0.482611	0.085916
0.469244	0.481881	0.122078
0.467782	0.480088	0.162386
0.467361	0.478930	0.208754
0.465411	0.478824	0.250728
0.463653	0.478487	0.288205
0.462132	0.477089	0.323972
0.459371	0.475529	0.356650
0.456046	0.474722	0.384921
0.453290	0.475027	0.408603
0.450714	0.476888	0.428532
0.447693	0.479718	0.447666
0.443026	0.482072	0.467820
0.437390	0.483395	0.485794
0.432308	0.484159	0.503718
0.427477	0.484110	0.521203
0.421482	0.484431	0.538995
0.414054	0.486464	0.557872
0.407104	0.489097	0.578690
0.401432	0.491258	0.600767
0.396728	0.493351	0.624314
0.391829	0.494154	0.650218
0.384718	0.492509	0.658272
0.373700	0.488158	0.657143
0.361025	0.483636	0.657143
0.346469	0.481582	0.657143
0.329384	0.481369	0.657143
0.310572	0.481154	0.657143
0.294363	0.481149	0.657143
0.283755	0.481769	0.657143
0.275811	0.480716	0.659411
0.267069	0.476675	0.669640
0.256436	0.470149	0.672874
0.241739	0.463364	0.672431
0.218837	0.458278	0.670401
0.194572	0.454733	0.666420
0.181314	0.451717	0.661618
0.181906	0.447725	0.658254
0.190937	0.441230	0.657143
0.200989	0.430502	0.657143
0.208814	0.418243	0.657143
0.203719	0.407632	0.657143
0.190980	0.398914	0.657143
0.181037	0.392551	0.657143
0.169117	0.387884	0.657143
0.159271	0.381758	0.657143
0.163327	0.371916	0.657143
0.172196	0.359646	0.657143
0.176980	0.348491	0.657143
0.179073	0.341209	0.657143
0.180174	0.338378	0.657143
0.182450	0.339338	0.657143
0.178986	0.340505	0.657143
0.172155	0.334813	0.657143
0.167197	0.319753	0.100000
0.165403	0.298524	0.100000
0.170674	0.277371	0.100000
0.183465	0.264756	0.100000
0.203450	0.259600	0.100000
0.223837	0.254489	0.100000
0.242551	0.247843	0.100000
0.255741	0.240573	0.100000
0.262455	0.230508	0.100000
0.265626	0.215278	0.100000
0.267751	0.193479	0.100000
0.272887	0.163328	0.100000
0.285600	0.138027	0.100000
0.306031	0.128313	0.100000
0.327803	0.131721	0.100000
0.341446	0.132277	0.100000
0.343853	0.124030	0.100000
0.342448	0.109129	0.100000
0.342269	0.098050	0.100000
0.342511	0.092048	0.100000
0.340923	0.085159	0.100000
0.341426	0.076338	0.100000
0.346242	0.065632	0.100000
0.353478	0.055710	0.100000
0.360984	0.046424	0.100000
0.370058	0.036547	0.100000
0.380643	0.025252	0.100000
0.390117	0.012511	0.100000
0.395647	0.000779	0.100000
0.395647	-0.007608	0.100000
0.393318	-0.012059	0.100000
0.392551	-0.013553	0.100000
0.393974	-0.012759	0.100000
0.397069	-0.011896	0.100000
0.401961	-0.012824	0.100000
0.406052	-0.014785	0.100000
0.409280	-0.019587	0.100000
0.411977	-0.026031	0.100000
0.414630	-0.031956	0.100000
0.417712	-0.036573	0.100000
0.418863	-0.040656	0.100000
0.417743	-0.045024	0.100000
0.417417	-0.050204	0.100000
0.419214	-0.056150	0.100000
0.422864	-0.061201	0.100000
0.427991	-0.064652	0.100000
0.434139	-0.066878	0.100000
0.440395	-0.068319	0.100000
0.443246	-0.069596	0.100000
0.442507	-0.070796	0.100000
0.440368	-0.071784	0.100000
0.438380	-0.072627	0.100000
0.438980	-0.073417	0.100000
0.442888	-0.074220	0.100000
0.449061	-0.075283	0.100000
0.457249	-0.077092	0.100000
0.464442	-0.079537	0.100000
0.469789	-0.082085	0.100000
0.473347	-0.084572	0.100000
0.473964	-0.087087	0.100000
0.471206	-0.089656	0.100000
0.467501	-0.092037	0.100000
0.466912	-0.094688	0.100000
0.470917	-0.097827	0.100000
0.478216	-0.101185	0.100000
0.486587	-0.104553	0.100000
0.496125	-0.108254	0.100000
0.505150	-0.112367	0.100000
0.513316	-0.116430	0.100000
0.520114	-0.120109	0.100000
0.525384	-0.122944	0.100000
0.530911	-0.125131	0.100000
0.538557	-0.127168	0.100000
0.548919	-0.129213	0.100000
0.560814	-0.131188	0.100000
0.572456	-0.133148	0.100000
0.582413	-0.135234	0.100000
0.590354	-0.137152	0.100000
0.595784	-0.140117	0.100000
0.599092	-0.143581	0.100000
0.601060	-0.146954	0.100000
0.603056	-0.150391	0.100000
0.604249	-0.161408	0.100000
0.603948	-0.172648	0.100000
0.602975	-0.181561	0.100000
0.602266	-0.187440	0.100000
0.604084	-0.190282	0.100000
0.608155	-0.190378	0.100000
0.614092	-0.188193	0.100000
0.621232	-0.184876	0.100000
0.628383	-0.180729	0.100000
0.634970	-0.176688	0.100000
0.641570	-0.173149	0.100000
0.648197	-0.170223	0.100000
0.654410	-0.167937	0.100000
0.659571	-0.167014	0.100000
0.660575	-0.166658	0.100000
0.659554	-0.166734	0.100000
0.658393	-0.167063	0.100000
0.657153	-0.166702	0.100000
0.657143	-0.165526	0.100000
0.657143	-0.164350	0.100000
0.657143	-0.162641	0.100000
0.657143	-0.160096	0.100000
0.657143	-0.157518	0.100000
0.657143	-0.155478	0.100000
0.657143	-0.154721	0.100000
0.657143	-0.154377	0.100000
-0.151274	-0.152751	-1.#IND00
0.600191	-0.150208	0.550000
0.021933	-0.175920	0.750000
0.020855	-0.197628	0.451312
0.019374	-0.194455	0.441441
0.025224	-0.192929	0.432309
0.036784	-0.192407	0.423280
0.054902	-0.191951	0.414557
0.081085	-0.190604	0.404316
0.113390	-0.189796	0.388549
0.146590	-0.189865	0.365572
0.181490	-0.190197	0.336029
0.206192	-0.190939	0.299748
0.224682	-0.191848	0.251984
0.239774	-0.191868	0.184135
0.250620	-0.190334	0.097283
0.258821	-0.188176	0.069236
0.266247	-0.186398	0.020016
0.276218	-0.186339	-0.013252
0.288434	-0.187227	-0.037008
0.299896	-0.187850	-0.054003
0.309206	-0.187526	-0.066453
0.317059	-0.187465	-0.075786
0.323993	-0.186970	-0.083256
0.332891	-0.186523	-0.091616
0.344314	-0.187316	-0.098520
0.354035	-0.190438	-0.104932
0.355787	-0.195875	-0.112593
0.347537	-0.202410	-0.121005
0.332701	-0.209250	-0.128373
0.314394	-0.215934	-0.134680
0.299704	-0.221127	-0.140120
0.294556	-0.223200	-0.148815
0.295858	-0.222590	-0.171605
0.301716	-0.219996	-0.196205
0.312387	-0.216247	-0.216524
0.320677	-0.212963	-0.232243
0.325347	-0.210512	-0.241943
0.329150	-0.206566	-0.246092
0.333120	-0.201227	-0.246130
0.336798	-0.194975	-0.243639
0.340932	-0.187939	-0.239188
0.346703	-0.181232	-0.232109
0.353935	-0.175502	-0.222784
0.363942	-0.169087	-0.212123
0.374499	-0.162071	-0.200665
0.383340	-0.155688	-0.189937
0.390636	-0.150818	-0.181970
0.396414	-0.149453	-0.179380
0.400202	-0.148841	-0.180100
0.401971	-0.147818	-0.184492
0.401276	-0.146732	-0.192310
0.400335	-0.145693	-0.202674
0.402350	-0.144129	-0.213668
0.407459	-0.142008	-0.223638
0.412428	-0.139480	-0.231342
0.415597	-0.136674	-0.235959
0.418069	-0.133584	-0.237982
0.421542	-0.131221	-0.237527
0.425585	-0.129264	-0.234498
0.429154	-0.127539	-0.232087
0.433229	-0.126936	-0.232110
0.437832	-0.126526	-0.233552
0.441562	-0.125634	-0.236168
0.441581	-0.124240	-0.238980
0.437231	-0.123609	-0.241427
0.429052	-0.123631	-0.244106
0.417837	-0.122924	-0.247235
0.408499	-0.121809	-0.250051
0.404502	-0.121456	-0.252713
0.405053	-0.121706	-0.256019
0.408439	-0.121737	-0.259820
0.412743	-0.121965	-0.263161
0.416703	-0.121766	-0.265937
0.419286	-0.119715	-0.268686
0.421463	-0.118075	-0.271581
0.423813	-0.116101	-0.275399
0.425049	-0.113371	-0.280411
0.423983	-0.112509	-0.287150
0.421280	-0.112712	-0.296397
0.416564	-0.111896	-0.308621
0.409674	-0.109797	-0.322284
0.402245	-0.106991	-0.335333
0.395263	-0.104112	-0.347314
0.388702	-0.101202	-0.357944
0.382577	-0.098592	-0.367077
0.376805	-0.096825	-0.375771
0.372411	-0.095588	-0.385754
0.369068	-0.094693	-0.396847
0.363302	-0.093908	-0.406738
0.352717	-0.093789	-0.414363
0.338577	-0.093923	-0.420746
0.323079	-0.093269	-0.426529
0.307391	-0.090925	-0.432142
0.292773	-0.086689	-0.437152
0.279760	-0.083721	-0.440157
0.266407	-0.081665	-0.438652
0.254537	-0.080251	-0.429653
0.246315	-0.079527	-0.413108
0.238641	-0.078731	-0.392949
0.225896	-0.078400	-0.372883
0.203711	-0.077868	-0.352867
0.174728	-0.076903	-0.332139
0.151653	-0.075712	-0.312121
0.135056	-0.076036	-0.293410
0.113921	-0.075028	-0.274138
0.097623	-0.072742	-0.255136
0.088864	-0.068893	-0.234172
0.079579	-0.065811	-0.210221
0.081351	-0.061709	-0.184092
0.080891	-0.053978	-0.161645
0.079017	-0.046111	-0.141987
0.074572	-0.039341	-0.133008
0.073732	-0.031639	-0.122978
0.072180	-0.022126	-0.116197
0.066820	-0.011222	-0.108548
0.056363	0.000414	-0.099937
0.044342	0.014964	-0.091178
0.034058	0.030819	-0.085319
0.025936	0.049275	-0.083723
0.018556	0.068652	-0.085703
0.011474	0.088478	-0.089402
0.003551	0.104869	-0.092044
-0.004942	0.109441	-0.098072
-0.013087	0.109617	-0.106908
-0.021007	0.106993	-0.118307
-0.027428	0.107844	-0.129657
-0.031629	0.115745	-0.137974
-0.034693	0.124161	-0.148311
-0.037810	0.121722	-0.175619
-0.041120	0.115215	-0.200087
-0.044627	0.107019	-0.213743
-0.048568	0.097376	-0.213595
-0.053020	0.086309	-0.200824
-0.057774	0.068544	-0.181954
-0.061842	0.049918	-0.164245
-0.064929	0.033589	-0.148421
-0.067001	0.021967	-0.143266
-0.068520	0.013210	-0.140334
-0.070157	0.004828	-0.138946
-0.072466	-0.002666	-0.137813
-0.075323	-0.007446	-0.136807
-0.078482	-0.010019	-0.136511
-0.081964	-0.012626	-0.136343
-0.085354	-0.016953	-0.136542
-0.089344	-0.021333	-0.135349
-0.092914	-0.022167	-0.133575
-0.096114	-0.013876	-0.132715
-0.099107	-0.003399	-0.132171
-0.101916	0.003880	-0.131154
-0.104500	0.006733	-0.130131
-0.107234	0.009314	-0.129888
-0.110434	0.011399	-0.129518
-0.113783	0.014489	-0.128482
-0.117115	0.015142	-0.126138
-0.120428	0.013930	-0.122569
-0.123394	0.014176	-0.117482
-0.125549	0.015475	-0.109698
-0.127119	0.016529	-0.098705
-0.128626	0.019424	-0.084709
-0.130394	0.026582	-0.070040
-0.132576	0.039094	-0.054333
-0.135033	0.058162	-0.038565
-0.137143	0.081973	-0.016408
-0.140144	0.118895	0.013665
-0.143494	0.160819	0.050608
-0.146486	0.203129	0.086546
-0.149092	0.238009	0.106822
-0.152005	0.258256	0.097109
-0.157021	0.265883	0.085738
-0.160376	0.263044	0.049709
-0.161963	0.252027	0.007642
-0.163012	0.237737	-0.026073
-0.165220	0.229107	-0.048855
-0.168806	0.219852	-0.063356
-0.173081	0.195606	-0.071720
-0.177556	0.150425	-0.075897
-0.183351	0.097241	-0.077634
-0.191001	0.078880	-0.075294
-0.199202	0.048953	-0.069760
-0.206597	0.029552	-0.062531
-0.212807	0.014014	-0.056612
-0.218012	-0.000541	-0.052736
-0.222175	-0.013491	-0.051656
-0.224727	-0.023112	-0.052756
-0.226455	-0.029321	-0.054613
-0.228195	-0.033401	-0.055354
-0.230824	-0.036820	-0.056698
-0.235074	-0.040220	-0.058244
-0.240026	-0.042604	-0.059434
-0.244527	-0.041516	-0.060425
-0.249095	-0.035925	-0.061440
-0.254519	-0.031804	-0.062169
-0.261060	-0.034905	-0.062676
-0.268607	-0.036912	-0.063474
-0.277192	-0.042056	-0.064365
-0.286815	-0.048641	-0.065197
-0.297306	-0.054987	-0.066351
-0.308362	-0.061110	-0.068063
-0.319687	-0.066367	-0.070036
-0.329941	-0.070514	-0.071572
-0.337788	-0.073916	-0.072565
-0.343166	-0.076538	-0.073723
-0.346070	-0.078523	-0.075744
-0.345577	-0.080244	-0.078732
-0.341263	-0.081896	-0.081989
-0.335185	-0.083535	-0.084279
-0.329669	-0.085143	-0.085286
-0.327824	-0.086477	-0.085838
-0.330100	-0.087551	-0.086571
-0.335699	-0.088403	-0.087648
-0.342928	-0.089578	-0.088758
-0.349302	-0.091542	-0.089641
-0.354427	-0.093961	-0.090290
-0.361129	-0.096271	-0.090786
-0.371065	-0.098368	-0.091247
-0.381893	-0.100497	-0.092148
-0.391307	-0.102684	-0.093846
-0.400482	-0.104706	-0.096068
-0.410569	-0.106499	-0.098149
-0.420459	-0.107885	-0.099396
-0.427527	-0.108784	-0.098736
-0.429950	-0.109378	-0.098150
-0.428394	-0.109967	-0.097453
-0.424447	-0.110641	-0.094366
-0.419302	-0.111494	-0.089486
-0.415240	-0.112728	-0.084215
-0.414131	-0.114363	-0.080680
-0.414843	-0.116312	-0.079406
-0.415303	-0.118314	-0.078716
-0.415588	-0.119973	-0.077343
-0.416984	-0.121202	-0.074505
-0.420451	-0.122443	-0.070923
-0.427878	-0.124275	-0.066752
-0.437416	-0.126698	-0.062614
-0.444655	-0.129274	-0.057367
-0.449468	-0.131732	-0.051109
-0.452974	-0.133929	-0.047872
-0.455276	-0.135699	-0.048693
-0.457046	-0.136853	-0.051262
-0.459071	-0.138100	-0.052767
-0.462423	-0.139732	-0.056430
-0.466501	-0.141434	-0.061471
-0.468948	-0.143098	-0.065630
-0.469090	-0.144679	-0.068694
-0.468589	-0.145735	-0.071106
-0.468863	-0.146159	-0.072948
-0.471012	-0.145911	-0.074373
-0.474117	-0.146045	-0.075727
-0.477520	-0.146330	-0.077604
-0.482409	-0.147363	-0.080412
-0.487099	-0.148889	-0.083927
-0.488351	-0.150547	-0.089020
-0.485249	-0.153557	-0.094852
-0.479337	-0.157874	-0.100717
-0.473893	-0.162955	-0.107066
-0.470039	-0.169960	-0.114989
-0.466859	-0.179703	-0.122735
-0.464024	-0.190588	-0.129496
-0.461660	-0.199465	-0.135210
-0.459997	-0.207590	-0.140319
-0.459003	-0.215998	-0.147758
-0.458131	-0.225368	-0.166328
-0.457413	-0.236588	-0.195434
-0.457547	-0.249066	-0.225489
-0.458629	-0.260390	-0.254204
-0.459654	-0.268951	-0.284954
-0.459112	-0.275189	-0.318623
-0.457258	-0.279319	-0.351918
-0.455881	-0.282539	-0.380655
-0.455673	-0.287068	-0.405003
-0.455940	-0.294203	-0.426104
-0.454603	-0.302816	-0.441440
-0.450563	-0.311398	-0.448806
-0.444529	-0.320021	-0.447577
-0.439538	-0.326738	-0.439455
-0.436178	-0.330981	-0.427514
-0.434489	-0.334844	-0.413975
-0.436177	-0.339496	-0.401512
-0.439593	-0.343450	-0.394082
-0.441752	-0.344467	-0.393941
-0.441844	-0.342700	-0.400402
-0.440180	-0.340224	-0.411066
-0.436886	-0.338190	-0.423204
-0.432570	-0.335899	-0.434469
-0.428524	-0.333343	-0.444246
-0.425593	-0.333176	-0.452932
-0.424612	-0.334891	-0.461013
-0.424453	-0.336427	-0.468845
-0.421922	-0.337705	-0.477374
-0.417748	-0.339976	-0.488047
-0.413733	-0.343175	-0.501841
-0.410201	-0.346867	-0.520069
-0.408396	-0.350429	-0.533855
-0.409044	-0.353053	-0.536364
-0.411001	-0.354570	-0.536364
-0.411238	-0.353715	-0.536364
-0.408125	-0.350295	-0.536364
-0.403635	-0.344675	-0.536364
-0.398427	-0.337725	-0.536364
-0.503853	-0.329362	-0.536364
-0.418797	-0.318010	-0.536364
-0.047673	-0.154609	0.012748
-0.105811	-0.143587	-0.088178
-0.104780	-0.142193	-0.088460
-0.102111	-0.140235	-0.090468
-0.098861	-0.138494	-0.091452
-0.096027	-0.138313	-0.093009
-0.092831	-0.138891	-0.094786
-0.089266	-0.140282	-0.096577
-0.085756	-0.142848	-0.098240
-0.081978	-0.145413	-0.100050
-0.079597	-0.147127	-0.102161
-0.078613	-0.148249	-0.104330
-0.077134	-0.149179	-0.106650
-0.074931	-0.149659	-0.109333
-0.070924	-0.149312	-0.112361
-0.065839	-0.148883	-0.116273
-0.061299	-0.148094	-0.121197
-0.056331	-0.147216	-0.126875
-0.052785	-0.146839	-0.132787
-0.049373	-0.147205	-0.137745
-0.042301	-0.147917	-0.145028
-0.030881	-0.149604	-0.160142
-0.015759	-0.153296	-0.188397
-0.001599	-0.159634	-0.222054
0.012111	-0.165084	-0.259163
0.024885	-0.168677	-0.302473
0.031701	-0.169602	-0.350927
0.034569	-0.168357	-0.401950
0.044503	-0.166318	-0.451559
0.059256	-0.162595	-0.495406
0.075019	-0.156941	-0.528495
0.094727	-0.151396	-0.536041
0.117495	-0.149106	-0.536364
0.142979	-0.147903	-0.536364
0.162193	-0.146969	-0.525753
0.172823	-0.146185	-0.507013
0.187990	-0.145750	-0.487106
0.213779	-0.145218	-0.467730
0.240681	-0.143884	-0.447236
0.262718	-0.141776	-0.425473
0.282160	-0.139225	-0.402775
0.301849	-0.136651	-0.380348
0.321053	-0.134141	-0.361352
0.334981	-0.132561	-0.347604
0.344919	-0.131137	-0.340464
0.360392	-0.128620	-0.339174
0.378079	-0.126519	-0.340595
0.391695	-0.125715	-0.341248
0.401427	-0.125416	-0.337778
0.408788	-0.124909	-0.330583
0.415243	-0.123733	-0.320905
0.421657	-0.122219	-0.309734
0.428604	-0.120123	-0.297747
0.435419	-0.117983	-0.286287
0.440497	-0.116318	-0.277514
0.445495	-0.115450	-0.273603
0.450149	-0.114260	-0.273802
0.452901	-0.112502	-0.276431
0.453991	-0.110571	-0.280435
0.454151	-0.108401	-0.284901
0.454090	-0.105032	-0.288574
0.453450	-0.102235	-0.290995
0.451539	-0.101197	-0.293079
0.448373	-0.101209	-0.294861
0.445321	-0.100579	-0.295150
0.442863	-0.097712	-0.294189
0.442921	-0.093620	-0.291997
0.444577	-0.090242	-0.287906
0.448554	-0.088784	-0.281855
0.457594	-0.089053	-0.274046
0.470544	-0.090040	-0.266553
0.481572	-0.090298	-0.260409
0.489382	-0.088805	-0.255915
0.497561	-0.085069	-0.253306
0.504668	-0.081279	-0.252298
0.509625	-0.079573	-0.252130
0.513324	-0.080101	-0.252805
0.517063	-0.080971	-0.255217
0.519610	-0.079222	-0.259197
0.522157	-0.077316	-0.262971
0.526999	-0.076235	-0.264962
0.533008	-0.073893	-0.264360
0.539401	-0.070964	-0.262067
0.546272	-0.068232	-0.259875
0.552669	-0.065112	-0.258378
0.557948	-0.061645	-0.258321
0.561759	-0.057401	-0.259258
0.565108	-0.052791	-0.259675
0.569369	-0.050415	-0.259091
0.574343	-0.051429	-0.259153
0.579279	-0.051662	-0.259954
0.583369	-0.050227	-0.261012
0.586220	-0.048895	-0.263137
0.586634	-0.045471	-0.266723
0.585698	-0.038519	-0.268987
0.583723	-0.030046	-0.266549
0.581098	-0.019355	-0.257603
0.577485	-0.004500	-0.241294
0.572331	0.015577	-0.218144
0.566475	0.042587	-0.190505
0.560982	0.076809	-0.165764
0.557036	0.124104	-0.143311
0.555589	0.170987	-0.133840
0.556026	0.212871	-0.122054
0.556836	0.239590	-0.113571
0.559118	0.254715	-0.104915
0.561433	0.265936	-0.094304
0.561562	0.280393	-0.081851
0.560094	0.299603	-0.068989
0.557442	0.322604	-0.054632
0.555547	0.347723	-0.037767
0.555723	0.372974	-0.009670
0.557944	0.397437	0.041350
0.560514	0.418603	0.146522
0.563308	0.437759	0.261972
0.565868	0.455392	0.352584
0.567434	0.469529	0.403475
0.568032	0.479562	0.429989
0.568407	0.485660	0.439072
0.568394	0.487353	0.432206
0.568219	0.485752	0.408384
0.567743	0.484626	0.361194
0.566759	0.485102	0.275588
0.565871	0.486801	0.124923
0.565597	0.489215	0.063298
0.565459	0.492238	-0.000376
0.564613	0.495809	-0.030624
0.562738	0.497789	-0.046075
0.561478	0.498024	-0.054526
0.561696	0.498525	-0.057189
0.561621	0.500656	-0.042083
0.561246	0.502892	-0.015849
0.560688	0.503436	0.022519
0.559866	0.503667	0.078926
0.558828	0.504515	0.158938
0.557226	0.506086	0.238024
0.554061	0.507847	0.294482
0.549016	0.510475	0.325526
0.542968	0.515184	0.341799
0.536559	0.519753	0.351004
0.529549	0.521857	0.357122
0.522518	0.521130	0.363705
0.516712	0.518561	0.372909
0.512208	0.515794	0.385755
0.508765	0.513573	0.400966
0.505829	0.511094	0.416042
0.502485	0.508415	0.429799
0.498541	0.506459	0.442068
0.493568	0.505848	0.454143
0.487975	0.505368	0.466250
0.483855	0.504687	0.479465
0.480433	0.504187	0.496233
0.476680	0.505019	0.518699
0.473480	0.507780	0.541785
0.471194	0.512393	0.565200
0.469188	0.518939	0.589096
0.466697	0.525380	0.612929
0.462191	0.531541	0.635770
0.456686	0.537530	0.658804
0.450751	0.541919	0.657913
0.443560	0.544221	0.657143
0.435613	0.545456	0.657143
0.428224	0.545933	0.657143
0.422505	0.545574	0.657143
0.419612	0.544985	0.657936
0.417708	0.544275	0.660097
0.414921	0.542640	0.661978
0.411004	0.539737	0.662795
0.405438	0.535615	0.662908
0.397444	0.529755	0.663054
0.388688	0.521810	0.662673
0.381671	0.512441	0.661586
0.374723	0.503280	0.660644
0.366937	0.496239	0.660551
0.359907	0.491854	0.660844
0.354329	0.489173	0.661632
0.351336	0.488548	0.661342
0.349905	0.491521	0.660695
0.347015	0.496033	0.659990
0.341763	0.497828	0.659005
0.337285	0.495952	0.657940
0.332785	0.490441	0.657143
0.328334	0.482132	0.657143
0.324669	0.473482	0.657143
0.320668	0.464917	0.657143
0.316164	0.456530	0.657143
0.310497	0.448676	0.657143
0.304961	0.441986	0.657143
0.300870	0.436681	0.657143
0.297233	0.433937	0.657143
0.291209	0.432622	0.657143
0.283780	0.431525	0.657143
0.277190	0.427545	0.657143
0.273134	0.420369	0.657143
0.265169	0.410985	0.657143
0.254016	0.399479	0.657143
0.248355	0.385325	0.657143
0.245192	0.370275	0.657143
0.243248	0.356756	0.657143
0.242923	0.345208	0.657143
0.243222	0.336180	0.657143
0.246304	0.329299	0.657143
0.254310	0.322484	0.657143
0.267419	0.313416	0.657143
0.281353	0.303084	0.657143
0.293613	0.294407	0.657143
0.303318	0.288433	0.657143
0.310891	0.283157	0.657143
0.315900	0.277794	0.657143
0.318966	0.269956	0.657143
0.318532	0.259171	0.657143
0.312093	0.245711	0.657143
0.304762	0.229740	0.657143
0.300693	0.215559	0.657143
0.301698	0.205189	0.657143
0.310258	0.199332	0.657143
0.325416	0.198563	0.657143
0.343138	0.202318	0.657343
0.359459	0.209479	0.657598
0.370982	0.214479	0.657143
0.377295	0.212028	0.657143
0.379976	0.201111	0.657143
0.378500	0.183926	0.657143
0.373300	0.164376	0.657143
0.369131	0.142122	0.657143
0.368643	0.117407	0.657143
0.371220	0.097024	0.657143
0.375770	0.082706	0.657143
0.383511	0.059373	0.657143
0.392552	0.039195	0.657143
0.399780	0.023977	0.657143
0.405023	0.012768	0.659666
0.406476	0.003132	0.660445
0.403552	-0.007143	0.659870
0.398008	-0.017341	0.658849
0.391375	-0.026083	0.657143
0.385621	-0.033189	0.657143
0.382261	-0.038973	0.657143
0.381270	-0.043573	0.657143
0.380510	-0.047303	0.657143
0.378004	-0.050060	0.657143
0.371093	-0.051569	0.657143
0.359765	-0.052398	0.657143
0.348559	-0.053517	0.657143
0.341336	-0.056163	0.657143
0.338860	-0.060964	0.657143
0.343309	-0.066895	0.657143
0.352694	-0.071907	0.657143
0.362202	-0.075034	0.657143
0.367766	-0.076716	0.657143
0.371240	-0.077566	0.661071
0.376923	-0.078327	0.683775
0.384562	-0.079357	0.686337
0.392945	-0.080791	0.682866
0.401927	-0.082799	0.679054
0.410351	-0.085323	0.675660
0.416748	-0.089002	0.672239
0.422860	-0.092699	0.669098
0.431110	-0.095941	0.666830
0.441713	-0.098614	0.665257
0.454652	-0.100961	0.664622
0.468677	-0.103295	0.665051
0.480772	-0.105862	0.664773
0.490763	-0.108976	0.664165
0.500709	-0.111770	0.666053
0.509027	-0.114465	0.664674
0.516619	-0.117338	0.652925
0.523591	-0.120401	0.641074
0.530207	-0.123617	0.629676
0.536899	-0.126738	0.618079
0.543329	-0.129520	0.606439
0.548450	-0.131924	0.595867
0.551887	-0.134101	0.587837
0.553934	-0.136061	0.583212
0.555335	-0.137566	0.582211
0.556780	-0.139888	0.587338
0.559679	-0.141876	0.597594
0.564681	-0.143417	0.611294
0.569775	-0.143799	0.627602
0.573565	-0.143133	0.647082
0.577372	-0.143382	0.659956
0.581247	-0.143468	0.657143
0.583977	-0.143816	0.657143
0.586365	-0.144141	0.657143
0.589804	-0.144397	0.657143
0.593824	-0.144409	0.657143
0.597044	-0.143369	0.657353
0.600332	-0.142413	0.660036
0.604605	-0.141397	0.661195
0.609298	-0.140504	0.661202
0.614416	-0.139709	0.660266
0.620131	-0.138599	0.658612
0.625407	-0.137465	0.657143
0.629659	-0.136547	0.657143
0.633771	-0.135179	0.657143
0.637744	-0.134773	0.657143
0.641304	-0.134912	0.657143
0.645192	-0.135320	0.657143
-0.162007	-0.135392	-0.150000
0.614015	-0.135546	0.600000
0.093061	-0.191380	0.622254
0.106126	-0.266719	0.440889
0.121325	-0.267115	0.434381
0.138179	-0.266380	0.431472
0.152602	-0.264220	0.430766
0.168210	-0.259666	0.430059
0.192220	-0.253953	0.426952
0.226137	-0.249665	0.419916
0.264780	-0.248610	0.409586
0.301205	-0.249487	0.397931
0.327951	-0.251928	0.386499
0.342827	-0.254739	0.374357
0.348603	-0.256133	0.359124
0.349163	-0.254510	0.339340
0.347008	-0.251321	0.309863
0.342654	-0.247843	0.266961
0.337402	-0.244704	0.211382
0.334890	-0.243178	0.140232
0.336555	-0.242656	0.088151
0.341180	-0.241374	0.052446
0.344388	-0.239186	0.018549
0.343454	-0.236990	-0.003939
0.340132	-0.235154	-0.020732
0.338876	-0.233831	-0.034440
0.340310	-0.233722	-0.046929
0.343756	-0.234893	-0.058457
0.346254	-0.237622	-0.068024
0.345162	-0.240987	-0.075608
0.345678	-0.244102	-0.081688
0.349526	-0.246440	-0.087503
0.353008	-0.247094	-0.093305
0.353413	-0.244594	-0.098773
0.351716	-0.239677	-0.104444
0.348764	-0.234069	-0.110776
0.347798	-0.228644	-0.117267
0.353861	-0.222631	-0.122746
0.368154	-0.215447	-0.127599
0.383112	-0.207084	-0.131790
0.393877	-0.198377	-0.135206
0.400856	-0.190965	-0.137644
0.404098	-0.184525	-0.141501
0.402622	-0.179446	-0.145597
0.398225	-0.175527	-0.150129
0.394519	-0.173211	-0.163615
0.393972	-0.171952	-0.178313
0.396103	-0.170407	-0.195886
0.397020	-0.167731	-0.213912
0.395797	-0.163893	-0.231288
0.393399	-0.160000	-0.247983
0.390286	-0.156703	-0.266054
0.387832	-0.153510	-0.289594
0.385463	-0.150477	-0.316245
0.383689	-0.149543	-0.340065
0.384906	-0.149006	-0.357193
0.387720	-0.147988	-0.366848
0.387605	-0.146535	-0.370506
0.382434	-0.144409	-0.371731
0.373472	-0.141814	-0.372828
0.363361	-0.139097	-0.373368
0.352387	-0.136645	-0.373111
0.344113	-0.135687	-0.372983
0.338427	-0.135271	-0.372819
0.331839	-0.134076	-0.372072
0.325055	-0.132063	-0.372774
0.319251	-0.130325	-0.375957
0.315391	-0.129199	-0.380402
0.313427	-0.127616	-0.386137
0.310133	-0.124931	-0.393480
0.303499	-0.122512	-0.400306
0.297575	-0.120446	-0.405086
0.296465	-0.117868	-0.408906
0.299268	-0.114898	-0.413537
0.303266	-0.112383	-0.417527
0.308471	-0.110440	-0.419943
0.317689	-0.108929	-0.421293
0.328513	-0.107907	-0.421276
0.334514	-0.107201	-0.422562
0.331310	-0.106397	-0.428077
0.320182	-0.105332	-0.437159
0.306364	-0.103768	-0.447829
0.295364	-0.102133	-0.459707
0.285801	-0.102140	-0.474662
0.278978	-0.102851	-0.490638
0.276055	-0.103181	-0.504052
0.274674	-0.103319	-0.515100
0.274708	-0.103477	-0.524831
0.276122	-0.103595	-0.532623
0.275652	-0.103691	-0.535909
0.271606	-0.103222	-0.536364
0.264030	-0.101637	-0.536364
0.250673	-0.101013	-0.534253
0.230733	-0.100484	-0.529659
0.209528	-0.099480	-0.523677
0.191220	-0.098191	-0.514737
0.180082	-0.096563	-0.502721
0.175549	-0.093745	-0.486980
0.177350	-0.090505	-0.467958
0.187388	-0.088002	-0.446577
0.203833	-0.085909	-0.422106
0.223659	-0.083938	-0.394673
0.242047	-0.081537	-0.366369
0.256387	-0.078558	-0.338713
0.262541	-0.075699	-0.310845
0.258048	-0.073775	-0.281880
0.248399	-0.071733	-0.254568
0.234461	-0.067505	-0.228677
0.221720	-0.062942	-0.201972
0.216062	-0.058222	-0.176010
0.210886	-0.051603	-0.152746
0.199263	-0.045166	-0.138775
0.177989	-0.040250	-0.129795
0.149049	-0.035968	-0.124096
0.117863	-0.031303	-0.125520
0.096596	-0.025181	-0.128455
0.083123	-0.020619	-0.129896
0.064526	-0.022076	-0.133190
0.049434	-0.024278	-0.137225
0.038197	-0.023520	-0.143691
0.028790	-0.021944	-0.157662
0.019108	-0.018481	-0.189855
0.008732	-0.008745	-0.229655
-0.002493	-0.000532	-0.275907
-0.013795	0.005185	-0.328637
-0.022740	0.006167	-0.379227
-0.028454	0.002975	-0.418910
-0.031617	0.001428	-0.442818
-0.034015	0.000826	-0.448178
-0.036931	0.009390	-0.437827
-0.040503	0.018256	-0.415482
-0.044974	0.024297	-0.385066
-0.050089	0.029455	-0.350288
-0.054945	0.026377	-0.316791
-0.059126	0.025014	-0.287620
-0.062625	0.021052	-0.264498
-0.065771	0.014165	-0.248949
-0.069081	0.004069	-0.240009
-0.072891	-0.005591	-0.235766
-0.076788	-0.012904	-0.233465
-0.080115	-0.018255	-0.232041
-0.082755	-0.023214	-0.230804
-0.085104	-0.027799	-0.228375
-0.087969	-0.031525	-0.224034
-0.091385	-0.035086	-0.217885
-0.095151	-0.039212	-0.209730
-0.099076	-0.043160	-0.200585
-0.102752	-0.045966	-0.191898
-0.106017	-0.047863	-0.183620
-0.109192	-0.048940	-0.176596
-0.111468	-0.045738	-0.169167
-0.113349	-0.041647	-0.159468
-0.115008	-0.038831	-0.147549
-0.116278	-0.038179	-0.142047
-0.117457	-0.040429	-0.135566
-0.119043	-0.041123	-0.126297
-0.121195	-0.043063	-0.116331
-0.123673	-0.044915	-0.104800
-0.126037	-0.044648	-0.092260
-0.128034	-0.043067	-0.078600
-0.129749	-0.041128	-0.067410
-0.131389	-0.036306	-0.059020
-0.133078	-0.032546	-0.054878
-0.134657	-0.031199	-0.052351
-0.135815	-0.029313	-0.054222
-0.136501	-0.027511	-0.059620
-0.136951	-0.029934	-0.061242
-0.137853	-0.031636	-0.065393
-0.139338	-0.035508	-0.070822
-0.141069	-0.040186	-0.076704
-0.143075	-0.045838	-0.082276
-0.145578	-0.052046	-0.087994
-0.148577	-0.057382	-0.093431
-0.153683	-0.060992	-0.097731
-0.161992	-0.063586	-0.100446
-0.169235	-0.065503	-0.101385
-0.175215	-0.066544	-0.098836
-0.179766	-0.067350	-0.097469
-0.183292	-0.068737	-0.096611
-0.185790	-0.070978	-0.095376
-0.188214	-0.073652	-0.094697
-0.191296	-0.076450	-0.094259
-0.195910	-0.079332	-0.093523
-0.202259	-0.081959	-0.092686
-0.209854	-0.083757	-0.092057
-0.218113	-0.084609	-0.091728
-0.225906	-0.084863	-0.091494
-0.231912	-0.084382	-0.091158
-0.235411	-0.084042	-0.089281
-0.236675	-0.084461	-0.086095
-0.236671	-0.084623	-0.082430
-0.236529	-0.085041	-0.080177
-0.237299	-0.085731	-0.082030
-0.239238	-0.087255	-0.083965
-0.242360	-0.089467	-0.084307
-0.247476	-0.091446	-0.082502
-0.255035	-0.093416	-0.080948
-0.263591	-0.095368	-0.082782
-0.271515	-0.096608	-0.083306
-0.278261	-0.095213	-0.084766
-0.283793	-0.092802	-0.086904
-0.288588	-0.093279	-0.089168
-0.293779	-0.094497	-0.090598
-0.298755	-0.095016	-0.091289
-0.301965	-0.095775	-0.091446
-0.303630	-0.096530	-0.090747
-0.304317	-0.097171	-0.091194
-0.304140	-0.097570	-0.091522
-0.304054	-0.097723	-0.092436
-0.306238	-0.098015	-0.093771
-0.311486	-0.098701	-0.095050
-0.318238	-0.099801	-0.095975
-0.326676	-0.101298	-0.096852
-0.336679	-0.102901	-0.097784
-0.346463	-0.104210	-0.098514
-0.356570	-0.105164	-0.099264
-0.367124	-0.105955	-0.100228
-0.377706	-0.106409	-0.101217
-0.387923	-0.105959	-0.102249
-0.396483	-0.104378	-0.103390
-0.402479	-0.102828	-0.104530
-0.406503	-0.103003	-0.105797
-0.409366	-0.103862	-0.107416
-0.413699	-0.104278	-0.109122
-0.420304	-0.105453	-0.110568
-0.427265	-0.107497	-0.111601
-0.432883	-0.109609	-0.112115
-0.436100	-0.111464	-0.111257
-0.437641	-0.113161	-0.110652
-0.438307	-0.114927	-0.111368
-0.438739	-0.116635	-0.112007
-0.439608	-0.118305	-0.113057
-0.439464	-0.120188	-0.114202
-0.436741	-0.122295	-0.115576
-0.431929	-0.124625	-0.117177
-0.428104	-0.127053	-0.118987
-0.426776	-0.129303	-0.121115
-0.426489	-0.131319	-0.123091
-0.429174	-0.133147	-0.124315
-0.437631	-0.134719	-0.124995
-0.451367	-0.135896	-0.125602
-0.468182	-0.136635	-0.126261
-0.484043	-0.137081	-0.126947
-0.496923	-0.137724	-0.127481
-0.507414	-0.138742	-0.126771
-0.515026	-0.140278	-0.124896
-0.519950	-0.142410	-0.122863
-0.523787	-0.145051	-0.120718
-0.528624	-0.147959	-0.118993
-0.534433	-0.151064	-0.117667
-0.536219	-0.158476	-0.116409
-0.536364	-0.165322	-0.116833
-0.536364	-0.171882	-0.117916
-0.536364	-0.177905	-0.119358
-0.536364	-0.185271	-0.121953
-0.536364	-0.193092	-0.125597
-0.536364	-0.200672	-0.129923
-0.536364	-0.207154	-0.134512
-0.535919	-0.212084	-0.138366
-0.532621	-0.215441	-0.145021
-0.531797	-0.218041	-0.154607
-0.535064	-0.222047	-0.172976
-0.536262	-0.228912	-0.195397
-0.536364	-0.239159	-0.217457
-0.536364	-0.252175	-0.240441
-0.536364	-0.265892	-0.266162
-0.536364	-0.279559	-0.297625
-0.536364	-0.293914	-0.332975
-0.536364	-0.309072	-0.369916
-0.536364	-0.322775	-0.407860
-0.536364	-0.333954	-0.445822
-0.536364	-0.344721	-0.484793
-0.536364	-0.358241	-0.525907
-0.536364	-0.375520	-0.535994
-0.535082	-0.396818	-0.536364
-0.531247	-0.423008	-0.536364
-0.525380	-0.454175	-0.536364
-0.519212	-0.486614	-0.536364
-0.514449	-0.515028	-0.536364
-0.513567	-0.533168	-0.536364
-0.516189	-0.536364	-0.536364
-0.519657	-0.536364	-0.536364
-0.522621	-0.536364	-0.519383
-0.525707	-0.536364	-0.472944
-0.527729	-0.536364	-0.418951
-0.527434	-0.536364	-0.369978
-0.525722	-0.536364	-0.332037
-0.523928	-0.536364	-0.308847
-0.522934	-0.536364	-0.299347
-0.523043	-0.536364	-0.301383
-0.522565	-0.536364	-0.313083
-0.520127	-0.536364	-0.332956
-0.517083	-0.536364	-0.358367
-0.515650	-0.536364	-0.385443
-0.514686	-0.536364	-0.408517
-0.512824	-0.536364	-0.422107
-0.510771	-0.536364	-0.423948
-0.509396	-0.536364	-0.415023
-0.508887	-0.536364	-0.398573
-0.507632	-0.536364	-0.381067
-0.530278	-0.536364	-0.498311
-0.502884	-0.536364	-0.392004
-0.061367	-0.323170	0.076919
-0.104882	-0.273988	-0.064282
-0.102757	-0.270346	-0.067775
-0.101428	-0.264892	-0.068173
-0.101664	-0.260245	-0.069054
-0.101958	-0.254812	-0.069780
-0.100513	-0.247580	-0.069174
-0.098624	-0.240670	-0.068327
-0.096887	-0.235513	-0.069439
-0.094547	-0.232104	-0.070496
-0.092369	-0.230133	-0.072692
-0.090835	-0.227925	-0.074979
-0.090148	-0.224178	-0.076616
-0.089257	-0.218039	-0.077727
-0.086030	-0.209730	-0.078612
-0.080938	-0.202099	-0.079544
-0.074842	-0.195870	-0.080658
-0.070804	-0.191917	-0.081721
-0.068800	-0.190449	-0.082438
-0.066819	-0.190183	-0.082790
-0.064208	-0.189006	-0.083351
-0.057952	-0.185493	-0.084562
-0.047200	-0.180217	-0.086034
-0.033421	-0.174305	-0.087584
-0.018163	-0.167726	-0.089180
-0.004510	-0.161494	-0.090572
0.007352	-0.155569	-0.091667
0.018254	-0.149672	-0.092861
0.030426	-0.147892	-0.094383
0.043039	-0.147131	-0.096083
0.060803	-0.146940	-0.097780
0.077350	-0.147038	-0.099348
0.080343	-0.147109	-0.100810
0.078813	-0.147192	-0.102015
0.081264	-0.146606	-0.102691
0.080105	-0.144795	-0.102963
0.076822	-0.141857	-0.103227
0.067951	-0.137836	-0.103777
0.057929	-0.133854	-0.104541
0.051126	-0.130284	-0.105311
0.047097	-0.127348	-0.105849
0.044735	-0.123926	-0.105390
0.048925	-0.119747	-0.103550
0.055742	-0.116431	-0.102424
0.067614	-0.114313	-0.102803
0.097384	-0.112937	-0.103383
0.134148	-0.112443	-0.103318
0.173238	-0.112138	-0.103298
0.201290	-0.111186	-0.103502
0.220594	-0.109599	-0.103831
0.239914	-0.107738	-0.104197
0.261083	-0.105726	-0.104558
0.281293	-0.103507	-0.104875
0.299297	-0.102395	-0.103426
0.312497	-0.101429	-0.100117
0.319281	-0.100864	-0.097614
0.322660	-0.101169	-0.096541
0.326015	-0.100535	-0.096952
0.334614	-0.099133	-0.097476
0.346609	-0.097625	-0.097349
0.355330	-0.094865	-0.097183
0.361812	-0.091205	-0.097109
0.370021	-0.087862	-0.097155
0.378895	-0.084427	-0.096977
0.386550	-0.079906	-0.096554
0.393637	-0.074117	-0.096394
0.401961	-0.068387	-0.096483
0.410590	-0.062426	-0.096844
0.418057	-0.056205	-0.097248
0.425475	-0.049891	-0.096728
0.432546	-0.043804	-0.094169
