-0.013163
0.021193
0.024133
0.018184
-0.009613
-0.010932
0.071144
0.077157
0.078535
0.051433
0.062204
0.058849
0.046116
0.046224
0.060384
0.049692
0.039153
0.045936
0.047613
0.048107
0.053352
0.053859
0.050732
0.053800
0.045372
0.054013
0.052784
0.043918
0.053790
0.045003
0.050043
0.029499
0.045869
0.037309
0.041810
0.039081
0.042031
0.053265
0.023863
0.046877
0.036259
0.031387
0.052231
0.040903
0.037807
0.033053
0.032929
0.044361
0.018807
0.018223
0.020001
0.020851
0.028664
0.020269
0.003630
0.036487
0.046798
0.002201
0.026560
0.017301
0.005831
0.016370
0.023898
0.022397
0.022181
0.007995
0.007760
-0.013825
-0.011741
-0.006565
0.019419
0.000347
-0.006332
0.006252
-0.018912
-0.010928
-0.021888
-0.016140
-0.010235
-0.004401
-0.009419
-0.016103
0.009577
-0.012855
-0.005829
-0.034145
-0.032006
-0.023243
-0.025029
-0.027343
-0.019190
-0.021235
-0.024330
-0.026760
-0.035745
-0.039893
-0.032519
-0.034746
-0.043357
-0.026908
-0.044169
-0.040228
-0.034894
-0.029807
-0.036992
-0.034558
-0.032582
-0.058188
-0.056712
-0.033110
-0.026806
-0.027840
-0.052576
-0.034128
-0.042474
-0.065606
-0.052070
-0.052753
-0.053622
-0.054375
-0.051890
-0.051407
-0.040546
-0.065186
-0.076906
-0.046858
-0.055729
-0.077718
-0.062647
-0.069899
-0.057403
-0.080725
-0.063873
-0.066718
-0.064417
-0.050516
-0.054245
-0.084183
-0.075278
-0.078482
-0.065639
-0.083373
-0.070233
-0.075685
-0.090705
-0.066920
-0.082082
-0.082710
-0.077330
-0.069600
-0.058371
-0.071221
-0.068783
-0.054632
-0.060938
-0.065144
-0.075619
-0.064164
-0.066189
-0.054006
-0.061284
-0.045240
-0.071199
-0.064857
-0.072931
-0.079547
-0.043056
-0.084862
-0.081502
-0.075638
-0.074716
-0.064057
-0.048418
-0.088784
-0.075355
-0.077402
-0.079318
-0.060778
-0.082043
-0.050046
-0.069293
-0.070418
-0.070346
-0.076678
-0.064611
-0.057726
-0.041846
-0.050157
-0.037643
-0.054020
-0.069935
-0.067031
-0.071603
-0.056051
-0.045905
-0.052002
-0.046755
-0.041703
-0.040967
-0.033211
-0.057366
-0.030853
-0.042406
-0.048652
-0.032930
-0.035863
-0.024180
-0.029266
-0.032084
-0.012550
-0.007762
-0.002123
-0.037750
-0.015441
-0.025793
-0.018222
-0.033362
-0.030389
-0.014988
-0.039262
-0.015717
-0.039468
-0.014593
-0.016414
-0.003474
-0.012974
-0.007451
-0.017416
-0.007182
-0.015794
0.005057
-0.000309
-0.003359
-0.006872
-0.006987
-0.004094
0.008109
0.009654
-0.004749
0.019340
0.004670
-0.002819
0.010966
-0.003281
0.007450
0.008763
0.010348
0.007683
0.013125
0.019302
0.006023
0.019650
0.012433
0.020850
0.009809
0.031644
0.013087
0.013128
0.031270
0.026565
0.019141
0.027566
0.011969
0.034128
-0.000540
0.025906
0.026654
0.012744
0.028144
0.020930
0.039143
0.033403
0.012048
0.010195
0.008883
0.032744
0.045292
0.026675
0.046672
0.043056
0.048620
0.060460
0.055684
0.040737
0.054718
0.051961
0.035329
0.039350
0.047489
0.047418
0.044641
0.050987
0.030648
0.048346
0.055985
0.045325
0.073736
0.064107
0.053638
0.066802
0.063241
0.063006
0.062574
0.037064
0.059379
0.056786
0.071126
0.060238
0.066415
0.053525
0.046373
0.064647
0.062701
0.060301
0.041117
0.044637
0.048146
0.048739
0.062030
0.042275
0.048608
0.052270
0.052768
0.059248
0.035056
0.052434
0.059382
0.042321
0.040787
0.042581
0.042153
0.042629
0.045085
0.053778
0.046456
0.051090
0.035203
0.031309
0.041319
0.041242
0.033707
0.023594
0.021465
0.018920
0.015482
0.023751
0.033683
0.020818
0.032861
0.038886
0.017994
0.018534
0.024636
0.038300
0.035522
0.008571
0.017416
0.021119
0.017458
0.021429
0.016680
0.015677
0.023051
0.011201
0.002702
0.010042
0.003668
0.016679
0.003667
0.016716
0.003861
-0.022469
-0.005058
-0.005404
-0.005752
0.011005
-0.022121
-0.007954
-0.013554
-0.021781
-0.004633
-0.015523
-0.020350
-0.021746
0.006371
-0.010621
-0.017803
-0.006561
-0.019421
-0.013089
-0.027187
-0.021319
-0.022200
-0.026082
-0.018647
-0.029996
-0.028500
-0.020040
-0.019425
-0.033557
-0.031734
-0.032622
-0.026824
-0.023473
-0.036098
-0.016641
-0.012125
-0.005635
-0.022936
-0.048965
-0.056572
-0.030315
-0.065318
-0.037838
-0.038779
-0.040045
-0.041988
-0.046769
-0.040156
-0.058606
-0.057296
-0.059492
-0.033388
-0.056723
-0.051602
-0.075437
-0.067968
-0.069249
-0.077574
-0.061057
-0.074419
-0.076403
-0.071572
-0.064774
-0.068863
-0.072203
-0.066294
-0.083153
-0.071621
-0.091989
-0.064594
-0.067371
-0.059727
-0.087006
-0.078067
-0.068085
-0.077496
-0.085004
-0.052662
-0.068741
-0.081014
-0.082337
-0.079567
-0.056385
-0.067939
-0.070122
-0.065904
-0.065071
-0.061010
-0.077162
-0.084431
-0.073371
-0.073485
-0.083435
-0.073211
-0.052125
-0.079392
-0.073322
-0.083184
-0.084609
-0.088039
-0.073979
-0.088460
-0.105114
-0.091732
-0.076663
-0.069632
-0.062239
-0.065186
-0.072545
-0.050920
-0.086966
-0.074471
-0.076841
-0.075130
-0.058962
-0.054385
-0.056123
-0.067081
-0.048956
-0.037921
-0.033316
-0.079387
-0.049922
-0.056021
-0.045415
-0.048181
-0.047884
-0.045766
-0.070312
-0.030999
-0.053458
-0.027181
-0.041722
-0.046256
-0.050885
-0.040963
-0.046170
-0.053226
-0.034202
-0.047004
-0.047461
-0.045564
-0.020196
-0.041091
-0.048338
-0.031234
-0.029525
-0.029234
-0.034431
-0.024060
-0.018684
-0.020538
-0.014789
-0.015909
-0.009574
-0.007570
-0.002201
-0.004596
-0.001390
0.005018
-0.009074
-0.016368
-0.003745
-0.009041
-0.012160
0.011391
0.011933
-0.010389
-0.012590
-0.010195
0.003397
-0.001621
0.020966
-0.011818
-0.006489
0.005019
0.022432
0.025753
-0.004016
0.023475
0.019228
0.021543
0.021781
0.021434
0.003939
0.024135
0.018453
0.027879
0.022973
0.018531
0.005174
0.015909
0.017105
0.030929
0.018958
0.014478
0.011935
0.010810
0.024288
0.029966
0.018687
0.022244
0.037039
0.050505
0.044675
0.042663
0.050120
0.043361
0.029228
0.057567
0.057604
0.059163
0.042518
0.044368
0.053556
0.071323
0.037848
0.040690
0.055012
0.058296
0.039228
0.045864
0.035803
0.025331
0.056709
0.053905
0.069966
0.073754
0.050499
0.052281
0.045490
0.045296
0.045064
0.057161
0.063273
0.062548
0.066158
0.064879
0.048101
0.052863
0.038925
0.041553
0.061439
0.049371
0.042301
0.043183
0.047802
0.050505
0.063528
0.051210
0.017107
0.045765
0.042310
0.041172
0.052743
0.051511
0.028532
0.052050
0.049851
0.045667
0.037741
0.010391
0.057346
0.049106
0.024629
0.033575
0.035370
0.039349
0.022205
0.030509
0.044235
0.046288
0.032163
0.033848
0.034398
0.022199
0.035991
0.024602
0.036226
0.020620
0.021892
0.048075
0.017918
0.027223
0.012937
0.039263
0.013979
0.013286
0.010387
0.015176
0.041343
0.018651
0.006719
0.003630
0.019927
0.002935
0.008653
-0.013436
-0.016606
0.017567
0.008068
0.010230
0.003435
0.001274
-0.009305
-0.000656
-0.013630
-0.020615
-0.018452
-0.015132
-0.015289
0.005829
-0.004170
-0.006951
-0.011352
-0.021271
-0.024788
-0.029920
-0.019959
-0.041280
-0.028106
-0.034405
-0.030727
-0.027407
-0.015830
-0.027952
-0.036674
-0.023310
-0.031470
-0.018340
-0.042047
-0.018804
-0.024128
-0.026634
-0.034548
-0.036212
-0.039324
-0.042001
-0.033170
-0.020652
-0.030924
-0.048570
-0.041538
-0.047882
-0.039839
-0.047687
-0.028645
-0.058761
-0.042349
-0.058887
-0.060381
-0.061467
-0.065568
-0.058847
-0.063237
-0.062906
-0.061038
-0.081754
-0.065762
-0.074295
-0.072786
-0.067104
-0.064435
-0.096957
-0.095904
-0.091798
-0.067601
-0.074033
-0.082513
-0.085696
-0.062867
-0.069064
-0.084367
-0.059619
-0.087040
-0.052515
-0.086958
-0.054559
-0.051124
-0.055133
-0.080909
-0.067017
-0.063426
-0.068355
-0.067945
-0.071206
-0.057647
-0.072159
-0.064900
-0.059375
-0.061810
-0.077289
-0.080593
-0.085759
-0.073176
-0.060910
-0.072645
-0.088281
-0.083595
-0.080314
-0.083246
-0.067482
-0.052243
-0.058396
-0.053305
-0.061303
-0.064410
-0.067620
-0.059506
-0.063736
-0.071521
-0.063164
-0.058375
-0.086529
-0.046023
-0.074953
-0.046288
-0.058904
-0.065098
-0.072649
-0.072973
-0.070548
-0.050708
-0.042701
-0.054361
-0.045401
-0.051072
-0.059939
-0.052004
-0.042360
-0.054203
-0.053160
-0.041660
-0.022973
-0.023323
-0.031819
-0.021426
-0.043199
-0.043715
-0.042701
-0.024396
-0.045790
-0.015485
-0.008531
-0.021301
-0.017222
-0.002973
-0.018417
-0.022285
-0.022319
-0.040071
-0.033936
-0.031425
-0.017955
-0.025599
-0.021352
-0.009730
-0.007644
-0.026183
-0.022433
0.000232
0.009461
-0.007142
0.000811
-0.019459
-0.006332
-0.005869
0.015174
0.009804
0.005752
-0.004981
0.007721
0.008765
-0.024450
0.009922
0.013594
0.023741
0.010080
-0.008997
0.005675
-0.003784
0.029183
0.013472
0.014826
0.018684
0.018535
0.023789
0.012202
0.015059
0.020885
0.019725
0.039887
0.018528
0.025677
0.018994
0.003243
0.036787
0.036180
0.030960
0.025800
0.047844
0.032389
0.036217
0.030303
0.047464
0.048032
0.045370
0.041748
0.056185
0.046183
0.059571
0.058915
0.053965
0.044725
0.061717
0.045094
0.069982
0.049555
0.038153
0.032234
0.069048
0.057150
0.061241
0.043407
0.070438
0.055794
0.061109
0.066564
0.045796
0.070614
0.052242
0.038146
0.044173
0.053586
0.056674
0.070771
0.044719
0.063279
0.055336
0.058691
0.050614
0.067073
0.068522
0.066651
0.056206
0.037605
0.037993
0.036955
0.058650
0.056227
0.068177
0.058763
0.052963
0.038618
0.039415
0.031853
0.052439
0.053466
0.047180
0.049180
0.052983
0.055425
0.033357
0.030075
0.056228
0.056051
0.050513
0.048337
0.030962
0.037484
0.015837
0.019412
0.040468
0.030039
0.033508
0.034638
0.024254
0.053435
0.015296
0.041160
0.015095
0.029352
0.039158
0.029885
0.029544
0.023776
0.020159
0.033049
0.041623
0.045330
0.013780
0.011812
0.010274
0.011275
0.016370
-0.003784
0.000850
0.027685
-0.015675
-0.017064
-0.011507
-0.013433
-0.017646
-0.023669
-0.019611
0.007684
-0.003668
-0.004403
-0.010078
-0.011122
0.003012
-0.013592
-0.010889
-0.016406
-0.023012
-0.037995
-0.040227
-0.038650
-0.009463
-0.014560
-0.041070
-0.037574
-0.025175
-0.017528
-0.019736
-0.030662
-0.029116
-0.021695
-0.035692
-0.060075
-0.063198
-0.059650
-0.024169
-0.012702
-0.031083
-0.036100
-0.023948
-0.048222
-0.043818
-0.032204
-0.062686
-0.030808
-0.032666
-0.046342
-0.047227
-0.048456
-0.043591
-0.045867
-0.064297
-0.039926
-0.053970
-0.049583
-0.055094
-0.074335
-0.073818
-0.090896
-0.069024
-0.070663
-0.072404
-0.072157
-0.058068
-0.057364
-0.055283
-0.068073
-0.067065
-0.063144
-0.056944
-0.071835
-0.064261
-0.060337
-0.082180
-0.077892
-0.066872
-0.066998
-0.080256
-0.053954
-0.074241
-0.071182
-0.063008
-0.062693
-0.062407
-0.063879
-0.054639
-0.059578
-0.076565
-0.061855
-0.058551
-0.092681
-0.072426
-0.073207
-0.059975
-0.091372
-0.065489
-0.064540
-0.062281
-0.069701
-0.059561
-0.074978
-0.073923
-0.087379
-0.079437
-0.065814
-0.077670
-0.077304
-0.069434
-0.064471
-0.081711
-0.083142
-0.080663
-0.082300
-0.067701
-0.051744
-0.060765
-0.081363
-0.067559
-0.050037
-0.064196
-0.063922
-0.077792
-0.062130
-0.062002
-0.063950
-0.059817
-0.052488
-0.043474
-0.061484
-0.037030
-0.061593
-0.054456
-0.043151
-0.050043
-0.052276
-0.035343
-0.033351
-0.047381
-0.049456
-0.050457
-0.031702
-0.041160
-0.021628
-0.031161
-0.042119
-0.036288
-0.016063
-0.048408
-0.015522
-0.039575
-0.017419
-0.027686
-0.018689
-0.023212
-0.002548
-0.019651
-0.031543
-0.004788
-0.037496
-0.039393
-0.035525
-0.020190
-0.013436
-0.009075
0.005020
-0.016100
-0.007681
-0.007220
-0.004248
-0.006834
0.015637
0.005792
-0.015062
-0.012820
-0.009075
0.005946
0.007915
0.018806
0.000734
0.029546
0.016872
0.017376
0.015753
0.001738
0.002471
0.003939
0.022974
0.017841
0.013324
0.009338
0.032542
0.009807
0.014943
0.007954
0.015643
0.025486
0.016800
0.024327
0.020698
0.023238
0.021728
0.026595
0.024406
0.012899
0.023712
0.032858
0.044775
0.052046
0.046790
0.049041
0.045091
0.037179
0.049692
0.053053
0.051046
0.049740
0.048067
0.050819
0.062501
0.062328
0.065758
0.048738
0.058878
0.052899
0.066184
0.045719
0.055798
0.046155
0.031310
0.034597
0.039383
0.059380
0.066222
0.044227
0.058499
0.051115
0.056769
0.054145
0.063071
0.080762
0.065146
0.049185
0.065025
0.064960
0.062128
0.050383
0.057678
0.056309
0.038230
0.054392
0.054245
0.037321
0.039999
0.073811
0.046109
0.044277
0.033836
0.030698
0.031628
0.060232
0.050229
0.057619
0.047626
0.040119
0.051225
0.055204
0.041789
0.061701
0.050124
0.048187
0.044015
0.046032
0.048724
0.008108
0.043038
0.024207
0.046182
0.031273
0.039455
0.044351
0.042009
0.026356
0.031967
0.039288
0.039884
0.038186
0.033089
0.011312
0.026372
0.019661
0.002857
0.022164
0.006371
-0.000039
0.020348
0.027960
-0.015332
0.040356
0.003125
0.011620
0.010231
0.006914
-0.005329
0.005406
0.028030
0.019576
0.016608
0.010041
-0.015338
-0.011041
-0.003282
-0.022976
0.000849
-0.024941
-0.024832
-0.022933
-0.027357
0.007103
-0.006646
-0.016758
-0.016021
-0.023127
-0.009192
-0.023167
-0.021662
-0.028303
-0.020618
-0.027843
-0.046058
-0.033788
-0.011120
-0.039418
-0.030342
-0.032081
-0.032315
-0.036214
-0.052891
-0.027266
-0.053157
-0.023320
-0.049963
-0.008878
-0.034134
-0.028300
-0.038697
-0.038377
-0.018106
-0.040811
-0.041759
-0.036678
-0.056249
-0.053865
-0.040938
-0.060505
-0.072320
-0.062452
-0.051158
-0.086116
-0.073064
-0.081308
-0.078618
-0.077780
-0.085578
-0.084050
-0.076680
-0.061032
-0.065057
-0.066941
-0.083373
-0.081046
-0.080279
-0.061286
-0.066558
-0.084600
-0.080194
-0.075196
-0.074602
-0.098310
-0.061673
-0.070290
-0.059196
-0.077691
-0.059379
-0.063564
-0.063340
-0.053520
-0.058472
-0.073509
-0.072699
-0.047334
-0.064598
-0.070692
-0.074637
-0.051968
-0.078363
-0.078568
-0.095943
-0.096094
-0.089130
-0.093963
-0.075236
-0.072435
-0.070423
-0.070592
-0.053929
-0.066342
-0.084625
-0.078229
-0.084460
-0.075208
-0.084204
-0.084335
-0.081537
-0.046019
-0.081589
-0.054987
-0.067029
-0.061426
-0.065259
-0.063362
-0.070114
-0.036980
-0.056218
-0.065792
-0.054821
-0.058384
-0.059293
-0.061889
-0.050537
-0.063041
-0.028297
-0.045221
-0.034513
-0.049565
-0.060354
-0.060394
-0.045130
-0.056793
-0.034900
-0.037730
-0.038652
-0.045247
-0.052418
-0.033452
-0.018723
-0.027713
-0.028260
-0.018924
-0.032977
-0.037853
-0.029344
-0.032210
-0.015982
-0.018302
-0.021307
-0.013285
-0.011853
-0.006177
-0.004595
-0.000579
-0.025019
-0.027103
-0.016912
-0.006564
-0.017764
-0.009540
0.011082
0.011161
0.012242
0.000888
-0.001737
0.010385
-0.009885
0.026243
0.019769
0.000502
-0.005677
0.006642
0.015562
0.017799
0.015602
0.009226
-0.002858
0.011314
0.007801
0.014288
0.000541
0.016950
0.019852
-0.000116
0.024939
0.000386
0.016875
0.021855
0.033525
0.032016
0.028147
0.029574
0.015830
0.030107
0.029845
0.030376
0.023865
0.034989
0.033168
0.050299
0.044747
0.026961
0.047112
0.041671
0.039533
0.053571
0.048770
0.053505
0.043659
0.047484
0.041684
0.057196
0.033881
0.034280
0.040310
0.050170
0.054402
0.063407
0.049958
0.059863
0.068895
0.037955
0.053486
0.046562
0.049764
0.053280
0.046993
0.052358
0.056645
0.051276
0.052894
0.064863
0.070967
0.049233
0.058068
0.043089
0.058551
0.057596
0.057577
0.056220
0.053098
0.043842
0.057556
0.069110
0.050267
0.045596
0.055295
0.068292
0.056069
0.044858
0.053560
0.017995
0.021698
0.028140
0.053075
0.052015
0.039120
0.031769
0.032135
0.064307
0.036522
0.060574
0.033319
0.040709
0.046954
0.038999
0.035452
0.029967
0.054688
0.054715
0.037536
0.024671
0.037067
0.046880
0.033439
0.058915
0.019808
0.024175
0.045578
0.038806
0.032248
0.025212
0.006798
0.012356
0.034126
0.038873
0.017405
0.020346
0.005097
0.022973
0.009728
0.009458
0.008999
0.007144
-0.001699
0.014749
0.008105
-0.005985
0.001236
-0.002703
-0.018297
-0.021626
-0.016141
-0.013783
-0.022360
-0.014749
-0.017762
-0.017330
0.011237
-0.011275
-0.004364
-0.007493
-0.022811
-0.025097
-0.025677
-0.025406
-0.020146
-0.009614
-0.020699
-0.028335
-0.024864
-0.022554
-0.032097
-0.040547
-0.024291
-0.028030
-0.041023
-0.040319
-0.043995
-0.038270
-0.031358
-0.031281
-0.019424
-0.046749
-0.038225
-0.039388
-0.025835
-0.025102
-0.016745
-0.018225
-0.045794
-0.026876
-0.049448
-0.047665
-0.034496
-0.053800
-0.066612
-0.054214
-0.065289
-0.043679
-0.079706
-0.084199
-0.088806
-0.065039
-0.091051
-0.065088
-0.075982
-0.080105
-0.080085
-0.058461
-0.074361
-0.059738
-0.062400
-0.083994
-0.083874
-0.064562
-0.068972
-0.067726
-0.083470
-0.076453
-0.070003
-0.069141
-0.068019
-0.061936
-0.070963
-0.076155
-0.073017
-0.069620
-0.080000
-0.058702
-0.062518
-0.075119
-0.075903
-0.064445
-0.085680
-0.085602
-0.083035
-0.066585
-0.061550
-0.071133
-0.078844
-0.059481
-0.067947
-0.088531
-0.081106
-0.079619
-0.062509
-0.065293
-0.069813
-0.071395
-0.077681
-0.081300
-0.090494
-0.057554
-0.068826
-0.066046
-0.060200
-0.064669
-0.075755
-0.072620
-0.062728
-0.053744
-0.051529
-0.050308
-0.048274
-0.060153
-0.078757
-0.065635
-0.058373
-0.046687
-0.034220
-0.053362
-0.054330
-0.044938
-0.046065
-0.052444
-0.050773
-0.052382
-0.053433
-0.017991
-0.032086
-0.027562
-0.054358
-0.031930
-0.039717
-0.026019
-0.020660
-0.047690
-0.025061
-0.028874
-0.026098
-0.033284
-0.028497
-0.040848
-0.023164
-0.019381
-0.007569
-0.012973
-0.011348
-0.011663
-0.007839
-0.022942
-0.020233
-0.021580
-0.004093
-0.006916
-0.011896
-0.016064
-0.012354
-0.034219
0.012046
-0.000888
0.002510
0.008144
-0.006332
0.009884
0.009152
0.008918
0.010504
0.011346
0.012122
-0.005330
0.002046
0.014429
0.002008
0.015208
0.013359
0.015791
0.005097
-0.001544
0.005753
0.010270
0.012124
0.014284
-0.000772
0.015449
0.031358
0.028721
0.012163
0.022198
0.024555
0.027065
0.016758
0.021857
0.022626
0.017453
0.029842
0.016645
0.005717
0.021393
0.057699
0.038997
0.044792
0.050266
0.053279
0.053369
0.055375
0.062516
0.053458
0.050931
0.057872
0.050119
0.041730
0.063225
0.038497
0.061629
0.060851
0.050426
0.054566
0.065397
0.059156
0.051696
0.055271
0.042475
0.067935
0.067849
0.065574
0.063429
0.051072
0.045835
0.060429
0.048388
0.062622
0.058529
0.039713
0.056477
0.051622
0.044532
0.059100
0.057030
0.057146
0.050661
0.048529
0.035748
0.054605
0.061509
0.037286
0.049895
0.053586
0.038959
0.030314
0.028065
0.036726
0.033976
0.031042
0.035827
0.051238
0.052441
0.029580
0.061899
0.031784
0.039017
0.035677
0.066042
0.028683
0.055779
0.037486
0.040853
0.044657
0.047958
0.040031
0.027682
0.028856
0.029774
0.023285
0.042861
0.016529
0.032046
0.033659
0.032824
0.030701
0.030277
0.026328
0.024476
0.027033
0.016720
0.001507
0.020544
0.014326
0.018960
-0.008766
0.007222
0.014707
0.004053
-0.009769
-0.003205
0.000270
-0.019650
0.021693
0.002664
-0.011005
0.011046
0.002394
-0.035596
-0.004594
-0.001583
0.001545
-0.006177
-0.008418
-0.007568
-0.010697
-0.015294
-0.019887
-0.020190
-0.022438
-0.032974
-0.026220
-0.021421
-0.010464
-0.008881
-0.044552
-0.019884
-0.035441
-0.034094
-0.033097
-0.042922
-0.033711
-0.040037
-0.037491
-0.059292
-0.022050
-0.047183
-0.021853
-0.059228
-0.018300
-0.025788
-0.044435
-0.042242
-0.034673
-0.038760
-0.041513
-0.046099
-0.036759
-0.053711
-0.039504
-0.058601
-0.047365
-0.065217
-0.066434
-0.061315
-0.059616
-0.056573
-0.056189
-0.071164
-0.081624
-0.055477
-0.080162
-0.082115
-0.077812
-0.085855
-0.079950
-0.066053
-0.080536
-0.084444
-0.080090
-0.061943
-0.074878
-0.075942
-0.094944
-0.069611
-0.062974
-0.057066
-0.057340
-0.061836
-0.080712
-0.071596
-0.064592
-0.073673
-0.062929
-0.084423
-0.069337
-0.067509
-0.074007
-0.071938
-0.065407
-0.059703
-0.057771
-0.054785
-0.063677
-0.036258
-0.065946
-0.047645
-0.058806
-0.082571
-0.063015
-0.081587
-0.068622
-0.069288
-0.048291
-0.093425
-0.093022
-0.089324
-0.071001
-0.066574
-0.071316
-0.079380
-0.081363
-0.077016
-0.059109
-0.058545
-0.061172
-0.063182
-0.069674
-0.046173
-0.044286
-0.042633
-0.034786
-0.057414
-0.073998
-0.072870
-0.057845
-0.051090
-0.078453
-0.045606
-0.053099
-0.058881
-0.040308
-0.045640
-0.047148
-0.045956
-0.043097
-0.048576
-0.029681
-0.035953
-0.027265
-0.041001
-0.052675
-0.040584
-0.031625
-0.030899
-0.040737
-0.039463
-0.028972
-0.017569
-0.016602
-0.026765
-0.007259
-0.026802
-0.012277
-0.017764
-0.022513
-0.020779
-0.018232
-0.020811
-0.003475
-0.006061
-0.008916
-0.028885
-0.023400
-0.010769
-0.010736
-0.012198
0.001043
0.002897
0.009267
-0.018413
0.015640
-0.003397
0.006680
0.022781
0.019230
0.014481
0.027802
-0.002548
0.011472
0.010581
0.018911
0.018577
0.019261
0.010773
0.008690
-0.007144
0.023289
0.037250
0.009305
0.019804
0.016875
0.013746
0.007066
0.028842
0.036842
0.036145
0.037919
0.037525
0.028768
0.024944
0.026331
0.041000
0.031861
0.030325
0.061819
0.028687
0.038763
0.037641
0.059607
0.057287
0.048509
0.049298
0.048848
0.061356
0.047292
0.031467
0.061992
0.053116
0.044397
0.044173
0.052370
0.045909
0.054946
0.053132
0.053612
0.069855
0.054248
0.070194
0.055130
0.076214
0.079268
0.057495
0.045151
0.072243
0.071954
0.049954
0.032356
0.027069
0.032087
0.052516
0.063117
0.039072
0.042374
0.056297
0.065000
0.036225
0.065330
0.052092
0.056208
0.037883
0.027839
0.031200
0.033087
0.039915
0.039648
0.042394
0.059163
0.046644
0.043098
0.051517
0.063665
0.054627
0.031354
0.049048
0.041082
0.038923
0.039695
0.030231
0.044800
0.049195
0.046325
0.043289
0.038193
0.037180
0.032667
0.045407
0.052495
0.020347
0.021741
0.025139
0.029340
0.033004
0.025448
0.036492
0.020232
0.022051
0.010541
0.031848
0.018415
0.021999
0.019504
0.036379
-0.001970
0.006256
0.004441
0.017568
0.032673
0.016644
0.005136
-0.008185
-0.007955
-0.008033
0.002201
0.008071
0.016876
-0.008959
-0.009960
-0.024092
-0.007219
0.007722
-0.022368
-0.011777
-0.002780
-0.013628
-0.013050
-0.010771
-0.014135
-0.009808
-0.018183
-0.034204
-0.038806
-0.016911
-0.029659
-0.031280
-0.016608
-0.016374
-0.026605
-0.016560
-0.017390
-0.018029
-0.020232
-0.029542
-0.016219
-0.040542
-0.036501
-0.049653
-0.047257
-0.037643
-0.032185
-0.035924
-0.030690
-0.032511
-0.032125
-0.029809
-0.045905
-0.022196
-0.040152
-0.050543
-0.054335
-0.061349
-0.076532
-0.062541
-0.040776
-0.062428
-0.053334
-0.062700
-0.060844
-0.057225
-0.080279
-0.063010
-0.061094
-0.057863
-0.078979
-0.075538
-0.060539
-0.069418
-0.064538
-0.072349
-0.055966
-0.055708
-0.080085
-0.079357
-0.084724
-0.075524
-0.062038
-0.085030
-0.077536
-0.074255
-0.067785
-0.070433
-0.085744
-0.065239
-0.077684
-0.058274
-0.068557
-0.057086
-0.058892
-0.074410
-0.055060
-0.067065
-0.074866
-0.071936
-0.064708
-0.074152
-0.072898
-0.062402
-0.075126
-0.078999
-0.072415
-0.080351
-0.086021
-0.082374
-0.077038
-0.067229
-0.060885
-0.065979
-0.066637
-0.052855
-0.038230
-0.074604
-0.069721
-0.079701
-0.069882
-0.072276
-0.073057
-0.056110
-0.074639
-0.054402
-0.061070
-0.052002
-0.044403
-0.057692
-0.049728
-0.074812
-0.049812
-0.062010
-0.056026
-0.063746
-0.044406
-0.048420
-0.045754
-0.040844
-0.042006
-0.045370
-0.046437
-0.035908
-0.032550
-0.032551
-0.037848
-0.029761
-0.042082
-0.030032
-0.036440
-0.030847
-0.020229
-0.024481
-0.016642
-0.015832
-0.012204
-0.012008
-0.022713
-0.023493
-0.022663
-0.017418
-0.013202
-0.020852
-0.012359
-0.021045
-0.022584
-0.013090
-0.005983
-0.007299
-0.007376
-0.023606
-0.006950
-0.005405
-0.001970
-0.004866
0.005715
-0.001506
0.008110
0.019346
0.007296
0.011237
-0.006525
-0.011894
-0.012820
0.017651
0.030266
0.012436
0.030731
0.006405
0.023279
0.013514
0.010889
0.009539
0.009807
0.013440
0.019962
0.021661
0.024746
0.010152
0.021550
0.023209
0.029844
0.025439
0.010262
0.031015
0.008303
0.030863
0.023435
0.035292
0.024019
0.028188
0.037765
0.031704
0.038462
0.037255
0.060151
0.059273
0.031198
0.038532
0.049764
0.049539
0.050472
0.041597
0.076485
0.049887
0.056695
0.058651
0.053676
0.057899
0.064378
0.052431
0.056386
0.066812
0.039149
0.058623
0.042348
0.066374
0.037493
0.051778
0.067330
0.051042
0.056270
0.067818
0.070742
0.053283
0.045568
0.039472
0.056601
0.037806
0.063966
0.056934
0.067697
0.045709
0.060635
0.047269
0.042204
0.056877
0.059196
0.049123
0.047422
0.048994
0.045602
0.037336
0.037069
0.036259
0.044741
0.037799
0.045266
0.051774
0.054859
0.050923
0.038744
0.048505
0.053761
0.051865
0.051430
0.043315
0.032937
0.049905
0.032896
0.037649
0.015948
0.041108
0.033330
0.041322
0.031894
0.023823
0.027267
0.032979
0.024947
0.017922
0.016332
0.036760
0.018146
0.039429
0.019928
0.027225
0.012592
-0.010115
0.027342
0.021127
0.023901
0.002780
0.008103
0.020502
0.024788
-0.001892
0.013435
0.014291
0.011237
-0.003013
0.000927
-0.005714
-0.007991
-0.008957
-0.006486
-0.008998
-0.004789
-0.013166
-0.032278
-0.017491
-0.024950
-0.021937
-0.023946
-0.027181
-0.028149
-0.016381
-0.019187
-0.042094
-0.018188
-0.030347
-0.023761
-0.027571
-0.012006
-0.029971
-0.032208
-0.031887
-0.033091
-0.028187
-0.024828
-0.039599
-0.040541
-0.034951
-0.020542
-0.045483
-0.030013
-0.029312
-0.046025
-0.046486
-0.043570
-0.042480
-0.040081
-0.060054
-0.071740
-0.049156
-0.044584
-0.063823
-0.041180
-0.034370
-0.073068
-0.049507
-0.080179
-0.069010
-0.055853
-0.054711
-0.048836
-0.072538
-0.065207
-0.064802
-0.091177
-0.059224
-0.085333
-0.092942
-0.066983
-0.078318
-0.066983
-0.091826
-0.071662
-0.075275
-0.078585
-0.090345
-0.075837
-0.067626
-0.077671
-0.075049
-0.056704
-0.067956
-0.063217
-0.076750
-0.073897
-0.087309
-0.076116
-0.073818
-0.065464
-0.061104
-0.082889
-0.056367
-0.056846
-0.075037
-0.069666
-0.058601
-0.069361
-0.091912
-0.073222
-0.070392
-0.090750
-0.083440
-0.075093
-0.053400
-0.082849
-0.067469
-0.054754
-0.073584
-0.072726
-0.082384
-0.067234
-0.073630
-0.076308
-0.071696
-0.050537
-0.051917
-0.057191
-0.054662
-0.052592
-0.053277
-0.058905
-0.058774
-0.045792
-0.079250
-0.054716
-0.046762
-0.058868
-0.066538
-0.034089
-0.026764
-0.021656
-0.044747
-0.059718
-0.041020
-0.038885
-0.036913
-0.037726
-0.032364
-0.026842
-0.034287
-0.047081
-0.028772
-0.049048
-0.031735
-0.029766
-0.017297
-0.025792
-0.022817
-0.015407
-0.007837
-0.007568
-0.012084
-0.030260
-0.011426
-0.029023
-0.025064
-0.011814
-0.015595
-0.009496
-0.025095
-0.007027
-0.007644
-0.022587
-0.010890
-0.014208
-0.019689
0.000309
-0.008959
-0.005637
-0.003359
0.007954
0.010271
0.010928
0.008108
-0.004093
0.006681
-0.006332
0.001391
0.000695
0.001274
0.013320
0.013363
0.000039
0.025792
0.008340
0.009076
0.025334
0.014751
0.038382
0.020587
0.041239
0.015867
0.013552
0.014899
0.005947
0.021473
0.027143
0.034983
-0.002085
0.039505
0.036002
0.032893
0.017493
0.014945
0.022668
0.008919
0.007915
0.009691
0.035141
0.036606
0.053403
0.052470
0.028683
0.034591
0.046843
0.052907
0.042256
0.042747
0.047973
0.052856
0.034367
0.047684
0.063176
0.049085
0.043868
0.048028
0.058955
0.056285
0.052952
0.055643
0.051545
0.046022
0.060117
0.046437
0.065557
0.074670
0.053592
0.046230
0.086186
0.057865
0.051988
0.052906
0.054311
0.049842
0.067770
0.060527
0.073904
0.062742
0.042017
0.063914
0.032899
0.050871
0.047259
0.065534
0.058729
0.060162
0.058069
0.057109
0.046747
0.061032
0.054677
0.041084
0.032517
0.043464
0.034500
0.040508
0.036375
0.054284
0.053382
0.059356
0.060158
0.033715
0.054838
0.053788
0.052916
0.058930
0.025360
0.038186
0.026576
0.023556
0.028579
0.034200
0.029497
0.028073
0.027228
0.027637
0.005136
0.032743
0.005368
0.010658
0.026958
0.014942
0.016526
0.032359
0.020618
0.015100
0.021276
0.026674
0.030607
0.016098
0.022392
0.012821
0.012858
0.005175
