-0.011566
-0.020480
-0.001920
0.047933
0.131587
0.226307
0.291808
0.309759
0.285593
0.228157
0.166878
0.131772
0.134307
0.155708
0.178732
0.209927
0.231140
0.237236
0.240783
0.248708
0.256325
0.254235
0.240631
0.219236
0.194000
0.174897
0.152973
0.133284
0.110670
0.082822
0.063780
0.060014
0.066777
0.076810
0.080745
0.071665
0.054229
0.040756
0.044238
0.070214
0.108074
0.150208
0.179147
0.185082
0.192446
0.211911
0.235589
0.247588
0.247690
0.250820
0.263834
0.278510
0.292695
0.303949
0.302137
0.287484
0.273964
0.265461
0.261297
0.264733
0.262258
0.251027
0.247433
0.262062
0.296183
0.337626
0.351549
0.330333
0.296324
0.265435
0.234143
0.196796
0.157337
0.140058
0.153124
0.174162
0.193361
0.214014
0.237117
0.260841
0.292292
0.310052
0.296023
0.273991
0.256552
0.241494
0.237569
0.238232
0.236716
0.235672
0.227713
0.208233
0.182944
0.146389
0.103700
0.083545
0.085453
0.082085
0.060951
0.026477
0.000911
-0.005280
-0.004988
-0.016542
-0.043007
-0.076871
-0.114630
-0.156571
-0.196102
-0.223715
-0.231245
-0.244251
-0.281993
-0.314153
-0.333721
-0.354525
-0.391938
-0.439453
-0.491308
-0.555422
-0.632067
-0.710591
-0.787225
-0.853399
-0.902109
-0.936761
-0.962282
-0.987166
-1.023590
-1.067378
-1.105139
-1.131819
-1.144548
-1.144107
-1.139451
-1.157853
-1.209538
-1.294898
-1.397205
-1.484946
-1.547248
-1.588242
-1.624543
-1.670867
-1.734846
-1.819680
-1.920422
-2.008435
-2.072701
-2.129408
-2.185142
-2.246589
-2.316078
-2.382527
-2.438664
-2.486540
-2.544453
-2.618815
-2.696508
-2.763606
-2.829317
-2.904772
-2.983525
-3.039722
-3.082035
-3.125247
-3.185101
-3.254489
-3.309622
-3.345810
-3.373127
-3.407756
-3.441561
-3.456980
-3.470382
-3.501235
-3.544542
-3.598632
-3.670803
-3.763398
-3.860736
-3.947291
-4.014918
-4.055563
-4.080575
-4.107684
-4.145991
-4.191879
-4.241808
-4.289875
-4.333262
-4.375040
-4.421021
-4.478462
-4.538216
-4.585926
-4.617536
-4.636354
-4.655145
-4.682034
-4.702945
-4.714885
-4.718767
-4.719555
-4.725117
-4.734373
-4.739359
-4.744987
-4.764220
-4.802179
-4.854283
-4.911903
-4.964390
-5.004007
-5.027045
-5.042884
-5.071672
-5.112450
-5.154268
-5.201438
-5.251538
-5.293325
-5.322963
-5.349887
-5.358661
-5.349919
-5.342173
-5.344029
-5.363797
-5.399894
-5.431346
-5.443403
-5.435439
-5.412928
-5.380771
-5.349751
-5.329735
-5.327796
-5.353398
-5.402644
-5.463697
-5.515906
-5.540212
-5.546377
-5.546640
-5.540329
-5.527591
-5.517225
-5.517791
-5.528921
-5.550476
-5.572597
-5.590772
-5.611145
-5.625634
-5.620000
-5.596919
-5.573668
-5.567799
-5.586203
-5.624065
-5.670476
-5.718045
-5.757700
-5.783340
-5.801238
-5.817100
-5.822787
-5.808400
-5.772778
-5.735000
-5.705772
-5.682697
-5.667891
-5.665807
-5.662656
-5.638784
-5.597208
-5.549191
-5.516976
-5.506981
-5.503656
-5.492167
-5.469481
-5.439363
-5.414887
-5.397558
-5.379813
-5.365816
-5.349640
-5.324697
-5.287329
-5.244924
-5.216168
-5.217226
-5.241333
-5.263069
-5.263360
-5.248024
-5.219930
-5.161201
-2.618124
-2.539750
-2.464399
-2.384914
-2.298457
-2.201599
-2.106946
-2.022802
-1.948689
-1.885478
-1.816737
-1.738178
-1.668769
-1.615032
-1.568383
-1.521006
-1.462823
-1.386549
-1.298533
-1.210335
-1.131954
-1.066885
-0.992104
-0.902760
-0.822863
-0.756719
-0.691614
-0.617813
-0.531624
-0.434910
-0.334885
-0.247451
-0.181528
-0.132080
-0.085548
-0.030776
0.031060
0.086171
0.131334
0.180534
0.227038
0.275323
0.345250
0.445758
0.555096
0.635385
0.680242
0.718261
0.772418
0.833944
0.900867
0.972450
1.046110
1.107800
1.148389
1.177346
1.203965
1.235506
1.269145
1.309654
1.356013
1.403186
1.431525
1.433730
1.429742
1.426460
1.421044
1.415758
1.420592
1.443854
1.476164
1.517562
1.572482
1.633395
1.687123
1.731303
1.769930
1.804934
1.840877
1.885788
1.933403
1.978358
2.009865
2.030228
2.045005
2.055844
2.078361
2.116211
2.158206
2.190082
2.216496
2.253923
2.314164
2.374509
2.404985
2.415619
2.423737
2.433859
2.445336
2.454990
2.471465
2.513509
2.575009
2.643750
2.714274
2.780983
2.843211
2.904566
2.962224
3.009819
3.045844
3.066422
3.073853
3.071499
3.062816
3.052871
3.037746
3.019503
2.999271
2.978805
2.962193
2.950945
2.947107
2.941283
2.931751
2.919354
2.913987
2.916209
2.914118
2.909914
2.903152
2.881598
2.855250
2.838802
2.828415
2.813426
2.795757
2.772228
2.738960
2.698527
2.659962
2.621005
2.578835
2.531999
2.475257
2.415971
2.364380
2.317768
2.275957
2.235227
2.179462
2.121983
2.077528
2.039288
2.003009
1.968933
1.943775
1.933940
1.926008
1.916303
1.895304
1.862942
1.828353
1.798337
1.763598
1.727438
1.703220
1.685646
1.667071
1.643715
1.618448
1.592809
1.569588
1.564287
1.578993
1.599148
1.620683
1.638190
1.660439
1.694824
1.726077
1.750622
1.774971
1.803459
1.837998
1.877064
1.914031
1.946344
1.967930
1.976114
1.960419
1.935213
1.924035
1.917032
1.902100
1.877454
1.843071
1.799990
1.747538
1.695245
1.652084
1.620576
1.599803
1.592619
1.603461
1.631214
1.659611
1.688310
1.727290
1.769172
1.805196
1.833437
1.854909
1.866400
1.864780
1.854082
1.847841
1.856629
1.873664
1.885553
1.883737
1.870801
1.860177
1.855356
1.849179
1.831168
1.790848
1.730076
1.670069
1.623502
1.604752
1.610180
1.634502
1.684353
1.750011
1.803078
1.826487
1.827453
1.817453
1.804060
1.792794
1.784852
1.792758
1.815549
1.818428
1.793183
1.773593
1.773814
1.789300
1.815194
1.845057
1.872603
1.894926
1.912392
1.939848
1.979478
2.023558
2.079215
2.145698
2.209365
2.270640
2.334242
2.410159
2.487267
2.553463
2.613993
2.669995
2.720947
2.763216
2.785012
2.802081
2.838016
2.898257
2.969075
3.026935
3.069615
3.112834
3.153025
3.192205
3.239466
3.292662
3.347012
3.403430
3.467978
3.543934
3.631009
3.728714
3.828017
3.918182
4.001609
4.087994
4.175197
4.271180
4.379199
4.486784
4.572444
4.635126
4.698913
-0.447586
4.829252
0.711271
0.732748
0.735428
0.742426
0.761346
0.780795
0.801505
0.821064
0.838667
0.855933
0.864862
0.873753
0.883466
0.898701
0.909928
0.897255
0.861893
0.811009
0.752217
0.701780
0.671751
0.662421
0.672270
0.687593
0.686252
0.667967
0.651677
0.643742
0.635418
0.620023
0.594703
0.564465
0.540923
0.532504
0.534725
0.542031
0.558229
0.582060
0.611591
0.623819
0.618576
0.618706
0.626853
0.640490
0.663488
0.686160
0.707951
0.722280
0.723890
0.715157
0.703159
0.696034
0.703415
0.709626
0.701811
0.679738
0.644682
0.603439
0.563980
0.528384
0.498550
0.470534
0.437237
0.399276
0.369371
0.338535
0.285355
0.230619
0.196999
0.187322
0.190614
0.178179
0.144466
0.111687
0.084548
0.069177
0.062155
0.055231
0.050999
0.048394
0.041420
0.026822
0.013203
-0.003590
-0.038128
-0.094466
-0.150917
-0.184454
-0.203008
-0.213173
-0.226702
-0.240759
-0.238584
-0.212103
-0.173910
-0.145846
-0.130384
-0.125288
-0.125843
-0.126603
-0.128747
-0.146804
-0.178448
-0.211281
-0.261302
-0.326566
-0.388442
-0.438347
-0.468565
-0.477545
-0.478703
-0.502076
-0.547936
-0.593215
-0.627233
-0.651998
-0.681164
-0.730455
-0.799474
-0.863547
-0.897736
-0.892670
-0.876446
-0.868637
-0.868826
-0.880352
-0.915785
-0.965487
-1.015212
-1.060817
-1.092515
-1.105483
-1.112946
-1.129112
-1.156813
-1.191203
-1.239262
-1.305005
-1.380427
-1.461612
-1.536966
-1.597667
-1.652096
-1.699363
-1.734308
-1.769346
-1.824951
-1.908396
-2.014677
-2.131813
-2.244210
-2.336967
-2.401752
-2.448703
-2.490042
-2.529646
-2.584249
-2.651803
-2.711245
-2.764821
-2.817640
-2.865043
-2.904495
-2.937778
-2.983611
-3.066600
-3.175363
-3.303574
-3.434060
-3.544825
-3.623026
-3.674158
-3.712931
-3.752338
-3.802177
-3.857998
-3.911445
-3.959966
-4.015420
-4.072135
-4.114771
-4.154038
-4.195977
-4.222101
-4.232794
-4.232558
-4.235167
-4.265835
-4.321708
-4.386318
-4.448567
-4.496455
-4.541935
-4.595428
-4.647592
-4.699749
-4.765605
-4.852554
-4.947780
-5.035180
-5.115556
-5.182239
-5.237501
-5.289334
-5.343575
-5.411790
-5.482166
-5.537938
-5.586107
-5.629156
-5.672143
-5.719205
-5.765954
-5.808859
-5.835031
-5.843882
-5.844875
-5.844744
-5.839946
-5.841975
-5.860120
-5.891612
-5.924515
-5.945418
-5.958719
-5.974297
-5.995541
-6.007402
-6.009478
-6.018643
-6.037391
-6.060657
-6.093528
-6.136439
-6.179358
-6.211295
-6.216044
-6.207568
-6.207870
-6.222286
-6.253692
-6.295594
-6.331188
-6.348716
-6.364801
-6.389116
-6.403237
-6.406705
-6.404138
-6.399177
-6.396828
-6.405988
-6.430496
-6.467018
-6.508972
-6.549378
-6.592175
-6.628101
-6.649490
-6.673729
-6.702232
-6.730134
-6.745537
-6.743667
-6.747311
-6.761021
-6.768710
-6.760544
-6.734162
-6.694633
-6.659874
-6.640516
-6.640934
-6.649558
-6.664876
-6.688591
-6.715066
-6.736091
-6.744806
-6.751637
-6.754391
-6.743332
-6.717004
-6.682195
-6.640349
-6.590440
-6.546175
-6.512474
-6.486148
-6.459022
-6.431466
-6.402021
-6.365479
-6.337172
-6.329391
-6.333528
-6.338788
-6.338992
-9.235108
-6.276969
-1.821166
-1.751635
-1.699999
-1.661858
-1.626050
-1.588547
-1.544208
-1.494796
-1.442140
-1.385307
-1.321321
-1.254325
-1.189554
-1.124901
-1.061061
-1.002757
-0.951036
-0.898571
-0.852104
-0.827931
-0.808649
-0.767058
-0.710036
-0.644734
-0.577206
-0.515524
-0.474862
-0.439235
-0.401707
-0.377249
-0.370907
-0.381354
-0.398340
-0.418360
-0.438639
-0.442632
-0.430155
-0.402430
-0.370087
-0.334739
-0.298000
-0.258000
-0.214102
-0.170644
-0.123231
-0.065194
-0.006838
0.050795
0.101984
0.147620
0.198030
0.258484
0.328099
0.399332
0.471572
0.544248
0.610796
0.660440
0.684908
0.683881
0.678529
0.691462
0.725469
0.777529
0.819445
0.844783
0.863432
0.867093
0.861670
0.866369
0.897190
0.953572
1.022164
1.091264
1.168183
1.259572
1.352194
1.431722
1.493589
1.541003
1.584845
1.633456
1.688622
1.753574
1.815917
1.856623
1.870774
1.865380
1.853375
1.849252
1.850361
1.849235
1.861128
1.875024
1.884465
1.899077
1.925535
1.957531
1.981650
1.995561
2.001289
1.999388
1.998412
2.000957
2.005135
2.003870
1.997969
1.999407
2.004100
2.010937
2.014747
2.012991
2.012417
2.017108
2.026578
2.036939
2.042325
2.042932
2.057104
2.085233
2.120910
2.153929
2.187848
2.215178
2.227843
2.240752
2.256455
2.274066
2.295987
2.323785
2.335098
2.326777
2.308974
2.268278
2.216871
2.176301
2.151614
2.139399
2.135326
2.143443
2.153868
2.157147
2.148495
2.118579
2.082577
2.050591
2.010373
1.968220
1.928753
1.886109
1.837523
1.784125
1.732067
1.687153
1.645469
1.610777
1.576799
1.543160
1.522748
1.519037
1.519089
1.513524
1.494238
1.457265
1.410806
1.369215
1.329422
1.286143
1.238686
1.193566
1.169763
1.157946
1.141378
1.118406
1.087870
1.051875
1.006103
0.943720
0.864249
0.776050
0.702410
0.656846
0.629053
0.612715
0.603850
0.600098
0.596496
0.585800
0.567946
0.548811
0.526903
0.496324
0.456424
0.405396
0.361619
0.330808
0.301648
0.264169
0.230990
0.232976
0.265329
0.301687
0.325105
0.324077
0.310107
0.301887
0.304404
0.323234
0.354549
0.388083
0.424365
0.459788
0.502117
0.564009
0.631780
0.690258
0.735202
0.773733
0.818372
0.864190
0.902099
0.927356
0.942775
0.955219
0.969849
0.980549
0.977361
0.961043
0.943200
0.929217
0.937128
0.963948
0.992620
1.019667
1.046830
1.064749
1.074544
1.090380
1.113554
1.146271
1.191383
1.244235
1.307503
1.364762
1.397293
1.397672
1.366243
1.330275
1.305725
1.290829
1.298463
1.328599
1.376370
1.433652
1.487948
1.529093
1.553829
1.583705
1.614313
1.644229
1.669076
1.685248
1.699982
1.718019
1.743318
1.776355
1.814678
1.859937
1.914144
1.973846
2.041600
2.115712
2.183847
2.242780
2.298508
2.352834
2.411068
2.479922
2.537904
2.584141
2.622797
2.665193
2.729959
2.816733
2.912723
3.005790
3.089677
3.168391
3.247147
3.331837
3.419886
3.506618
3.581363
3.635723
3.691617
3.757646
3.824164
3.888914
-3.592787
3.995581
0.234720
0.253917
0.262743
0.252891
0.234343
0.214515
0.200777
0.200849
0.210958
0.236583
0.282859
0.343773
0.405066
0.453057
0.493228
0.541063
0.585520
0.616957
0.637653
0.657368
0.676010
0.684147
0.677122
0.650916
0.600641
0.525389
0.441392
0.382736
0.362252
0.365347
0.367543
0.358826
0.338672
0.315672
0.309669
0.321859
0.330187
0.327471
0.323136
0.323487
0.324477
0.322978
0.320646
0.309151
0.283943
0.255404
0.227540
0.213571
0.219336
0.238223
0.254315
0.248525
0.213486
0.155695
0.088803
0.033519
0.002505
-0.000785
0.004968
0.005563
0.011431
0.008389
-0.021660
-0.080044
-0.153045
-0.216200
-0.267304
-0.315023
-0.349476
-0.369686
-0.386265
-0.395497
-0.402178
-0.417953
-0.443554
-0.469399
-0.505856
-0.560884
-0.627026
-0.674601
-0.699229
-0.712527
-0.712231
-0.692440
-0.659662
-0.629418
-0.603344
-0.578398
-0.559092
-0.551775
-0.545793
-0.544519
-0.575609
-0.629845
-0.692079
-0.756706
-0.820439
-0.885011
-0.955356
-1.027837
-1.095736
-1.159095
-1.220937
-1.275200
-1.315340
-1.350869
-1.384278
-1.419187
-1.464632
-1.522640
-1.578565
-1.625726
-1.663946
-1.692087
-1.710534
-1.724542
-1.743000
-1.770841
-1.802311
-1.828658
-1.845369
-1.855980
-1.870169
-1.887784
-1.912017
-1.958478
-2.034065
-2.118506
-2.191580
-2.249193
-2.294511
-2.342489
-2.393064
-2.443995
-2.503041
-2.561951
-2.604854
-2.638172
-2.679915
-2.732314
-2.801476
-2.896300
-3.000457
-3.098448
-3.186729
-3.267378
-3.343277
-3.424389
-3.505506
-3.593370
-3.702687
-3.829815
-3.955001
-4.063434
-4.160197
-4.247919
-4.323787
-4.390981
-4.463326
-4.542938
-4.622911
-4.691646
-4.753069
-4.828115
-4.928371
-5.054015
-5.182292
-5.301045
-5.417236
-5.529635
-5.630240
-5.727015
-5.814167
-5.881053
-5.935031
-5.993139
-6.059391
-6.137033
-6.231310
-6.340215
-6.452471
-6.556080
-6.646326
-6.725875
-6.791928
-6.852997
-6.908833
-6.953620
-6.994585
-7.038315
-7.085825
-7.122622
-7.135536
-7.127122
-7.119962
-7.118075
-7.131236
-7.174953
-7.232152
-7.302725
-7.379602
-7.453472
-7.529390
-7.598840
-7.652377
-7.685158
-7.693160
-7.674633
-7.645380
-7.622848
-7.618346
-7.641474
-7.687424
-7.740918
-7.787757
-7.825676
-7.859338
-7.890652
-7.925340
-7.969626
-8.022696
-8.076572
-8.121956
-8.159083
-8.180784
-8.190002
-8.192616
-8.204060
-8.239058
-8.277126
-8.310761
-8.338554
-8.358121
-8.361868
-8.343269
-8.309637
-8.284788
-8.280537
-8.297057
-8.323118
-8.344309
-8.361172
-8.381296
-8.403240
-8.427822
-8.452071
-8.473997
-8.491674
-8.503523
-8.517200
-8.537706
-8.556845
-8.564552
-8.572422
-8.572182
-8.553305
-8.528637
-8.508233
-8.490852
-8.479723
-8.472685
-8.471464
-8.479761
-8.493148
-8.506855
-8.509426
-8.508793
-8.503944
-8.486256
-8.463060
-8.440758
-8.413466
-8.385565
-8.359385
-8.325687
-8.292269
-8.273592
-8.273873
-8.287844
-8.308287
-8.337824
-8.377272
-8.408985
-8.424540
-8.436854
-8.462876
-8.485815
-8.481653
-8.459787
-8.434074
-8.400801
-8.359533
-8.311629
-8.260054
-8.213758
-8.173792
-8.154953
-8.172473
-14.503496
-8.256026
-3.105709
-3.084228
-3.032956
-2.954976
-2.863148
-2.776562
-2.702868
-2.642986
-2.591754
-2.536364
-2.470036
-2.392886
-2.307837
-2.220870
-2.144876
-2.096198
-2.072459
-2.058308
-2.037790
-1.993515
-1.931569
-1.866074
-1.794059
-1.708019
-1.624956
-1.563051
-1.518233
-1.478717
-1.437464
-1.384788
-1.317735
-1.244793
-1.172433
-1.104345
-1.042746
-0.982242
-0.916622
-0.847820
-0.782249
-0.726648
-0.688571
-0.664165
-0.633350
-0.587911
-0.522017
-0.445500
-0.369647
-0.292116
-0.229777
-0.194681
-0.177056
-0.166198
-0.148494
-0.114485
-0.065191
-0.005993
0.058518
0.120497
0.176764
0.234469
0.296197
0.358001
0.416105
0.469286
0.529233
0.609150
0.698820
0.777892
0.833860
0.863558
0.867882
0.852285
0.827913
0.805873
0.794122
0.797342
0.810021
0.818522
0.829922
0.842803
0.862482
0.897137
0.930867
0.954906
0.981999
1.024544
1.069565
1.101524
1.114181
1.099964
1.059443
1.008469
0.959711
0.918437
0.894598
0.896785
0.911326
0.933375
0.958549
0.986047
1.023291
1.067886
1.110908
1.141232
1.156904
1.165605
1.173428
1.181543
1.197073
1.225868
1.256994
1.286941
1.312590
1.336834
1.370009
1.404120
1.427130
1.437506
1.447225
1.453678
1.448787
1.433637
1.421615
1.417726
1.425215
1.436924
1.452454
1.478824
1.494930
1.490821
1.475813
1.457346
1.436834
1.419586
1.406887
1.381865
1.345238
1.315179
1.303180
1.299755
1.283996
1.269974
1.257982
1.236532
1.211231
1.190693
1.171836
1.150130
1.117441
1.079268
1.046004
1.015359
0.978581
0.934837
0.895617
0.864774
0.839942
0.814776
0.779446
0.727345
0.671060
0.610781
0.545353
0.479196
0.426575
0.394118
0.370760
0.345947
0.316952
0.278871
0.223729
0.170268
0.142986
0.144178
0.162661
0.183948
0.201065
0.189864
0.162750
0.142429
0.118985
0.100335
0.107943
0.124949
0.134341
0.138499
0.140699
0.145274
0.138325
0.124869
0.115300
0.111876
0.121993
0.147324
0.189278
0.235358
0.280917
0.315100
0.333210
0.341939
0.347850
0.362359
0.399656
0.464067
0.539567
0.590976
0.600405
0.594889
0.594188
0.595135
0.588942
0.590898
0.609875
0.639254
0.670883
0.710788
0.759816
0.806141
0.834331
0.834328
0.822350
0.818441
0.825712
0.841719
0.867607
0.889819
0.907722
0.922947
0.938159
0.956134
0.962936
0.956314
0.954402
0.965016
0.986938
1.018576
1.057864
1.099446
1.118963
1.113869
1.099267
1.085874
1.089901
1.116494
1.159910
1.220316
1.276245
1.319682
1.349512
1.354761
1.331474
1.300895
1.296108
1.329054
1.391604
1.467607
1.544782
1.613097
1.677425
1.732903
1.777182
1.824844
1.892987
1.989620
2.107141
2.229609
2.340756
2.433997
2.500264
2.541675
2.566708
2.592392
2.607896
2.600959
2.584034
2.580809
2.605749
2.659432
2.740174
2.841300
2.947312
3.044074
3.137892
3.234269
3.326654
3.404928
3.475795
3.562237
3.655375
3.749225
3.853420
3.960753
4.051441
4.130536
4.214561
4.301490
4.382245
4.447708
-8.916307
4.493529
-0.228007
-0.238829
-0.238333
-0.222904
-0.188469
-0.135485
-0.067354
0.004834
0.077210
0.143339
0.195274
0.237346
0.273946
0.301613
0.323346
0.343661
0.371940
0.408249
0.444111
0.474613
0.501361
0.525798
0.558345
0.602223
0.641560
0.648856
0.615057
0.557637
0.492173
0.443496
0.427180
0.431272
0.449973
0.485332
0.514011
0.530661
0.544494
0.559202
0.573081
0.588980
0.611715
0.641146
0.683687
0.731021
0.772757
0.808750
0.838310
0.858214
0.867663
0.863939
0.858922
0.869697
0.897582
0.925516
0.943761
0.958237
0.978942
1.003603
1.025896
1.051953
1.082214
1.107394
1.107524
1.078208
1.025247
0.956873
0.903364
0.881344
0.884349
0.903026
0.927312
0.950214
0.965447
0.978469
0.992722
1.000299
0.993760
0.977368
0.949397
0.909932
0.869134
0.832344
0.799067
0.769079
0.741717
0.721450
0.706342
0.680897
0.636114
0.579883
0.522529
0.468566
0.421614
0.382273
0.344106
0.311905
0.290489
0.271123
0.240212
0.189847
0.129901
0.086326
0.057007
0.021885
-0.014401
-0.041129
-0.051165
-0.043336
-0.041928
-0.053576
-0.062691
-0.059867
-0.068088
-0.093367
-0.130450
-0.168686
-0.200033
-0.231393
-0.261992
-0.298370
-0.345445
-0.394277
-0.450403
-0.506338
-0.546757
-0.574496
-0.603183
-0.636187
-0.671779
-0.715236
-0.766596
-0.833577
-0.898959
-0.955806
-0.996483
-1.025160
-1.052009
-1.092679
-1.151238
-1.219155
-1.305132
-1.401555
-1.497721
-1.591622
-1.681433
-1.769434
-1.860025
-1.949531
-2.030449
-2.106549
-2.192864
-2.284273
-2.378683
-2.478702
-2.561325
-2.617383
-2.665804
-2.720142
-2.789398
-2.877586
-2.974267
-3.066533
-3.161781
-3.250721
-3.329060
-3.403141
-3.465176
-3.510534
-3.535187
-3.543085
-3.558493
-3.592197
-3.636326
-3.684082
-3.732155
-3.789520
-3.861035
-3.929735
-3.988322
-4.036699
-4.077565
-4.108764
-4.124009
-4.138027
-4.152951
-4.179285
-4.220200
-4.261374
-4.296276
-4.335544
-4.383059
-4.439780
-4.502966
-4.563176
-4.628576
-4.698369
-4.769754
-4.841186
-4.901346
-4.944203
-4.972551
-4.985520
-4.976622
-4.945413
-4.906544
-4.873870
-4.868261
-4.890548
-4.930529
-4.976430
-5.011765
-5.040561
-5.085041
-5.149003
-5.211050
-5.261539
-5.313700
-5.371228
-5.424324
-5.457597
-5.463787
-5.450217
-5.426012
-5.396573
-5.376743
-5.375353
-5.381172
-5.382540
-5.384187
-5.394017
-5.416269
-5.462916
-5.515630
-5.549336
-5.572011
-5.589045
-5.599502
-5.608361
-5.619445
-5.638812
-5.660383
-5.670197
-5.668008
-5.665284
-5.668123
-5.681651
-5.698226
-5.715756
-5.742630
-5.765227
-5.766754
-5.744420
-5.711620
-5.686009
-5.668621
-5.652691
-5.638572
-5.627055
-5.619524
-5.615256
-5.610610
-5.607207
-5.609361
-5.616101
-5.620990
-5.615481
-5.604244
-5.598591
-5.599197
-5.600850
-5.590658
-5.565339
-5.531101
-5.507427
-5.491540
-5.484943
-5.499396
-5.518932
-5.527768
-5.525434
-5.514174
-5.494263
-5.469922
-5.448986
-5.434876
-5.432646
-5.432256
-5.413725
-5.389363
-5.368048
-5.349113
-5.342121
-5.349452
-5.361595
-5.359044
-5.336729
-5.310761
-5.280447
-18.220644
-5.192786
-2.129775
-2.080681
-2.043390
-1.992549
-1.926051
-1.850941
-1.768315
-1.679463
-1.590103
-1.500509
-1.426297
-1.367901
-1.316299
-1.263940
-1.197916
-1.117571
-1.035726
-0.953454
-0.883047
-0.822417
-0.749356
-0.652550
-0.536531
-0.428015
-0.335413
-0.260919
-0.214846
-0.190897
-0.159239
-0.116943
-0.073289
-0.026901
0.023429
0.070804
0.105804
0.126171
0.156564
0.212186
0.276213
0.333931
0.389363
0.450405
0.515339
0.566192
0.604616
0.668342
0.747684
0.814094
0.864746
0.904972
0.941707
0.979635
1.022426
1.066241
1.100142
1.134611
1.167740
1.187821
1.195876
1.197063
1.196617
1.191875
1.177842
1.154976
1.133395
1.116317
1.116717
1.128192
1.156277
1.222935
1.325950
1.421505
1.494071
1.555464
1.609382
1.648043
1.677489
1.707783
1.728730
1.749931
1.790977
1.843274
1.900662
1.964445
2.025876
2.078144
2.116798
2.151415
2.196378
2.250208
2.305101
2.351765
2.384931
2.389791
2.371604
2.345670
2.313103
2.267684
2.204953
2.143575
2.090035
2.057945
2.052878
2.058953
2.067019
2.089924
2.113461
2.114777
2.091764
2.063201
2.049506
2.055936
2.078105
2.104085
2.132731
2.159363
2.175828
2.182156
2.186130
2.185927
2.183123
2.176803
2.164141
2.156711
2.156413
2.154342
2.141755
2.118663
2.111341
2.116151
2.114962
2.109689
2.103787
2.094115
2.083210
2.064432
2.026695
1.972609
1.914902
1.856756
1.794021
1.736008
1.692578
1.659303
1.634486
1.612396
1.585493
1.554802
1.516089
1.475389
1.442276
1.411273
1.378164
1.350643
1.331368
1.314712
1.294365
1.258444
1.216054
1.172105
1.121134
1.067513
1.020038
0.984762
0.967385
0.956111
0.939840
0.917428
0.886451
0.843679
0.798998
0.764727
0.732053
0.696848
0.666268
0.642780
0.630447
0.624615
0.612962
0.592212
0.574936
0.557950
0.541505
0.528221
0.513980
0.498262
0.478943
0.460545
0.447244
0.435617
0.416768
0.394193
0.374759
0.363066
0.340674
0.310525
0.295738
0.287617
0.282678
0.281857
0.282612
0.290462
0.311304
0.346924
0.386971
0.424230
0.455174
0.480269
0.497350
0.508001
0.506486
0.484332
0.459894
0.446671
0.449916
0.478140
0.530911
0.597594
0.664358
0.714960
0.744006
0.756643
0.749664
0.725510
0.706624
0.704441
0.716036
0.736899
0.773588
0.818447
0.855977
0.884185
0.892151
0.876181
0.846635
0.812479
0.783856
0.767556
0.762809
0.759182
0.747329
0.715459
0.665663
0.619166
0.590551
0.580971
0.598265
0.636020
0.676130
0.700531
0.716124
0.742269
0.778688
0.820449
0.867423
0.913738
0.950478
0.986919
1.038318
1.108427
1.200795
1.310508
1.414311
1.505513
1.579133
1.643333
1.704155
1.761983
1.818706
1.877985
1.936854
1.985130
2.018265
2.038275
2.052091
2.066456
2.095604
2.146966
2.200716
2.241684
2.283719
2.327425
2.358797
2.386637
2.427402
2.476099
2.515939
2.557418
2.612539
2.674756
2.744658
2.825414
2.902592
2.966741
3.027252
3.083248
3.134074
3.190297
-14.329540
3.298799
-0.025706
0.003367
0.033920
0.062402
0.088052
0.117241
0.165335
0.240783
0.339599
0.448321
0.540104
0.596371
0.619347
0.621607
0.612936
0.595696
0.575384
0.565848
0.572155
0.589941
0.602515
0.598833
0.585878
0.581031
0.586564
0.600024
0.609923
0.605581
0.607631
0.623075
0.637311
0.638984
0.631999
0.619993
0.616103
0.640838
0.702257
0.771660
0.825211
0.861696
0.879143
0.871158
0.847771
0.828510
0.825699
0.836694
0.841466
0.835103
0.822765
0.806990
0.794748
0.783082
0.774448
0.780365
0.794194
0.793623
0.768392
0.726299
0.681153
0.634756
0.601432
0.579308
0.554424
0.529608
0.509000
0.495597
0.488868
0.477720
0.455764
0.436702
0.433186
0.442098
0.455003
0.472155
0.503547
0.542160
0.564433
0.552461
0.512268
0.465166
0.429717
0.400261
0.379977
0.371467
0.367484
0.367580
0.371660
0.370302
0.358714
0.337532
0.301752
0.251764
0.202653
0.163248
0.140514
0.131515
0.135074
0.155325
0.190111
0.234941
0.279646
0.316821
0.333447
0.321267
0.295851
0.260817
0.230408
0.217369
0.205682
0.180237
0.136341
0.081619
0.028258
-0.020706
-0.067180
-0.113678
-0.152968
-0.186656
-0.224117
-0.269278
-0.323920
-0.394420
-0.464355
-0.518015
-0.549225
-0.569240
-0.594705
-0.627142
-0.670477
-0.729579
-0.794172
-0.856730
-0.913142
-0.965569
-1.021026
-1.092228
-1.178795
-1.264533
-1.336904
-1.402853
-1.472788
-1.549624
-1.642886
-1.752123
-1.873257
-1.989774
-2.084008
-2.150341
-2.200695
-2.250752
-2.291192
-2.321548
-2.358929
-2.414740
-2.488580
-2.569076
-2.641716
-2.703398
-2.760823
-2.820432
-2.884840
-2.940348
-2.975900
-2.995521
-3.017862
-3.056345
-3.102496
-3.155143
-3.222702
-3.307304
-3.406779
-3.501441
-3.584569
-3.655260
-3.711417
-3.751082
-3.774705
-3.794739
-3.816231
-3.846297
-3.892442
-3.951937
-4.019385
-4.090121
-4.151744
-4.194653
-4.215418
-4.219783
-4.217859
-4.216785
-4.227282
-4.246753
-4.276427
-4.325962
-4.395021
-4.465065
-4.521842
-4.564134
-4.597961
-4.628432
-4.664155
-4.694784
-4.710672
-4.718888
-4.721471
-4.718978
-4.718918
-4.739771
-4.779292
-4.823425
-4.880041
-4.943848
-5.001303
-5.063107
-5.125555
-5.186703
-5.244265
-5.289302
-5.318752
-5.338667
-5.353144
-5.380536
-5.419916
-5.457212
-5.485116
-5.498792
-5.505229
-5.507830
-5.510045
-5.515494
-5.512588
-5.493778
-5.465403
-5.447513
-5.444107
-5.443207
-5.463078
-5.517107
-5.595584
-5.684967
-5.762329
-5.822443
-5.871428
-5.905071
-5.926151
-5.943854
-5.968333
-5.996629
-6.038397
-6.099009
-6.149922
-6.161644
-6.134350
-6.096873
-6.064963
-6.032913
-5.996973
-5.975838
-5.979033
-5.997638
-6.022354
-6.055759
-6.083586
-6.103124
-6.113122
-6.119305
-6.118098
-6.099277
-6.065853
-6.032024
-6.009240
-6.000554
-5.991270
-5.968971
-5.938603
-5.909398
-5.889057
-5.891331
-5.906847
-5.923894
-5.937391
-5.952496
-5.960719
-5.956258
-5.946470
-5.938406
-5.935070
-5.936999
-5.933141
-5.918037
-5.903549
-5.899842
-5.894765
-5.884042
-5.874376
-5.868918
-5.867688
-5.859489
-22.521965
-5.771460
-2.210767
-2.110114
-2.033801
-1.979203
-1.951184
-1.936669
-1.910067
-1.870894
-1.826160
-1.771935
-1.714663
-1.663321
-1.624935
-1.592578
-1.541099
-1.462171
-1.358500
-1.257407
-1.177241
-1.111897
-1.052540
-0.974009
-0.861220
-0.723368
-0.580826
-0.458513
-0.363420
-0.290712
-0.229150
-0.175811
-0.118966
-0.069562
-0.050218
-0.047408
-0.042434
-0.044823
-0.063632
-0.093304
-0.116894
-0.130711
-0.141197
-0.143295
-0.133381
-0.115894
-0.086936
-0.026021
0.051944
0.126981
0.184596
0.227790
0.274295
0.329469
0.386793
0.442192
0.485703
0.509104
0.521038
0.533072
0.564810
0.611338
0.646947
0.674445
0.710620
0.751525
0.788417
0.823984
0.867607
0.915088
0.958166
1.002928
1.047541
