-0.013862
0.015782
0.017064
0.016726
0.027642
0.001292
-0.012560
-0.013029
-0.011543
-0.017610
0.007629
0.008944
0.014808
-0.006322
0.003957
0.013290
-0.016261
0.005709
0.002305
0.006181
-0.004330
-0.005443
-0.005073
-0.003358
-0.004165
0.005406
-0.015419
0.009684
-0.017307
0.001735
0.003822
0.005574
0.000116
0.001192
-0.006318
-0.006221
-0.001262
0.005103
0.011033
0.011976
0.002642
0.009381
-0.011505
-0.003224
0.017605
0.003148
0.003183
-0.010362
0.003990
0.007528
0.006450
-0.003255
0.005708
-0.003219
-0.008376
-0.003085
0.005776
-0.003152
0.002205
0.004023
-0.012926
0.001329
0.009381
0.010359
0.011333
0.001158
-0.025051
-0.005817
0.000046
-0.000020
-0.011574
-0.008405
-0.004804
0.018911
0.005777
-0.005715
0.004665
0.005102
0.004663
0.002744
0.014131
-0.020813
-0.009591
0.009449
-0.004498
-0.001438
0.008842
-0.007836
0.001528
0.000518
-0.008881
-0.005747
-0.002380
-0.016162
-0.000556
0.017133
-0.004470
-0.013764
-0.010025
-0.006790
0.011369
0.002003
-0.005878
-0.013564
-0.006287
-0.006118
-0.008103
-0.010296
-0.002006
0.000928
0.007326
-0.026606
-0.013155
0.015277
-0.010735
-0.007130
-0.021339
0.000249
-0.014134
-0.016399
-0.014978
-0.007201
-0.014173
0.000316
-0.003455
-0.003115
-0.003290
-0.008004
-0.014650
-0.002582
-0.000186
-0.000995
0.003417
0.001800
-0.003216
-0.026310
-0.014675
-0.028732
-0.008170
0.000720
-0.004197
-0.003020
-0.015148
-0.014106
-0.019800
-0.020812
-0.018887
0.006585
-0.009688
-0.015143
-0.008643
-0.017953
-0.012188
-0.004500
-0.006087
-0.007805
-0.024894
-0.013697
-0.008133
-0.003083
-0.021569
-0.016051
-0.009858
0.012312
-0.020672
-0.005210
-0.028697
-0.000086
0.000322
-0.001940
-0.008992
-0.015418
0.005102
0.007124
-0.017064
-0.013348
-0.005507
-0.015655
-0.020807
-0.021588
-0.007395
-0.008821
-0.002473
0.004191
-0.010188
-0.010230
-0.013021
-0.005377
-0.010901
-0.002884
-0.007805
-0.007837
-0.012761
-0.016053
-0.002546
-0.000726
-0.000659
-0.001637
-0.011038
-0.007367
0.008472
-0.004771
0.005304
-0.005478
-0.003353
-0.001062
0.004764
-0.008172
-0.011441
-0.013197
-0.009894
-0.008473
-0.002307
-0.001163
0.002002
-0.008306
-0.017744
-0.003828
-0.005147
-0.014875
-0.004098
-0.000627
-0.001770
-0.010300
0.020128
-0.005815
-0.002950
-0.006861
-0.012488
-0.007266
0.008438
0.005371
0.007023
0.004901
0.007832
-0.002110
-0.001773
-0.009052
-0.016428
-0.009955
-0.010152
0.005472
0.009078
-0.006115
0.001027
0.004261
0.003350
-0.004904
-0.005610
-0.003791
-0.008577
0.003856
-0.005208
-0.007095
0.006652
0.011233
0.003385
-0.004737
-0.011203
-0.011409
-0.009445
-0.006150
-0.007499
0.000386
-0.000017
-0.005847
-0.003259
0.008000
0.010459
0.011168
-0.006149
0.004259
0.002474
-0.001503
-0.005347
0.012246
0.016255
0.006349
0.007158
-0.012590
0.000687
0.005642
0.010157
0.005742
0.005877
-0.005745
0.006079
0.004731
-0.002916
0.010965
0.006113
0.013423
0.001061
-0.006760
-0.015114
-0.001973
0.008270
0.011707
-0.000796
0.012852
0.008539
0.006046
0.003250
0.008809
0.012245
0.010729
0.016694
-0.001395
0.007798
0.002406
0.002103
0.019121
0.004968
-0.006217
0.001093
0.004361
0.004867
0.012988
0.013962
0.007495
0.005271
0.000858
0.001903
0.026268
0.005372
-0.005747
0.006450
0.010494
0.012314
0.013087
0.012312
0.008809
-0.002981
-0.000860
0.001496
0.008270
0.008808
0.004260
-0.006154
0.002676
0.011336
-0.009152
0.013795
0.018513
0.022589
-0.001403
-0.015259
-0.002684
0.014369
0.012751
-0.003187
0.012717
0.002608
0.009213
-0.010128
-0.003253
0.000889
0.000756
0.004292
-0.003827
0.010089
-0.001974
0.003317
-0.021393
-0.007631
0.001664
-0.008880
-0.007633
-0.005509
0.003587
0.005035
-0.005611
0.009920
0.006248
0.001363
-0.004906
0.001296
-0.000155
0.000014
0.003349
0.008337
-0.004266
0.002709
-0.013539
0.002508
-0.007268
-0.002481
0.010223
0.001227
-0.002142
-0.010333
0.005034
0.009179
0.015273
-0.015010
-0.016896
0.002743
-0.002277
-0.002885
-0.004906
-0.006958
0.005271
0.015511
-0.001097
0.005473
0.002643
0.001800
0.003083
0.005237
-0.001503
-0.003963
-0.004098
-0.010933
-0.005612
-0.009932
-0.006457
-0.006482
-0.013199
-0.005006
-0.010867
-0.004871
-0.005644
-0.004564
-0.002749
-0.014651
-0.003859
-0.011816
0.004025
-0.010499
-0.011985
-0.003722
-0.012114
-0.020819
-0.000219
-0.004127
-0.010060
-0.014744
-0.005206
-0.018045
-0.013366
-0.014608
-0.006319
-0.019257
-0.011917
-0.018752
-0.020765
-0.011038
-0.010351
-0.016663
-0.009322
-0.017812
-0.028533
-0.001130
-0.011075
-0.015176
-0.011948
-0.011306
-0.003155
-0.002176
-0.017411
-0.003084
-0.023930
-0.007131
-0.012250
-0.005546
-0.023740
-0.002985
-0.004635
-0.012760
-0.011175
-0.013431
-0.007769
-0.011981
-0.006250
0.007394
-0.002375
-0.007469
0.000183
-0.009524
0.009651
0.000959
-0.010535
0.000555
-0.000289
0.002272
0.001564
0.001124
-0.004328
-0.000729
-0.010868
-0.006693
-0.025318
0.003889
0.000150
-0.016157
-0.012086
-0.013629
-0.014511
-0.015626
-0.018855
-0.007597
-0.009595
-0.006690
-0.008182
0.000250
0.002272
0.002171
-0.011674
0.006552
0.005305
-0.004279
-0.003222
-0.003861
-0.003694
-0.010064
-0.010329
-0.007667
0.001971
0.001968
-0.007293
-0.010637
-0.012819
-0.007969
-0.000391
-0.007366
-0.010259
-0.017479
-0.023302
-0.018793
-0.003998
-0.010191
0.009786
-0.007968
0.008034
0.012046
0.002104
-0.014880
-0.012456
-0.005919
-0.007368
-0.006221
-0.005610
-0.006821
0.009786
-0.004875
-0.030833
-0.009923
0.009651
-0.003557
0.000114
-0.001839
-0.002512
-0.005207
-0.004402
-0.004706
0.011775
-0.002076
0.001195
0.012381
0.003047
-0.002781
0.008000
0.004563
0.017670
-0.006186
0.003317
0.005271
0.000888
0.001598
-0.004704
-0.015185
0.011437
0.010898
0.012011
-0.000289
-0.009017
0.002845
0.008944
-0.007533
0.007832
0.005540
0.002677
0.002001
0.006146
0.010325
0.010864
0.012145
0.014201
0.005440
0.004058
0.010493
0.014132
0.004766
0.022459
0.011909
0.006956
-0.009051
0.005574
0.016964
0.007124
0.011909
0.002271
-0.001132
-0.004839
0.023639
0.001229
0.004226
0.008708
0.002473
0.007057
0.005405
-0.003862
0.014471
-0.002346
0.015714
-0.009851
-0.011011
-0.006152
-0.008646
-0.005919
0.005304
0.006012
0.006281
0.010493
-0.002651
-0.010734
0.000924
0.009584
0.002070
-0.003154
-0.002948
-0.005316
0.000618
0.005912
0.008135
0.001532
0.005171
0.011504
0.005944
0.010730
-0.017681
0.009482
0.011335
0.003249
0.007293
0.011874
-0.002141
0.012381
-0.006257
0.002473
-0.002918
0.005338
0.004597
0.014133
-0.012185
-0.000391
-0.007329
-0.004806
-0.002987
0.000014
-0.003289
0.001094
-0.005850
-0.006557
-0.003458
0.007730
-0.014646
-0.019102
0.012515
0.004765
0.008977
-0.001264
-0.018446
-0.002881
0.008303
-0.005309
0.011538
-0.004232
0.001599
0.004025
0.000589
-0.002849
-0.002140
0.007057
-0.008513
-0.013362
-0.013258
0.008270
0.008977
-0.005644
0.006281
-0.010732
0.010123
0.012986
0.017028
0.002003
-0.003590
0.005103
-0.001430
0.004799
0.002171
-0.000120
-0.015149
0.000824
-0.001566
-0.025450
-0.003050
-0.003259
-0.001028
0.006147
0.005002
-0.004499
-0.024412
-0.001365
0.002743
0.001667
-0.000997
-0.010731
-0.016460
-0.009956
0.008775
0.014064
0.018108
-0.011545
0.004024
-0.000355
-0.004233
-0.018650
0.002305
-0.005715
-0.001907
0.005810
0.005439
-0.006319
-0.006321
-0.005342
-0.002308
-0.017235
-0.011311
-0.009623
-0.013290
-0.000357
-0.003488
-0.011105
0.001800
0.000047
-0.012285
-0.021451
-0.019462
-0.019834
-0.014641
-0.009087
-0.001702
0.001363
-0.008648
-0.005274
-0.004603
-0.022629
-0.002883
0.002643
-0.012146
-0.004297
-0.002011
-0.001537
-0.002922
-0.021553
-0.031747
-0.009694
-0.032255
-0.004029
-0.008107
0.005574
-0.007565
-0.004367
-0.011144
-0.011233
-0.003926
-0.003390
-0.004166
-0.017510
0.002846
0.002608
-0.013361
-0.002175
0.013762
-0.002984
0.009247
-0.010900
-0.020228
-0.005899
-0.006190
-0.003658
0.004057
-0.017445
-0.007229
-0.000895
-0.011406
-0.019321
-0.019434
-0.006723
-0.005782
-0.013023
0.002913
-0.011171
-0.005983
-0.011881
-0.019025
0.002037
0.000083
-0.010602
0.000183
-0.011403
-0.005073
-0.003357
-0.002342
0.011367
-0.000087
0.002508
-0.000053
0.010123
-0.011949
-0.003185
-0.006656
0.004294
0.006079
-0.003153
-0.003625
-0.003187
0.014401
-0.003054
-0.007668
-0.000825
-0.001267
-0.010966
-0.004364
-0.000154
0.004765
0.018647
-0.008409
-0.003115
-0.004902
-0.008814
-0.001770
0.006821
0.008708
-0.013394
-0.000560
0.014165
-0.002886
0.007225
-0.000591
0.001665
-0.009450
-0.005104
-0.007094
-0.003185
-0.002716
-0.010805
0.007528
0.000250
-0.014403
0.002981
-0.005310
0.013120
0.003519
-0.013898
0.003215
0.009246
0.010595
0.012379
0.009685
-0.002817
0.001835
-0.006084
0.009785
-0.008481
0.000250
-0.000997
0.005944
0.005944
-0.006288
0.011066
0.009685
0.011840
0.005875
0.014568
0.012380
-0.000051
0.008539
0.004967
0.013828
0.002945
0.012987
0.011437
-0.006289
-0.002649
0.004799
0.004463
0.006383
0.013122
0.007495
0.007090
-0.003388
-0.003254
0.001397
0.004968
0.000891
0.008607
0.000285
0.006753
0.004900
0.010662
0.002103
0.005236
0.007393
0.003890
0.000992
0.002609
0.008708
-0.007398
-0.013366
0.013323
0.015749
-0.001028
0.011168
0.000892
0.002643
-0.014578
0.018612
-0.007364
-0.008709
-0.010333
-0.010504
-0.004062
-0.011911
-0.005346
0.008269
-0.004941
0.008472
-0.008845
0.009044
-0.004742
0.008640
-0.000559
0.001800
0.007124
0.010258
-0.004335
0.010426
-0.007573
0.008135
0.006956
0.010427
0.007259
0.003754
0.009786
0.005238
0.000990
-0.007229
-0.010599
-0.012149
0.006552
0.007798
0.004832
0.008741
-0.021042
0.004631
-0.004941
-0.015149
-0.000760
0.006113
0.013593
0.007326
0.004327
0.002912
0.018511
0.013291
0.002508
0.000518
-0.000121
0.000923
0.006585
0.006248
0.006315
0.010998
-0.006152
-0.010802
-0.010394
-0.007870
-0.003291
0.001832
-0.010324
-0.007064
0.011639
-0.019627
0.002506
-0.000695
0.006113
-0.006351
-0.008450
-0.005410
-0.007127
-0.008678
-0.000491
-0.007599
-0.004501
-0.014002
-0.004000
0.001093
-0.011237
-0.000357
-0.013309
-0.004600
-0.003052
-0.001032
-0.002817
-0.004433
-0.008005
-0.003725
0.013830
-0.003929
0.005440
-0.008243
0.010123
-0.014477
-0.004264
0.004967
-0.006621
0.000557
-0.000930
0.002037
-0.025895
-0.002376
-0.012012
-0.028896
-0.001900
-0.005717
-0.004162
-0.006897
-0.004739
0.003115
-0.012895
-0.006592
-0.014486
-0.021014
0.000248
-0.012948
-0.021547
-0.003992
-0.015315
-0.015312
-0.016669
-0.014716
-0.010837
-0.009420
-0.015822
-0.003524
-0.019922
-0.004700
-0.000355
-0.001839
-0.012929
-0.008338
-0.018688
-0.015984
-0.011620
-0.004704
-0.019319
-0.012552
-0.016827
-0.006725
0.005979
-0.017548
-0.011496
-0.010803
-0.013770
-0.011068
-0.021116
-0.022565
-0.023641
-0.018119
-0.001094
-0.004536
-0.012483
-0.003289
-0.008171
-0.003523
-0.010337
-0.011335
-0.009191
-0.005984
-0.013427
-0.014849
-0.014208
-0.019469
0.004092
-0.013570
-0.012723
-0.018926
0.003049
0.018374
-0.003322
-0.007229
-0.010101
-0.017331
-0.000054
-0.000254
-0.001845
0.006753
-0.001704
-0.001976
0.004731
-0.004162
0.013188
0.013931
-0.003386
-0.000222
-0.002883
0.005472
0.008640
-0.003861
-0.002482
-0.007226
-0.001871
-0.002007
0.000452
-0.011040
-0.013098
-0.009927
-0.002275
-0.007499
0.016661
-0.007299
-0.003152
-0.000926
0.000554
-0.012491
0.000621
0.004934
-0.001705
0.007124
0.005506
0.003451
0.013054
-0.011778
-0.009086
-0.018520
-0.017717
0.003991
-0.008780
-0.005815
0.011336
-0.001570
0.009618
-0.000525
-0.001301
-0.007739
-0.005806
0.015108
-0.015182
0.008438
-0.013699
-0.001067
-0.002177
0.000147
0.001328
0.001732
0.001196
0.006417
0.006080
0.003956
0.012246
0.005843
-0.000996
0.005036
0.006922
0.003620
0.010763
0.011908
-0.015146
0.011066
-0.006893
0.015211
0.016223
0.012721
0.007056
0.006349
0.004697
0.010797
0.009011
0.014839
0.006450
0.009617
-0.003659
-0.002210
0.020774
0.003317
0.003620
0.005641
0.006113
0.003487
0.007225
0.000284
-0.002646
-0.010064
0.005843
-0.004841
0.007966
0.005877
0.003283
0.016694
0.014838
0.012819
0.004727
0.001599
0.013258
0.017975
-0.004094
0.005406
0.001836
0.011841
-0.000961
-0.002919
-0.005441
-0.010741
-0.016565
-0.018253
-0.004601
0.015379
0.006719
0.001225
-0.009623
-0.001466
-0.006486
0.004293
0.014739
0.003619
-0.009386
0.001261
0.004563
0.004631
-0.001973
0.001364
0.001565
-0.009657
-0.005612
0.001936
-0.005373
0.014267
0.004599
0.007124
-0.006751
-0.012250
-0.014002
-0.010161
-0.007127
0.005877
0.004663
0.010696
-0.009253
0.000890
0.011403
-0.017170
-0.013164
-0.017311
-0.005467
0.003657
-0.009619
-0.007397
0.007764
-0.003390
-0.003929
0.007191
-0.006320
-0.006695
-0.004132
0.002370
-0.019761
-0.010699
-0.010096
0.017906
-0.007162
0.002641
0.007057
0.013800
0.004429
0.000245
0.008135
0.005271
0.000284
-0.002852
0.011707
-0.009286
-0.027280
0.001194
-0.013198
-0.005982
-0.011174
-0.011408
-0.016416
-0.007159
-0.009081
-0.010093
-0.011608
-0.000894
-0.001504
-0.011168
-0.001030
-0.011071
-0.013019
-0.012690
0.001295
-0.007907
-0.000827
-0.001602
0.002238
-0.002956
-0.005679
-0.006520
0.000755
0.002136
0.003788
-0.000997
-0.005541
0.001565
-0.009187
-0.020914
-0.019694
-0.002003
-0.004200
-0.004402
-0.005308
-0.017270
-0.001399
-0.011239
-0.014281
-0.000526
0.003990
-0.010230
-0.014815
-0.007835
-0.022677
-0.024111
-0.006863
-0.012285
-0.009657
-0.012928
-0.010604
-0.021350
-0.003726
-0.027646
-0.026037
-0.022064
-0.008579
-0.010132
-0.017269
-0.008947
-0.007701
-0.010162
-0.020605
-0.009984
-0.010800
0.000080
-0.015349
-0.024897
-0.025503
-0.027269
-0.006324
-0.019724
-0.021247
-0.014304
-0.009187
-0.022824
-0.000492
-0.004033
-0.009050
-0.017916
-0.009048
-0.020516
-0.020171
-0.020415
-0.012214
-0.010634
-0.009455
-0.011543
-0.002276
-0.016936
0.000351
-0.003995
-0.009382
-0.008645
-0.007634
0.008404
0.008202
0.006011
-0.011440
0.007764
-0.018024
-0.017098
0.000754
-0.024881
-0.001028
-0.013398
-0.013904
-0.001400
-0.001804
0.004294
0.008236
0.012616
-0.002646
-0.000758
-0.008720
-0.013797
-0.008168
-0.003185
-0.000089
-0.004468
-0.004809
-0.003523
-0.009526
-0.010730
-0.008847
-0.003655
-0.000762
-0.005511
0.009550
-0.003963
0.004327
-0.015315
-0.013496
0.009887
-0.009386
0.003888
-0.002212
0.012819
0.010325
0.007157
-0.011039
-0.002273
-0.009148
0.003215
0.002679
-0.002850
-0.005983
0.000552
-0.007098
0.001766
-0.003759
0.001799
-0.000590
-0.007097
-0.004771
0.003956
0.006113
-0.011004
0.017401
0.006989
-0.000996
0.000858
0.005372
-0.003357
0.004900
-0.005819
-0.003156
-0.000929
-0.000356
0.010628
-0.009381
0.011942
0.007427
0.001530
0.004091
0.012414
-0.000455
0.009044
0.013326
-0.001031
-0.003223
-0.003994
-0.000662
-0.001267
-0.009787
-0.006250
0.009145
0.000954
-0.007335
-0.013745
0.015209
0.014604
0.000159
0.004530
0.013864
0.008000
0.013019
0.008337
0.003653
0.008775
-0.014170
-0.014270
-0.012081
-0.003423
-0.000963
0.010190
0.008674
0.011571
0.003822
-0.002580
0.000822
-0.002984
0.002339
0.008539
0.006922
0.007966
0.007057
0.004462
-0.005472
-0.014537
-0.005073
-0.002512
0.004193
0.014065
-0.002006
0.001530
0.010628
0.013425
-0.008445
-0.006286
-0.000388
0.002135
0.001159
0.010325
0.005541
0.001731
0.002843
0.000521
0.000015
0.005945
0.005843
0.002069
-0.000828
-0.004537
-0.010535
-0.003081
0.009382
0.002069
0.015042
-0.002850
0.005439
0.007056
-0.015247
-0.009218
-0.004469
-0.005618
0.004260
0.003787
0.003249
0.002539
0.003485
-0.002713
0.000892
0.006417
0.002441
0.000318
-0.000592
-0.000354
0.012211
0.015111
0.000351
-0.005210
-0.009117
-0.010593
-0.015151
-0.013295
-0.009858
-0.007226
-0.004200
-0.001570
-0.008677
-0.014276
0.004294
-0.014038
0.006956
0.001092
-0.012959
-0.005515
0.005641
0.006350
-0.011071
-0.009151
-0.014373
-0.022446
-0.019932
-0.011344
-0.014167
-0.011811
-0.001908
0.001158
-0.013769
0.001968
-0.010059
0.001326
0.002405
-0.002416
-0.006255
-0.012558
-0.008513
-0.005850
-0.006722
-0.007971
0.001193
0.000080
-0.011210
-0.000889
-0.010936
0.000385
0.002743
-0.009887
-0.009933
-0.009173
0.001967
-0.015353
-0.012083
-0.012789
0.000080
-0.009078
0.001498
-0.013497
0.001903
-0.000357
-0.024342
-0.010868
-0.010967
-0.009859
-0.013768
-0.005814
-0.011916
-0.026775
-0.010030
-0.004738
-0.001974
-0.015658
-0.023067
0.005979
-0.021922
-0.014273
-0.010428
-0.006932
-0.016059
-0.012620
-0.023544
-0.008023
-0.011601
-0.015316
-0.021037
-0.015218
-0.007428
-0.012889
-0.010836
-0.016856
-0.021079
-0.024018
-0.008472
-0.027516
-0.016217
-0.020506
-0.002812
-0.011271
-0.015619
-0.016761
-0.014441
-0.022021
-0.026201
-0.001502
0.000860
-0.002445
-0.005880
-0.009519
-0.006966
-0.035421
0.004194
-0.009556
-0.020521
0.001126
0.008303
-0.019842
-0.008172
-0.008202
-0.007061
-0.004807
-0.024547
-0.000220
-0.010800
-0.004129
0.001092
-0.000157
0.005911
-0.009556
0.003822
-0.016565
-0.004739
-0.008611
-0.004228
0.002138
0.011234
0.009516
-0.001904
-0.024208
-0.018921
0.005474
-0.007429
-0.009557
-0.016620
0.008842
-0.004397
-0.001568
-0.007096
0.009078
-0.002579
-0.005139
-0.016325
-0.018015
-0.001299
-0.001768
-0.005278
-0.003693
0.000652
-0.015924
0.001094
-0.010870
0.000211
-0.006022
-0.019026
-0.008440
0.002405
-0.004130
-0.000727
-0.001133
0.000489
-0.003322
-0.026771
-0.007334
-0.009486
-0.005683
0.005440
0.000454
0.001259
0.009314
-0.017049
0.001396
-0.014029
-0.019156
-0.022223
-0.000626
0.009819
0.007629
0.005507
0.000722
0.001599
-0.004332
0.008404
-0.010738
0.000723
0.007427
0.016658
0.017097
0.012279
0.006585
0.000991
0.002541
-0.011612
-0.001871
-0.007536
0.007865
-0.024754
-0.012828
-0.007567
0.007663
0.006181
0.009550
0.013392
0.011505
0.003653
0.001461
0.014840
0.007292
0.003350
-0.003420
0.010258
0.021849
-0.004199
0.014537
0.015211
0.004363
-0.006554
0.012515
0.012077
0.003217
0.000789
-0.005852
-0.007198
-0.008513
0.009381
0.002307
0.002710
0.011134
0.012482
0.014738
0.014806
0.007730
0.015176
0.003923
0.004124
0.008775
0.005405
-0.000020
0.006652
0.003789
0.014536
0.004360
0.004260
0.002543
0.006585
0.003418
0.016862
0.007899
-0.002342
-0.021083
-0.014102
-0.006421
-0.009317
0.012549
0.007596
-0.001099
0.010527
0.011674
-0.013293
0.008337
0.002203
0.005743
-0.000523
0.008034
0.006450
0.007158
0.016424
0.000286
0.005675
0.005135
0.003383
-0.000728
-0.000020
-0.006357
0.009887
0.011705
0.008202
-0.005244
0.001529
0.005507
0.010224
0.000788
0.003114
0.011270
0.003552
-0.000660
-0.018520
-0.008075
-0.015559
-0.010291
0.013087
0.005203
0.004799
0.004597
0.001970
0.002408
-0.002342
0.008438
0.001327
-0.004197
-0.006892
-0.000254
-0.012322
-0.006155
-0.002243
-0.004130
-0.004872
-0.003289
-0.003998
0.003181
-0.004768
-0.015153
-0.013565
-0.006591
-0.006921
-0.006725
-0.003861
-0.005139
-0.010228
0.002475
-0.001805
-0.007874
-0.014568
-0.016094
-0.005174
0.010190
-0.011808
-0.014275
0.001261
-0.000423
0.006989
0.004361
-0.017941
0.000959
0.004900
0.006450
-0.023399
-0.000256
-0.013428
0.003148
-0.004838
-0.008613
-0.001163
-0.014469
-0.008343
-0.002651
-0.018551
0.002609
0.001294
-0.004098
-0.011308
-0.003793
-0.007262
-0.013027
-0.008744
-0.023509
0.007292
-0.015459
0.010122
-0.012956
-0.002075
-0.023273
-0.008806
-0.012816
-0.027276
-0.008544
-0.016696
-0.013463
-0.013968
-0.015958
-0.018072
-0.010670
-0.008715
-0.015820
-0.025157
-0.007632
-0.022284
-0.016325
0.006450
-0.005577
-0.015554
-0.012486
-0.020660
-0.019499
-0.011642
-0.009759
-0.025191
0.000048
-0.016664
-0.010836
-0.001572
-0.003457
0.005271
-0.001807
-0.018289
-0.008992
-0.006352
-0.006928
-0.007091
-0.019392
-0.014106
0.000553
-0.009116
-0.002615
-0.007800
0.002104
0.004023
-0.013299
0.004630
-0.020446
-0.003590
-0.002007
-0.002717
-0.016090
-0.006657
-0.015816
-0.007872
-0.005681
-0.021150
-0.006286
-0.015825
-0.008345
-0.000996
-0.001838
-0.002715
0.004597
0.011100
0.011100
0.000789
0.000826
-0.019668
-0.002987
-0.011137
-0.001369
0.003518
-0.010028
-0.022469
-0.011578
0.001193
-0.006833
-0.017711
-0.007364
-0.002617
0.008809
0.006450
0.004631
0.005708
0.006349
-0.007909
-0.004068
0.005001
0.004766
-0.005039
-0.004631
-0.008647
-0.021653
0.008438
0.005237
-0.008574
0.001766
-0.000865
-0.003187
-0.003958
-0.009490
0.003554
0.006753
0.000924
-0.004670
-0.001874
-0.008848
0.004496
-0.008281
-0.010063
0.008741
0.008977
0.010189
-0.001064
-0.004234
0.003518
0.004259
-0.000590
0.001632
-0.002006
0.000552
0.001395
-0.002479
-0.003759
-0.001301
0.002473
0.007461
-0.002444
-0.003895
-0.000087
0.001935
0.013727
0.006281
0.007697
-0.010971
0.012683
-0.010531
-0.009620
0.007730
0.003958
0.002810
0.004328
0.006753
0.002777
-0.000254
0.000756
-0.006435
0.009886
0.015951
-0.007837
0.007191
0.000082
-0.006927
-0.003255
0.002135
0.015380
0.006551
-0.002540
0.014266
0.000857
0.014233
-0.002345
-0.010504
0.009449
0.016662
0.005507
0.009146
0.011201
0.010999
0.006820
0.012548
-0.010194
0.009449
0.000924
0.009786
0.015077
0.009685
0.002440
0.013458
-0.008816
0.012886
0.019255
0.020837
0.015883
-0.004229
0.011774
-0.003526
-0.008780
-0.000830
0.018986
-0.004878
0.003519
0.003687
0.005169
-0.003658
-0.005883
-0.006018
0.020365
0.009550
-0.002514
-0.000153
0.008236
0.008775
0.004328
-0.011746
0.007124
0.033600
-0.009014
-0.001941
-0.000526
0.001464
0.002442
0.002777
0.004933
-0.001502
-0.007334
0.012279
-0.009821
-0.006790
-0.006011
-0.004572
-0.004200
-0.010711
-0.011681
-0.010905
-0.002479
-0.009391
0.010932
-0.013199
0.018040
0.023232
0.017706
-0.018384
0.009651
0.003585
0.003282
-0.009989
0.006585
0.000622
-0.012013
0.010866
0.012414
-0.002782
0.009044
0.006517
-0.000793
0.000316
-0.005344
0.008034
0.009550
0.002844
0.001868
-0.004469
-0.003525
-0.023616
-0.004200
-0.010230
-0.014738
-0.021743
-0.022827
-0.002648
-0.018724
0.008809
-0.005613
-0.008348
-0.005612
0.012784
-0.020065
-0.015636
-0.016877
0.000488
0.000722
0.000924
-0.001030
-0.006656
0.003385
-0.008037
-0.006860
-0.006390
-0.000120
-0.011140
-0.001164
-0.011072
-0.007580
0.002844
-0.007388
-0.009384
-0.014442
-0.009556
0.014739
-0.016399
-0.009483
-0.005340
-0.006289
-0.011070
-0.004035
-0.018863
-0.020030
-0.016150
-0.010138
-0.018283
-0.018858
-0.006625
-0.007163
-0.012517
-0.005210
-0.014105
-0.012791
-0.010258
-0.018891
-0.005510
-0.007631
-0.014980
-0.011108
-0.003291
-0.007999
-0.009917
-0.012343
-0.022730
-0.002883
-0.018585
-0.016497
-0.012283
-0.007908
-0.006623
-0.000222
-0.016640
-0.010128
-0.012346
-0.014609
-0.018078
-0.005582
-0.005446
-0.019127
-0.009149
-0.006833
-0.007835
-0.000794
-0.009928
-0.013634
-0.010462
0.000923
-0.016663
-0.001636
-0.009590
-0.008749
-0.008140
-0.011442
-0.003967
-0.006655
-0.009184
-0.015454
-0.003860
-0.007740
-0.001974
-0.028255
0.000823
0.002912
-0.015992
0.000654
-0.007735
-0.003791
0.001396
0.003855
0.005002
-0.004534
0.000958
-0.004636
-0.000005
-0.008540
-0.001164
-0.016254
-0.016187
0.003991
-0.004936
0.004496
0.009786
0.008539
0.004225
0.000958
-0.009124
-0.005218
-0.005241
-0.016637
-0.010124
0.005978
-0.001706
-0.000121
-0.001265
0.012212
-0.005778
-0.004774
-0.002480
-0.018804
-0.011746
-0.010059
-0.009490
-0.003998
-0.003457
-0.003960
-0.011884
-0.011848
-0.023835
-0.012725
-0.002478
-0.002312
-0.002716
0.012820
-0.002241
-0.003055
-0.015246
0.005306
0.006754
-0.000896
0.002070
0.003585
-0.002984
-0.005750
0.009179
0.011538
0.011268
0.019285
0.011842
-0.002144
0.010123
-0.005643
0.013521
-0.000797
0.006349
0.002168
0.008640
-0.000559
-0.004132
-0.004670
-0.004064
-0.000998
0.000182
0.013559
0.009887
-0.007602
-0.001974
0.013863
-0.004432
-0.007601
0.008371
0.010056
-0.001872
-0.008309
0.014808
0.007225
0.003350
0.012581
0.011741
-0.002984
0.002877
0.010459
-0.002108
0.005371
0.010931
0.001766
0.012212
-0.001873
0.012043
0.003552
0.005203
0.004158
0.012044
0.022421
0.022895
0.021953
0.015682
-0.002076
-0.002881
-0.001236
0.001361
-0.001433
-0.004672
0.000586
0.009584
0.005338
0.005607
-0.008918
-0.004536
0.001093
0.011471
0.000351
0.007730
-0.007939
-0.004363
0.018681
0.001529
-0.002478
-0.006049
0.003182
-0.004123
0.013729
0.020967
0.023806
-0.005747
0.004564
0.002440
-0.002812
-0.011205
0.002507
0.005810
0.009718
0.002641
-0.010603
0.001328
-0.002209
-0.000628
0.004293
-0.005683
0.005978
0.010527
-0.002176
-0.013698
-0.010434
-0.006020
-0.002009
-0.010607
0.011841
-0.010468
-0.006190
0.000486
-0.000963
0.002747
0.000284
-0.008847
-0.005849
0.008202
0.007124
0.002777
0.000854
0.008067
0.015883
0.000824
-0.009924
-0.016394
-0.006120
0.000046
0.005136
-0.010801
0.009112
-0.001707
0.000248
0.003214
0.002137
-0.007130
-0.003059
-0.006183
-0.013097
-0.009220
0.001194
-0.003565
0.007056
-0.003084
0.008809
0.009213
0.009078
0.009314
0.002407
0.003721
-0.011737
-0.009925
0.002709
-0.014172
0.010628
0.001629
-0.011783
-0.011341
-0.013901
-0.005146
-0.003526
-0.006827
-0.006728
-0.007634
0.002844
-0.008203
-0.008409
-0.009462
-0.011075
-0.019703
0.004428
-0.003325
0.006820
-0.010809
-0.008813
-0.005510
-0.014134
-0.014944
-0.004402
-0.009828
-0.003927
-0.011072
-0.011645
-0.023838
-0.012760
-0.006588
-0.003929
-0.016395
-0.014144
-0.015354
-0.026501
-0.017879
-0.024524
-0.005408
-0.005341
-0.000629
-0.012689
-0.011580
0.006685
-0.008105
-0.014612
-0.016905
-0.014506
-0.008303
-0.003325
-0.008071
-0.010867
-0.012086
-0.011874
0.004194
0.001060
-0.001032
-0.014984
-0.012244
-0.002547
-0.014983
-0.018249
-0.018785
-0.019866
-0.000827
-0.014884
-0.002918
-0.006150
0.001734
-0.000528
-0.008479
-0.001468
-0.013164
-0.012384
-0.010901
-0.011032
-0.010501
0.000656
0.000452
0.006046
0.000146
0.000249
-0.001771
-0.010561
0.001092
-0.012387
-0.016019
-0.014815
-0.000321
-0.003762
-0.002544
-0.006589
-0.003757
-0.012561
0.008977
0.000924
-0.001806
0.003282
0.001360
-0.004332
-0.019200
-0.002077
-0.005077
-0.021109
-0.002208
-0.004803
-0.021179
-0.000120
-0.015486
-0.002141
-0.001367
0.001363
-0.004934
0.000522
-0.021374
0.001361
-0.002781
0.002880
0.003890
-0.003792
0.002946
-0.003117
-0.000659
0.011842
0.008067
0.004631
-0.011139
0.002608
0.005237
-0.025252
-0.016395
-0.015116
-0.011983
0.003081
-0.009252
-0.004166
0.003351
-0.003056
-0.003994
-0.010098
0.000958
-0.021457
-0.011243
0.011706
0.018783
0.010056
-0.006222
0.004630
0.009348
0.007427
-0.014038
-0.004701
-0.003692
-0.002172
-0.013029
0.010427
-0.009352
0.008337
-0.009322
0.012145
0.008944
0.008202
-0.002548
-0.000998
-0.003289
0.013964
0.009247
0.004597
0.002271
-0.000357
-0.013196
0.008168
-0.002410
0.005103
-0.008142
0.014066
0.001798
0.002238
-0.001842
0.000486
-0.002244
0.011605
0.004024
-0.003762
-0.004132
0.012919
0.000015
0.001397
-0.000325
0.001159
0.011807
0.006181
0.032091
0.010055
-0.011317
0.006181
-0.005208
-0.010368
0.003417
0.013259
-0.002719
0.004293
0.008944
-0.001198
-0.000121
-0.006755
0.006046
0.021309
0.013190
0.020301
-0.008848
0.003787
0.004361
0.006955
0.028992
0.023905
0.019658
0.010662
-0.000927
0.005608
0.001732
0.008876
-0.001975
0.016260
-0.015296
-0.015555
0.002811
-0.000356
-0.017955
-0.013063
-0.010533
0.001698
-0.009659
-0.007736
0.001028
-0.001234
-0.002813
0.007697
0.025866
-0.006154
0.006584
-0.011133
0.007528
0.008842
0.006551
0.000320
0.003653
-0.009454
-0.007874
-0.000559
0.000181
0.017266
-0.005276
-0.012151
0.005844
0.008640
-0.003963
-0.001601
0.003049
0.009112
-0.002444
-0.000695
0.007629
-0.003324
