0.000248
0.001368
0.002756
0.003631
0.003269
0.001833
-0.001631
-0.006470
-0.010674
-0.011839
-0.010216
-0.010289
-0.011757
-0.011881
-0.011983
-0.014780
-0.016293
-0.016806
-0.017728
-0.019092
-0.022003
-0.025000
-0.026602
-0.029137
-0.030451
-0.032644
-0.036203
-0.037018
-0.034203
-0.029590
-0.025028
-0.019980
-0.016974
-0.016566
-0.016317
-0.015759
-0.014985
-0.015829
-0.017320
-0.018795
-0.019548
-0.019441
-0.019003
-0.016407
-0.012791
-0.010173
-0.010525
-0.014153
-0.018938
-0.022326
-0.023218
-0.021050
-0.016067
-0.009864
-0.004679
-0.001921
-0.001544
-0.000079
0.002156
0.002518
0.002611
0.002216
-0.000259
-0.003741
-0.006050
-0.006257
-0.003548
0.000695
0.002092
0.000488
0.000400
0.002826
0.004083
0.005071
0.004858
0.002694
0.000413
-0.001071
-0.001232
0.000885
0.001588
-0.000847
-0.005415
-0.007776
-0.005794
-0.003200
-0.002422
-0.001601
-0.002778
-0.005222
-0.006873
-0.008079
-0.009347
-0.009731
-0.008845
-0.004466
0.002687
0.007394
0.011278
0.014209
0.014879
0.014280
0.014279
0.014642
0.016984
0.021903
0.027144
0.033944
0.040647
0.043922
0.045741
0.050493
0.054908
0.057246
0.056509
0.052489
0.045259
0.034363
0.015581
-0.007010
-0.024754
-0.034346
-0.039884
-0.044930
-0.046804
-0.044936
-0.042122
-0.040772
-0.040769
-0.037326
-0.030458
-0.021197
-0.007591
0.007213
0.018179
0.023794
0.024930
0.021150
0.015287
0.009713
0.006750
0.004378
0.000908
-0.000536
-0.000106
-0.002370
-0.006059
-0.007430
-0.006023
-0.002697
0.003315
0.010395
0.017970
0.024765
0.028567
0.029864
0.033403
0.039175
0.045960
0.052211
0.054059
0.052641
0.051395
0.050096
0.046665
0.039071
0.028097
0.011518
-0.007872
-0.024210
-0.036678
-0.043905
-0.043865
-0.038339
-0.030858
-0.021641
-0.009985
-0.000599
0.006776
0.012030
0.013501
0.011209
0.007432
0.004467
0.002399
0.001468
0.000363
0.000537
0.001832
0.001358
0.000948
0.000075
-0.000717
-0.000383
0.000087
0.000361
0.000711
0.002023
0.000551
-0.001526
-0.002249
-0.000764
0.001195
0.001462
0.001422
0.002165
0.000842
-0.001204
-0.000835
-0.001881
-0.005311
-0.007910
-0.006718
-0.002904
-0.002173
-0.002332
-0.002045
-0.003927
-0.005428
-0.005111
-0.003645
-0.001080
0.000747
0.002529
0.003969
0.003373
0.001828
-0.001780
-0.005003
-0.004583
-0.001287
0.002561
0.005727
0.007078
0.007643
0.006524
0.003233
-0.000688
-0.000803
0.000614
0.000008
-0.000012
0.000439
0.002001
0.003864
0.004740
0.005077
0.002431
-0.002593
-0.007815
-0.013016
-0.015098
-0.015919
-0.017872
-0.018099
-0.017332
-0.018278
-0.019432
-0.021518
-0.025041
-0.028259
-0.030495
-0.029679
-0.027634
-0.023481
-0.018429
-0.017590
-0.018958
-0.021252
-0.023875
-0.024617
-0.023465
-0.018222
-0.010025
-0.002670
0.001227
0.004180
0.007489
0.010092
0.011341
0.011232
0.009156
0.009029
0.012371
0.009961
0.005650
0.003263
0.000727
-0.001760
-0.001866
-0.001908
-0.003743
-0.006216
-0.006643
-0.005352
-0.006803
-0.009148
-0.007797
-0.005467
-0.001424
0.003612
0.007909
0.006744
0.006662
0.008634
0.008351
0.004642
0.001650
0.000376
-0.000548
-0.001122
-0.000938
0.002324
0.001898
-0.003115
-0.007530
-0.010619
-0.014212
-0.017393
-0.018484
-0.019166
-0.020979
-0.021570
-0.019260
-0.016748
-0.014249
-0.011932
-0.010226
-0.006916
-0.002643
-0.000227
-0.003777
-0.009042
-0.012558
-0.014742
-0.013996
-0.011066
-0.010706
-0.011038
-0.012233
-0.012895
-0.011443
-0.007186
-0.001289
0.002459
0.002561
0.000719
-0.000545
-0.000130
0.001404
0.003977
0.008164
0.011468
0.011243
0.006182
0.000518
-0.002936
-0.005135
-0.006678
-0.007674
-0.008583
-0.008360
-0.007687
-0.007293
-0.007013
-0.007143
-0.007129
-0.006855
-0.004172
-0.000055
0.002545
0.002804
0.001588
0.000654
0.003049
0.004595
0.005488
0.005061
0.001739
-0.002276
-0.004697
-0.005262
-0.005054
-0.004876
-0.003934
-0.003652
-0.003466
-0.001146
-0.000400
-0.002910
-0.003675
-0.001568
0.001788
0.005497
0.006159
0.005211
0.001413
-0.002444
-0.003037
-0.001760
0.002833
0.011680
0.025130
0.037766
0.048194
0.053062
0.051484
0.048605
0.046944
0.044369
0.043103
0.044491
0.043751
0.040986
0.033117
0.020200
0.007341
-0.008004
-0.022821
-0.039968
-0.058719
-0.072267
-0.077362
-0.072655
-0.061243
-0.049096
-0.035186
-0.018648
-0.000475
0.015342
0.027284
0.034261
0.035581
0.029273
0.017796
0.006508
-0.000882
-0.002951
-0.000837
0.003717
0.005713
0.006106
0.007111
0.007906
0.008778
0.012143
0.019428
0.025017
0.025107
0.023734
0.024361
0.025210
0.027224
0.028310
0.031001
0.036535
0.041761
0.046173
0.050843
0.050910
0.044157
0.032551
0.018418
0.003471
-0.010750
-0.021155
-0.026709
-0.030208
-0.031308
-0.030215
-0.028953
-0.023939
-0.013936
-0.002879
0.005174
0.013085
0.017727
0.016637
0.014749
0.011932
0.005683
0.003309
0.004617
0.005984
0.007237
0.005998
0.003684
0.001788
-0.000184
-0.001792
-0.002404
-0.004111
-0.004732
-0.004996
-0.003952
-0.001077
0.002183
0.005253
0.006919
0.006857
0.005700
0.007180
0.009734
0.008219
0.006599
0.007414
0.005103
0.001170
-0.002516
-0.003871
-0.002939
-0.002504
-0.003073
-0.004537
-0.004860
-0.003635
-0.001598
0.001378
0.003447
0.001783
-0.001682
-0.002076
-0.000852
-0.000483
0.002300
0.007881
0.013331
0.015778
0.013574
0.009494
0.005749
0.004861
0.006746
0.008386
0.007446
0.006984
0.006537
0.005546
0.006194
0.008163
0.010388
0.010102
0.008294
0.007970
0.010296
0.011590
0.012657
0.008814
0.001145
-0.004935
-0.010757
-0.015090
-0.018288
-0.021222
-0.023339
-0.023824
-0.022147
-0.023274
-0.026149
-0.029462
-0.033344
-0.036729
-0.039717
-0.040419
-0.036364
-0.029560
-0.022573
-0.016877
-0.013179
-0.012369
-0.014861
-0.015898
-0.012801
-0.007343
0.000175
0.008703
0.017969
0.022499
0.024186
0.021886
0.014677
0.007531
0.002451
-0.002671
-0.008687
-0.010338
-0.007321
-0.001893
0.005187
0.010740
0.014152
0.017579
0.017537
0.012302
0.007463
0.004818
0.003287
0.000068
-0.004369
-0.005813
-0.005871
-0.010335
-0.012258
-0.013461
-0.010841
-0.009105
-0.010672
-0.010289
-0.008152
-0.008949
-0.011654
-0.012584
-0.012984
-0.013543
-0.013723
-0.014480
-0.015255
-0.014150
-0.014452
-0.015533
-0.015706
-0.019107
-0.026098
-0.033046
-0.034870
-0.035686
-0.035737
-0.031333
-0.028314
-0.029382
-0.032211
-0.035095
-0.034396
-0.030220
-0.023620
-0.017851
-0.012571
-0.010639
-0.009210
-0.008116
-0.007813
-0.007198
-0.007215
-0.006116
-0.003909
-0.002141
-0.001762
-0.001799
-0.002905
-0.004695
-0.003071
-0.001070
-0.000898
-0.001443
-0.001961
-0.002660
-0.003688
-0.004798
-0.006681
-0.008897
-0.009803
-0.006647
-0.004249
-0.003306
-0.002657
-0.002253
-0.005924
-0.011875
-0.014466
-0.012475
-0.008154
-0.004928
-0.003711
-0.002944
-0.002321
-0.001232
0.000204
-0.000898
-0.000825
0.002321
0.005224
0.006429
0.004388
0.000770
-0.004182
-0.007583
-0.006601
-0.005547
-0.005035
-0.004086
-0.005341
-0.008208
-0.010437
-0.011689
-0.011524
-0.008915
-0.002805
0.005091
0.012298
0.017701
0.023682
0.028927
0.029382
0.030576
0.031687
0.032384
0.036293
0.041631
0.046276
0.048206
0.047260
0.045332
0.044200
0.041661
0.036012
0.026965
0.012749
-0.006320
-0.025771
-0.041290
-0.053520
-0.063213
-0.070297
-0.072737
-0.068157
-0.058626
-0.044846
-0.028392
-0.011413
0.004336
0.016754
0.028954
0.035747
0.032970
0.027103
0.021958
0.017636
0.012508
0.004053
-0.003099
-0.005227
-0.004230
-0.001171
0.002486
0.004535
0.005841
0.005421
0.004607
0.006476
0.010041
0.013756
0.016234
0.020218
0.025568
0.030634
0.034913
0.041987
0.049579
0.054085
0.056444
0.056718
0.053753
0.041425
0.022528
0.005422
-0.005750
-0.014658
-0.022378
-0.028927
-0.035934
-0.041304
-0.041327
-0.036734
-0.031563
-0.025902
-0.017306
-0.007066
0.001401
0.006837
0.010117
0.009205
0.005115
0.001061
-0.000748
-0.001490
-0.001490
0.000444
0.002125
0.001755
0.000246
-0.002761
-0.006558
-0.009403
-0.009621
-0.009286
-0.008387
-0.007067
-0.006065
-0.004189
-0.002249
-0.000357
0.001248
0.002157
0.000754
-0.003584
-0.008153
-0.010838
-0.011630
-0.009916
-0.006919
-0.004436
-0.004172
-0.004433
-0.002624
0.000458
0.001059
-0.002796
-0.005469
-0.005049
-0.001708
0.000132
-0.000624
-0.001833
-0.005643
-0.007969
-0.007055
-0.005339
-0.004078
-0.003708
-0.004590
-0.007088
-0.008798
-0.008124
-0.006841
-0.004284
-0.001970
-0.000901
0.000712
0.001306
0.003572
0.007617
0.010592
0.012864
0.015157
0.020381
0.023183
0.019801
0.014554
0.006968
-0.000591
-0.006316
-0.010609
-0.015742
-0.021561
-0.026013
-0.029691
-0.032375
-0.034169
-0.035574
-0.037864
-0.039425
-0.038367
-0.039631
-0.040490
-0.037518
-0.034967
-0.034138
-0.031848
-0.028000
-0.024488
-0.019866
-0.013043
-0.003007
0.007628
0.015476
0.020818
0.023046
0.025450
0.026027
0.020958
0.014004
0.006230
-0.001838
-0.008235
-0.013950
-0.018215
-0.018740
-0.013175
-0.005331
-0.000318
0.004837
0.009267
0.010146
0.007629
0.002748
-0.002393
-0.006432
-0.005260
-0.002333
-0.000971
-0.002154
0.002744
0.003769
0.002356
0.000410
-0.002140
-0.003267
-0.004612
-0.003290
-0.000048
0.002382
0.001514
-0.000418
-0.003735
-0.009379
-0.013973
-0.017811
-0.021424
-0.023844
-0.023189
-0.020468
-0.019102
-0.017184
-0.015217
-0.014934
-0.015714
-0.017119
-0.018904
-0.020099
-0.021326
-0.022025
-0.021567
-0.021077
-0.018224
-0.013565
-0.009729
-0.008932
-0.009619
-0.011015
-0.014300
-0.018817
-0.020871
-0.017606
-0.012988
-0.007201
-0.000761
0.003338
0.003912
0.004126
0.007107
0.008160
0.005484
0.002446
-0.000272
-0.001602
-0.001276
-0.000711
0.001201
0.002330
0.001596
0.001116
0.002156
0.003471
0.002795
-0.000148
-0.002765
-0.005506
-0.005633
-0.001772
0.002010
0.002698
0.002496
0.002043
0.000269
-0.001604
-0.001897
0.000123
0.002247
0.002983
0.001637
0.000720
0.003722
0.005155
0.003406
0.002277
0.002662
0.003914
0.005408
0.006113
0.003828
0.003092
0.005288
0.006990
0.009124
0.013721
0.015948
0.016632
0.018995
0.022129
0.026034
0.029325
0.031079
0.031868
0.036444
0.042443
0.045875
0.048336
0.049472
0.049489
0.048530
0.047925
0.046387
0.042014
0.034480
0.017689
-0.004636
-0.023950
-0.037716
-0.045693
-0.052189
-0.055934
-0.055074
-0.053397
-0.048314
-0.039892
-0.029951
-0.016750
-0.001226
0.012220
0.021952
0.029640
0.034070
0.032676
0.025945
0.019733
0.014384
0.012308
0.011551
0.008813
0.009436
0.012030
0.015142
0.017649
0.018862
0.019322
0.018942
0.017829
0.017363
0.018392
0.020318
0.022346
0.024364
0.026009
0.029830
0.037424
0.044894
0.054731
0.063700
0.066559
0.062035
0.052517
0.039921
0.026778
0.011495
-0.004107
-0.015062
-0.022058
-0.027909
-0.029353
-0.027007
-0.023200
-0.018670
-0.013216
-0.005820
0.005227
0.015357
0.017811
0.014869
0.011256
0.009258
0.004667
0.001164
0.001577
0.003053
0.006964
0.011963
0.011953
0.008962
0.006105
0.004341
0.002792
0.002242
0.003537
0.005706
0.006920
0.008081
0.009321
0.010614
0.013263
0.014232
0.012644
0.011350
0.009039
0.008095
0.007527
0.006113
0.004706
0.002604
0.000332
0.000732
0.002005
0.003829
0.004658
0.004023
0.004783
0.005665
0.005139
0.004659
0.003504
0.001939
0.001341
0.001833
0.001973
0.001573
0.001278
0.003740
0.004483
0.001212
-0.002781
-0.003370
-0.000899
0.002901
0.006267
0.005440
0.005418
0.004857
0.004798
0.005828
0.008106
0.011567
0.012630
0.011143
0.008686
0.007417
0.008057
0.010377
0.011369
0.008673
0.002474
-0.007443
-0.016713
-0.022829
-0.028921
-0.030851
-0.029587
-0.029260
-0.030282
-0.031833
-0.033691
-0.036474
-0.037766
-0.036364
-0.035761
-0.032467
-0.029883
-0.031271
-0.031157
-0.026873
-0.021866
-0.018728
-0.017027
-0.014832
-0.008632
0.000290
0.011441
0.023968
0.033611
0.037180
0.036688
0.032019
0.023799
0.014792
0.003137
-0.009361
-0.018332
-0.022408
-0.019368
-0.012198
-0.007489
-0.003955
-0.001703
0.001563
0.006894
0.011635
0.014112
0.012867
0.008352
0.002708
-0.001973
-0.005043
-0.004393
-0.007466
-0.004226
-0.002038
-0.000722
-0.001538
-0.004801
-0.007482
-0.007138
-0.006043
-0.008312
-0.013308
-0.018373
-0.020041
-0.019033
-0.017503
-0.015647
-0.017088
-0.020870
-0.023020
-0.025106
-0.024119
-0.023058
-0.024517
-0.024551
-0.022007
-0.018143
-0.016690
-0.017881
-0.021754
-0.028896
-0.033504
-0.037510
-0.040643
-0.041465
-0.039182
-0.035287
-0.033193
-0.028938
-0.022504
-0.018534
-0.016505
-0.015013
-0.013267
-0.011697
-0.008248
-0.005480
-0.001253
0.001486
-0.000207
-0.003854
-0.005680
-0.005669
-0.006043
-0.006513
-0.004906
-0.003035
-0.002264
-0.001255
-0.001859
-0.004128
-0.007327
-0.009225
-0.009777
-0.007649
-0.006830
-0.006431
-0.006801
-0.007852
-0.006663
-0.004201
-0.001638
0.001133
0.002190
0.000471
-0.002822
-0.003381
-0.002738
-0.002395
-0.003270
-0.004293
-0.003623
-0.003175
-0.001795
-0.000124
-0.001461
-0.004911
-0.007023
-0.007213
-0.007375
-0.008772
-0.010003
-0.008825
-0.001979
0.005050
0.007718
0.009816
0.012455
0.019096
0.024971
0.026174
0.028904
0.034637
0.040680
0.043139
0.041819
0.037817
0.035485
0.034532
0.034365
0.034497
0.038279
0.043404
0.043432
0.037567
0.021736
-0.000596
-0.020756
-0.034937
-0.044530
-0.052501
-0.058634
-0.062857
-0.064451
-0.063156
-0.057074
-0.044860
-0.030478
-0.016402
-0.001620
0.011986
0.021629
0.028070
0.029318
0.025558
0.019059
0.009883
0.003713
0.002739
0.000597
0.001338
0.006497
0.008797
0.009075
0.011441
0.010681
0.009220
0.009288
0.008197
0.008811
0.014488
0.023132
0.030386
0.035319
0.040604
0.043869
0.045092
0.045777
0.048781
0.052356
0.053297
0.052807
0.046650
0.031086
0.010600
-0.008013
-0.021351
-0.027874
-0.032885
-0.036626
-0.036893
-0.032511
-0.025690
-0.018995
-0.009118
0.002476
0.013694
0.019362
0.016258
0.009589
0.004276
0.000632
-0.001658
-0.002546
-0.000317
0.000351
-0.001815
-0.002372
-0.000930
-0.002606
-0.006232
-0.007091
-0.006099
-0.004847
-0.003985
-0.002223
0.000162
0.001637
0.001994
-0.000064
-0.001232
0.000178
0.000820
0.000934
0.001026
0.000499
-0.001071
-0.003980
-0.008480
-0.013935
-0.017073
-0.016261
-0.012123
-0.009148
-0.006130
-0.005354
-0.004400
-0.001740
-0.000586
0.000460
0.000898
0.000253
-0.000072
-0.000932
-0.003068
-0.003827
-0.003064
-0.002139
-0.000789
-0.000837
-0.001049
0.000608
0.000229
-0.001363
-0.002818
-0.004320
-0.004741
-0.005877
-0.006393
-0.004895
-0.002939
-0.001469
0.001519
0.005483
0.007223
0.004943
0.001487
-0.001018
-0.005728
-0.012671
-0.019535
-0.023528
-0.024033
-0.021357
-0.018594
-0.016751
-0.016354
-0.021522
-0.029038
-0.031656
-0.031275
-0.032977
-0.036017
-0.039058
-0.041659
-0.041876
-0.040261
-0.038239
-0.035364
-0.030834
-0.027633
-0.022675
-0.016400
-0.010988
-0.005338
-0.003156
0.000454
0.008206
0.015655
0.022307
0.027484
0.028844
0.025086
0.015913
0.003453
-0.004606
-0.006283
-0.006775
-0.009632
-0.012550
-0.014156
-0.013772
-0.011123
-0.007816
-0.005871
-0.005901
-0.006603
-0.006892
-0.006192
-0.004273
-0.002410
0.005381
0.005384
0.002034
-0.004121
-0.006805
-0.005742
-0.007020
-0.010453
-0.013512
-0.014245
-0.014014
-0.014706
-0.015832
-0.016935
-0.017673
-0.018566
-0.021495
-0.024839
-0.028786
-0.032414
-0.033468
-0.032296
-0.032546
-0.035288
-0.038535
-0.041160
-0.043596
-0.045897
-0.045614
-0.039887
-0.030995
-0.020846
-0.012753
-0.005815
0.000575
0.005330
0.009306
0.011864
0.012767
0.012681
0.012454
0.012938
0.012732
0.010072
0.005761
-0.000537
-0.008582
-0.011461
-0.009410
-0.006184
-0.002356
0.002709
0.006113
0.005785
0.003603
-0.000049
-0.005032
-0.009184
-0.009220
-0.006273
-0.004236
-0.000915
0.001842
0.001717
0.002971
0.002895
0.001417
0.001640
0.002283
0.001425
0.002062
0.002479
0.001018
-0.001627
-0.005865
-0.010364
-0.008796
-0.003742
-0.001113
0.000473
0.002966
0.001154
-0.002753
-0.005222
-0.006807
-0.005157
-0.003294
-0.003736
-0.004754
-0.004947
-0.006235
-0.006233
-0.002302
0.005326
0.012091
0.018107
0.021759
0.024983
0.025128
0.022471
0.022167
0.026134
0.032428
0.036857
0.039404
0.040717
0.043010
0.045321
0.045789
0.045415
0.046155
0.047940
0.049446
0.049786
0.047008
0.034243
0.014879
-0.002308
-0.018359
-0.032995
-0.040798
-0.043038
-0.042171
-0.042314
-0.041652
-0.037518
-0.030740
-0.018769
-0.004568
0.006623
0.013215
0.015247
0.015177
0.014554
0.014684
0.014636
0.012276
0.010291
0.009757
0.011471
0.012580
0.013383
0.015523
0.017009
0.017237
0.016489
0.015580
0.017342
0.021786
0.022295
0.019681
0.019300
0.021947
0.026441
0.033558
0.041097
0.051373
0.060803
0.064715
0.064332
0.063685
0.059777
0.048988
0.035929
0.021642
0.007603
-0.007186
-0.018196
-0.025378
-0.029302
-0.030176
-0.025033
-0.015397
-0.007792
-0.003637
0.001303
0.006411
0.012155
0.017057
0.017846
0.015262
0.011706
0.009744
0.009630
0.008123
0.004324
0.000537
-0.001265
-0.001538
-0.000328
-0.001159
-0.002363
0.000630
0.005810
0.008094
0.006553
0.003220
0.003081
0.005747
0.006058
0.004195
0.002472
0.000804
-0.000283
0.001195
0.002975
0.003788
0.003341
0.000863
0.000128
-0.000828
-0.003416
-0.004321
-0.003984
-0.003795
-0.003336
-0.003352
-0.000919
0.003650
0.007190
0.007528
0.005201
0.001923
-0.000807
-0.001263
0.001681
0.003991
0.004668
0.007250
0.010279
0.010579
0.009768
0.008761
0.007014
0.005649
0.004714
0.004420
0.006714
0.007190
0.004605
0.004148
0.003505
0.000419
-0.003307
-0.008374
-0.010350
-0.008954
-0.011712
-0.017797
-0.023414
-0.028077
-0.028182
-0.027696
-0.027637
-0.025664
-0.023907
-0.023396
-0.022044
-0.019778
-0.018350
-0.016442
-0.014560
-0.013305
-0.012647
-0.012970
-0.015790
-0.017819
-0.015295
-0.011105
-0.005245
0.000580
0.004633
0.007989
0.009825
0.010802
0.011337
0.012856
0.015660
0.017727
0.018351
0.016569
0.011698
0.006443
0.001547
-0.000254
0.002932
0.006349
0.008063
0.008107
0.006848
0.005053
0.002559
0.001859
0.003096
0.006250
0.008908
0.009785
0.007363
0.001980
-0.003409
-0.012428
-0.011940
-0.009000
-0.007476
-0.006812
-0.005979
-0.006944
-0.011274
-0.015761
-0.018077
-0.019130
-0.021217
-0.024336
-0.025815
-0.025090
-0.027216
-0.030312
-0.031289
-0.031326
-0.030243
-0.029341
-0.031075
-0.031725
-0.029797
-0.033351
-0.038330
-0.039146
-0.037795
-0.037719
-0.040327
-0.041994
-0.037814
-0.030339
-0.024436
-0.017096
-0.007696
-0.000603
0.004172
0.006759
0.009643
0.013584
0.016776
0.018648
0.019849
0.018569
0.014311
0.006423
-0.001383
-0.006363
-0.011222
-0.014019
-0.013438
-0.011158
-0.007130
-0.002369
0.000765
0.004008
0.007303
0.005734
0.001581
-0.000677
-0.002108
-0.001700
-0.001143
-0.002093
-0.002598
-0.001589
-0.001850
-0.003225
-0.003606
-0.002446
-0.001842
-0.002017
-0.001784
-0.003032
-0.004247
-0.006624
-0.009696
-0.012926
-0.013267
-0.011691
-0.010410
-0.008699
-0.007068
-0.007000
-0.008739
-0.009453
-0.007448
-0.005159
-0.004376
-0.003860
-0.003729
-0.002872
-0.000623
0.004230
0.012004
0.018962
0.021637
0.021257
0.021982
0.023446
0.022840
0.021884
0.023672
0.026903
0.031969
0.036623
0.040318
0.043196
0.044739
0.044587
0.042055
0.040353
0.040110
0.039959
0.038567
0.032824
0.022721
0.010448
-0.002493
-0.018780
-0.037291
-0.052597
-0.060624
-0.061864
-0.059069
-0.053034
-0.043011
-0.029811
-0.012402
0.006620
0.021018
0.030069
0.033642
0.029341
0.023758
0.017747
0.010469
0.007286
0.005860
0.003090
0.001734
0.000516
0.003982
0.007694
0.007158
0.005929
0.006459
0.006660
0.004592
0.003767
0.005115
0.009275
0.014544
0.020811
0.029659
0.039409
0.048060
0.052336
0.051707
0.048714
0.046816
0.043581
0.036760
0.025870
0.013370
0.001102
-0.011803
-0.025164
-0.036146
-0.039883
-0.038364
-0.030567
-0.018720
-0.009303
-0.002591
0.003882
0.010134
0.015690
0.016550
0.014026
0.009334
0.004472
0.000978
-0.002424
-0.003748
-0.002929
-0.001918
-0.002196
-0.001622
-0.000213
-0.001274
-0.002227
-0.001861
-0.002505
-0.004400
-0.006376
-0.005677
-0.003158
-0.002676
-0.005513
-0.010071
-0.014393
-0.012690
-0.005577
-0.001711
-0.002454
-0.003768
-0.003835
-0.003365
-0.002251
-0.001525
-0.000906
-0.001144
-0.004883
-0.008828
-0.010643
-0.008453
-0.002622
0.003513
0.003994
0.004492
0.009406
0.015503
0.019249
0.017840
0.013387
0.010581
0.009741
0.011196
0.012825
0.014180
0.014539
0.015613
0.016720
0.013648
0.007816
0.002955
-0.004441
-0.011294
-0.010984
-0.008112
-0.006509
-0.004739
-0.003116
-0.002264
-0.003565
-0.008170
-0.012831
-0.017177
-0.021960
-0.025983
-0.029647
-0.033828
-0.037094
-0.036907
-0.035592
-0.034711
-0.033919
-0.036007
-0.040184
-0.042262
-0.039926
-0.036974
-0.035697
-0.034551
-0.031006
-0.024016
-0.019620
-0.016265
-0.009723
-0.001935
0.006131
0.012160
0.015060
0.016350
0.014801
0.009054
0.001549
-0.004625
-0.007713
-0.008273
-0.006713
-0.005196
-0.004326
-0.003851
-0.003582
-0.004354
-0.006465
-0.009131
-0.012818
-0.014352
-0.013072
-0.011602
-0.009414
-0.004862
0.000795
0.006276
0.009718
0.010012
0.010902
0.008416
0.004224
-0.003115
-0.007164
-0.008881
-0.010243
-0.010272
-0.009963
-0.012347
-0.014139
-0.013545
-0.012640
-0.013145
-0.016813
-0.023039
-0.029496
-0.035501
-0.038573
-0.040288
-0.042670
-0.045315
-0.047488
-0.052028
-0.054359
-0.052991
-0.052449
-0.051355
-0.045646
-0.037600
-0.026382
-0.012049
-0.000996
0.006741
0.012425
0.015595
0.015602
0.015498
0.017571
0.019168
0.020657
0.020679
0.016929
0.011555
0.004417
-0.001418
-0.003720
-0.001673
0.003014
0.006731
0.009209
0.010807
0.011813
0.011104
0.007650
0.001511
-0.003303
-0.005961
-0.006980
-0.007224
-0.005634
-0.004264
-0.004503
-0.004035
-0.001887
-0.000877
0.000744
0.003086
0.005241
0.007136
0.007189
0.005870
0.003572
0.000940
-0.001235
-0.002335
-0.004108
-0.007220
-0.008992
-0.007523
-0.004440
-0.000976
0.000854
0.000366
-0.000724
-0.003038
-0.004641
-0.002653
-0.001876
-0.003334
-0.004649
-0.004549
-0.006982
-0.008831
-0.004867
0.001866
0.011152
0.021950
0.031894
0.038478
0.040907
0.041046
0.042299
0.043629
0.041860
0.040297
0.040960
0.043003
0.045056
0.044008
0.043830
0.047020
0.051690
0.053943
0.053817
0.049794
0.038640
0.023715
0.006795
-0.011635
-0.028798
-0.044202
-0.056493
-0.061444
-0.055800
-0.044294
-0.033694
-0.025659
-0.016183
-0.003341
0.011360
0.026459
0.035051
0.036013
0.033370
0.029450
0.023427
0.014199
0.006709
0.002454
0.000362
0.000718
0.002867
0.006323
0.009298
0.010369
0.010283
0.009839
0.010807
0.012111
0.015267
0.020693
0.026441
0.030996
0.036043
0.042534
0.049276
0.053814
0.054982
0.048158
0.034712
0.021866
0.012154
0.002502
-0.007409
-0.016429
-0.025443
-0.030898
-0.029252
-0.023724
-0.017542
-0.010001
-0.004824
-0.003880
-0.005419
-0.008185
-0.005924
0.000822
0.006681
0.010175
0.010416
0.008729
0.005780
0.004059
0.004500
0.006382
0.007462
0.005344
0.001604
-0.001196
-0.000956
0.003590
0.004969
0.003475
0.001613
-0.000112
-0.001392
-0.002750
-0.002016
0.000873
0.003343
0.003824
0.002510
-0.000202
-0.002153
-0.000540
0.002081
0.004762
0.004385
0.005202
0.006590
0.006709
0.007903
0.008448
0.007198
0.004330
0.000702
-0.003286
-0.003703
-0.002444
-0.002413
0.000228
0.003282
0.003017
0.004075
0.006469
0.008423
0.008633
0.006607
0.002820
-0.001629
-0.005372
-0.006363
-0.005867
-0.004714
-0.001718
-0.000512
-0.000968
0.000121
0.003035
0.004970
0.006104
0.006081
0.003697
0.000423
-0.001796
0.000121
0.003205
0.006788
0.005387
-0.003107
-0.013744
-0.021781
-0.027465
-0.031789
-0.034747
-0.034971
-0.032759
-0.030355
-0.028388
-0.028819
-0.033445
-0.035511
-0.035766
-0.035770
-0.033192
-0.031779
-0.031329
-0.031395
-0.030358
-0.027702
-0.022675
-0.015441
-0.008081
-0.001065
0.008881
0.020296
0.029876
0.039629
0.048174
0.053056
0.050999
0.044411
0.036538
0.025082
0.011252
-0.001659
-0.010621
-0.015170
-0.015958
-0.012998
-0.006717
0.001825
0.010315
0.017066
0.020801
0.019851
0.013585
0.004471
-0.003090
-0.011585
-0.009764
-0.004866
-0.000559
0.001993
0.002092
-0.000502
-0.004660
-0.007758
-0.008462
-0.007639
-0.007597
-0.009207
-0.011317
-0.015795
-0.020188
-0.021555
-0.021978
-0.021991
-0.019841
-0.017586
-0.016841
-0.016825
-0.018798
-0.023560
-0.025597
-0.025240
-0.024092
-0.023338
-0.023012
-0.023333
-0.026278
-0.029947
-0.029439
-0.026826
-0.025075
-0.024743
-0.021424
-0.018267
-0.016524
-0.017173
-0.020402
-0.023386
-0.023771
-0.023563
-0.024283
-0.024294
-0.022191
-0.021513
-0.024137
-0.027765
-0.027388
-0.021766
-0.013503
-0.005821
-0.000257
0.001041
0.000762
0.001683
0.002373
0.001777
0.001846
0.002593
0.000408
-0.002282
-0.003029
-0.004527
-0.006028
-0.004653
-0.002424
-0.001971
-0.003178
-0.001931
-0.000424
0.000305
0.001685
-0.000590
-0.005264
-0.008090
-0.008940
-0.009925
-0.013052
-0.013040
-0.010006
-0.008171
-0.007169
-0.005339
-0.003286
-0.000556
0.002491
0.004929
0.005057
0.005923
0.009145
0.011608
0.015398
0.018349
0.020696
0.024416
0.027849
0.029098
0.029279
0.030950
0.033501
0.035781
0.037316
0.039719
0.042287
0.043750
0.043359
0.041662
0.031108
0.013322
-0.002429
-0.014397
-0.026527
-0.035035
-0.041303
-0.048063
-0.053654
-0.059118
-0.061676
-0.058806
-0.048416
-0.034674
-0.018409
-0.000921
0.013127
0.023581
0.031217
0.036064
0.034878
0.031147
0.026858
0.019419
0.010967
0.004552
0.002360
0.001225
0.001054
0.003088
0.006002
0.008569
0.011544
0.012897
0.012100
0.011625
0.012082
0.013489
0.018179
0.022844
0.025854
0.029073
0.034988
0.042992
0.049718
0.051235
0.051207
0.047348
0.038353
0.027911
0.018943
0.008762
-0.002109
-0.010743
-0.016813
-0.021873
-0.025182
-0.025945
-0.025748
-0.024368
-0.020146
-0.011405
-0.001544
0.004735
0.005488
0.004813
0.005067
0.004135
0.003057
0.002933
0.003126
0.002966
0.002339
0.001774
0.001608
0.004213
0.007923
0.010652
0.010154
0.003776
-0.002299
-0.001941
0.002774
0.004142
-0.000077
-0.006056
-0.009921
-0.010553
-0.007973
-0.004309
-0.001820
0.000146
0.001397
0.000155
-0.002619
-0.005106
-0.006764
-0.005146
-0.003665
-0.004832
-0.004493
-0.002795
-0.004362
-0.005149
-0.004802
-0.005608
-0.006172
-0.005295
-0.005263
-0.006840
-0.006354
-0.005000
-0.002910
-0.000253
0.003016
0.003337
-0.000489
-0.003757
-0.004138
-0.004848
-0.006625
-0.007380
-0.009179
-0.011134
-0.008046
-0.003243
-0.001979
-0.002232
-0.002355
-0.002405
-0.000599
0.003977
0.007744
0.010086
0.011515
0.011104
0.009872
0.009065
0.004594
-0.002718
-0.008697
-0.015193
-0.021497
-0.025695
-0.028587
-0.030724
-0.031126
-0.031371
-0.031653
-0.030494
-0.029858
-0.031773
-0.034632
-0.036186
-0.036194
-0.035791
-0.034536
-0.032395
-0.031984
-0.032322
-0.031752
-0.026864
-0.018819
-0.011778
-0.004872
0.004188
0.015414
0.028645
0.040156
0.046973
0.050379
0.052138
0.049755
0.039790
0.024879
0.010663
-0.002808
-0.013641
-0.020841
-0.024680
-0.023991
-0.017741
-0.007149
0.004328
0.014257
0.020763
0.020434
0.017106
0.013057
0.011886
0.006490
-0.000194
-0.003255
-0.003090
-0.002091
0.000999
0.001560
-0.002215
-0.007495
-0.009803
-0.007763
-0.005401
-0.004111
-0.003858
-0.005130
-0.005638
-0.004730
-0.002495
-0.002259
-0.005951
-0.008362
-0.008057
-0.007138
-0.007373
-0.005874
-0.005145
-0.007044
-0.008697
-0.009607
-0.009687
-0.009205
-0.009265
-0.007093
-0.003473
-0.001971
-0.002876
-0.005039
-0.005239
-0.003850
-0.001985
0.000596
0.003829
0.003997
0.001293
-0.000894
-0.001012
-0.001193
-0.002960
-0.003841
-0.003557
-0.003559
-0.002474
0.001791
0.007323
0.009164
0.007183
0.003011
0.000220
-0.000271
-0.000442
-0.000694
-0.001136
-0.001004
-0.000421
-0.000513
-0.001070
-0.003511
-0.003928
-0.000355
0.003894
