-0.002909
0.013643
0.074857
0.177082
0.284871
0.365986
0.472895
0.669945
0.965145
1.317827
1.689538
2.062919
2.419247
2.748231
3.062939
3.372371
3.668097
3.949301
4.224265
4.499290
4.781070
5.073888
5.374706
5.680757
5.985092
6.286962
6.590505
6.889879
7.186069
7.479280
7.769231
8.044430
8.304579
8.556087
8.802422
9.046802
9.291721
9.547868
9.801532
10.048385
10.293189
10.529103
10.768074
11.017394
11.269018
11.513875
11.747246
11.978362
12.199258
12.394866
12.566356
12.721938
12.875217
13.030565
13.172576
13.313106
13.482880
13.660346
13.828009
13.987659
14.128676
14.252822
14.376357
14.509196
14.652107
14.792392
14.917537
15.010360
15.061722
15.083300
15.109261
15.152944
15.200101
15.249460
15.288475
15.306663
15.301359
15.275652
15.243445
15.219633
15.207782
15.198730
15.203019
15.219294
15.236812
15.234015
15.193257
15.124426
15.042265
14.953621
14.867661
14.790460
14.718938
14.646913
14.564077
14.460985
14.341985
14.215335
14.078923
13.941646
13.803812
13.659150
13.512829
13.374030
13.242192
13.113167
12.987287
12.846332
12.673701
12.488566
12.319527
12.177038
12.040115
11.898575
11.753354
11.584374
11.386596
11.172132
10.949211
10.722338
10.495772
10.272909
10.062373
9.852552
9.616488
9.365190
9.117028
8.857962
8.583919
8.299994
8.015995
7.725875
7.428304
7.131778
6.839673
6.563628
6.309246
6.049472
5.764598
5.455356
5.135875
4.808699
4.476707
4.145542
3.803437
3.457364
3.113137
2.764005
2.412023
2.067358
1.744815
1.441709
1.146788
0.864965
0.598048
0.336483
0.065120
-0.217137
-0.503135
-0.781160
-1.047099
-1.294633
-1.535934
-1.787191
-2.055075
-2.347463
-2.638530
-2.928664
-3.238783
-3.566406
-3.902224
-4.232017
-4.534112
-4.827347
-5.133992
-5.453939
-5.786122
-6.114536
-6.438822
-6.748156
-7.038474
-7.324322
-7.613458
-7.912815
-8.217340
-8.512021
-8.777850
-9.011641
-9.215626
-9.403502
-9.605544
-9.837296
-10.099380
-10.375455
-10.639324
-10.882141
-11.105093
-11.307143
-11.490028
-11.653296
-11.815057
-11.977014
-12.133772
-12.295337
-12.456566
-12.608932
-12.744358
-12.861144
-12.968055
-13.058669
-13.120435
-13.148729
-13.172896
-13.209271
-13.257049
-13.313098
-13.380868
-13.465016
-13.550425
-13.639712
-13.729049
-13.821229
-13.911562
-13.986288
-14.035243
-14.060717
-14.070809
-14.077159
-14.083508
-14.091956
-14.092277
-14.074817
-14.045248
-14.013268
-13.985500
-13.961636
-13.930185
-13.880567
-13.822495
-13.752477
-13.669771
-13.590687
-13.515102
-13.444873
-13.379349
-13.310284
-13.233293
-13.149791
-13.059621
-12.956977
-12.848995
-12.737219
-12.621108
-12.499456
-12.376530
-12.244532
-12.104246
-11.968186
-11.827300
-11.672680
-11.512110
-11.348248
-11.189685
-11.030995
-10.882996
-10.747037
-10.605840
-10.463305
-10.317782
-10.166230
-9.999517
-9.811907
-9.624818
-9.459853
-9.322302
-9.190788
-9.032675
-8.847828
-8.638597
-8.403919
-8.147780
-7.865722
-7.559396
-7.249012
-6.942308
-6.635943
-6.341971
-6.068461
-5.805459
-5.541679
-5.274749
-5.001479
-4.733525
-4.472486
-4.202013
-3.921484
-3.618341
-3.284466
-2.937203
-2.583183
-2.222224
-2.217777
-1.845012
-1.492073
-1.159770
-0.833029
-0.495280
-0.142498
0.221747
0.587008
0.936451
1.276550
1.621045
1.971521
2.311699
2.629606
2.930423
3.222921
3.522849
3.827764
4.129191
4.430566
4.735740
5.050420
5.360462
5.660658
5.965911
6.272485
6.568153
6.851136
7.124546
7.392073
7.658796
7.934735
8.221102
8.515178
8.804873
9.074700
9.328479
9.577265
9.821404
10.050808
10.258043
10.442704
10.606439
10.759356
10.920135
11.090600
11.270822
11.469312
11.673044
11.864326
12.043708
12.227673
12.427238
12.621870
12.796069
12.956121
13.107579
13.255831
13.402622
13.545753
13.690068
13.832656
13.960104
14.071404
14.169622
14.265361
14.361328
14.461016
14.562660
14.638823
14.682920
14.709648
14.729146
14.759436
14.790267
14.809479
14.818586
14.811746
14.798606
14.786214
14.767842
14.738568
14.718857
14.717707
14.719632
14.721734
14.719501
14.709719
14.686207
14.646522
14.596335
14.537385
14.475872
14.410816
14.337568
14.263266
14.196238
14.128139
14.049456
13.959352
13.864213
13.773578
13.682899
13.597545
13.532234
13.495171
13.473515
13.429600
13.333746
13.201869
13.038537
12.854561
12.673923
12.504209
12.343659
12.184586
12.025586
11.856133
11.665327
11.453206
11.243069
11.041405
10.839807
10.620228
10.372272
10.102098
9.811248
9.513141
9.214495
8.909497
8.599762
8.294659
7.997550
7.703114
7.410962
7.111338
6.801331
6.473866
6.139245
5.816482
5.514526
5.216095
4.904760
4.589209
4.272812
3.946556
3.628579
3.330251
3.033643
2.723219
2.397392
2.077796
1.776121
1.484855
1.200118
0.921571
0.650966
0.377348
0.082679
-0.231198
-0.552795
-0.882810
-1.217471
-1.533113
-1.833097
-2.133309
-2.444128
-2.773540
-3.123417
-3.480808
-3.841117
-4.221657
-4.623816
-5.024271
-5.400494
-5.740218
-6.045716
-6.333657
-6.603841
-6.875014
-7.165205
-7.472004
-7.790219
-8.102168
-8.389974
-8.651130
-8.900339
-9.139527
-9.354108
-9.534988
-9.717976
-9.921071
-10.134941
-10.348517
-10.553494
-10.749888
-10.938211
-11.137475
-11.337560
-11.528849
-11.702693
-11.856373
-12.005077
-12.162124
-12.326386
-12.493980
-12.670428
-12.845703
-13.014846
-13.184731
-13.356921
-13.511994
-13.647588
-13.784313
-13.921906
-14.049414
-14.163741
-14.270713
-14.369930
-14.453508
-14.520563
-14.571812
-14.609136
-14.632740
-14.641283
-14.633109
-14.610735
-14.577813
-14.532137
-14.482716
-14.447172
-14.424109
-14.406848
-14.396229
-14.375484
-14.327025
-14.266497
-14.217197
-14.185380
-14.158076
-14.125030
-14.069654
-14.002224
-13.944136
-13.890574
-13.819658
-13.714961
-13.598075
-13.477379
-13.345419
-13.202633
-13.050575
-12.892377
-12.743788
-12.603665
-12.462655
-12.313385
-12.153340
-11.990193
-11.840069
-11.705834
-11.577836
-11.439587
-11.287959
-11.134818
-10.989747
-10.856870
-10.725641
-10.579865
-10.421547
-10.258131
-10.081229
-9.872817
-9.630261
-9.365709
-9.085584
-8.797358
-8.520271
-8.246700
-7.957091
-7.646255
-7.328800
-7.020290
-6.717071
-6.398239
-6.073742
-5.765263
-5.465762
-5.159835
-4.854762
-4.559006
-4.277538
-4.021848
-3.772975
-3.506261
-3.205936
-2.862539
-2.497912
-2.137913
-1.772596
-1.464010
-1.174876
-0.889976
-0.590920
-0.270948
0.069731
0.426821
0.781364
1.120438
1.435124
1.722234
2.003371
2.291084
2.577155
2.855379
3.129066
3.405180
3.696941
4.004003
4.290678
4.549537
4.797700
5.042369
5.295182
5.564306
5.831677
6.094790
6.364841
6.640449
6.911571
7.151021
7.374920
7.613584
7.853510
8.081971
8.302749
8.523282
8.736415
8.937745
9.142999
9.366664
9.600931
9.833409
10.060722
10.274184
10.477119
10.672792
10.866648
11.056463
11.234742
11.421039
11.613746
11.800893
11.973598
12.143225
12.311211
12.464249
12.598127
12.717906
12.851020
13.003162
13.150772
13.276484
13.388859
13.491255
13.582458
13.651924
13.686529
13.712893
13.755853
13.817853
13.891310
13.964885
14.024985
14.069945
14.098131
14.101035
14.079404
14.043382
14.002504
13.977195
13.976173
13.989344
14.004211
14.005615
13.982683
13.931444
13.861934
13.772817
13.666463
13.550863
13.430931
13.314260
13.213464
13.127310
13.038648
12.945993
12.851104
12.760466
12.665601
12.567972
12.477781
12.392633
12.303124
12.201048
12.083073
11.948222
11.805326
11.673982
11.558718
11.438896
11.302559
11.148068
10.981645
10.807382
10.638346
10.466973
10.286203
10.092317
9.876937
9.640446
9.384865
9.118709
8.848773
8.576841
8.305854
8.022854
7.725979
7.420548
7.107549
6.794196
6.488410
6.169332
5.814747
5.428018
5.038507
4.667452
4.309293
3.951596
3.603996
3.275898
2.951736
2.633691
2.314656
2.002074
1.691151
1.384393
1.102002
0.845128
0.586785
0.312337
0.030094
-0.256114
-0.546047
-0.840599
-1.130805
-1.417277
-1.703830
-1.984072
-2.255828
-2.533403
-2.832401
-3.159422
-3.503677
-3.840675
-4.164076
-4.492584
-4.837931
-5.195760
-5.561241
-5.920402
-6.249371
-6.542015
-6.804449
-7.049789
-7.294441
-7.549423
-7.812486
-8.079447
-8.355658
-8.639124
-8.919052
-9.209774
-9.500340
-9.785116
-10.058187
-10.313724
-10.565192
-10.828181
-11.110640
-11.409295
-11.702803
-11.967010
-12.203454
-12.419653
-12.623137
-12.829730
-13.044248
-13.255293
-13.462367
-13.671986
-13.877392
-14.057148
-14.198971
-14.313746
-14.409919
-14.505796
-14.621248
-14.759094
-14.901022
-15.043958
-15.175801
-15.272703
-15.339347
-15.389627
-15.420720
-15.439666
-15.463582
-15.500584
-15.563760
-15.657055
-15.769468
-15.880272
-15.979338
-16.066559
-16.134151
-16.176064
-16.208746
-16.248856
-16.282801
-16.287308
-16.267294
-16.234198
-16.206533
-16.192133
-16.183264
-16.159807
-16.109386
-16.039482
-15.968249
-15.900118
-15.828373
-15.774487
-15.736091
-15.687192
-15.610308
-15.509964
-15.415421
-15.337074
-15.274053
-15.203452
-15.111296
-15.004852
-14.887304
-14.760824
-14.624871
-14.487239
-14.355944
-14.226851
-14.095202
-13.945886
-13.781606
-13.613449
-13.448071
-13.302714
-13.163405
-13.004821
-12.825499
-12.636539
-12.431534
-12.210814
-11.984015
-11.758931
-11.529031
-11.283114
-11.022081
-10.754346
-10.476956
-10.190623
-9.893773
-9.581769
-9.260523
-8.944399
-8.630735
-8.320472
-8.003731
-7.679276
-7.368145
-7.085991
-6.808316
-6.512565
-6.197630
-5.878808
-5.553517
-5.218266
-4.877973
-4.529104
-4.184639
-3.842215
-2.100252
-1.770304
-1.466570
-1.174938
-0.879153
-0.561507
-0.231582
0.102998
0.442310
0.783230
1.119837
1.458358
1.810820
2.177912
2.547612
2.894973
3.205404
3.481731
3.749176
4.030594
4.339180
4.673254
5.016292
5.345471
5.647596
5.918990
6.176788
6.443558
6.722319
7.009313
7.304793
7.610528
7.910066
8.183835
8.447510
8.724185
9.015998
9.315355
9.603222
9.869823
10.104431
10.301795
10.486501
10.675975
10.873174
11.080008
11.287771
11.508283
11.731528
11.950543
12.158478
12.351510
12.546751
12.749365
12.954354
13.154635
13.342769
13.526126
13.722179
13.942369
14.164418
14.359967
14.521707
14.655010
14.773639
14.875088
14.955190
15.039887
15.121790
15.173765
15.195502
15.196208
15.180861
15.148936
15.104172
15.073561
15.071300
15.089273
15.114363
15.135509
15.159037
15.182452
15.197547
15.200575
15.185283
15.139249
15.055366
14.940233
14.826530
14.739768
14.661692
14.570548
14.471632
14.381593
14.307528
14.239150
14.166039
14.091359
14.010742
13.898505
13.736458
13.530631
13.322672
13.158157
13.037710
12.936740
12.846189
12.748581
12.628411
12.495876
12.342434
12.176306
12.019998
11.868843
11.711171
11.542400
11.366297
11.187280
10.993110
10.790290
10.586932
10.382020
10.174101
9.946491
9.687289
9.387726
9.061289
8.731198
8.405888
8.086968
7.783853
7.504443
7.247705
6.999313
6.744907
6.483552
6.223253
5.959451
5.688734
5.418478
5.137884
4.836313
4.525036
4.217130
3.907415
3.606098
3.314888
3.023150
2.734265
2.453612
2.181739
1.915737
1.659002
1.412276
1.158281
0.893432
0.629487
0.347832
0.041123
-0.277034
-0.589098
-0.905148
-1.226976
-1.539271
-1.835905
-2.122550
-2.400925
-2.679382
-2.968897
-3.280391
-3.614276
-3.950641
-4.281589
-4.611084
-4.935177
-5.246036
-5.553745
-5.873676
-6.207992
-6.554049
-6.897952
-7.214712
-7.498770
-7.775883
-8.059597
-8.333897
-8.595358
-8.853311
-9.122436
-9.402199
-9.680988
-9.955482
-10.223409
-10.477974
-10.709144
-10.926879
-11.130724
-11.328431
-11.533108
-11.736434
-11.934072
-12.131183
-12.318830
-12.485065
-12.639610
-12.798639
-12.969671
-13.139693
-13.300037
-13.440525
-13.558236
-13.671001
-13.789280
-13.897946
-14.005715
-14.110233
-14.210887
-14.305461
-14.390008
-14.464439
-14.529634
-14.575786
-14.604890
-14.640083
-14.676206
-14.720282
-14.792670
-14.892813
-14.999922
-15.090193
-15.151123
-15.172365
-15.167686
-15.154591
-15.137630
-15.117220
-15.094591
-15.055792
-14.993956
-14.932830
-14.891924
-14.870255
-14.849463
-14.811995
-14.745727
-14.660303
-14.553706
-14.424225
-14.283845
-14.141250
-14.011646
-13.905376
-13.819100
-13.731594
-13.627883
-13.512043
-13.394235
-13.264496
-13.125725
-12.989992
-12.863676
-12.745364
-12.620821
-12.486762
-12.343741
-12.192589
-12.035559
-11.874796
-11.709486
-11.539377
-11.375037
-11.217445
-11.052535
-10.862417
-10.634055
-10.371671
-10.087094
-9.792586
-9.503871
-9.221416
-8.934653
-8.640262
-8.341049
-8.041277
-7.741674
-7.432207
-7.104847
-6.758590
-6.408278
-6.062993
-5.723901
-5.383336
-5.046156
-4.717393
-4.398655
-4.104253
-3.839684
-3.594351
-3.341785
-3.056821
-3.800934
-3.486711
-3.166733
-2.844502
-2.520960
-2.191875
-1.839106
-1.462752
-1.089024
-0.725507
-0.364269
-0.003542
0.347576
0.686715
1.018903
1.334119
1.634267
1.932605
2.222790
2.496922
2.782034
3.084762
3.386797
3.672236
3.930842
4.164216
4.400667
4.659395
4.942499
5.241212
5.537129
5.827224
6.120648
6.412818
6.709455
7.014281
7.318942
7.616124
7.904033
8.187244
8.440755
8.665084
8.873274
9.080580
9.294827
9.515285
9.748238
9.994021
10.236641
10.465784
10.689099
10.915709
11.147573
11.379527
11.590894
11.777413
11.946934
12.091200
12.218023
12.334046
12.431443
12.523117
12.632552
12.737720
12.847389
12.967328
13.083173
13.193587
13.296382
13.381907
13.451708
13.532813
13.639668
13.764812
13.894041
13.998525
14.061892
14.095777
14.102340
14.096047
14.080494
14.045493
13.993290
13.927035
13.874100
13.851154
13.842703
13.833704
13.813231
13.785860
13.752694
13.709272
13.652671
13.586982
13.514977
13.422342
13.307486
13.198908
13.098557
12.996121
12.891811
12.785294
12.674073
12.543897
12.403118
12.252924
12.103936
11.957140
11.827769
11.721726
11.626264
11.529077
11.419735
11.311654
11.203907
11.082460
10.948100
10.792953
10.609991
10.413881
10.206794
9.973121
9.713954
9.449955
9.171931
8.870522
8.549131
8.211923
7.867091
7.514953
7.154360
6.793266
6.450329
6.134057
5.837484
5.539445
5.224411
4.892300
4.561372
4.245663
3.931402
3.605592
3.271804
2.936978
2.587023
2.233723
1.896659
1.583035
1.282632
0.991514
0.712857
0.442666
0.184422
-0.061465
-0.311690
-0.579712
-0.847605
-1.106420
-1.368558
-1.644698
-1.921353
-2.200187
-2.496786
-2.826380
-3.196620
-3.595383
-4.009974
-4.420428
-4.807346
-5.165471
-5.498631
-5.802547
-6.082775
-6.367157
-6.671153
-6.997009
-7.337039
-7.686540
-8.046239
-8.411745
-8.752407
-9.068397
-9.366070
-9.646704
-9.917933
-10.185309
-10.452547
-10.724955
-10.983428
-11.219667
-11.453020
-11.689419
-11.927191
-12.167917
-12.413725
-12.657266
-12.899052
-13.121316
-13.315273
-13.485752
-13.645602
-13.819113
-14.018797
-14.232061
-14.450462
-14.659740
-14.846598
-15.013679
-15.172606
-15.338923
-15.507004
-15.652761
-15.770598
-15.870434
-15.954668
-16.033237
-16.122662
-16.223705
-16.331060
-16.430706
-16.511726
-16.577715
-16.629885
-16.667023
-16.687355
-16.690075
-16.675585
-16.663956
-16.677797
-16.713659
-16.751154
-16.784250
-16.811752
-16.815058
-16.781382
-16.713905
-16.630411
-16.550371
-16.473366
-16.406590
-16.335207
-16.238955
-16.133169
-16.041862
-15.966078
-15.889096
-15.797719
-15.690968
-15.578544
-15.478292
-15.390641
-15.307212
-15.220417
-15.134517
-15.046635
-14.945107
-14.842193
-14.736174
-14.630776
-14.528741
-14.418175
-14.285235
-14.124644
-13.944941
-13.755397
-13.571479
-13.395265
-13.217888
-13.035444
-12.852168
-12.665052
-12.468835
-12.252145
-12.009915
-11.762813
-11.515216
-11.261430
-11.005202
-10.739489
-10.459547
-10.166460
-9.869035
-9.575204
-9.289939
-9.004639
-8.723915
-8.461196
-8.213265
-7.964530
-7.700187
-7.409065
-7.098023
-6.775050
-6.434629
-6.096635
-5.774240
-5.465436
-5.167274
-4.871384
-4.576385
-2.866651
-2.564342
-2.256304
-1.946474
-1.626932
-1.285678
-0.936243
-0.591938
-0.263013
0.053474
0.369621
0.689838
1.013891
1.337687
1.651166
1.957654
2.275916
2.603279
2.922476
3.232887
3.551444
3.881400
4.206117
4.520009
4.802358
5.035911
5.232555
5.428217
5.651121
5.896629
6.144973
6.383763
6.633913
6.898734
7.178429
7.462597
7.736433
8.004994
8.269284
8.523877
8.763097
9.003596
9.265350
9.538474
9.797080
10.035852
10.271247
10.506974
10.755944
11.005521
11.232270
11.450481
11.674892
11.901315
12.118755
12.307553
12.460663
12.603146
12.763749
12.936886
13.107316
13.260165
13.398407
13.526880
13.642951
13.748022
13.843779
13.926063
14.003700
14.085504
14.160398
14.223046
14.275236
14.306785
14.307593
14.283406
14.248247
14.205931
14.160432
14.116236
14.073748
14.053260
14.056696
14.071661
14.091529
14.099730
14.082264
14.037971
13.973118
13.899605
13.834944
13.781972
13.727680
13.665734
13.598984
13.524300
13.430993
13.326770
13.223507
13.114211
12.991282
12.853118
12.705281
12.560555
12.427277
12.314688
12.208140
12.091354
11.963831
11.837337
11.724572
11.633882
11.566555
11.496222
11.411146
11.302999
11.162520
11.004665
10.832701
10.631352
10.404095
10.157751
9.909730
9.652989
9.364055
9.035977
8.690906
8.337074
7.985216
7.645472
7.309964
6.972000
6.645217
6.332678
6.034101
5.751795
5.465131
5.155064
4.833875
4.517001
4.208113
3.895948
3.573404
3.248619
2.929609
2.619469
2.322268
2.033466
1.740601
1.438498
1.131373
0.816921
0.506158
0.211725
-0.076147
-0.370463
-0.666465
-0.970861
-1.296174
-1.640480
-1.984565
-2.308321
-2.613694
-2.917316
-3.217141
-3.509300
-3.814357
-4.143335
-4.489662
-4.832956
-5.158138
-5.467736
-5.769905
-6.075555
-6.394490
-6.735586
-7.077760
-7.401963
-7.708939
-7.997975
-8.273624
-8.551723
-8.841821
-9.135815
-9.417733
-9.677826
-9.915513
-10.133965
-10.346900
-10.581313
-10.843871
-11.117691
-11.379836
-11.608144
-11.809543
-12.005205
-12.199154
-12.388734
-12.579008
-12.774570
-12.976412
-13.184901
-13.373338
-13.526671
-13.651692
-13.775520
-13.908092
-14.044827
-14.177289
-14.291405
-14.402931
-14.517592
-14.627151
-14.729502
-14.829414
-14.929855
-15.038380
-15.149530
-15.247723
-15.319246
-15.362968
-15.387455
-15.400568
-15.405838
-15.415432
-15.439213
-15.477354
-15.514391
-15.536297
-15.546230
-15.554619
-15.565731
-15.594532
-15.621107
-15.621914
-15.598343
-15.551189
-15.493927
-15.431147
-15.358177
-15.275835
-15.185997
-15.090256
-14.989813
-14.898945
-14.824924
-14.753210
-14.680244
-14.602381
-14.513460
-14.413095
-14.310051
-14.219506
-14.142964
-14.069894
-13.991302
-13.902385
-13.813340
-13.724694
-13.616238
-13.477698
-13.325927
-13.173032
-13.017126
-12.855165
-12.693868
-12.537600
-12.383012
-12.231582
-12.076627
-11.919015
-11.774974
-11.642173
-11.481856
-11.278743
-11.043347
-10.780930
-10.495191
-10.191989
-9.876780
-9.548825
-9.214128
-8.883716
-8.557508
-8.236023
-7.928161
-7.623216
-7.322413
-7.021927
-6.708118
-6.386783
-6.065035
-5.735594
-5.395905
-5.056165
-4.722149
-4.402281
-4.085196
-3.751939
-3.400484
-3.614020
-3.255529
-2.916809
-2.591864
-2.275489
-1.959457
-1.635698
-1.319123
-1.012121
-0.707493
-0.409486
-0.111663
0.194989
0.511078
0.829939
1.142568
1.436316
1.717721
2.007927
2.299684
2.585514
2.873106
3.156783
3.421159
3.657686
3.874982
4.084654
4.289843
4.494650
4.714437
4.961212
5.217717
5.485617
5.758274
6.021008
6.272171
6.534217
6.803105
7.074766
7.348493
7.616141
7.880462
8.147895
8.416389
8.671279
8.903800
9.116910
9.312510
9.506656
9.697606
9.882483
10.071490
10.268133
10.470113
10.673766
10.873959
11.066128
11.251370
11.425324
11.572237
11.698256
11.817043
11.936218
12.041128
12.125684
12.206802
12.288849
12.357329
12.406852
12.446250
12.469282
12.496654
12.544493
12.594031
12.645463
12.704153
12.737929
12.741547
12.739536
12.747669
12.766062
12.786228
12.803699
12.815506
12.816683
12.801886
12.770401
12.724635
12.660286
12.579351
12.494123
12.421373
12.372117
12.319994
12.253628
12.174438
12.078770
11.970499
11.847759
11.715099
11.577411
11.436161
11.278427
11.118602
10.965302
10.825435
10.685068
10.548008
10.431921
10.321110
10.199052
10.068246
9.933258
9.792907
9.643162
9.488876
9.325438
9.153849
8.970067
8.772912
8.557606
8.315514
8.052851
7.781717
7.512658
7.251577
6.988499
6.704560
6.411121
6.112433
5.797294
5.467266
5.123321
4.769193
4.421725
4.083358
3.741866
3.393656
3.054911
2.730311
2.410031
2.074658
1.727955
1.393620
1.086145
0.807239
0.547042
0.280759
-0.004132
-0.298318
-0.598119
-0.897493
-1.203488
-1.517924
-1.829557
-2.137599
-2.444351
-2.745050
-3.031797
-3.300647
-3.551363
-3.793099
-4.017176
-4.231751
-4.446178
-4.662954
-4.906266
-5.178733
-5.477428
-5.795280
-6.117336
-6.421201
-6.722903
-7.053395
-7.415444
-7.786695
-8.141893
-8.475437
-8.798805
-9.125681
-9.458970
-9.783074
-10.083769
-10.362688
-10.629175
-10.895901
-11.154336
-11.388952
-11.597325
-11.778305
-11.950475
-12.148606
-12.388587
-12.654621
-12.920662
-13.192310
-13.461482
-13.712619
-13.952003
-14.175236
-14.378778
-14.570364
-14.756240
-14.936875
-15.115648
-15.284313
-15.436682
-15.571234
-15.696945
-15.835762
-15.990929
-16.146578
-16.290546
-16.427647
-16.566628
-16.702259
-16.818995
-16.907810
-16.978481
-17.030979
-17.074265
-17.114044
-17.148838
-17.185648
-17.228420
-17.275047
-17.324394
-17.363760
-17.382755
-17.385519
-17.394058
-17.422920
-17.460863
-17.493788
-17.518166
-17.526579
-17.511768
-17.470886
-17.426805
-17.380205
-17.326349
-17.268230
-17.191248
-17.087763
-16.966707
-16.829210
-16.695042
-16.578398
-16.473682
-16.370119
-16.258942
-16.138189
-16.015469
-15.900862
-15.809130
-15.726652
-15.618710
-15.490221
-15.355993
-15.220516
-15.090095
-14.972281
-14.854258
-14.713170
-14.541778
-14.343719
-14.126123
-13.902907
-13.689236
-13.489838
-13.290798
-13.084627
-12.875823
-12.644859
-12.396357
-12.147351
-11.900691
-11.642196
-11.358974
-11.059608
-10.755802
-10.453361
-10.145317
-9.833720
-9.539553
-9.253476
-8.959354
-8.663891
-8.375317
-8.089541
-7.804649
-7.516277
-7.219623
-6.915561
-6.594078
-6.257495
-5.907300
-5.549707
-5.182148
-4.792629
-2.965117
-2.588714
-2.227945
-1.862300
-1.500206
-1.169062
-0.885973
-0.644877
-0.414996
-0.162323
0.109914
0.384972
0.667033
0.969753
1.276885
1.585705
1.900769
2.217981
2.524208
2.799396
3.039836
3.255965
3.464304
3.676725
3.899303
4.146030
4.416264
4.694508
4.977235
5.275579
5.590902
5.898314
6.189547
6.469276
6.736660
6.993846
7.237647
7.475782
7.724380
7.987639
8.259865
8.530884
8.792774
9.040585
9.282282
9.534866
9.783317
10.006292
10.204865
10.390474
10.576139
10.763783
10.957645
11.151903
11.336163
11.500914
11.656544
11.811579
11.965004
12.116924
12.278900
12.434370
12.563023
12.666626
12.761086
12.873289
13.006641
13.140181
13.249218
13.322710
13.365002
13.393166
13.427618
13.484764
13.551609
13.605534
13.629400
13.628109
13.630344
13.633677
13.628218
13.624504
13.623333
13.618723
13.611074
13.599941
13.587437
13.571470
13.535503
13.465469
13.377739
13.286417
13.189690
13.098125
13.023695
12.959881
12.903465
12.856520
12.816769
12.779432
12.733772
12.682093
12.616743
12.527710
12.409084
12.260677
12.098564
11.942209
11.798481
11.668402
11.550732
11.441521
11.339010
11.230028
11.119118
11.008076
10.879347
10.721186
10.528410
10.292059
10.020996
9.750738
9.491676
9.240520
8.992983
8.743046
8.492412
8.227228
7.946148
7.664266
7.392009
7.118161
6.829039
6.535235
6.244021
5.956395
5.668442
5.385690
5.118333
4.849170
4.558725
4.240993
3.904345
3.572079
3.243343
2.909650
2.575204
2.248456
1.932783
1.614182
1.294499
0.977275
0.670825
0.378978
0.102701
-0.156215
-0.413506
-0.670576
-0.926456
-1.194308
-1.479506
-1.773016
-2.071979
-2.378678
-2.684234
-2.989050
-3.303692
-3.627151
-3.958231
-4.302720
-4.659958
-5.020094
-5.368429
-5.692240
-5.992833
-6.280021
-6.550781
-6.789363
-7.016106
-7.258829
-7.529838
-7.825421
-8.134325
-8.450186
-8.756468
-9.052887
-9.337368
-9.606369
-9.859552
-10.090216
-10.306499
-10.516333
-10.739237
-10.975681
-11.217577
-11.462511
-11.711075
-11.952827
-12.177231
-12.384312
-12.573574
-12.747730
-12.914995
-13.083313
-13.248520
-13.400997
-13.538176
-13.666685
-13.788925
-13.911615
-14.035324
-14.158329
-14.279221
-14.387320
-14.479012
-14.553810
-14.611099
-14.652176
-14.679100
-14.703993
-14.739100
-14.786152
-14.838556
-14.886770
-14.930706
-14.969206
-15.004942
-15.045769
-15.087849
-15.119164
-15.134714
-15.137241
-15.142786
-15.153936
-15.160110
-15.154503
-15.137850
-15.107265
-15.064196
-15.009098
-14.931982
-14.836943
-14.734035
-14.640564
-14.574989
-14.541357
-14.510958
-14.445276
-14.343281
-14.210987
-14.067331
-13.924295
-13.784449
-13.655420
-13.540226
-13.437183
-13.339451
-13.235884
-13.118593
-12.984610
-12.846197
-12.709824
-12.569653
-12.418453
-12.255724
-12.097198
-11.941778
-11.793447
-11.648018
-11.495884
-11.329933
-11.152063
-10.968767
-10.774698
-10.569307
-10.352793
-10.124771
-9.871935
-9.582664
-9.282120
-8.993753
-8.712744
-8.429636
-8.140673
-7.852614
-7.548139
-7.224853
-6.896055
-6.563440
-6.231103
-5.899971
-5.562676
-5.222477
-4.884905
-4.541768
-4.205633
-3.881255
-3.569445
-3.259097
-2.953080
-4.144743
-3.842690
-3.527878
-3.207721
-2.875472
-2.523161
-2.163979
-1.820457
-1.506482
-1.210954
-0.928854
-0.646082
-0.348025
-0.028551
0.298864
0.625468
0.946545
1.250468
1.544690
1.844781
2.149596
2.450570
2.745358
3.032686
3.305667
3.560826
3.800643
4.035769
4.271319
4.510949
4.763883
5.035964
5.323496
5.610558
5.891211
6.173608
6.462082
6.756112
7.047834
7.322510
7.584849
7.836545
8.075272
8.290431
8.490026
8.689224
8.896132
9.109930
9.317228
9.511840
9.700415
9.885069
10.058756
10.216660
10.374871
10.537586
10.710431
10.890656
11.070191
11.239123
11.371372
11.480513
11.594025
11.720345
11.845877
11.957768
12.065819
12.184934
12.301793
12.408059
12.511702
12.614812
12.706804
12.781149
12.836867
12.873205
12.892272
12.900387
12.902738
12.904713
12.904658
12.883551
12.839720
12.781169
12.712827
12.639434
12.561020
12.476460
12.395070
12.324399
12.246648
12.160922
12.073345
11.985455
11.898644
11.822829
11.754666
11.679475
11.592324
11.493521
11.388880
11.287444
11.183541
11.066823
10.939820
10.819734
10.701892
10.581513
10.466125
10.345629
10.207602
10.051820
9.884079
9.712239
9.527202
9.308374
9.065984
8.825675
8.585546
8.350691
8.138870
7.927362
7.703295
7.456057
7.179042
6.893539
6.619268
6.366533
6.120318
5.865378
5.601971
5.312768
5.005971
4.687801
4.343281
3.987377
3.635150
3.294281
2.952947
2.607537
2.266264
1.927194
1.578610
1.222442
0.875130
0.538201
0.206257
-0.109304
-0.405990
-0.689661
-0.973358
-1.267869
-1.582807
-1.915483
-2.252013
-2.578331
-2.884020
-3.183303
-3.476881
-3.753241
-4.025797
-4.307203
-4.590255
-4.873877
-5.179800
-5.510157
-5.847673
-6.196629
-6.561478
-6.930022
-7.275770
-7.602619
-7.920991
-8.219437
-8.505350
-8.795116
-9.100904
-9.417651
-9.737164
-10.060746
-10.385866
-10.693186
-10.968777
-11.219605
-11.455884
-11.682624
-11.903184
-12.124876
-12.353518
-12.580659
-12.821395
-13.078687
-13.329413
-13.569777
-13.813813
-14.047770
-14.245596
-14.397720
-14.525545
-14.667263
-14.829650
-14.998646
-15.164018
-15.321950
-15.469697
-15.601933
-15.722770
-15.850162
-15.983024
-16.124508
-16.272640
-16.413563
-16.533043
-16.630737
-16.714149
-16.782902
-16.831333
-16.857853
-16.870266
-16.891342
-16.924797
-16.971054
-17.033714
-17.098145
-17.153175
-17.193970
-17.230679
-17.264523
-17.287048
-17.308464
-17.333260
-17.358715
-17.389111
-17.413757
-17.425564
-17.426521
-17.416649
-17.389900
-17.340145
-17.268818
-17.183704
-17.101566
-17.026878
-16.963360
-16.911213
-16.863857
-16.817547
-16.761414
-16.686749
-16.605228
-16.512501
-16.408142
-16.304478
-16.194477
-16.075592
-15.937732
-15.781726
-15.607018
-15.425498
-15.259381
-15.113940
-14.992056
-14.882987
-14.766503
-14.627098
-14.486741
-14.344784
-14.181064
-13.996747
-13.810798
-13.641728
-13.488442
-13.351366
-13.234208
-13.132741
-13.021282
-12.875932
-12.681610
-12.435204
-12.166322
-11.901858
-11.639651
-11.367002
-11.086405
-10.807769
-10.531573
-10.251219
-9.976504
-9.710684
-9.434358
-9.143959
-8.852600
-8.564954
-8.271006
-7.963815
-7.647539
-7.326130
-7.004859
-6.692183
-6.382248
-4.213015
-3.892244
-3.548546
-3.190053
-2.840555
-2.482666
-2.109719
-1.743047
-1.393101
-1.058571
-0.736994
-0.412911
-0.076247
0.279628
0.651689
1.013178
1.360556
1.685517
1.986696
2.276343
2.573184
2.888572
3.220149
3.561987
3.906936
4.243611
4.573921
4.903018
5.220165
5.510356
5.777584
6.028839
6.270446
6.508231
6.756580
7.027520
7.323911
7.644200
7.963233
8.271997
8.580156
8.890862
9.208876
9.512663
9.787634
10.033829
10.250322
10.446120
10.636737
10.829788
11.024323
11.218044
11.410276
11.585560
11.749821
11.902906
12.036171
12.165606
12.299196
12.434002
12.580732
12.740820
12.901007
13.057356
13.216558
13.386324
13.558708
13.726067
13.883394
14.026571
14.151905
