1111799755	890
1111799755	890
1111799755	906
1111799755	984
1111799755	984
1111799755	984
1111799755	984
1111799755	984
1111799756	0
1111799756	0
1111799756	15
1111799756	15
1111799756	31
1111799756	203
1111799756	203
1111799756	203
1111799756	203
1111799756	203
1111799756	218
1111799756	218
1111799756	234
1111799756	234
1111799756	250
1111799756	250
1111799756	265
1111799756	265
1111799756	281
1111799756	281
1111799756	296
1111799756	296
1111799756	312
1111799756	312
1111799756	328
1111799756	328
1111799756	343
1111799756	343
1111799756	359
1111799756	359
1111799756	375
1111799756	375
1111799756	390
1111799756	421
1111799756	421
1111799756	421
1111799756	421
1111799756	421
1111799756	437
1111799756	437
1111799756	453
1111799756	453
1111799756	468
1111799756	468
1111799756	484
1111799756	484
1111799756	500
1111799756	500
1111799756	515
1111799756	515
1111799756	531
1111799756	531
1111799756	546
1111799756	546
1111799756	562
1111799756	562
1111799756	578
1111799756	578
1111799756	593
1111799756	593
1111799756	609
1111799756	640
1111799756	640
1111799756	640
1111799756	640
1111799756	640
1111799756	656
1111799756	656
1111799756	671
1111799756	671
1111799756	687
1111799756	687
1111799756	703
1111799756	703
1111799756	718
1111799756	718
1111799756	734
1111799756	734
1111799756	750
1111799756	750
1111799756	765
1111799756	765
1111799756	781
1111799756	781
1111799756	796
1111799756	796
1111799756	812
1111799756	812
1111799756	828
1111799756	859
1111799756	859
1111799756	859
1111799756	859
1111799756	859
1111799756	875
1111799756	875
1111799756	890
1111799756	890
1111799756	906
1111799756	906
1111799756	921
1111799756	921
1111799756	937
1111799756	937
1111799756	953
1111799756	953
1111799756	968
1111799756	968
1111799756	984
1111799756	984
1111799757	0
1111799757	0
1111799757	15
1111799757	15
1111799757	31
1111799757	31
1111799757	46
1111799757	78
1111799757	78
1111799757	78
1111799757	78
1111799757	78
1111799757	93
1111799757	93
1111799757	109
1111799757	109
1111799757	125
1111799757	125
1111799757	140
1111799757	140
1111799757	156
1111799757	156
1111799757	171
1111799757	171
1111799757	187
1111799757	187
1111799757	203
1111799757	203
1111799757	218
1111799757	218
1111799757	234
1111799757	234
1111799757	250
1111799757	250
1111799757	265
1111799757	296
1111799757	296
1111799757	296
1111799757	296
1111799757	296
1111799757	312
1111799757	312
1111799757	328
1111799757	328
1111799757	343
1111799757	343
1111799757	359
1111799757	359
1111799757	375
1111799757	375
1111799757	390
1111799757	390
1111799757	406
1111799757	406
1111799757	421
1111799757	421
1111799757	437
1111799757	437
1111799757	453
1111799757	453
1111799757	468
1111799757	468
1111799757	484
1111799757	515
1111799757	515
1111799757	515
1111799757	515
1111799757	515
1111799757	531
1111799757	531
1111799757	546
1111799757	546
1111799757	562
1111799757	562
1111799757	578
1111799757	578
1111799757	593
1111799757	593
1111799757	609
1111799757	609
1111799757	625
1111799757	625
1111799757	640
1111799757	640
1111799757	656
1111799757	656
1111799757	671
1111799757	671
1111799757	687
1111799757	687
1111799757	703
1111799757	734
1111799757	734
1111799757	734
1111799757	734
1111799757	734
1111799757	750
1111799757	750
1111799757	765
1111799757	765
1111799757	781
1111799757	781
1111799757	796
1111799757	796
1111799757	812
1111799757	812
1111799757	828
1111799757	828
1111799757	843
1111799757	843
1111799757	859
1111799757	859
1111799757	875
1111799757	875
1111799757	890
1111799757	890
1111799757	906
1111799757	906
1111799757	921
1111799757	953
1111799757	953
1111799757	953
1111799757	953
1111799757	953
1111799757	968
1111799757	968
1111799757	984
1111799757	984
1111799758	0
1111799758	0
1111799758	15
1111799758	15
1111799758	31
1111799758	31
1111799758	46
1111799758	46
1111799758	62
1111799758	62
1111799758	78
1111799758	78
1111799758	93
1111799758	93
1111799758	109
1111799758	109
1111799758	125
1111799758	125
1111799758	140
1111799758	171
1111799758	171
1111799758	171
1111799758	171
1111799758	171
1111799758	187
1111799758	187
1111799758	203
1111799758	203
1111799758	218
1111799758	218
1111799758	234
1111799758	234
1111799758	250
1111799758	250
1111799758	265
1111799758	265
1111799758	281
1111799758	281
1111799758	296
1111799758	296
1111799758	312
1111799758	312
1111799758	328
1111799758	328
1111799758	343
1111799758	343
1111799758	359
1111799758	359
1111799758	375
1111799758	375
1111799758	390
1111799758	390
1111799758	406
1111799758	406
1111799758	421
1111799758	421
1111799758	437
1111799758	437
1111799758	453
1111799758	453
1111799758	468
1111799758	500
1111799758	500
1111799758	500
1111799758	500
1111799758	500
1111799758	515
1111799758	515
1111799758	531
1111799758	531
1111799758	546
1111799758	546
1111799758	562
1111799758	562
1111799758	578
1111799758	578
1111799758	593
1111799758	593
1111799758	609
1111799758	609
1111799758	625
1111799758	625
1111799758	640
1111799758	640
1111799758	656
1111799758	656
1111799758	671
1111799758	671
1111799758	687
1111799758	718
1111799758	718
1111799758	718
1111799758	718
1111799758	718
1111799758	734
1111799758	734
1111799758	750
1111799758	750
1111799758	765
1111799758	765
1111799758	781
1111799758	781
1111799758	796
1111799758	796
1111799758	812
1111799758	812
1111799758	828
1111799758	828
1111799758	843
1111799758	843
1111799758	859
1111799758	859
1111799758	875
1111799758	875
1111799758	890
1111799758	890
1111799758	906
1111799758	937
1111799758	937
1111799758	937
1111799758	937
1111799758	937
1111799758	953
1111799758	953
1111799758	968
1111799758	968
1111799758	984
1111799758	984
1111799759	0
1111799759	0
1111799759	15
1111799759	15
1111799759	31
1111799759	31
1111799759	46
1111799759	46
1111799759	62
1111799759	62
1111799759	78
1111799759	78
1111799759	93
1111799759	93
1111799759	109
1111799759	109
1111799759	125
1111799759	156
1111799759	156
1111799759	156
1111799759	156
1111799759	156
1111799759	171
1111799759	171
1111799759	187
1111799759	187
1111799759	203
1111799759	203
1111799759	218
1111799759	218
1111799759	234
1111799759	234
1111799759	250
1111799759	250
1111799759	265
1111799759	265
1111799759	281
1111799759	281
1111799759	296
1111799759	296
1111799759	312
1111799759	312
1111799759	328
1111799759	328
1111799759	343
1111799759	375
1111799759	375
1111799759	375
1111799759	375
1111799759	375
1111799759	390
1111799759	390
1111799759	406
1111799759	406
1111799759	421
1111799759	421
1111799759	437
1111799759	437
1111799759	453
1111799759	453
1111799759	468
1111799759	468
1111799759	484
1111799759	484
1111799759	500
1111799759	500
1111799759	515
1111799759	515
1111799759	531
1111799759	531
1111799759	546
1111799759	546
1111799759	562
1111799759	562
1111799759	578
1111799759	578
1111799759	593
1111799759	593
1111799759	609
1111799759	609
1111799759	625
1111799759	625
1111799759	640
1111799759	640
1111799759	656
1111799759	656
1111799759	671
1111799759	703
1111799759	703
1111799759	703
1111799759	703
1111799759	703
1111799759	718
1111799759	718
1111799759	734
1111799759	734
1111799759	750
1111799759	750
1111799759	765
1111799759	765
1111799759	781
1111799759	781
1111799759	796
1111799759	796
1111799759	812
1111799759	812
1111799759	828
1111799759	828
1111799759	843
1111799759	843
1111799759	859
1111799759	859
1111799759	875
1111799759	875
1111799759	890
1111799759	921
1111799759	921
1111799759	921
1111799759	921
1111799759	921
1111799759	937
1111799759	937
1111799759	953
1111799759	953
1111799759	968
1111799759	968
1111799759	984
1111799759	984
1111799760	0
1111799760	0
1111799760	15
1111799760	15
1111799760	31
1111799760	31
1111799760	46
1111799760	46
1111799760	62
1111799760	62
1111799760	78
1111799760	78
1111799760	93
1111799760	93
1111799760	109
1111799760	140
1111799760	140
1111799760	140
1111799760	140
1111799760	140
1111799760	156
1111799760	156
1111799760	171
1111799760	171
1111799760	187
1111799760	187
1111799760	203
1111799760	203
1111799760	218
1111799760	218
1111799760	234
1111799760	234
1111799760	250
1111799760	250
1111799760	265
1111799760	265
1111799760	281
1111799760	281
1111799760	296
1111799760	296
1111799760	312
1111799760	312
1111799760	328
1111799760	359
1111799760	359
1111799760	359
1111799760	359
1111799760	359
1111799760	375
1111799760	375
1111799760	390
1111799760	390
1111799760	406
1111799760	406
1111799760	421
1111799760	421
1111799760	437
1111799760	437
1111799760	453
1111799760	453
1111799760	468
1111799760	468
1111799760	484
1111799760	484
1111799760	500
1111799760	500
1111799760	515
1111799760	515
1111799760	531
1111799760	531
1111799760	546
1111799760	578
1111799760	578
1111799760	578
1111799760	578
1111799760	578
1111799760	593
1111799760	593
1111799760	609
1111799760	609
1111799760	625
1111799760	625
1111799760	640
1111799760	640
1111799760	656
1111799760	656
1111799760	671
1111799760	671
1111799760	687
1111799760	687
1111799760	703
1111799760	703
1111799760	718
1111799760	718
1111799760	734
1111799760	734
1111799760	750
1111799760	750
1111799760	765
1111799760	796
1111799760	796
1111799760	796
1111799760	796
1111799760	796
1111799760	812
1111799760	812
1111799760	828
1111799760	828
1111799760	843
1111799760	843
1111799760	859
1111799760	859
1111799760	875
1111799760	875
1111799760	890
1111799760	890
1111799760	906
1111799760	906
1111799760	921
1111799760	921
1111799760	937
1111799760	937
1111799760	953
1111799760	953
1111799760	968
1111799760	968
1111799760	984
1111799761	15
1111799761	15
1111799761	15
1111799761	15
1111799761	15
1111799761	31
1111799761	31
1111799761	46
1111799761	46
1111799761	62
1111799761	62
1111799761	78
1111799761	78
1111799761	93
1111799761	93
1111799761	109
1111799761	109
1111799761	125
1111799761	125
1111799761	140
1111799761	140
1111799761	156
1111799761	156
1111799761	171
1111799761	171
1111799761	187
1111799761	187
1111799761	203
1111799761	234
1111799761	234
1111799761	234
1111799761	234
1111799761	234
1111799761	250
1111799761	250
1111799761	265
1111799761	265
1111799761	281
1111799761	281
1111799761	296
1111799761	296
1111799761	312
1111799761	312
1111799761	328
1111799761	328
1111799761	343
1111799761	343
1111799761	359
1111799761	359
1111799761	375
1111799761	375
1111799761	390
1111799761	390
1111799761	406
1111799761	406
1111799761	421
1111799761	453
1111799761	453
1111799761	453
1111799761	453
1111799761	453
1111799761	468
1111799761	468
1111799761	484
1111799761	484
1111799761	500
1111799761	500
1111799761	515
1111799761	515
1111799761	531
1111799761	531
1111799761	546
1111799761	546
1111799761	562
1111799761	562
1111799761	578
1111799761	578
1111799761	593
1111799761	593
1111799761	609
1111799761	609
1111799761	625
1111799761	625
1111799761	640
1111799761	671
1111799761	671
1111799761	671
1111799761	671
1111799761	671
1111799761	687
1111799761	687
1111799761	703
1111799761	703
1111799761	718
1111799761	718
1111799761	734
1111799761	734
1111799761	750
1111799761	750
1111799761	765
1111799761	765
1111799761	781
1111799761	781
1111799761	796
1111799761	796
1111799761	812
1111799761	812
1111799761	828
1111799761	828
1111799761	843
1111799761	843
1111799761	859
1111799761	859
1111799761	875
1111799761	875
1111799761	890
1111799761	890
1111799761	906
1111799761	906
1111799761	921
1111799761	921
1111799761	937
1111799761	937
1111799761	953
1111799761	953
1111799761	968
1111799762	0
1111799762	0
1111799762	0
1111799762	0
1111799762	0
1111799762	15
1111799762	15
1111799762	31
1111799762	31
1111799762	46
1111799762	46
1111799762	62
1111799762	62
1111799762	78
1111799762	78
1111799762	93
1111799762	93
1111799762	109
1111799762	109
1111799762	125
1111799762	125
1111799762	140
1111799762	140
1111799762	156
1111799762	156
1111799762	171
1111799762	171
1111799762	187
1111799762	218
1111799762	218
1111799762	218
1111799762	218
1111799762	218
1111799762	234
1111799762	234
1111799762	250
1111799762	250
1111799762	265
1111799762	265
1111799762	281
1111799762	281
1111799762	296
1111799762	296
1111799762	312
1111799762	312
1111799762	328
1111799762	328
1111799762	343
1111799762	343
1111799762	359
1111799762	359
1111799762	375
1111799762	375
1111799762	390
1111799762	390
1111799762	406
1111799762	437
1111799762	437
1111799762	437
1111799762	437
1111799762	437
1111799762	453
1111799762	453
1111799762	468
1111799762	468
1111799762	484
1111799762	484
1111799762	500
1111799762	500
1111799762	515
1111799762	515
1111799762	531
1111799762	531
1111799762	546
1111799762	546
1111799762	562
1111799762	562
1111799762	578
1111799762	578
1111799762	593
1111799762	593
1111799762	609
1111799762	609
1111799762	625
1111799762	656
1111799762	656
1111799762	656
1111799762	656
1111799762	656
1111799762	671
1111799762	671
1111799762	687
1111799762	687
1111799762	703
1111799762	703
1111799762	718
1111799762	718
1111799762	734
1111799762	734
1111799762	750
1111799762	750
1111799762	765
1111799762	765
1111799762	781
1111799762	781
1111799762	796
1111799762	796
1111799762	812
1111799762	812
1111799762	828
1111799762	828
1111799762	843
1111799762	875
1111799762	875
1111799762	875
1111799762	875
1111799762	875
1111799762	890
1111799762	890
1111799762	906
1111799762	906
1111799762	921
1111799762	921
1111799762	937
1111799762	937
1111799762	953
1111799762	953
1111799762	968
1111799762	968
1111799762	984
1111799762	984
1111799763	0
1111799763	0
1111799763	15
1111799763	15
1111799763	31
1111799763	31
1111799763	46
1111799763	46
1111799763	62
1111799763	62
1111799763	78
1111799763	78
1111799763	93
1111799763	93
1111799763	109
1111799763	109
1111799763	125
1111799763	125
1111799763	140
1111799763	140
1111799763	156
1111799763	156
1111799763	171
1111799763	203
1111799763	203
1111799763	203
1111799763	203
1111799763	203
1111799763	218
1111799763	218
1111799763	234
1111799763	234
1111799763	250
1111799763	250
1111799763	265
1111799763	265
1111799763	281
1111799763	281
1111799763	296
1111799763	296
1111799763	312
1111799763	312
1111799763	328
1111799763	328
1111799763	343
1111799763	343
1111799763	359
1111799763	359
1111799763	375
1111799763	375
1111799763	390
1111799763	421
1111799763	421
1111799763	421
1111799763	421
1111799763	421
1111799763	437
1111799763	437
1111799763	453
1111799763	453
1111799763	468
1111799763	468
1111799763	484
1111799763	484
1111799763	500
1111799763	500
1111799763	515
1111799763	515
1111799763	531
1111799763	531
1111799763	546
1111799763	546
1111799763	562
1111799763	562
1111799763	578
1111799763	578
1111799763	593
1111799763	593
1111799763	609
1111799763	640
1111799763	640
1111799763	640
1111799763	640
1111799763	640
1111799763	656
1111799763	656
1111799763	671
1111799763	671
1111799763	687
1111799763	687
1111799763	703
1111799763	703
1111799763	718
1111799763	718
1111799763	734
1111799763	734
1111799763	750
1111799763	750
1111799763	765
1111799763	765
1111799763	781
1111799763	781
1111799763	796
1111799763	796
1111799763	812
1111799763	812
1111799763	828
1111799763	859
1111799763	859
1111799763	859
1111799763	859
1111799763	859
1111799763	875
1111799763	875
1111799763	890
1111799763	890
1111799763	906
1111799763	906
1111799763	921
1111799763	921
1111799763	937
1111799763	937
1111799763	953
1111799763	953
1111799763	968
1111799763	968
1111799763	984
1111799763	984
1111799764	0
1111799764	0
1111799764	15
1111799764	15
1111799764	31
1111799764	31
1111799764	46
1111799764	78
1111799764	78
1111799764	78
1111799764	78
1111799764	78
1111799764	93
1111799764	93
1111799764	109
1111799764	109
1111799764	125
1111799764	125
1111799764	140
1111799764	140
1111799764	156
1111799764	156
1111799764	171
1111799764	171
1111799764	187
1111799764	187
1111799764	203
1111799764	203
1111799764	218
1111799764	218
1111799764	234
1111799764	234
1111799764	250
1111799764	250
1111799764	265
1111799764	296
1111799764	296
1111799764	296
1111799764	296
1111799764	296
1111799764	312
1111799764	312
1111799764	328
1111799764	328
1111799764	343
1111799764	343
1111799764	359
1111799764	359
1111799764	375
1111799764	375
1111799764	390
1111799764	390
1111799764	406
1111799764	406
1111799764	421
1111799764	421
1111799764	437
1111799764	437
1111799764	453
1111799764	453
1111799764	468
1111799764	468
1111799764	484
1111799764	515
1111799764	515
1111799764	515
1111799764	515
1111799764	515
1111799764	531
1111799764	531
1111799764	546
1111799764	546
1111799764	562
1111799764	562
1111799764	578
1111799764	578
1111799764	593
1111799764	593
1111799764	609
1111799764	609
1111799764	625
1111799764	625
1111799764	640
1111799764	640
1111799764	656
1111799764	656
1111799764	671
1111799764	671
1111799764	687
1111799764	687
1111799764	703
1111799764	734
1111799764	734
1111799764	734
1111799764	734
1111799764	734
1111799764	750
1111799764	750
1111799764	765
1111799764	765
1111799764	781
1111799764	781
1111799764	796
1111799764	796
1111799764	812
1111799764	812
1111799764	828
1111799764	828
1111799764	843
1111799764	843
1111799764	859
1111799764	859
1111799764	875
1111799764	875
1111799764	890
1111799764	890
1111799764	906
1111799764	906
1111799764	921
1111799764	953
1111799764	953
1111799764	953
1111799764	953
1111799764	953
1111799764	968
1111799764	968
1111799764	984
1111799764	984
1111799765	0
1111799765	0
1111799765	15
1111799765	15
1111799765	31
1111799765	31
1111799765	46
1111799765	46
1111799765	62
1111799765	62
1111799765	78
1111799765	78
1111799765	93
1111799765	93
1111799765	109
1111799765	109
1111799765	125
1111799765	125
1111799765	140
1111799765	171
1111799765	171
1111799765	171
1111799765	171
1111799765	171
1111799765	187
1111799765	187
1111799765	203
1111799765	203
1111799765	218
1111799765	218
1111799765	234
1111799765	234
1111799765	250
1111799765	250
1111799765	265
1111799765	265
1111799765	281
1111799765	281
1111799765	296
1111799765	296
1111799765	312
1111799765	312
1111799765	328
1111799765	328
1111799765	343
1111799765	343
1111799765	359
1111799765	359
1111799765	375
1111799765	375
1111799765	390
1111799765	390
1111799765	406
1111799765	406
1111799765	421
1111799765	421
1111799765	437
1111799765	437
1111799765	453
1111799765	453
1111799765	468
1111799765	500
1111799765	500
1111799765	500
1111799765	500
1111799765	500
1111799765	515
1111799765	515
1111799765	531
1111799765	531
1111799765	546
1111799765	546
1111799765	562
1111799765	562
1111799765	578
1111799765	578
1111799765	593
1111799765	593
1111799765	609
1111799765	609
1111799765	625
1111799765	625
1111799765	640
1111799765	640
1111799765	656
1111799765	656
1111799765	671
1111799765	671
1111799765	687
1111799765	718
1111799765	718
1111799765	718
1111799765	718
1111799765	718
1111799765	734
1111799765	734
1111799765	750
1111799765	750
1111799765	765
1111799765	765
1111799765	781
1111799765	781
1111799765	796
1111799765	796
1111799765	812
1111799765	812
1111799765	828
1111799765	828
1111799765	843
1111799765	843
1111799765	859
1111799765	859
1111799765	875
1111799765	875
1111799765	890
1111799765	890
1111799765	906
1111799765	937
1111799765	937
1111799765	937
1111799765	937
1111799765	937
1111799765	953
1111799765	953
1111799765	968
1111799765	968
1111799765	984
1111799765	984
1111799766	0
1111799766	0
1111799766	15
1111799766	15
1111799766	31
1111799766	31
1111799766	46
1111799766	46
1111799766	62
1111799766	62
1111799766	78
1111799766	78
1111799766	93
1111799766	93
1111799766	109
1111799766	109
1111799766	125
1111799766	156
1111799766	156
1111799766	156
1111799766	156
1111799766	156
1111799766	171
1111799766	171
1111799766	187
1111799766	187
1111799766	203
1111799766	203
1111799766	218
1111799766	218
1111799766	234
1111799766	234
1111799766	250
1111799766	250
1111799766	265
1111799766	265
1111799766	281
1111799766	281
1111799766	296
1111799766	296
1111799766	312
1111799766	312
1111799766	328
1111799766	328
1111799766	343
1111799766	375
1111799766	375
1111799766	375
1111799766	375
1111799766	375
1111799766	390
1111799766	390
1111799766	406
1111799766	406
1111799766	421
1111799766	421
1111799766	437
1111799766	437
1111799766	453
1111799766	453
1111799766	468
1111799766	468
1111799766	484
1111799766	484
1111799766	500
1111799766	500
1111799766	515
1111799766	515
1111799766	531
1111799766	531
1111799766	546
1111799766	546
1111799766	562
1111799766	562
1111799766	578
1111799766	578
1111799766	593
1111799766	593
1111799766	609
1111799766	609
1111799766	625
1111799766	625
1111799766	640
1111799766	640
1111799766	656
1111799766	656
1111799766	671
1111799766	703
1111799766	703
1111799766	703
1111799766	703
1111799766	703
1111799766	718
1111799766	718
1111799766	734
1111799766	734
1111799766	750
1111799766	750
1111799766	765
1111799766	765
1111799766	781
1111799766	781
1111799766	796
1111799766	796
1111799766	812
1111799766	812
1111799766	828
1111799766	828
1111799766	843
1111799766	843
1111799766	859
1111799766	859
1111799766	875
1111799766	875
1111799766	890
1111799766	921
1111799766	921
1111799766	921
1111799766	921
1111799766	921
1111799766	937
1111799766	937
1111799766	953
1111799766	953
1111799766	968
1111799766	968
1111799766	984
1111799766	984
1111799767	0
1111799767	0
1111799767	15
1111799767	15
1111799767	31
1111799767	31
1111799767	46
1111799767	46
1111799767	62
1111799767	62
1111799767	78
1111799767	78
1111799767	93
1111799767	93
1111799767	109
1111799767	140
1111799767	140
1111799767	140
1111799767	140
1111799767	140
1111799767	156
1111799767	156
1111799767	171
1111799767	171
1111799767	187
1111799767	187
1111799767	203
1111799767	203
1111799767	218
1111799767	218
1111799767	234
1111799767	234
1111799767	250
1111799767	250
1111799767	265
1111799767	265
1111799767	281
1111799767	281
1111799767	296
1111799767	296
1111799767	312
1111799767	312
1111799767	328
1111799767	359
1111799767	359
1111799767	359
1111799767	359
1111799767	359
1111799767	375
1111799767	375
1111799767	390
1111799767	390
1111799767	406
1111799767	406
1111799767	421
1111799767	421
1111799767	437
1111799767	437
1111799767	453
1111799767	453
1111799767	468
1111799767	468
1111799767	484
1111799767	484
1111799767	500
1111799767	500
1111799767	515
1111799767	515
1111799767	531
1111799767	531
1111799767	546
1111799767	578
1111799767	578
1111799767	578
1111799767	578
1111799767	578
1111799767	593
1111799767	593
1111799767	609
1111799767	609
1111799767	625
1111799767	625
1111799767	640
1111799767	640
1111799767	656
1111799767	656
1111799767	671
1111799767	671
1111799767	687
1111799767	687
1111799767	703
1111799767	703
1111799767	718
1111799767	718
1111799767	734
1111799767	734
1111799767	750
1111799767	750
1111799767	765
1111799767	796
1111799767	796
1111799767	796
1111799767	796
1111799767	796
1111799767	812
1111799767	812
1111799767	828
1111799767	828
1111799767	843
1111799767	843
1111799767	859
1111799767	859
1111799767	875
1111799767	875
1111799767	890
1111799767	890
1111799767	906
1111799767	906
1111799767	921
1111799767	921
1111799767	937
1111799767	937
1111799767	953
1111799767	953
1111799767	968
1111799767	968
1111799767	984
1111799768	15
1111799768	15
1111799768	15
1111799768	15
1111799768	15
1111799768	31
1111799768	31
1111799768	46
1111799768	46
1111799768	62
1111799768	62
1111799768	78
1111799768	78
1111799768	93
1111799768	93
1111799768	109
1111799768	109
1111799768	125
1111799768	125
1111799768	140
1111799768	140
1111799768	156
1111799768	156
1111799768	171
1111799768	171
1111799768	187
1111799768	187
1111799768	203
1111799768	234
1111799768	234
1111799768	234
1111799768	234
1111799768	234
1111799768	250
1111799768	250
1111799768	265
1111799768	265
1111799768	281
1111799768	281
1111799768	296
1111799768	296
1111799768	312
1111799768	312
1111799768	328
1111799768	328
1111799768	343
1111799768	343
1111799768	359
1111799768	359
1111799768	375
1111799768	375
1111799768	390
1111799768	390
1111799768	406
1111799768	406
1111799768	421
1111799768	453
1111799768	453
1111799768	453
1111799768	453
1111799768	453
1111799768	468
1111799768	468
1111799768	484
1111799768	484
1111799768	500
1111799768	500
1111799768	515
1111799768	515
1111799768	531
1111799768	531
1111799768	546
1111799768	546
1111799768	562
1111799768	562
1111799768	578
1111799768	578
1111799768	593
1111799768	593
1111799768	609
1111799768	609
1111799768	625
1111799768	625
1111799768	640
1111799768	671
1111799768	671
1111799768	671
1111799768	671
1111799768	671
1111799768	687
1111799768	687
1111799768	703
1111799768	703
1111799768	718
1111799768	718
1111799768	734
1111799768	734
1111799768	750
1111799768	750
1111799768	765
1111799768	765
1111799768	781
1111799768	781
1111799768	796
1111799768	796
1111799768	812
1111799768	812
1111799768	828
1111799768	828
1111799768	843
1111799768	843
1111799768	859
1111799768	859
1111799768	875
1111799768	875
1111799768	890
1111799768	890
1111799768	906
1111799768	906
1111799768	921
1111799768	921
1111799768	937
1111799768	937
1111799768	953
1111799768	953
1111799768	968
1111799769	0
1111799769	0
1111799769	0
1111799769	0
1111799769	0
1111799769	15
1111799769	15
1111799769	31
1111799769	31
1111799769	46
1111799769	46
1111799769	62
1111799769	62
1111799769	78
1111799769	78
1111799769	93
1111799769	93
1111799769	109
1111799769	109
1111799769	125
1111799769	125
1111799769	140
1111799769	140
1111799769	156
1111799769	156
1111799769	171
1111799769	171
1111799769	187
1111799769	218
1111799769	218
1111799769	218
1111799769	218
1111799769	218
1111799769	234
1111799769	234
1111799769	250
1111799769	250
1111799769	265
1111799769	265
1111799769	281
1111799769	281
1111799769	296
1111799769	296
1111799769	312
1111799769	312
1111799769	328
1111799769	328
1111799769	343
1111799769	343
1111799769	359
1111799769	359
1111799769	375
1111799769	375
1111799769	390
1111799769	390
1111799769	406
1111799769	437
1111799769	437
1111799769	437
1111799769	437
1111799769	437
1111799769	453
1111799769	453
1111799769	468
1111799769	468
1111799769	484
1111799769	484
1111799769	500
1111799769	500
1111799769	515
1111799769	515
1111799769	531
1111799769	531
1111799769	546
1111799769	546
1111799769	562
1111799769	562
1111799769	578
1111799769	578
1111799769	593
1111799769	593
1111799769	609
1111799769	609
1111799769	625
1111799769	656
1111799769	656
1111799769	656
1111799769	656
1111799769	656
1111799769	671
1111799769	671
1111799769	687
1111799769	687
1111799769	703
1111799769	703
1111799769	718
1111799769	718
1111799769	734
1111799769	734
1111799769	750
1111799769	750
1111799769	765
1111799769	765
1111799769	781
1111799769	781
1111799769	796
1111799769	796
1111799769	812
1111799769	812
1111799769	828
1111799769	828
1111799769	843
1111799769	875
1111799769	875
1111799769	875
1111799769	875
1111799769	875
1111799769	890
1111799769	890
1111799769	906
1111799769	906
1111799769	921
1111799769	921
1111799769	937
1111799769	937
1111799769	953
1111799769	953
1111799769	968
1111799769	968
1111799769	984
1111799769	984
1111799770	0
1111799770	0
1111799770	15
1111799770	15
1111799770	31
1111799770	31
1111799770	46
1111799770	46
1111799770	62
1111799770	62
1111799770	78
1111799770	78
1111799770	93
1111799770	93
1111799770	109
1111799770	109
1111799770	125
1111799770	125
1111799770	140
1111799770	140
1111799770	156
1111799770	156
1111799770	171
1111799770	203
1111799770	203
1111799770	203
1111799770	203
1111799770	203
1111799770	218
1111799770	218
1111799770	234
1111799770	234
1111799770	250
1111799770	250
1111799770	265
1111799770	265
1111799770	281
1111799770	281
1111799770	296
1111799770	296
1111799770	312
1111799770	312
1111799770	328
1111799770	328
1111799770	343
1111799770	343
1111799770	359
1111799770	359
1111799770	375
1111799770	375
1111799770	390
1111799770	421
1111799770	421
1111799770	421
1111799770	421
1111799770	421
1111799770	437
1111799770	437
1111799770	453
1111799770	453
1111799770	468
1111799770	468
1111799770	484
1111799770	484
1111799770	500
1111799770	500
1111799770	515
1111799770	515
1111799770	531
1111799770	531
1111799770	546
1111799770	546
1111799770	562
1111799770	562
1111799770	578
1111799770	578
1111799770	593
1111799770	593
1111799770	609
1111799770	640
1111799770	640
1111799770	640
1111799770	640
1111799770	640
1111799770	656
1111799770	656
1111799770	671
1111799770	671
1111799770	687
1111799770	687
1111799770	703
1111799770	703
1111799770	718
1111799770	718
1111799770	734
1111799770	734
1111799770	750
1111799770	750
1111799770	765
1111799770	765
1111799770	781
1111799770	781
1111799770	796
1111799770	796
1111799770	812
1111799770	812
1111799770	828
1111799770	859
1111799770	859
1111799770	859
1111799770	859
1111799770	859
1111799770	875
1111799770	875
1111799770	890
1111799770	890
1111799770	906
1111799770	906
1111799770	921
1111799770	921
1111799770	937
1111799770	937
1111799770	953
1111799770	953
1111799770	968
1111799770	968
1111799770	984
1111799770	984
1111799771	0
1111799771	0
1111799771	15
1111799771	15
1111799771	31
1111799771	31
1111799771	46
1111799771	78
1111799771	78
1111799771	78
1111799771	78
1111799771	78
1111799771	93
1111799771	93
1111799771	109
1111799771	109
1111799771	125
1111799771	125
1111799771	140
1111799771	140
1111799771	156
1111799771	156
1111799771	171
1111799771	171
1111799771	187
1111799771	187
1111799771	203
1111799771	203
1111799771	218
1111799771	218
1111799771	234
1111799771	234
1111799771	250
1111799771	250
1111799771	265
1111799771	296
1111799771	296
1111799771	296
1111799771	296
1111799771	296
1111799771	312
1111799771	312
1111799771	328
1111799771	328
1111799771	343
1111799771	343
1111799771	359
1111799771	359
1111799771	375
1111799771	375
1111799771	390
1111799771	390
1111799771	406
1111799771	406
1111799771	421
1111799771	421
1111799771	437
1111799771	437
1111799771	453
1111799771	453
1111799771	468
1111799771	468
1111799771	484
1111799771	515
1111799771	515
1111799771	515
1111799771	515
1111799771	515
1111799771	531
1111799771	531
1111799771	546
1111799771	546
1111799771	562
1111799771	562
1111799771	578
1111799771	578
1111799771	593
1111799771	593
1111799771	609
1111799771	609
1111799771	625
1111799771	625
1111799771	640
1111799771	640
1111799771	656
1111799771	656
1111799771	671
1111799771	671
1111799771	687
1111799771	687
1111799771	703
1111799771	734
1111799771	734
1111799771	734
1111799771	734
1111799771	734
1111799771	750
1111799771	750
1111799771	765
1111799771	765
1111799771	781
1111799771	781
1111799771	796
1111799771	796
1111799771	812
1111799771	812
1111799771	828
1111799771	828
1111799771	843
1111799771	843
1111799771	859
1111799771	859
1111799771	875
1111799771	875
1111799771	890
1111799771	890
1111799771	906
1111799771	906
1111799771	921
1111799771	953
1111799771	953
1111799771	953
1111799771	953
1111799771	953
1111799771	968
1111799771	968
1111799771	984
1111799771	984
1111799772	0
1111799772	0
1111799772	15
1111799772	15
1111799772	31
1111799772	31
1111799772	46
1111799772	46
1111799772	62
1111799772	62
1111799772	78
1111799772	78
1111799772	93
1111799772	93
1111799772	109
1111799772	109
1111799772	125
1111799772	125
1111799772	140
1111799772	171
1111799772	171
1111799772	171
1111799772	171
1111799772	171
1111799772	187
1111799772	187
1111799772	203
1111799772	203
1111799772	218
1111799772	218
1111799772	234
1111799772	234
1111799772	250
1111799772	250
1111799772	265
1111799772	265
1111799772	281
1111799772	281
1111799772	296
1111799772	296
1111799772	312
1111799772	312
1111799772	328
1111799772	328
1111799772	343
1111799772	343
1111799772	359
1111799772	359
1111799772	375
1111799772	375
1111799772	390
1111799772	390
1111799772	406
1111799772	406
1111799772	421
1111799772	421
1111799772	437
1111799772	437
1111799772	453
1111799772	453
1111799772	468
1111799772	500
1111799772	500
1111799772	500
1111799772	500
1111799772	500
1111799772	515
1111799772	515
1111799772	531
1111799772	531
1111799772	546
1111799772	546
1111799772	562
1111799772	562
1111799772	578
1111799772	578
1111799772	593
1111799772	593
1111799772	609
1111799772	609
1111799772	625
1111799772	625
1111799772	640
1111799772	640
1111799772	656
1111799772	656
1111799772	671
1111799772	671
1111799772	687
1111799772	718
1111799772	718
1111799772	718
1111799772	718
1111799772	718
1111799772	734
1111799772	734
1111799772	750
1111799772	750
1111799772	765
1111799772	765
1111799772	781
1111799772	781
1111799772	796
1111799772	796
1111799772	812
1111799772	812
1111799772	828
1111799772	828
1111799772	843
1111799772	843
1111799772	859
1111799772	859
1111799772	875
1111799772	875
1111799772	890
1111799772	890
1111799772	906
1111799772	937
1111799772	937
1111799772	937
1111799772	937
1111799772	937
1111799772	953
1111799772	953
1111799772	968
1111799772	968
1111799772	984
1111799772	984
1111799773	0
1111799773	0
1111799773	15
1111799773	15
1111799773	31
1111799773	31
1111799773	46
1111799773	46
1111799773	62
1111799773	62
1111799773	78
1111799773	78
1111799773	93
1111799773	93
1111799773	109
1111799773	109
1111799773	125
1111799773	156
1111799773	156
1111799773	156
1111799773	156
1111799773	156
1111799773	171
1111799773	171
1111799773	187
1111799773	187
1111799773	203
1111799773	203
1111799773	218
1111799773	218
1111799773	234
1111799773	234
1111799773	250
1111799773	250
1111799773	265
1111799773	265
1111799773	281
1111799773	281
1111799773	296
1111799773	296
1111799773	312
1111799773	312
1111799773	328
1111799773	328
1111799773	343
1111799773	375
1111799773	375
1111799773	375
1111799773	375
1111799773	375
1111799773	390
1111799773	390
1111799773	406
1111799773	406
1111799773	421
1111799773	421
1111799773	437
1111799773	437
1111799773	453
1111799773	453
1111799773	468
1111799773	468
1111799773	484
1111799773	484
1111799773	500
1111799773	500
1111799773	515
1111799773	515
1111799773	531
1111799773	531
1111799773	546
1111799773	546
1111799773	562
1111799773	562
1111799773	578
1111799773	578
1111799773	593
1111799773	593
1111799773	609
1111799773	609
1111799773	625
1111799773	625
1111799773	640
1111799773	640
1111799773	656
1111799773	656
1111799773	671
1111799773	703
1111799773	703
1111799773	703
1111799773	703
1111799773	703
1111799773	718
1111799773	718
1111799773	734
1111799773	734
1111799773	750
1111799773	750
1111799773	765
1111799773	765
1111799773	781
1111799773	781
1111799773	796
1111799773	796
1111799773	812
1111799773	812
1111799773	828
1111799773	828
1111799773	843
1111799773	843
1111799773	859
1111799773	859
1111799773	875
1111799773	875
1111799773	890
1111799773	921
1111799773	921
1111799773	921
1111799773	921
1111799773	921
1111799773	937
1111799773	937
1111799773	953
1111799773	953
1111799773	968
1111799773	968
1111799773	984
1111799773	984
1111799774	0
1111799774	0
1111799774	15
1111799774	15
1111799774	31
1111799774	31
1111799774	46
1111799774	46
1111799774	62
1111799774	62
1111799774	78
1111799774	78
1111799774	93
1111799774	93
1111799774	109
1111799774	140
1111799774	140
1111799774	140
1111799774	140
1111799774	140
1111799774	156
1111799774	156
1111799774	171
1111799774	171
1111799774	187
1111799774	187
1111799774	203
1111799774	203
1111799774	218
1111799774	218
1111799774	234
1111799774	234
1111799774	250
1111799774	250
1111799774	265
1111799774	265
1111799774	281
1111799774	281
1111799774	296
1111799774	296
1111799774	312
1111799774	312
1111799774	328
1111799774	359
1111799774	359
1111799774	359
1111799774	359
1111799774	359
1111799774	375
1111799774	375
1111799774	390
1111799774	390
1111799774	406
1111799774	406
1111799774	421
1111799774	421
1111799774	437
1111799774	437
1111799774	453
1111799774	453
1111799774	468
1111799774	468
1111799774	484
1111799774	484
1111799774	500
1111799774	500
1111799774	515
1111799774	515
1111799774	531
1111799774	531
1111799774	546
1111799774	578
1111799774	578
1111799774	578
1111799774	578
1111799774	578
1111799774	593
1111799774	593
1111799774	609
1111799774	609
1111799774	625
1111799774	625
1111799774	640
1111799774	640
1111799774	656
1111799774	656
1111799774	671
1111799774	671
1111799774	687
1111799774	687
1111799774	703
1111799774	703
1111799774	718
1111799774	718
1111799774	734
1111799774	734
1111799774	750
1111799774	750
1111799774	765
1111799774	796
1111799774	796
1111799774	796
1111799774	796
1111799774	796
1111799774	812
1111799774	812
1111799774	828
1111799774	828
1111799774	843
1111799774	843
1111799774	859
1111799774	859
1111799774	875
1111799774	875
1111799774	890
1111799774	890
1111799774	906
1111799774	906
1111799774	921
1111799774	921
1111799774	937
1111799774	937
1111799774	953
1111799774	953
1111799774	968
1111799774	968
1111799774	984
1111799775	15
1111799775	15
1111799775	15
1111799775	15
1111799775	15
1111799775	31
1111799775	31
1111799775	46
1111799775	46
1111799775	62
1111799775	62
1111799775	78
1111799775	78
1111799775	93
1111799775	93
1111799775	109
1111799775	109
1111799775	125
1111799775	125
1111799775	140
1111799775	140
1111799775	156
1111799775	156
1111799775	171
1111799775	171
1111799775	187
1111799775	187
1111799775	203
1111799775	234
1111799775	234
1111799775	234
1111799775	234
1111799775	234
1111799775	250
1111799775	250
1111799775	265
1111799775	265
1111799775	281
1111799775	281
1111799775	296
1111799775	296
1111799775	312
1111799775	312
1111799775	328
1111799775	328
1111799775	343
1111799775	343
1111799775	359
1111799775	359
1111799775	375
1111799775	375
1111799775	390
1111799775	390
1111799775	406
1111799775	406
1111799775	421
1111799775	453
1111799775	453
1111799775	453
1111799775	453
1111799775	453
1111799775	468
1111799775	468
1111799775	484
1111799775	484
1111799775	500
1111799775	500
1111799775	515
1111799775	515
1111799775	531
1111799775	531
1111799775	546
1111799775	546
1111799775	562
1111799775	562
1111799775	578
1111799775	578
1111799775	593
1111799775	593
1111799775	609
1111799775	609
1111799775	625
1111799775	625
1111799775	640
1111799775	671
1111799775	671
1111799775	671
1111799775	671
1111799775	671
1111799775	687
1111799775	687
1111799775	703
1111799775	703
1111799775	718
1111799775	718
1111799775	734
1111799775	734
1111799775	750
1111799775	750
1111799775	765
1111799775	765
1111799775	781
1111799775	781
1111799775	796
1111799775	796
1111799775	812
1111799775	812
1111799775	828
1111799775	828
1111799775	843
1111799775	843
1111799775	859
1111799775	859
1111799775	875
1111799775	875
1111799775	890
1111799775	890
1111799775	906
1111799775	906
1111799775	921
1111799775	921
1111799775	937
1111799775	937
1111799775	953
1111799775	953
1111799775	968
1111799776	0
1111799776	0
1111799776	0
1111799776	0
1111799776	0
1111799776	15
1111799776	15
1111799776	31
1111799776	31
1111799776	46
1111799776	46
1111799776	62
1111799776	62
1111799776	78
1111799776	78
1111799776	93
1111799776	93
1111799776	109
1111799776	109
1111799776	125
1111799776	125
1111799776	140
1111799776	140
1111799776	156
1111799776	156
1111799776	171
1111799776	171
1111799776	187
1111799776	218
1111799776	218
1111799776	218
1111799776	218
1111799776	218
1111799776	234
1111799776	234
1111799776	250
1111799776	250
1111799776	265
1111799776	265
1111799776	281
1111799776	281
1111799776	296
1111799776	296
1111799776	312
1111799776	312
1111799776	328
1111799776	328
1111799776	343
1111799776	343
1111799776	359
1111799776	359
1111799776	375
1111799776	375
1111799776	390
1111799776	390
1111799776	406
1111799776	437
1111799776	437
1111799776	437
1111799776	437
1111799776	437
1111799776	453
1111799776	453
1111799776	468
1111799776	468
1111799776	484
1111799776	484
1111799776	500
1111799776	500
1111799776	515
1111799776	515
1111799776	531
1111799776	531
1111799776	546
1111799776	546
1111799776	562
1111799776	562
1111799776	578
1111799776	578
1111799776	593
1111799776	593
1111799776	609
1111799776	609
1111799776	625
1111799776	656
1111799776	656
1111799776	656
1111799776	656
1111799776	656
1111799776	671
1111799776	671
1111799776	687
1111799776	687
1111799776	703
1111799776	703
1111799776	718
1111799776	718
1111799776	734
1111799776	734
1111799776	750
1111799776	750
1111799776	765
1111799776	765
1111799776	781
1111799776	781
1111799776	796
1111799776	796
1111799776	812
1111799776	812
1111799776	828
1111799776	828
1111799776	843
1111799776	875
1111799776	875
1111799776	875
1111799776	875
1111799776	875
1111799776	890
1111799776	890
1111799776	906
1111799776	906
1111799776	921
1111799776	921
1111799776	937
1111799776	937
1111799776	953
1111799776	953
1111799776	968
1111799776	968
1111799776	984
1111799776	984
1111799777	0
1111799777	0
1111799777	15
1111799777	15
1111799777	31
1111799777	31
1111799777	46
1111799777	46
1111799777	62
1111799777	62
1111799777	78
1111799777	78
1111799777	93
1111799777	93
1111799777	109
1111799777	109
1111799777	125
1111799777	125
1111799777	140
1111799777	140
1111799777	156
1111799777	156
1111799777	171
1111799777	203
1111799777	203
1111799777	203
1111799777	203
1111799777	203
1111799777	218
1111799777	218
1111799777	234
1111799777	234
1111799777	250
1111799777	250
1111799777	265
1111799777	265
1111799777	281
1111799777	281
1111799777	296
1111799777	296
1111799777	312
1111799777	312
1111799777	328
1111799777	328
1111799777	343
1111799777	343
1111799777	359
1111799777	359
1111799777	375
1111799777	375
1111799777	390
1111799777	421
1111799777	421
1111799777	421
1111799777	421
1111799777	421
1111799777	437
1111799777	437
1111799777	453
1111799777	453
1111799777	468
1111799777	468
1111799777	484
1111799777	484
1111799777	500
1111799777	500
1111799777	515
1111799777	515
1111799777	531
1111799777	531
1111799777	546
1111799777	546
1111799777	562
1111799777	562
1111799777	578
1111799777	578
1111799777	593
1111799777	593
1111799777	609
1111799777	640
1111799777	640
1111799777	640
1111799777	640
1111799777	640
1111799777	656
1111799777	656
1111799777	671
1111799777	671
1111799777	687
1111799777	687
1111799777	703
1111799777	703
1111799777	718
1111799777	718
1111799777	734
1111799777	734
1111799777	750
1111799777	750
1111799777	765
1111799777	765
1111799777	781
1111799777	781
1111799777	796
1111799777	796
1111799777	812
1111799777	812
1111799777	828
1111799777	859
1111799777	859
1111799777	859
1111799777	859
1111799777	859
1111799777	875
1111799777	875
1111799777	890
1111799777	890
1111799777	906
1111799777	906
1111799777	921
1111799777	921
1111799777	937
1111799777	937
1111799777	953
1111799777	953
1111799777	968
1111799777	968
1111799777	984
1111799777	984
1111799778	0
1111799778	0
1111799778	15
1111799778	15
1111799778	31
1111799778	31
1111799778	46
1111799778	78
1111799778	78
1111799778	78
1111799778	78
1111799778	78
1111799778	93
1111799778	93
1111799778	109
1111799778	109
1111799778	125
1111799778	125
1111799778	140
1111799778	140
1111799778	156
1111799778	156
1111799778	171
1111799778	171
1111799778	187
1111799778	187
1111799778	203
1111799778	203
1111799778	218
1111799778	218
1111799778	234
1111799778	234
1111799778	250
1111799778	250
1111799778	265
1111799778	296
1111799778	296
1111799778	296
1111799778	296
1111799778	296
1111799778	312
1111799778	312
1111799778	328
1111799778	328
1111799778	343
1111799778	343
1111799778	359
1111799778	359
1111799778	375
1111799778	375
1111799778	390
1111799778	390
1111799778	406
1111799778	406
1111799778	421
1111799778	421
1111799778	437
1111799778	437
1111799778	453
1111799778	453
1111799778	468
1111799778	468
1111799778	484
1111799778	515
1111799778	515
1111799778	515
1111799778	515
1111799778	515
1111799778	531
1111799778	531
1111799778	546
1111799778	546
1111799778	562
1111799778	562
1111799778	578
1111799778	578
1111799778	593
1111799778	593
1111799778	609
1111799778	609
1111799778	625
1111799778	625
1111799778	640
1111799778	640
1111799778	656
1111799778	656
1111799778	671
1111799778	671
1111799778	687
1111799778	687
1111799778	703
1111799778	734
1111799778	734
1111799778	734
1111799778	734
1111799778	734
1111799778	750
1111799778	750
1111799778	765
1111799778	765
1111799778	781
1111799778	781
1111799778	796
1111799778	796
1111799778	812
1111799778	812
1111799778	828
1111799778	828
1111799778	843
1111799778	843
1111799778	859
1111799778	859
1111799778	875
1111799778	875
1111799778	890
1111799778	890
1111799778	906
1111799778	906
1111799778	921
1111799778	953
1111799778	953
1111799778	953
1111799778	953
1111799778	953
1111799778	968
1111799778	968
1111799778	984
1111799778	984
1111799779	0
1111799779	0
1111799779	15
1111799779	15
1111799779	31
1111799779	31
1111799779	46
1111799779	46
1111799779	62
1111799779	62
1111799779	78
1111799779	78
1111799779	93
1111799779	93
1111799779	109
1111799779	109
1111799779	125
1111799779	125
1111799779	140
1111799779	171
1111799779	171
1111799779	171
1111799779	171
1111799779	171
1111799779	187
1111799779	187
1111799779	203
1111799779	203
1111799779	218
1111799779	218
1111799779	234
1111799779	234
1111799779	250
1111799779	250
1111799779	265
1111799779	265
1111799779	281
1111799779	281
1111799779	296
1111799779	296
1111799779	312
1111799779	312
1111799779	328
1111799779	328
1111799779	343
1111799779	343
1111799779	359
1111799779	359
1111799779	375
1111799779	375
1111799779	390
1111799779	390
1111799779	406
1111799779	406
1111799779	421
1111799779	421
1111799779	437
1111799779	437
1111799779	453
1111799779	453
1111799779	468
1111799779	500
1111799779	500
1111799779	500
1111799779	500
1111799779	500
1111799779	515
1111799779	515
1111799779	531
1111799779	531
1111799779	546
1111799779	546
1111799779	562
1111799779	562
1111799779	578
1111799779	578
1111799779	593
1111799779	593
1111799779	609
1111799779	609
1111799779	625
1111799779	625
1111799779	640
1111799779	640
1111799779	656
1111799779	656
1111799779	671
1111799779	671
1111799779	687
1111799779	718
1111799779	718
1111799779	718
1111799779	718
1111799779	718
1111799779	734
1111799779	734
1111799779	750
1111799779	750
1111799779	765
1111799779	765
1111799779	781
1111799779	781
1111799779	796
1111799779	796
1111799779	812
1111799779	812
1111799779	828
1111799779	828
1111799779	843
1111799779	843
1111799779	859
1111799779	859
1111799779	875
1111799779	875
1111799779	890
1111799779	890
1111799779	906
1111799779	937
1111799779	937
1111799779	937
1111799779	937
1111799779	937
1111799779	953
1111799779	953
1111799779	968
1111799779	968
1111799779	984
1111799779	984
1111799780	0
1111799780	0
1111799780	15
1111799780	15
1111799780	31
1111799780	31
1111799780	46
1111799780	46
1111799780	62
1111799780	62
1111799780	78
1111799780	78
1111799780	93
1111799780	93
1111799780	109
1111799780	109
1111799780	125
1111799780	156
1111799780	156
1111799780	156
1111799780	156
1111799780	156
1111799780	171
1111799780	171
1111799780	187
1111799780	187
1111799780	203
1111799780	203
1111799780	218
1111799780	218
1111799780	234
1111799780	234
1111799780	250
1111799780	250
1111799780	265
1111799780	265
1111799780	281
1111799780	281
1111799780	296
1111799780	296
1111799780	312
1111799780	312
1111799780	328
1111799780	328
1111799780	343
1111799780	375
1111799780	375
1111799780	375
1111799780	375
1111799780	375
1111799780	390
1111799780	390
1111799780	406
1111799780	406
1111799780	421
1111799780	421
1111799780	437
1111799780	437
1111799780	453
1111799780	453
1111799780	468
1111799780	468
1111799780	484
1111799780	484
1111799780	500
1111799780	500
1111799780	515
1111799780	515
1111799780	531
1111799780	531
1111799780	546
1111799780	546
1111799780	562
1111799780	562
1111799780	578
1111799780	578
1111799780	593
1111799780	593
1111799780	609
1111799780	609
1111799780	625
1111799780	625
1111799780	640
1111799780	640
1111799780	656
1111799780	656
1111799780	671
1111799780	703
1111799780	703
1111799780	703
1111799780	703
1111799780	703
1111799780	718
1111799780	718
1111799780	734
1111799780	734
1111799780	750
1111799780	750
1111799780	765
1111799780	765
1111799780	781
1111799780	781
1111799780	796
1111799780	796
1111799780	812
1111799780	812
1111799780	828
1111799780	828
1111799780	843
1111799780	843
1111799780	859
1111799780	859
1111799780	875
1111799780	875
1111799780	890
1111799780	921
1111799780	921
1111799780	921
1111799780	921
1111799780	921
1111799780	937
1111799780	937
1111799780	953
1111799780	953
1111799780	968
1111799780	968
1111799780	984
1111799780	984
1111799781	0
1111799781	0
1111799781	15
1111799781	15
1111799781	31
1111799781	31
1111799781	46
1111799781	46
1111799781	62
1111799781	62
1111799781	78
1111799781	78
1111799781	93
1111799781	93
1111799781	109
1111799781	140
1111799781	140
1111799781	140
1111799781	140
1111799781	140
1111799781	156
1111799781	156
1111799781	171
1111799781	171
1111799781	187
1111799781	187
1111799781	203
1111799781	203
1111799781	218
1111799781	218
1111799781	234
1111799781	234
1111799781	250
1111799781	250
1111799781	265
1111799781	265
1111799781	281
1111799781	281
1111799781	296
1111799781	296
1111799781	312
1111799781	312
1111799781	328
1111799781	359
1111799781	359
1111799781	359
1111799781	359
1111799781	359
1111799781	375
1111799781	375
1111799781	390
1111799781	390
1111799781	406
1111799781	406
1111799781	421
1111799781	421
1111799781	437
1111799781	437
1111799781	453
1111799781	453
1111799781	468
1111799781	468
1111799781	484
1111799781	484
1111799781	500
1111799781	500
1111799781	515
1111799781	515
1111799781	531
1111799781	531
1111799781	546
1111799781	578
1111799781	578
1111799781	578
1111799781	578
1111799781	578
1111799781	593
1111799781	593
1111799781	609
1111799781	609
1111799781	625
1111799781	625
1111799781	640
1111799781	640
1111799781	656
1111799781	656
1111799781	671
1111799781	671
1111799781	687
1111799781	687
1111799781	703
1111799781	703
1111799781	718
1111799781	718
1111799781	734
1111799781	734
1111799781	750
1111799781	750
1111799781	765
1111799781	796
1111799781	796
1111799781	796
1111799781	796
1111799781	796
1111799781	812
1111799781	812
1111799781	828
1111799781	828
1111799781	843
1111799781	843
1111799781	859
1111799781	859
1111799781	875
1111799781	875
1111799781	890
1111799781	890
1111799781	906
1111799781	906
1111799781	921
1111799781	921
1111799781	937
1111799781	937
1111799781	953
1111799781	953
1111799781	968
1111799781	968
1111799781	984
1111799782	15
1111799782	15
1111799782	15
1111799782	15
1111799782	15
1111799782	31
1111799782	31
1111799782	46
1111799782	46
1111799782	62
1111799782	62
1111799782	78
1111799782	78
1111799782	93
1111799782	93
1111799782	109
1111799782	109
1111799782	125
1111799782	125
1111799782	140
1111799782	140
1111799782	156
1111799782	156
1111799782	171
1111799782	171
1111799782	187
1111799782	187
1111799782	203
1111799782	234
1111799782	234
1111799782	234
1111799782	234
1111799782	234
1111799782	250
1111799782	250
1111799782	265
1111799782	265
1111799782	281
1111799782	281
1111799782	296
1111799782	296
1111799782	312
1111799782	312
1111799782	328
1111799782	328
1111799782	343
1111799782	343
1111799782	359
1111799782	359
1111799782	375
1111799782	375
1111799782	390
1111799782	390
1111799782	406
1111799782	406
1111799782	421
1111799782	453
1111799782	453
1111799782	453
1111799782	453
1111799782	453
1111799782	468
1111799782	468
1111799782	484
1111799782	484
1111799782	500
1111799782	500
1111799782	515
1111799782	515
1111799782	531
1111799782	531
1111799782	546
1111799782	546
1111799782	562
1111799782	562
1111799782	578
1111799782	578
1111799782	593
1111799782	593
1111799782	609
1111799782	609
1111799782	625
1111799782	625
1111799782	640
1111799782	671
1111799782	671
1111799782	671
1111799782	671
1111799782	671
1111799782	687
1111799782	687
1111799782	703
1111799782	703
1111799782	718
1111799782	718
1111799782	734
1111799782	734
1111799782	750
1111799782	750
1111799782	765
1111799782	765
1111799782	781
1111799782	781
1111799782	796
1111799782	796
1111799782	812
1111799782	812
1111799782	828
1111799782	828
1111799782	843
1111799782	843
1111799782	859
1111799782	859
1111799782	875
1111799782	875
1111799782	890
1111799782	890
1111799782	906
1111799782	906
1111799782	921
1111799782	921
1111799782	937
1111799782	937
1111799782	953
1111799782	953
1111799782	968
1111799783	0
1111799783	0
1111799783	0
1111799783	0
1111799783	0
1111799783	15
1111799783	15
1111799783	31
1111799783	31
1111799783	46
1111799783	46
1111799783	62
1111799783	62
1111799783	78
1111799783	78
1111799783	93
1111799783	93
1111799783	109
1111799783	109
1111799783	125
1111799783	125
1111799783	140
1111799783	140
1111799783	156
1111799783	156
1111799783	171
1111799783	171
1111799783	187
1111799783	218
1111799783	218
1111799783	218
1111799783	218
1111799783	218
1111799783	234
1111799783	234
1111799783	250
1111799783	250
1111799783	265
1111799783	265
1111799783	281
1111799783	281
1111799783	296
1111799783	296
1111799783	312
1111799783	312
1111799783	328
1111799783	328
1111799783	343
1111799783	343
1111799783	359
1111799783	359
1111799783	375
1111799783	375
1111799783	390
1111799783	390
1111799783	406
1111799783	437
1111799783	437
1111799783	437
1111799783	437
1111799783	437
1111799783	453
1111799783	453
1111799783	468
1111799783	468
1111799783	484
1111799783	484
1111799783	500
1111799783	500
1111799783	515
1111799783	515
1111799783	531
1111799783	531
1111799783	546
1111799783	546
1111799783	562
1111799783	562
1111799783	578
1111799783	578
1111799783	593
1111799783	593
1111799783	609
1111799783	609
1111799783	625
1111799783	656
1111799783	656
1111799783	656
1111799783	656
1111799783	656
1111799783	671
1111799783	671
1111799783	687
1111799783	687
1111799783	703
1111799783	703
1111799783	718
1111799783	718
1111799783	734
1111799783	734
1111799783	750
1111799783	750
1111799783	765
1111799783	765
1111799783	781
1111799783	781
1111799783	796
1111799783	796
1111799783	812
1111799783	812
1111799783	828
1111799783	828
1111799783	843
1111799783	875
1111799783	875
1111799783	875
1111799783	875
1111799783	875
1111799783	890
1111799783	890
1111799783	906
1111799783	906
1111799783	921
1111799783	921
1111799783	937
1111799783	937
1111799783	953
1111799783	953
1111799783	968
1111799783	968
1111799783	984
1111799783	984
1111799784	0
1111799784	0
1111799784	15
1111799784	15
1111799784	31
1111799784	31
1111799784	46
1111799784	46
1111799784	62
1111799784	62
1111799784	78
1111799784	78
1111799784	93
1111799784	93
1111799784	109
1111799784	109
1111799784	125
1111799784	125
1111799784	140
1111799784	140
1111799784	156
1111799784	156
1111799784	171
1111799784	203
1111799784	203
1111799784	203
1111799784	203
1111799784	203
1111799784	218
1111799784	218
1111799784	234
1111799784	234
1111799784	250
1111799784	250
1111799784	265
1111799784	265
1111799784	281
1111799784	281
1111799784	296
1111799784	296
1111799784	312
1111799784	312
1111799784	328
1111799784	328
1111799784	343
1111799784	343
1111799784	359
1111799784	359
1111799784	375
1111799784	375
1111799784	390
1111799784	421
1111799784	421
1111799784	421
1111799784	421
1111799784	421
1111799784	437
1111799784	437
1111799784	453
1111799784	453
1111799784	468
1111799784	468
1111799784	484
1111799784	484
1111799784	500
1111799784	500
1111799784	515
1111799784	515
1111799784	531
1111799784	531
1111799784	546
1111799784	546
1111799784	562
1111799784	562
1111799784	578
1111799784	578
1111799784	593
1111799784	593
1111799784	609
1111799784	640
1111799784	640
1111799784	640
1111799784	640
1111799784	640
1111799784	656
1111799784	656
1111799784	671
1111799784	671
1111799784	687
1111799784	687
1111799784	703
1111799784	703
1111799784	718
1111799784	718
1111799784	734
1111799784	734
1111799784	750
1111799784	750
1111799784	765
1111799784	765
1111799784	781
1111799784	781
1111799784	796
1111799784	796
1111799784	812
1111799784	812
1111799784	828
1111799784	859
1111799784	859
1111799784	859
1111799784	859
1111799784	859
1111799784	875
1111799784	875
1111799784	890
1111799784	890
1111799784	906
1111799784	906
1111799784	921
1111799784	921
1111799784	937
1111799784	937
1111799784	953
1111799784	953
1111799784	968
1111799784	968
1111799784	984
1111799784	984
1111799785	0
1111799785	0
1111799785	15
1111799785	15
1111799785	31
1111799785	31
1111799785	46
1111799785	78
1111799785	78
1111799785	78
1111799785	78
1111799785	78
1111799785	93
1111799785	93
1111799785	109
1111799785	109
1111799785	125
1111799785	125
1111799785	140
1111799785	140
1111799785	156
1111799785	156
1111799785	171
1111799785	171
1111799785	187
1111799785	187
1111799785	203
1111799785	203
1111799785	218
1111799785	218
1111799785	234
1111799785	234
1111799785	250
1111799785	250
1111799785	265
1111799785	296
1111799785	296
1111799785	296
1111799785	296
1111799785	296
1111799785	312
1111799785	312
1111799785	328
1111799785	328
1111799785	343
1111799785	343
1111799785	359
1111799785	359
1111799785	375
1111799785	375
1111799785	390
1111799785	390
1111799785	406
1111799785	406
1111799785	421
1111799785	421
1111799785	437
1111799785	437
1111799785	453
1111799785	453
1111799785	468
1111799785	468
1111799785	484
1111799785	515
1111799785	515
1111799785	515
1111799785	515
1111799785	515
1111799785	531
1111799785	531
1111799785	546
1111799785	546
1111799785	562
1111799785	562
1111799785	578
1111799785	578
1111799785	593
1111799785	593
1111799785	609
1111799785	609
1111799785	625
1111799785	625
1111799785	640
1111799785	640
1111799785	656
1111799785	656
1111799785	671
1111799785	671
1111799785	687
1111799785	687
1111799785	703
1111799785	734
1111799785	734
1111799785	734
1111799785	734
1111799785	734
1111799785	750
1111799785	750
1111799785	765
1111799785	765
1111799785	781
1111799785	781
1111799785	796
1111799785	796
1111799785	812
1111799785	812
1111799785	828
1111799785	828
1111799785	843
1111799785	843
1111799785	859
1111799785	859
1111799785	875
1111799785	875
1111799785	890
1111799785	890
1111799785	906
1111799785	906
1111799785	921
1111799785	953
1111799785	953
1111799785	953
1111799785	953
1111799785	953
1111799785	968
1111799785	968
1111799785	984
1111799785	984
1111799786	0
1111799786	0
1111799786	15
1111799786	15
1111799786	31
1111799786	31
1111799786	46
1111799786	46
1111799786	62
1111799786	62
1111799786	78
1111799786	78
1111799786	93
1111799786	93
1111799786	109
1111799786	109
1111799786	125
1111799786	125
1111799786	140
1111799786	171
1111799786	171
1111799786	171
1111799786	171
1111799786	171
1111799786	187
1111799786	187
1111799786	203
1111799786	203
1111799786	218
1111799786	218
1111799786	234
1111799786	234
1111799786	250
1111799786	250
1111799786	265
1111799786	265
1111799786	281
1111799786	281
1111799786	296
1111799786	296
1111799786	312
1111799786	312
1111799786	328
1111799786	328
1111799786	343
1111799786	343
1111799786	359
1111799786	359
1111799786	375
1111799786	375
1111799786	390
1111799786	390
1111799786	406
1111799786	406
1111799786	421
1111799786	421
1111799786	437
1111799786	437
1111799786	453
1111799786	453
1111799786	468
1111799786	500
1111799786	500
1111799786	500
1111799786	500
1111799786	500
1111799786	515
1111799786	515
1111799786	531
1111799786	531
1111799786	546
1111799786	546
1111799786	562
1111799786	562
1111799786	578
1111799786	578
1111799786	593
1111799786	593
1111799786	609
1111799786	609
1111799786	625
1111799786	625
1111799786	640
1111799786	640
1111799786	656
1111799786	656
1111799786	671
1111799786	671
1111799786	687
1111799786	718
1111799786	718
1111799786	718
1111799786	718
1111799786	718
1111799786	734
1111799786	734
1111799786	750
1111799786	750
1111799786	765
1111799786	765
1111799786	781
1111799786	781
1111799786	796
1111799786	796
1111799786	812
1111799786	812
1111799786	828
1111799786	828
1111799786	843
1111799786	843
1111799786	859
1111799786	859
1111799786	875
1111799786	875
1111799786	890
1111799786	890
1111799786	906
1111799786	937
1111799786	937
1111799786	937
1111799786	937
1111799786	937
1111799786	953
1111799786	953
1111799786	968
1111799786	968
1111799786	984
1111799786	984
1111799787	0
1111799787	0
1111799787	15
1111799787	15
1111799787	31
1111799787	31
1111799787	46
1111799787	46
1111799787	62
1111799787	62
1111799787	78
1111799787	78
1111799787	93
1111799787	93
1111799787	109
1111799787	109
1111799787	125
1111799787	156
1111799787	156
1111799787	156
1111799787	156
1111799787	156
1111799787	171
1111799787	171
1111799787	187
1111799787	187
1111799787	203
1111799787	203
1111799787	218
1111799787	218
1111799787	234
1111799787	234
1111799787	250
1111799787	250
1111799787	265
1111799787	265
1111799787	281
1111799787	281
1111799787	296
1111799787	296
1111799787	312
1111799787	312
1111799787	328
1111799787	328
1111799787	343
1111799787	375
1111799787	375
1111799787	375
1111799787	375
1111799787	375
1111799787	390
1111799787	390
1111799787	406
1111799787	406
1111799787	421
1111799787	421
1111799787	437
1111799787	437
1111799787	453
1111799787	453
1111799787	468
1111799787	468
1111799787	484
1111799787	484
1111799787	500
1111799787	500
1111799787	515
1111799787	515
1111799787	531
1111799787	531
1111799787	546
1111799787	546
1111799787	562
1111799787	562
1111799787	578
1111799787	578
1111799787	593
1111799787	593
1111799787	609
1111799787	609
1111799787	625
1111799787	625
1111799787	640
1111799787	640
1111799787	656
1111799787	656
1111799787	671
1111799787	703
1111799787	703
1111799787	703
1111799787	703
1111799787	703
1111799787	718
1111799787	718
1111799787	734
1111799787	734
1111799787	750
1111799787	750
1111799787	765
1111799787	765
1111799787	781
1111799787	781
1111799787	796
1111799787	796
1111799787	812
1111799787	812
1111799787	828
1111799787	828
1111799787	843
1111799787	843
1111799787	859
1111799787	859
1111799787	875
1111799787	875
1111799787	890
1111799787	921
1111799787	921
1111799787	921
1111799787	921
1111799787	921
1111799787	937
1111799787	937
1111799787	953
1111799787	953
1111799787	968
1111799787	968
1111799787	984
1111799787	984
1111799788	0
1111799788	0
1111799788	15
1111799788	15
1111799788	31
1111799788	31
1111799788	46
1111799788	46
1111799788	62
1111799788	62
1111799788	78
1111799788	78
1111799788	93
1111799788	93
1111799788	109
1111799788	140
1111799788	140
1111799788	140
1111799788	140
1111799788	140
1111799788	156
1111799788	156
1111799788	171
1111799788	171
1111799788	187
1111799788	187
1111799788	203
1111799788	203
1111799788	218
1111799788	218
1111799788	234
1111799788	234
1111799788	250
1111799788	250
1111799788	265
1111799788	265
1111799788	281
1111799788	281
1111799788	296
1111799788	296
1111799788	312
1111799788	312
1111799788	328
1111799788	359
1111799788	359
1111799788	359
1111799788	359
1111799788	359
1111799788	375
1111799788	375
1111799788	390
1111799788	390
1111799788	406
1111799788	406
1111799788	421
1111799788	421
1111799788	437
1111799788	437
1111799788	453
1111799788	453
1111799788	468
1111799788	468
1111799788	484
1111799788	484
1111799788	500
1111799788	500
1111799788	515
1111799788	515
1111799788	531
1111799788	531
1111799788	546
1111799788	578
1111799788	578
1111799788	578
1111799788	578
1111799788	578
1111799788	593
1111799788	593
1111799788	609
1111799788	609
1111799788	625
1111799788	625
1111799788	640
1111799788	640
1111799788	656
1111799788	656
1111799788	671
1111799788	671
1111799788	687
1111799788	687
1111799788	703
1111799788	703
1111799788	718
1111799788	718
1111799788	734
1111799788	734
1111799788	750
1111799788	750
1111799788	765
1111799788	796
1111799788	796
1111799788	796
1111799788	796
1111799788	796
1111799788	812
1111799788	812
1111799788	828
1111799788	828
1111799788	843
1111799788	843
1111799788	859
1111799788	859
1111799788	875
1111799788	875
1111799788	890
1111799788	890
1111799788	906
1111799788	906
1111799788	921
1111799788	921
1111799788	937
1111799788	937
1111799788	953
1111799788	953
1111799788	968
1111799788	968
1111799788	984
1111799789	15
1111799789	15
1111799789	15
1111799789	15
1111799789	15
1111799789	31
1111799789	31
1111799789	46
1111799789	46
1111799789	62
1111799789	62
1111799789	78
1111799789	78
1111799789	93
1111799789	93
1111799789	109
1111799789	109
1111799789	125
1111799789	125
1111799789	140
1111799789	140
1111799789	156
1111799789	156
1111799789	171
1111799789	171
1111799789	187
1111799789	187
1111799789	203
1111799789	234
1111799789	234
1111799789	234
1111799789	234
1111799789	234
1111799789	250
1111799789	250
1111799789	265
1111799789	265
1111799789	281
1111799789	281
1111799789	296
1111799789	296
1111799789	312
1111799789	312
1111799789	328
1111799789	328
1111799789	343
1111799789	343
1111799789	359
1111799789	359
1111799789	375
1111799789	375
1111799789	390
1111799789	390
1111799789	406
1111799789	406
1111799789	421
1111799789	453
1111799789	453
1111799789	453
1111799789	453
1111799789	453
1111799789	468
1111799789	468
1111799789	484
1111799789	484
1111799789	500
1111799789	500
1111799789	515
1111799789	515
1111799789	531
1111799789	531
1111799789	546
1111799789	546
1111799789	562
1111799789	562
1111799789	578
1111799789	578
1111799789	593
1111799789	593
1111799789	609
1111799789	609
1111799789	625
1111799789	625
1111799789	640
1111799789	671
1111799789	671
1111799789	671
1111799789	671
1111799789	671
1111799789	687
1111799789	687
1111799789	703
1111799789	703
1111799789	718
1111799789	718
1111799789	734
1111799789	734
1111799789	750
1111799789	750
1111799789	765
1111799789	765
1111799789	781
1111799789	781
1111799789	796
1111799789	796
1111799789	812
1111799789	812
1111799789	828
1111799789	828
1111799789	843
1111799789	843
1111799789	859
1111799789	859
1111799789	875
1111799789	875
1111799789	890
1111799789	890
1111799789	906
1111799789	906
1111799789	921
1111799789	921
1111799789	937
1111799789	937
1111799789	953
1111799789	953
1111799789	968
1111799790	0
1111799790	0
1111799790	0
1111799790	0
1111799790	0
1111799790	15
1111799790	15
1111799790	31
1111799790	31
1111799790	46
1111799790	46
1111799790	62
1111799790	62
1111799790	78
1111799790	78
1111799790	93
1111799790	93
1111799790	109
1111799790	109
1111799790	125
1111799790	125
1111799790	140
1111799790	140
1111799790	156
1111799790	156
1111799790	171
1111799790	171
1111799790	187
1111799790	218
1111799790	218
1111799790	218
1111799790	218
1111799790	218
1111799790	234
1111799790	234
1111799790	250
1111799790	250
1111799790	265
1111799790	265
1111799790	281
1111799790	281
1111799790	296
1111799790	296
1111799790	312
1111799790	312
1111799790	328
1111799790	328
1111799790	343
1111799790	343
1111799790	359
1111799790	359
1111799790	375
1111799790	375
1111799790	390
1111799790	390
1111799790	406
1111799790	437
1111799790	437
1111799790	437
1111799790	437
1111799790	437
1111799790	453
1111799790	453
1111799790	468
1111799790	468
1111799790	484
1111799790	484
1111799790	500
1111799790	500
1111799790	515
1111799790	515
1111799790	531
1111799790	531
1111799790	546
1111799790	546
1111799790	562
1111799790	562
1111799790	578
1111799790	578
1111799790	593
1111799790	593
1111799790	609
1111799790	609
1111799790	625
1111799790	656
1111799790	656
1111799790	656
1111799790	656
1111799790	656
1111799790	671
1111799790	671
1111799790	687
1111799790	687
1111799790	703
1111799790	703
1111799790	718
1111799790	718
1111799790	734
1111799790	734
1111799790	750
1111799790	750
1111799790	765
1111799790	765
1111799790	781
1111799790	781
1111799790	796
1111799790	796
1111799790	812
1111799790	812
1111799790	828
1111799790	828
1111799790	843
1111799790	875
1111799790	875
1111799790	875
1111799790	875
1111799790	875
1111799790	890
1111799790	890
1111799790	906
1111799790	906
1111799790	921
1111799790	921
1111799790	937
1111799790	937
1111799790	953
1111799790	953
1111799790	968
1111799790	968
1111799790	984
1111799790	984
1111799791	0
1111799791	0
1111799791	15
1111799791	15
1111799791	31
1111799791	31
1111799791	46
1111799791	46
1111799791	62
1111799791	62
1111799791	78
1111799791	78
1111799791	93
1111799791	93
1111799791	109
1111799791	109
1111799791	125
1111799791	125
1111799791	140
1111799791	140
1111799791	156
1111799791	156
1111799791	171
1111799791	203
1111799791	203
1111799791	203
1111799791	203
1111799791	203
1111799791	218
1111799791	218
1111799791	234
1111799791	234
1111799791	250
1111799791	250
1111799791	265
1111799791	265
1111799791	281
1111799791	281
1111799791	296
1111799791	296
1111799791	312
1111799791	312
1111799791	328
1111799791	328
1111799791	343
1111799791	343
1111799791	359
1111799791	359
1111799791	375
1111799791	375
1111799791	390
1111799791	421
1111799791	421
1111799791	421
1111799791	421
1111799791	421
1111799791	437
1111799791	437
1111799791	453
1111799791	453
1111799791	468
1111799791	468
1111799791	484
1111799791	484
1111799791	500
1111799791	500
1111799791	515
1111799791	515
1111799791	531
1111799791	531
1111799791	546
1111799791	546
1111799791	562
1111799791	562
1111799791	578
1111799791	578
1111799791	593
1111799791	593
1111799791	609
1111799791	640
1111799791	640
1111799791	640
1111799791	640
1111799791	640
1111799791	656
1111799791	656
1111799791	671
1111799791	671
1111799791	687
1111799791	687
1111799791	703
1111799791	703
1111799791	718
1111799791	718
1111799791	734
1111799791	734
1111799791	750
1111799791	750
1111799791	765
1111799791	765
1111799791	781
1111799791	781
1111799791	796
1111799791	796
1111799791	812
1111799791	812
1111799791	828
1111799791	859
1111799791	859
1111799791	859
1111799791	859
1111799791	859
1111799791	875
1111799791	875
1111799791	890
1111799791	890
1111799791	906
1111799791	906
1111799791	921
1111799791	921
1111799791	937
1111799791	937
1111799791	953
1111799791	953
1111799791	968
1111799791	968
1111799791	984
1111799791	984
1111799792	0
1111799792	0
1111799792	15
1111799792	15
1111799792	31
1111799792	31
1111799792	46
1111799792	78
1111799792	78
1111799792	78
1111799792	78
1111799792	78
1111799792	93
1111799792	93
1111799792	109
1111799792	109
1111799792	125
1111799792	125
1111799792	140
1111799792	140
1111799792	156
1111799792	156
1111799792	171
1111799792	171
1111799792	187
1111799792	187
1111799792	203
1111799792	203
1111799792	218
1111799792	218
1111799792	234
1111799792	234
1111799792	250
1111799792	250
1111799792	265
1111799792	296
1111799792	296
1111799792	296
1111799792	296
1111799792	296
1111799792	312
1111799792	312
1111799792	328
1111799792	328
1111799792	343
1111799792	343
1111799792	359
1111799792	359
1111799792	375
1111799792	375
1111799792	390
1111799792	390
1111799792	406
1111799792	406
1111799792	421
1111799792	421
1111799792	437
1111799792	437
1111799792	453
1111799792	453
1111799792	468
1111799792	468
1111799792	484
1111799792	515
1111799792	515
1111799792	515
1111799792	515
1111799792	515
1111799792	531
1111799792	531
1111799792	546
1111799792	546
1111799792	562
1111799792	562
1111799792	578
1111799792	578
1111799792	593
1111799792	593
1111799792	609
1111799792	609
1111799792	625
1111799792	625
1111799792	640
1111799792	640
1111799792	656
1111799792	656
1111799792	671
1111799792	671
1111799792	687
1111799792	687
1111799792	703
1111799792	734
1111799792	734
1111799792	734
1111799792	734
1111799792	734
1111799792	750
1111799792	750
1111799792	765
1111799792	765
1111799792	781
1111799792	781
1111799792	796
1111799792	796
1111799792	812
1111799792	812
1111799792	828
1111799792	828
1111799792	843
1111799792	843
1111799792	859
1111799792	859
1111799792	875
1111799792	875
1111799792	890
1111799792	890
1111799792	906
1111799792	906
1111799792	921
1111799792	953
1111799792	953
1111799792	953
1111799792	953
1111799792	953
1111799792	968
1111799792	968
1111799792	984
1111799792	984
1111799793	0
1111799793	0
1111799793	15
1111799793	15
1111799793	31
1111799793	31
1111799793	46
1111799793	46
1111799793	62
1111799793	62
1111799793	78
1111799793	78
1111799793	93
1111799793	93
1111799793	109
1111799793	109
1111799793	125
1111799793	125
1111799793	140
1111799793	171
1111799793	171
1111799793	171
1111799793	171
1111799793	171
1111799793	187
1111799793	187
1111799793	203
1111799793	203
1111799793	218
1111799793	218
1111799793	234
1111799793	234
1111799793	250
1111799793	250
1111799793	265
1111799793	265
1111799793	281
1111799793	281
1111799793	296
1111799793	296
1111799793	312
1111799793	312
1111799793	328
1111799793	328
1111799793	343
1111799793	343
1111799793	359
1111799793	359
1111799793	375
1111799793	375
1111799793	390
1111799793	390
1111799793	406
1111799793	406
1111799793	421
1111799793	421
1111799793	437
1111799793	437
1111799793	453
1111799793	453
1111799793	468
1111799793	500
1111799793	500
1111799793	500
1111799793	500
1111799793	500
1111799793	515
1111799793	515
1111799793	531
1111799793	531
1111799793	546
1111799793	546
1111799793	562
1111799793	562
1111799793	578
1111799793	578
1111799793	593
1111799793	593
1111799793	609
1111799793	609
1111799793	625
1111799793	625
1111799793	640
1111799793	640
1111799793	656
1111799793	656
1111799793	671
1111799793	671
1111799793	687
1111799793	718
1111799793	718
1111799793	718
1111799793	718
1111799793	718
1111799793	734
1111799793	734
1111799793	750
1111799793	750
1111799793	765
1111799793	765
1111799793	781
1111799793	781
1111799793	796
1111799793	796
1111799793	812
1111799793	812
1111799793	828
1111799793	828
1111799793	843
1111799793	843
1111799793	859
1111799793	859
1111799793	875
1111799793	875
1111799793	890
1111799793	890
1111799793	906
1111799793	937
1111799793	937
1111799793	937
1111799793	937
1111799793	937
1111799793	953
1111799793	953
1111799793	968
1111799793	968
1111799793	984
1111799793	984
1111799794	0
1111799794	0
1111799794	15
1111799794	15
1111799794	31
1111799794	31
1111799794	46
1111799794	46
1111799794	62
1111799794	62
1111799794	78
1111799794	78
1111799794	93
1111799794	93
1111799794	109
1111799794	109
1111799794	125
1111799794	156
1111799794	156
1111799794	156
1111799794	156
1111799794	156
1111799794	171
1111799794	171
1111799794	187
1111799794	187
1111799794	203
1111799794	203
1111799794	218
1111799794	218
1111799794	234
1111799794	234
1111799794	250
1111799794	250
1111799794	265
1111799794	265
1111799794	281
1111799794	281
1111799794	296
1111799794	296
1111799794	312
1111799794	312
1111799794	328
1111799794	328
1111799794	343
1111799794	375
1111799794	375
1111799794	375
1111799794	375
1111799794	375
1111799794	390
1111799794	390
1111799794	406
1111799794	406
1111799794	421
1111799794	421
1111799794	437
1111799794	437
1111799794	453
1111799794	453
1111799794	468
1111799794	468
1111799794	484
1111799794	484
1111799794	500
1111799794	500
1111799794	515
1111799794	515
1111799794	531
1111799794	531
1111799794	546
1111799794	546
1111799794	562
1111799794	562
1111799794	578
1111799794	578
1111799794	593
1111799794	593
1111799794	609
1111799794	609
1111799794	625
1111799794	625
1111799794	640
1111799794	640
1111799794	656
1111799794	656
1111799794	671
1111799794	703
1111799794	703
1111799794	703
1111799794	703
1111799794	703
1111799794	718
1111799794	718
1111799794	734
1111799794	734
1111799794	750
1111799794	750
1111799794	765
1111799794	765
1111799794	781
1111799794	781
1111799794	796
1111799794	796
1111799794	812
1111799794	812
1111799794	828
1111799794	828
1111799794	843
1111799794	843
1111799794	859
1111799794	859
1111799794	875
1111799794	875
1111799794	890
1111799794	921
1111799794	921
1111799794	921
1111799794	921
1111799794	921
1111799794	937
1111799794	937
1111799794	953
1111799794	953
1111799794	968
1111799794	968
1111799794	984
1111799794	984
1111799795	0
1111799795	0
1111799795	15
1111799795	15
1111799795	31
1111799795	31
1111799795	46
1111799795	46
1111799795	62
1111799795	62
1111799795	78
1111799795	78
1111799795	93
1111799795	93
1111799795	109
1111799795	140
1111799795	140
1111799795	140
1111799795	140
1111799795	140
1111799795	156
1111799795	156
1111799795	171
1111799795	171
1111799795	187
1111799795	187
1111799795	203
1111799795	203
1111799795	218
1111799795	218
1111799795	234
1111799795	234
1111799795	250
1111799795	250
1111799795	265
1111799795	265
1111799795	281
1111799795	281
1111799795	296
1111799795	296
1111799795	312
1111799795	312
1111799795	328
1111799795	359
1111799795	359
1111799795	359
1111799795	359
1111799795	359
1111799795	375
1111799795	375
1111799795	390
1111799795	390
1111799795	406
1111799795	406
1111799795	421
1111799795	421
1111799795	437
1111799795	437
1111799795	453
1111799795	453
1111799795	468
1111799795	468
1111799795	484
1111799795	484
1111799795	500
1111799795	500
1111799795	515
1111799795	515
1111799795	531
1111799795	531
1111799795	546
1111799795	578
1111799795	578
1111799795	578
1111799795	578
1111799795	578
1111799795	593
1111799795	593
1111799795	609
1111799795	609
1111799795	625
1111799795	625
1111799795	640
1111799795	640
1111799795	656
1111799795	656
1111799795	671
1111799795	671
1111799795	687
1111799795	687
1111799795	703
1111799795	703
1111799795	718
1111799795	718
1111799795	734
1111799795	734
1111799795	750
1111799795	750
1111799795	765
1111799795	796
1111799795	796
1111799795	796
1111799795	796
1111799795	796
1111799795	812
1111799795	812
1111799795	828
1111799795	828
1111799795	843
1111799795	843
1111799795	859
1111799795	859
1111799795	875
1111799795	875
1111799795	890
1111799795	890
1111799795	906
1111799795	906
1111799795	921
1111799795	921
1111799795	937
1111799795	937
1111799795	953
1111799795	953
1111799795	968
1111799795	968
1111799795	984
1111799796	15
1111799796	15
1111799796	15
1111799796	15
1111799796	15
1111799796	31
1111799796	31
1111799796	46
1111799796	46
1111799796	62
1111799796	62
1111799796	78
1111799796	78
1111799796	93
1111799796	93
1111799796	109
1111799796	109
1111799796	125
1111799796	125
1111799796	140
1111799796	140
1111799796	156
1111799796	156
1111799796	171
1111799796	171
1111799796	187
1111799796	187
1111799796	203
1111799796	234
1111799796	234
1111799796	234
1111799796	234
1111799796	234
1111799796	250
1111799796	250
1111799796	265
1111799796	265
1111799796	281
1111799796	281
1111799796	296
1111799796	296
1111799796	312
1111799796	312
1111799796	328
1111799796	328
1111799796	343
1111799796	343
1111799796	359
1111799796	359
1111799796	375
1111799796	375
1111799796	390
1111799796	390
1111799796	406
1111799796	406
1111799796	421
1111799796	453
1111799796	453
1111799796	453
1111799796	453
1111799796	453
1111799796	468
1111799796	468
1111799796	484
1111799796	484
1111799796	500
1111799796	500
1111799796	515
1111799796	515
1111799796	531
1111799796	531
1111799796	546
1111799796	546
1111799796	562
1111799796	562
1111799796	578
1111799796	578
1111799796	593
1111799796	593
1111799796	609
1111799796	609
1111799796	625
1111799796	625
1111799796	640
1111799796	671
1111799796	671
1111799796	671
1111799796	671
1111799796	671
1111799796	687
1111799796	687
1111799796	703
1111799796	703
1111799796	718
1111799796	718
1111799796	734
1111799796	734
1111799796	750
1111799796	750
1111799796	765
1111799796	765
1111799796	781
1111799796	781
1111799796	796
1111799796	796
1111799796	812
1111799796	812
1111799796	828
1111799796	828
1111799796	843
1111799796	843
1111799796	859
1111799796	859
1111799796	875
1111799796	875
1111799796	890
1111799796	890
1111799796	906
1111799796	906
1111799796	921
1111799796	921
1111799796	937
1111799796	937
1111799796	953
1111799796	953
1111799796	968
1111799797	0
1111799797	0
1111799797	0
1111799797	0
1111799797	0
1111799797	15
1111799797	15
1111799797	31
1111799797	31
1111799797	46
1111799797	46
1111799797	62
1111799797	62
1111799797	78
1111799797	78
1111799797	93
1111799797	93
1111799797	109
1111799797	109
1111799797	125
1111799797	125
1111799797	140
1111799797	140
1111799797	156
1111799797	156
1111799797	171
1111799797	171
1111799797	187
1111799797	218
1111799797	218
1111799797	218
1111799797	218
1111799797	218
1111799797	234
1111799797	234
1111799797	250
1111799797	250
1111799797	265
1111799797	265
1111799797	281
1111799797	281
1111799797	296
1111799797	296
1111799797	312
1111799797	312
1111799797	328
1111799797	328
1111799797	343
1111799797	343
1111799797	359
1111799797	359
1111799797	375
1111799797	375
1111799797	390
1111799797	390
1111799797	406
1111799797	437
1111799797	437
1111799797	437
1111799797	437
1111799797	437
1111799797	453
1111799797	453
1111799797	468
1111799797	468
1111799797	484
1111799797	484
1111799797	500
1111799797	500
1111799797	515
1111799797	515
1111799797	531
1111799797	531
1111799797	546
1111799797	546
1111799797	562
1111799797	562
1111799797	578
1111799797	578
1111799797	593
1111799797	593
1111799797	609
1111799797	609
1111799797	625
1111799797	656
1111799797	656
1111799797	656
1111799797	656
1111799797	656
1111799797	671
1111799797	671
1111799797	687
1111799797	687
1111799797	703
1111799797	703
1111799797	718
1111799797	718
1111799797	734
1111799797	734
1111799797	750
1111799797	750
1111799797	765
1111799797	765
1111799797	781
1111799797	781
1111799797	796
1111799797	796
1111799797	812
1111799797	812
1111799797	828
1111799797	828
1111799797	843
1111799797	875
1111799797	875
1111799797	875
1111799797	875
1111799797	875
1111799797	890
1111799797	890
1111799797	906
1111799797	906
1111799797	921
1111799797	921
1111799797	937
1111799797	937
1111799797	953
1111799797	953
1111799797	968
1111799797	968
1111799797	984
1111799797	984
1111799798	0
1111799798	0
1111799798	15
1111799798	15
1111799798	31
1111799798	31
1111799798	46
1111799798	46
1111799798	62
1111799798	62
1111799798	78
1111799798	78
1111799798	93
1111799798	93
1111799798	109
1111799798	109
1111799798	125
1111799798	125
1111799798	140
1111799798	140
1111799798	156
1111799798	156
1111799798	171
1111799798	203
1111799798	203
1111799798	203
1111799798	203
1111799798	203
1111799798	218
1111799798	218
1111799798	234
1111799798	234
1111799798	250
1111799798	250
1111799798	265
1111799798	265
1111799798	281
1111799798	281
1111799798	296
1111799798	296
1111799798	312
1111799798	312
1111799798	328
1111799798	328
1111799798	343
1111799798	343
1111799798	359
1111799798	359
1111799798	375
1111799798	375
1111799798	390
1111799798	421
1111799798	421
1111799798	421
1111799798	421
1111799798	421
1111799798	437
1111799798	437
1111799798	453
1111799798	453
1111799798	468
1111799798	468
1111799798	484
1111799798	484
1111799798	500
1111799798	500
1111799798	515
1111799798	515
1111799798	531
1111799798	531
1111799798	546
1111799798	546
1111799798	562
1111799798	562
1111799798	578
1111799798	578
1111799798	593
1111799798	593
1111799798	609
1111799798	640
1111799798	640
1111799798	640
1111799798	640
1111799798	640
1111799798	656
1111799798	656
1111799798	671
1111799798	671
1111799798	687
1111799798	687
1111799798	703
1111799798	703
1111799798	718
1111799798	718
1111799798	734
1111799798	734
1111799798	750
1111799798	750
1111799798	765
1111799798	765
1111799798	781
1111799798	781
1111799798	796
1111799798	796
1111799798	812
1111799798	812
1111799798	828
1111799798	859
1111799798	859
1111799798	859
1111799798	859
1111799798	859
1111799798	875
1111799798	875
1111799798	890
1111799798	890
1111799798	906
1111799798	906
1111799798	921
1111799798	921
1111799798	937
1111799798	937
1111799798	953
1111799798	953
1111799798	968
1111799798	968
1111799798	984
1111799798	984
1111799799	0
1111799799	0
1111799799	15
1111799799	15
1111799799	31
1111799799	31
1111799799	46
1111799799	78
1111799799	78
1111799799	78
1111799799	78
1111799799	78
1111799799	93
1111799799	93
1111799799	109
1111799799	109
1111799799	125
1111799799	125
1111799799	140
1111799799	140
1111799799	156
1111799799	156
1111799799	171
1111799799	171
1111799799	187
1111799799	187
1111799799	203
1111799799	203
1111799799	218
1111799799	218
1111799799	234
1111799799	234
1111799799	250
1111799799	250
1111799799	265
1111799799	296
1111799799	296
1111799799	296
1111799799	296
1111799799	296
1111799799	312
1111799799	312
1111799799	328
1111799799	328
1111799799	343
1111799799	343
1111799799	359
1111799799	359
1111799799	375
1111799799	375
