0.000000
0.000000
0.000003
0.000012
0.000030
0.000059
0.000103
0.000164
0.000244
0.000347
0.000475
0.000631
0.000815
0.001033
0.001284
0.001572
0.001899
0.002267
0.002678
0.003134
0.003637
0.004189
0.004792
0.005447
0.006157
0.006923
0.007746
0.008629
0.009573
0.010579
0.011648
0.012783
0.013985
0.015254
0.016592
0.018000
0.019479
0.021031
0.022657
0.024356
0.026132
0.027983
0.029911
0.031918
0.034003
0.036167
0.038411
0.040736
0.043143
0.045630
0.048201
0.050853
0.053589
0.056408
0.059311
0.062298
0.065369
0.068524
0.071764
0.075088
0.078497
0.081991
0.085569
0.089232
0.092980
0.096812
0.100728
0.104728
0.108812
0.112980
0.117231
0.121564
0.125980
0.130478
0.135058
0.139718
0.144459
0.149281
0.154181
0.159161
0.164219
0.169354
0.174566
0.179854
0.185217
0.190655
0.196167
0.201752
0.207408
0.213136
0.218933
0.224800
0.230736
0.236738
0.242807
0.248940
0.255138
0.261399
0.267722
0.274105
0.280548
0.287050
0.293609
0.300223
0.306893
0.313616
0.320391
0.327217
0.334093
0.341017
0.347988
0.355004
0.362065
0.369169
0.376314
0.383500
0.390724
0.397985
0.405282
0.412613
0.419978
0.427373
0.434798
0.442252
0.449733
0.457239
0.464769
0.472321
0.479894
0.487486
0.495096
0.502722
0.510363
0.518016
0.525681
0.533357
0.541040
0.548730
0.556425
0.564124
0.571825
0.579527
0.587227
0.594925
0.602618
0.610306
0.617986
0.625657
0.633317
0.640966
0.648601
0.656220
0.663823
0.671408
0.678972
0.686515
0.694036
0.701532
0.709002
0.716444
0.723858
0.731241
0.738592
0.745910
0.753192
0.760439
0.767648
0.774818
0.781947
0.789034
0.796077
0.803076
0.810029
0.816934
0.823790
0.830596
0.837351
0.844052
0.850700
0.857292
0.863827
0.870305
0.876723
0.883081
0.889378
0.895612
0.901781
0.907886
0.913925
0.919896
0.925799
0.931632
0.937395
0.943086
0.948704
0.954249
0.959720
0.965114
0.970433
0.975674
0.980836
0.985919
0.990922
0.995845
1.000685
1.005443
1.010117
1.014707
1.019213
1.023633
1.027966
1.032213
1.036372
1.040443
1.044425
1.048317
1.052119
1.055831
1.059452
1.062981
1.066418
1.069763
1.073014
1.076173
1.079237
1.082208
1.085083
1.087865
1.090551
1.093141
1.095637
1.098036
1.100339
1.102546
1.104657
1.106671
1.108589
1.110409
1.112134
1.113761
1.115291
1.116725
1.118062
1.119302
1.120445
1.121491
1.122442
1.123295
1.124053
1.124714
1.125280
1.125750
1.126125
1.126404
1.126589
1.126679
1.126675
1.126578
1.126386
1.126102
1.125725
1.125256
1.124695
1.124043
1.123300
1.122466
1.121543
1.120531
1.119430
1.118241
1.116965
1.115601
1.114152
1.112617
1.110997
1.109293
1.107506
1.105636
1.103685
1.101652
1.099538
1.097345
1.095074
1.092724
1.090298
1.087795
1.085217
1.082565
1.079839
1.077040
1.074170
1.071230
1.068219
1.065140
1.061993
1.058779
1.055500
1.052155
1.048748
1.045277
1.041745
1.038153
1.034501
1.030791
1.027024
1.023201
1.019323
1.015391
1.011406
1.007370
1.003284
0.999149
0.994965
0.990735
0.986460
0.982139
0.977776
0.973371
0.968925
0.964440
0.959916
0.955355
0.950759
0.946127
0.941463
0.936766
0.932039
0.927282
0.922497
0.917685
0.912847
0.907985
0.903099
0.898192
0.893263
0.888316
0.883350
0.878367
0.873369
0.868357
0.863331
0.858294
0.853246
0.848189
0.843125
0.838053
0.832976
0.827895
0.822811
0.817725
0.812639
0.807553
0.802470
0.797390
0.792314
0.787245
0.782182
0.777127
0.772082
0.767047
0.762025
0.757015
0.752019
0.747038
0.742074
0.737128
0.732201
0.727293
0.722406
0.717542
0.712701
0.707884
0.703093
0.698328
0.693591
0.688883
0.684204
0.679557
0.674941
0.670358
0.665809
0.661294
0.656816
0.652374
0.647970
0.643605
0.639280
0.634995
0.630752
0.626551
0.622393
0.618280
0.614212
0.610189
0.606213
0.602285
0.598405
0.594574
0.590793
0.587063
0.583384
0.579757
0.576183
0.572662
0.569196
0.565784
0.562428
0.559128
0.555885
0.552700
0.549572
0.546503
0.543493
0.540542
0.537652
0.534822
0.532054
0.529347
0.526702
0.524120
0.521601
0.519145
0.516753
0.514425
0.512162
0.509963
0.507830
0.505762
0.503760
0.501823
0.499954
0.498150
0.496414
0.494744
0.493142
0.491606
0.490139
0.488739
0.487406
0.486142
0.484945
0.483817
0.482756
0.481764
0.480840
0.479984
0.479195
0.478475
0.477824
0.477240
0.476723
0.476275
0.475895
0.475582
0.475336
0.475158
0.475046
0.475002
0.475024
0.475113
0.475268
0.475489
0.475776
0.476128
0.476546
0.477028
0.477574
0.478185
0.478860
0.479598
0.480399
0.481263
0.482189
0.483177
0.484226
0.485336
0.486507
0.487737
0.489028
0.490377
0.491784
0.493250
0.494772
0.496352
0.497988
0.499680
0.501427
0.503228
0.505083
0.506991
0.508952
0.510965
0.513030
0.515145
0.517310
0.519524
0.521787
0.524098
0.526456
0.528860
0.531311
0.533806
0.536345
0.538928
0.541554
0.544221
0.546930
0.549679
0.552467
0.555295
0.558160
0.561063
0.564001
0.566976
0.569985
0.573027
0.576103
0.579211
0.582350
0.585519
0.588718
0.591946
0.595201
0.598483
0.601792
0.605125
0.608483
0.611864
0.615267
0.618692
0.622138
0.625603
0.629087
0.632590
0.636109
0.639644
0.643195
0.646760
0.650338
0.653929
0.657531
0.661144
0.664767
0.668399
0.672038
0.675685
0.679338
0.682996
0.686658
0.690324
0.693992
0.697662
0.701333
0.705004
0.708673
0.712341
0.716005
0.719666
0.723323
0.726974
0.730618
0.734256
0.737885
0.741506
0.745117
0.748717
0.752306
0.755883
0.759446
0.762996
0.766531
0.770050
0.773554
0.777040
0.780508
0.783957
0.787387
0.790797
0.794186
0.797553
0.800898
0.804219
0.807516
0.810789
0.814036
0.817258
0.820452
0.823619
0.826758
0.829868
0.832949
0.835999
0.839019
0.842007
0.844963
0.847887
0.850777
0.853634
0.856456
0.859243
0.861995
0.864710
0.867389
0.870031
0.872635
0.875201
0.877728
0.880216
0.882664
0.885073
0.887440
0.889767
0.892052
0.894295
0.896496
0.898655
0.900770
0.902842
0.904870
0.906854
0.908794
0.910689
0.912538
0.914342
0.916101
0.917814
0.919480
0.921100
0.922673
0.924199
0.925678
0.927109
0.928493
0.929830
0.931118
0.932358
0.933550
0.934694
0.935789
0.936836
0.937833
0.938783
0.939683
0.940534
0.941337
0.942090
0.942795
0.943450
0.944056
0.944614
0.945122
0.945582
0.945992
0.946354
0.946667
0.946931
0.947147
0.947315
0.947433
0.947504
0.947527
0.947501
0.947428
0.947307
0.947139
0.946924
0.946661
0.946352
0.945996
0.945594
0.945146
0.944652
0.944112
0.943527
0.942897
0.942223
0.941504
0.940740
0.939934
0.939083
0.938190
0.937254
0.936276
0.935255
0.934193
0.933090
0.931946
0.930762
0.929538
0.928274
0.926971
0.925630
0.924250
0.922833
0.921378
0.919887
0.918359
0.916795
0.915196
0.913562
0.911894
0.910192
0.908457
0.906689
0.904889
0.903057
0.901194
0.899300
0.897377
0.895424
0.893442
0.891431
0.889393
0.887328
0.885236
0.883118
0.880975
0.878807
0.876615
0.874400
0.872161
0.869900
0.867618
0.865314
0.862990
0.860646
0.858283
0.855901
0.853501
0.851085
0.848651
0.846201
0.843737
0.841257
0.838763
0.836256
0.833736
0.831205
0.828661
0.826107
0.823543
0.820969
0.818386
0.815796
0.813197
0.810592
0.807981
0.805364
0.802742
0.800116
0.797486
0.794854
0.792219
0.789582
0.786944
0.784306
0.781668
0.779032
0.776396
0.773763
0.771133
0.768506
0.765883
0.763265
0.760652
0.758045
0.755444
0.752851
0.750265
0.747688
0.745120
0.742561
0.740012
0.737474
0.734948
0.732433
0.729931
0.727441
0.724965
0.722504
0.720057
0.717625
0.715209
0.712809
0.710426
0.708061
0.705713
0.703383
0.701073
0.698782
0.696510
0.694259
0.692029
0.689820
0.687633
0.685469
0.683326
0.681207
0.679112
0.677040
0.674993
0.672971
0.670974
0.669003
0.667057
0.665138
0.663246
0.661381
0.659544
0.657735
0.655953
0.654201
0.652477
0.650782
0.649117
0.647482
0.645877
0.644303
0.642759
0.641246
0.639765
0.638315
0.636897
0.635511
0.634157
0.632835
0.631547
0.630291
0.629068
0.627879
0.626723
0.625600
0.624512
0.623457
0.622436
0.621450
0.620498
0.619581
0.618698
0.617850
0.617036
0.616258
0.615514
0.614806
0.614132
0.613494
0.612890
0.612322
0.611789
0.611292
0.610829
0.610402
0.610010
0.609653
0.609332
0.609045
0.608794
0.608578
0.608396
0.608250
0.608138
0.608061
0.608019
0.608011
0.608038
0.608099
0.608194
0.608324
0.608487
0.608684
0.608914
0.609178
0.609476
0.609806
0.610169
0.610565
0.610994
0.611455
0.611948
0.612472
0.613029
0.613616
0.614235
0.614885
0.615565
0.616276
0.617017
0.617787
0.618588
0.619417
0.620275
0.621162
0.622078
0.623021
0.623992
0.624991
0.626016
0.627068
0.628147
0.629251
0.630382
0.631537
0.632718
0.633923
0.635152
0.636405
0.637682
0.638982
0.640304
0.641649
0.643015
0.644403
0.645812
0.647242
0.648692
0.650162
0.651651
0.653159
0.654686
0.656231
0.657794
0.659374
0.660970
0.662584
0.664213
0.665857
0.667517
0.669191
0.670879
0.672581
0.674296
0.676024
0.677765
0.679517
0.681280
0.683055
0.684840
0.686635
0.688439
0.690253
0.692075
0.693905
0.695743
0.697588
0.699439
0.701297
0.703161
0.705030
0.706904
0.708782
0.710664
0.712549
0.714438
0.716328
0.718221
0.720116
0.722011
0.723907
0.725804
0.727700
0.729595
0.731489
0.733381
0.735271
0.737159
0.739043
0.740925
0.742802
0.744675
0.746543
0.748405
0.750263
0.752114
0.753958
0.755796
0.757626
0.759448
0.761262
0.763068
0.764864
0.766652
0.768429
0.770196
0.771952
0.773697
0.775431
0.777153
0.778863
0.780561
0.782245
0.783916
0.785574
0.787217
0.788846
0.790461
0.792060
0.793644
0.795212
0.796764
0.798300
0.799819
0.801321
0.802806
0.804273
0.805722
0.807153
0.808566
0.809959
0.811334
0.812689
0.814025
0.815341
0.816637
0.817912
0.819167
0.820401
0.821614
0.822805
0.823975
0.825124
0.826250
0.827354
0.828436
0.829495
0.830532
0.831546
0.832537
0.833504
0.834448
0.835369
0.836266
0.837139
0.837988
0.838813
0.839614
0.840390
0.841142
0.841870
0.842573
0.843251
0.843905
0.844533
0.845137
0.845715
0.846269
0.846797
0.847300
0.847778
0.848231
0.848658
0.849060
0.849437
0.849789
0.850115
0.850416
0.850691
0.850942
0.851167
0.851366
0.851541
0.851690
0.851815
0.851914
0.851988
0.852037
0.852061
0.852061
0.852035
0.851986
0.851911
0.851812
0.851689
0.851541
0.851370
0.851174
0.850955
0.850711
0.850444
0.850154
0.849840
0.849503
0.849144
0.848761
0.848355
0.847927
0.847477
0.847005
0.846510
0.845994
0.845456
0.844897
0.844317
0.843716
0.843094
0.842451
0.841788
0.841105
0.840402
0.839680
0.838938
0.838177
0.837397
0.836599
0.835782
0.834947
0.834094
0.833223
0.832335
0.831430
0.830509
0.829570
0.828616
0.827645
0.826659
0.825658
0.824641
0.823610
0.822564
0.821504
0.820430
0.819343
0.818242
0.817128
0.816002
0.814864
0.813713
0.812551
0.811377
0.810192
0.808996
0.807791
0.806574
0.805349
0.804114
0.802869
0.801616
0.800355
0.799085
0.797808
0.796523
0.795231
0.793932
0.792627
0.791316
0.789999
0.788677
0.787349
0.786017
0.784681
0.783340
0.781996
0.780648
0.779297
0.777944
0.776588
0.775230
0.773871
0.772510
0.771148
0.769785
0.768422
0.767059
0.765696
0.764334
0.762973
0.761613
0.760255
0.758898
0.757544
0.756193
0.754844
0.753499
0.752157
0.750819
0.749485
0.748156
0.746831
0.745511
0.744197
0.742889
0.741586
0.740290
0.739000
0.737717
0.736441
0.735173
0.733913
0.732660
0.731416
0.730180
0.728953
0.727735
0.726527
0.725328
0.724139
0.722960
0.721792
0.720634
0.719487
0.718351
0.717227
0.716114
0.715013
0.713924
0.712847
0.711783
0.710731
0.709693
0.708668
0.707655
0.706657
0.705672
0.704701
0.703745
0.702802
0.701875
0.700962
0.700063
0.699180
0.698312
0.697459
0.696622
0.695800
0.694995
0.694205
0.693431
0.692673
0.691932
0.691208
0.690500
0.689808
0.689134
0.688476
0.687836
0.687212
0.686606
0.686017
0.685446
0.684892
0.684356
0.683837
0.683336
0.682853
0.682388
0.681940
0.681511
0.681099
0.680706
0.680331
0.679973
0.679634
0.679313
0.679010
0.678726
0.678459
0.678211
0.677981
0.677769
0.677576
0.677400
0.677243
0.677104
0.676983
0.676880
0.676795
0.676728
0.676679
0.676648
0.676635
0.676640
0.676663
0.676703
0.676761
0.676836
0.676929
0.677039
0.677167
0.677312
0.677474
0.677653
0.677849
0.678061
0.678291
0.678537
0.678800
0.679079
0.679375
0.679686
0.680014
0.680357
0.680716
0.681091
0.681482
0.681887
0.682308
0.682744
0.683195
0.683660
0.684140
0.684635
0.685144
0.685666
0.686203
0.686753
0.687317
0.687895
0.688485
0.689088
0.689705
0.690333
0.690975
0.691628
0.692294
0.692971
0.693660
0.694360
0.695072
0.695794
0.696528
0.697271
0.698026
0.698790
0.699564
0.700348
0.701142
0.701945
0.702756
0.703577
0.704406
0.705244
0.706090
0.706943
0.707804
0.708673
0.709549
0.710432
0.711321
0.712217
0.713119
0.714028
0.714942
0.715861
0.716786
0.717716
0.718650
0.719590
0.720533
0.721481
0.722432
0.723387
0.724345
0.725307
0.726271
0.727238
0.728207
0.729179
0.730152
0.731127
0.732104
0.733081
0.734060
0.735039
0.736018
0.736998
0.737978
0.738957
0.739936
0.740914
0.741892
0.742868
0.743842
0.744815
0.745786
0.746755
0.747722
0.748686
0.749647
0.750605
0.751559
0.752511
0.753458
0.754402
0.755342
0.756277
0.757208
0.758133
0.759054
0.759970
0.760880
0.761785
0.762684
0.763577
0.764464
0.765344
0.766218
0.767085
0.767945
0.768798
0.769643
0.770481
0.771312
0.772134
0.772949
0.773755
0.774553
0.775342
0.776123
0.776894
0.777657
0.778411
0.779155
0.779890
0.780615
0.781330
0.782035
0.782731
0.783416
0.784091
0.784755
0.785409
0.786052
0.786684
0.787306
0.787916
0.788515
0.789103
0.789679
0.790244
0.790797
0.791339
0.791869
0.792387
0.792893
0.793387
0.793869
0.794338
0.794796
0.795241
0.795673
0.796094
0.796501
0.796896
0.797279
0.797648
0.798005
0.798350
0.798681
0.798999
0.799305
0.799598
0.799877
0.800144
0.800397
0.800638
0.800865
0.801080
0.801281
0.801470
0.801645
0.801807
0.801956
0.802092
0.802215
0.802325
0.802422
0.802505
0.802576
0.802634
0.802679
0.802711
0.802730
0.802736
0.802730
0.802710
0.802678
0.802634
0.802576
0.802507
0.802424
0.802329
0.802222
0.802103
0.801971
0.801827
0.801671
0.801503
0.801324
0.801132
0.800928
0.800713
0.800486
0.800248
0.799998
0.799737
0.799465
0.799182
0.798888
0.798582
0.798266
0.797940
0.797603
0.797255
0.796897
0.796529
0.796151
0.795762
0.795364
0.794957
0.794540
0.794113
0.793677
0.793232
0.792777
0.792314
0.791842
0.791362
0.790873
0.790376
0.789870
0.789357
0.788836
0.788307
0.787770
0.787226
0.786675
0.786117
0.785551
0.784979
0.784401
0.783816
0.783224
0.782627
0.782023
0.781414
0.780799
0.780179
0.779553
0.778922
0.778286
0.777646
0.777001
0.776351
0.775697
0.775039
0.774377
0.773712
0.773042
0.772370
0.771694
0.771015
0.770333
0.769649
0.768961
0.768272
0.767580
0.766887
0.766191
0.765494
0.764796
0.764096
0.763395
0.762693
0.761990
0.761286
0.760582
0.759878
0.759174
0.758470
0.757766
0.757062
0.756359
0.755657
0.754955
0.754255
0.753556
0.752858
0.752162
0.751468
0.750776
0.750085
0.749397
0.748712
0.748028
0.747348
0.746670
0.745996
0.745324
0.744656
0.743991
0.743330
0.742673
0.742020
0.741370
0.740725
0.740084
0.739448
0.738816
0.738190
0.737568
0.736951
0.736339
0.735732
0.735131
0.734536
0.733946
0.733362
0.732784
0.732212
0.731646
0.731086
0.730533
0.729987
0.729447
0.728913
0.728387
0.727867
0.727355
0.726850
0.726352
0.725861
0.725378
0.724902
0.724434
0.723974
0.723521
0.723076
0.722640
0.722211
0.721790
0.721378
0.720974
0.720578
0.720191
0.719812
0.719442
0.719080
0.718727
0.718383
0.718048
0.717721
0.717403
0.717095
0.716795
0.716504
0.716222
0.715950
0.715686
0.715432
0.715187
0.714951
0.714724
0.714507
0.714299
0.714100
0.713911
0.713731
0.713560
0.713399
0.713247
0.713104
0.712971
0.712848
0.712733
0.712629
0.712533
0.712447
0.712370
0.712303
0.712245
0.712197
0.712157
0.712127
0.712107
0.712095
0.712093
0.712100
0.712116
0.712141
0.712175
0.712219
0.712271
0.712333
0.712403
0.712482
0.712570
0.712667
0.712772
0.712887
0.713010
0.713141
0.713281
0.713429
0.713586
0.713751
0.713924
0.714106
0.714295
0.714493
0.714698
0.714912
0.715133
0.715362
0.715599
0.715843
0.716095
0.716354
0.716620
0.716894
0.717175
0.717462
0.717757
0.718059
0.718367
0.718682
0.719004
0.719332
0.719666
0.720007
0.720354
0.720707
0.721066
0.721430
0.721801
0.722177
0.722558
0.722946
0.723338
0.723735
0.724138
0.724545
0.724958
0.725375
0.725797
0.726223
0.726653
0.727088
0.727527
0.727970
0.728417
0.728868
0.729322
0.729780
0.730241
0.730706
0.731173
0.731644
0.732118
0.732594
0.733073
0.733555
0.734039
0.734526
0.735014
0.735505
0.735997
0.736492
0.736988
0.737485
0.737984
0.738484
0.738986
0.739488
0.739991
0.740496
0.741000
0.741506
0.742011
0.742517
0.743024
0.743530
0.744036
0.744542
0.745048
0.745553
0.746058
0.746562
0.747065
0.747567
0.748068
0.748568
0.749067
0.749564
0.750060
0.750554
0.751047
0.751537
0.752026
0.752513
0.752997
0.753479
0.753959
0.754436
0.754910
0.755382
0.755851
0.756317
0.756780
0.757240
0.757696
0.758150
0.758599
0.759046
0.759488
0.759927
0.760362
0.760793
0.761220
0.761643
0.762062
0.762476
0.762886
0.763292
0.763693
0.764090
0.764481
0.764868
0.765251
0.765628
0.766000
0.766367
0.766729
0.767086
0.767437
0.767783
0.768124
0.768459
0.768788
0.769112
0.769431
0.769743
0.770050
0.770351
0.770645
0.770934
0.771217
0.771494
0.771765
0.772030
0.772288
0.772540
0.772786
0.773026
0.773259
0.773486
0.773706
0.773920
0.774128
0.774329
0.774523
0.774711
0.774892
0.775067
0.775235
0.775396
0.775550
0.775698
0.775840
0.775974
0.776102
0.776223
0.776337
0.776444
0.776545
0.776639
0.776726
0.776807
0.776881
0.776948
0.777008
0.777061
0.777108
0.777148
0.777181
0.777208
0.777228
0.777241
0.777248
0.777248
0.777241
0.777228
0.777208
0.777182
0.777149
0.777110
0.777064
0.777012
0.776954
0.776889
0.776818
0.776740
0.776657
0.776567
0.776471
0.776369
0.776261
0.776147
0.776026
0.775900
0.775769
0.775631
0.775487
0.775338
0.775183
0.775023
0.774857
0.774686
0.774509
0.774327
0.774139
0.773946
0.773748
0.773545
0.773337
0.773124
0.772906
0.772683
0.772456
0.772223
0.771986
0.771745
0.771499
0.771248
0.770994
0.770735
0.770472
0.770204
0.769933
0.769658
0.769379
0.769096
0.768809
0.768519
0.768225
0.767928
0.767627
0.767323
0.767016
0.766706
0.766392
0.766076
0.765757
0.765435
0.765111
0.764783
0.764454
0.764121
0.763787
0.763450
0.763111
0.762770
0.762427
0.762082
0.761736
0.761387
0.761037
0.760686
0.760333
0.759979
0.759623
0.759266
0.758908
0.758549
0.758190
0.757829
0.757468
0.757106
0.756743
0.756380
0.756017
0.755653
0.755290
0.754926
0.754562
0.754198
0.753834
0.753471
0.753108
0.752745
0.752383
0.752022
0.751661
0.751301
0.750941
0.750583
0.750226
0.749870
0.749515
0.749161
0.748809
0.748458
0.748109
0.747761
0.747415
0.747070
0.746728
0.746387
0.746048
0.745712
0.745377
0.745045
0.744715
0.744388
0.744062
0.743740
0.743420
0.743102
0.742787
0.742475
0.742166
0.741860
0.741557
0.741256
0.740959
0.740665
0.740374
0.740087
0.739803
0.739522
0.739244
0.738971
0.738700
0.738434
0.738171
0.737911
0.737656
0.737404
0.737157
0.736913
0.736673
0.736437
0.736205
0.735977
0.735754
0.735534
0.735319
0.735108
0.734901
0.734699
0.734501
0.734308
0.734119
0.733934
0.733754
0.733578
0.733407
0.733240
0.733078
0.732921
0.732769
0.732621
0.732477
0.732339
0.732205
0.732076
0.731951
0.731832
0.731717
0.731607
0.731502
0.731402
0.731306
0.731216
0.731130
0.731049
0.730973
0.730902
0.730835
0.730774
0.730717
0.730665
0.730618
0.730576
0.730539
0.730507
0.730479
0.730456
0.730438
0.730425
0.730417
0.730413
0.730414
0.730420
0.730431
0.730446
0.730466
0.730491
0.730520
0.730554
0.730593
0.730636
0.730684
0.730736
0.730793
0.730854
0.730919
0.730990
0.731064
0.731143
0.731226
0.731313
0.731405
0.731501
0.731601
0.731705
0.731813
0.731925
0.732042
0.732162
0.732286
0.732414
0.732546
0.732682
0.732821
0.732965
0.733111
0.733262
0.733416
0.733573
0.733734
0.733899
0.734067
0.734238
0.734412
0.734590
0.734771
0.734955
0.735141
0.735331
0.735524
0.735720
0.735918
0.736120
0.736324
0.736530
0.736740
0.736951
0.737166
0.737382
0.737601
0.737823
0.738046
0.738272
0.738500
0.738730
0.738962
0.739195
0.739431
0.739669
0.739908
0.740149
0.740391
0.740635
0.740881
0.741127
0.741376
0.741625
0.741876
0.742128
0.742381
0.742635
0.742890
0.743145
0.743402
0.743659
0.743918
0.744176
0.744436
0.744696
0.744956
0.745216
0.745477
0.745739
0.746000
0.746262
0.746523
0.746785
0.747046
0.747308
0.747569
0.747830
0.748090
0.748351
0.748610
0.748869
0.749128
0.749386
0.749644
0.749900
0.750156
0.750411
0.750665
0.750918
0.751170
0.751421
0.751670
0.751919
0.752166
0.752412
0.752657
0.752900
0.753141
0.753381
0.753620
0.753856
0.754091
0.754325
0.754556
0.754786
0.755014
0.755239
0.755463
0.755685
0.755905
0.756122
0.756337
0.756550
0.756761
0.756970
0.757176
0.757379
0.757581
0.757779
0.757976
0.758169
0.758360
0.758549
0.758734
0.758917
0.759098
0.759275
0.759450
0.759621
0.759790
0.759956
0.760119
0.760279
0.760436
0.760590
0.760741
0.760889
0.761033
0.761175
0.761313
0.761448
0.761580
0.761709
0.761835
0.761957
0.762076
0.762191
0.762303
0.762412
0.762518
0.762620
0.762719
0.762814
0.762906
0.762995
0.763080
0.763161
0.763240
0.763314
0.763386
0.763453
0.763518
0.763579
0.763636
0.763690
0.763740
0.763787
0.763830
0.763870
0.763906
0.763939
0.763969
0.763995
0.764017
0.764036
0.764052
0.764064
0.764072
0.764077
0.764079
0.764077
0.764072
0.764064
0.764052
0.764037
0.764018
0.763996
0.763971
0.763943
0.763911
0.763876
0.763837
0.763796
0.763751
0.763703
0.763652
0.763598
0.763540
0.763480
0.763416
0.763350
0.763280
0.763207
0.763132
0.763053
0.762972
0.762888
0.762801
0.762711
0.762618
0.762522
0.762424
0.762323
0.762220
0.762113
0.762005
0.761893
0.761779
0.761663
0.761544
0.761423
0.761299
0.761174
0.761045
0.760915
0.760782
0.760647
0.760510
0.760371
0.760230
0.760087
0.759942
0.759794
0.759645
0.759495
0.759342
0.759187
0.759031
0.758873
0.758714
0.758553
0.758390
0.758226
0.758060
0.757893
0.757725
0.757555
0.757384
0.757212
0.757039
0.756864
0.756689
0.756512
0.756334
0.756156
0.755976
0.755796
0.755614
0.755432
0.755250
0.755066
0.754882
0.754697
0.754512
0.754327
0.754140
0.753954
0.753767
0.753580
0.753393
0.753205
0.753017
0.752829
0.752641
0.752453
0.752265
0.752077
0.751889
0.751702
0.751514
0.751327
0.751140
0.750953
0.750767
0.750581
0.750396
0.750211
0.750027
0.749843
0.749660
0.749478
0.749296
0.749115
0.748935
0.748756
0.748577
0.748400
0.748223
0.748048
0.747873
0.747700
0.747528
0.747357
0.747187
0.747018
0.746851
0.746685
0.746520
0.746356
0.746194
0.746034
0.745875
0.745717
0.745562
0.745407
0.745254
0.745103
0.744954
0.744806
0.744660
0.744516
0.744374
0.744233
0.744094
0.743957
0.743822
0.743689
0.743558
0.743429
0.743302
0.743177
0.743054
0.742934
0.742815
0.742698
0.742584
0.742471
0.742361
0.742253
0.742148
0.742044
0.741943
0.741844
0.741747
0.741653
0.741561
0.741472
0.741384
0.741300
0.741217
0.741137
0.741059
0.740984
0.740911
0.740841
0.740773
0.740707
0.740644
0.740584
0.740526
0.740470
0.740417
0.740366
0.740318
0.740273
0.740230
0.740189
0.740151
0.740115
0.740082
0.740052
0.740024
0.739998
0.739975
0.739955
0.739937
0.739921
0.739908
0.739897
0.739889
0.739884
0.739881
0.739880
0.739882
0.739886
0.739893
0.739902
0.739913
0.739927
0.739944
0.739962
0.739983
0.740007
0.740033
0.740061
0.740091
0.740124
0.740159
0.740196
0.740236
0.740278
0.740322
0.740368
0.740416
0.740467
0.740520
0.740574
0.740631
0.740690
0.740751
0.740815
0.740880
0.740947
0.741016
0.741087
0.741160
0.741235
0.741312
0.741391
0.741471
0.741553
0.741637
0.741723
0.741811
0.741900
0.741991
0.742083
0.742178
0.742273
0.742371
0.742470
0.742570
0.742672
0.742775
0.742880
0.742986
0.743093
0.743202
0.743312
0.743424
0.743536
0.743650
0.743765
0.743881
0.743998
0.744116
0.744236
0.744356
0.744477
0.744599
0.744722
0.744846
0.744971
0.745097
0.745223
0.745351
0.745478
0.745607
0.745736
0.745866
0.745996
0.746127
0.746259
0.746391
0.746523
0.746656
0.746789
0.746923
0.747057
0.747191
0.747325
0.747460
0.747594
0.747729
0.747864
0.747999
0.748135
0.748270
0.748405
0.748540
0.748675
0.748810
0.748945
0.749079
0.749213
0.749348
0.749481
0.749615
0.749748
0.749881
0.750013
0.750145
0.750277
0.750408
0.750538
0.750668
0.750797
0.750926
0.751054
0.751182
0.751308
0.751434
0.751559
0.751684
0.751808
0.751930
0.752052
0.752173
0.752293
0.752412
0.752531
0.752648
0.752764
0.752879
0.752993
0.753106
0.753218
0.753329
0.753438
0.753546
0.753654
0.753759
0.753864
0.753967
0.754069
0.754170
0.754269
0.754368
0.754464
0.754559
0.754653
0.754746
0.754837
0.754926
0.755014
0.755101
0.755186
0.755269
0.755351
0.755431
0.755510
0.755587
0.755663
0.755737
0.755809
0.755880
0.755949
0.756016
0.756082
0.756146
0.756208
0.756269
0.756328
0.756385
0.756440
0.756494
0.756546
0.756596
0.756644
0.756691
0.756736
0.756779
0.756820
0.756860
0.756898
0.756934
0.756968
0.757000
0.757031
0.757059
0.757086
0.757111
0.757135
0.757156
0.757176
0.757194
0.757210
0.757224
0.757237
0.757248
0.757257
0.757264
0.757269
0.757273
0.757274
0.757274
0.757273
0.757269
0.757264
0.757257
0.757248
0.757238
0.757226
0.757212
0.757196
0.757179
0.757160
0.757139
0.757117
0.757093
0.757068
0.757040
0.757012
0.756981
0.756949
0.756915
0.756880
0.756844
0.756805
0.756765
0.756724
0.756681
0.756637
0.756591
0.756544
0.756496
0.756446
0.756394
0.756341
0.756287
0.756232
0.756175
0.756117
0.756057
0.755996
0.755934
0.755871
0.755807
0.755741
0.755674
0.755606
0.755537
0.755467
0.755395
0.755323
0.755250
0.755175
0.755100
0.755023
0.754946
0.754867
0.754788
0.754708
0.754626
0.754544
0.754462
0.754378
0.754294
0.754209
0.754123
0.754036
0.753949
0.753861
0.753772
0.753683
0.753593
0.753502
0.753411
0.753320
0.753228
0.753135
0.753042
0.752949
0.752855
0.752761
0.752666
0.752571
0.752476
0.752380
0.752284
0.752188
0.752092
0.751996
0.751899
0.751802
0.751705
0.751608
0.751511
0.751414
0.751317
0.751220
0.751123
0.751026
0.750929
0.750832
0.750735
0.750638
0.750542
0.750445
0.750349
0.750253
0.750158
0.750062
0.749967
0.749872
0.749778
0.749684
0.749590
0.749497
0.749404
0.749312
0.749220
0.749128
0.749037
0.748947
0.748857
0.748768
0.748679
0.748591
0.748504
0.748417
0.748330
0.748245
0.748160
0.748076
0.747993
0.747910
0.747829
0.747748
0.747667
0.747588
0.747510
0.747432
0.747355
0.747279
0.747204
0.747130
0.747057
0.746985
0.746914
0.746843
0.746774
0.746706
0.746639
0.746573
0.746507
0.746443
0.746380
0.746318
0.746258
0.746198
0.746139
0.746082
0.746026
0.745970
0.745916
0.745863
0.745812
0.745761
0.745712
0.745664
0.745617
0.745571
0.745527
0.745483
0.745441
0.745401
0.745361
0.745323
0.745286
0.745250
0.745215
0.745182
0.745150
0.745120
0.745090
0.745062
0.745035
0.745010
0.744986
0.744963
0.744941
0.744921
0.744902
0.744884
0.744868
0.744852
0.744839
0.744826
0.744815
0.744805
0.744796
0.744789
0.744783
0.744778
0.744774
0.744772
0.744771
0.744771
0.744773
0.744776
0.744780
0.744785
0.744792
0.744799
0.744808
0.744819
0.744830
0.744843
0.744857
0.744872
0.744888
0.744906
0.744924
0.744944
0.744965
0.744987
0.745011
0.745035
0.745061
0.745087
0.745115
0.745144
0.745174
0.745205
0.745237
0.745270
0.745304
0.745340
0.745376
0.745413
0.745451
0.745490
0.745531
0.745572
0.745614
0.745657
0.745701
0.745745
0.745791
0.745838
0.745885
0.745933
0.745982
0.746032
0.746083
0.746134
0.746186
0.746239
0.746293
0.746348
0.746403
0.746459
0.746515
0.746572
0.746630
0.746689
0.746748
0.746807
0.746868
0.746928
0.746990
0.747052
0.747114
0.747177
0.747240
0.747304
0.747368
0.747433
0.747498
0.747564
0.747630
0.747696
0.747763
0.747829
0.747897
0.747964
0.748032
0.748100
0.748168
0.748237
0.748306
0.748375
0.748444
0.748513
0.748582
0.748652
0.748721
0.748791
0.748861
0.748931
0.749000
0.749070
0.749140
0.749210
0.749280
0.749349
0.749419
0.749489
0.749558
0.749627
0.749697
0.749766
0.749835
0.749903
0.749972
0.750040
0.750108
0.750176
0.750244
0.750311
0.750378
0.750445
0.750511
0.750577
0.750643
0.750708
0.750773
0.750837
0.750901
0.750965
0.751028
0.751091
0.751153
0.751215
0.751276
0.751337
0.751397
0.751457
0.751516
0.751575
0.751633
0.751691
0.751748
0.751804
0.751859
0.751915
0.751969
0.752023
0.752076
0.752128
0.752180
0.752231
0.752281
0.752331
0.752380
0.752428
0.752475
0.752522
0.752568
0.752613
0.752657
0.752701
0.752743
0.752785
0.752826
0.752867
0.752906
0.752945
0.752983
0.753020
0.753056
0.753091
0.753125
0.753159
0.753191
0.753223
0.753254
0.753284
0.753313
0.753341
0.753369
0.753395
0.753420
0.753445
0.753469
0.753491
0.753513
0.753534
0.753554
0.753573
0.753591
0.753608
0.753625
0.753640
0.753654
0.753668
0.753680
0.753692
0.753703
0.753712
0.753721
0.753729
0.753736
0.753742
0.753747
0.753751
0.753754
0.753757
0.753758
0.753759
0.753758
0.753757
0.753755
0.753751
0.753747
0.753742
0.753737
0.753730
0.753722
0.753714
0.753704
0.753694
0.753683
0.753671
0.753658
0.753645
0.753630
0.753615
0.753599
0.753582
0.753564
0.753546
0.753526
0.753506
0.753485
0.753463
0.753441
0.753418
0.753394
0.753369
0.753344
0.753317
0.753290
0.753263
0.753234
0.753205
0.753176
0.753145
0.753114
0.753083
0.753050
0.753017
0.752984
0.752949
0.752915
0.752879
0.752843
0.752807
0.752769
0.752732
0.752694
0.752655
0.752616
0.752576
0.752535
0.752495
0.752453
0.752412
0.752370
0.752327
0.752284
0.752241
0.752197
0.752153
0.752108
0.752063
0.752018
0.751972
0.751926
0.751880
0.751833
0.751786
0.751739
0.751692
0.751644
0.751596
0.751548
0.751500
0.751451
0.751402
0.751353
0.751304
0.751255
0.751206
0.751156
0.751106
0.751056
0.751007
0.750957
0.750907
0.750857
0.750806
0.750756
0.750706
0.750656
0.750606
0.750556
0.750505
0.750455
0.750405
0.750355
0.750305
0.750255
0.750206
0.750156
0.750107
0.750057
0.750008
0.749959
0.749910
0.749861
0.749813
0.749765
0.749717
0.749669
0.749621
0.749574
0.749527
0.749480
0.749433
0.749387
0.749341
0.749295
0.749250
0.749205
0.749160
0.749116
0.749072
0.749028
0.748985
0.748942
0.748900
0.748857
0.748816
0.748775
0.748734
0.748693
0.748654
0.748614
0.748575
0.748537
0.748499
0.748461
0.748424
0.748387
0.748351
0.748316
0.748281
0.748246
0.748213
0.748179
0.748146
0.748114
0.748082
0.748051
0.748021
0.747991
0.747961
0.747932
0.747904
0.747876
0.747849
0.747823
0.747797
0.747772
0.747748
0.747724
0.747700
0.747678
0.747656
0.747634
0.747613
0.747593
0.747574
0.747555
0.747537
0.747519
0.747503
0.747486
0.747471
0.747456
0.747442
0.747428
0.747415
0.747403
0.747392
0.747381
0.747371
0.747361
0.747352
0.747344
0.747337
0.747330
0.747324
0.747318
0.747313
0.747309
0.747306
0.747303
0.747301
0.747299
0.747298
0.747298
0.747299
0.747300
0.747302
0.747304
0.747307
0.747311
0.747315
0.747320
0.747326
0.747332
0.747339
0.747346
0.747355
0.747363
0.747373
0.747383
0.747393
0.747404
0.747416
0.747428
0.747441
0.747455
0.747469
0.747483
0.747499
0.747514
0.747531
0.747547
0.747565
0.747583
0.747601
0.747620
0.747640
0.747660
0.747680
0.747701
0.747723
0.747745
0.747767
0.747790
0.747813
0.747837
0.747861
0.747886
0.747911
0.747937
0.747963
0.747989
0.748016
0.748043
0.748071
0.748099
0.748127
0.748156
0.748185
0.748214
0.748244
0.748274
0.748304
0.748335
0.748366
0.748397
0.748429
0.748460
0.748493
0.748525
0.748558
0.748590
0.748623
0.748657
0.748690
0.748724
0.748758
0.748792
0.748827
0.748861
0.748896
0.748931
0.748966
0.749001
0.749036
0.749071
0.749107
0.749142
0.749178
0.749214
0.749249
0.749285
0.749321
0.749357
0.749393
0.749429
0.749465
0.749501
0.749538
0.749574
0.749610
0.749646
0.749682
0.749718
0.749754
0.749789
0.749825
0.749861
0.749897
0.749932
0.749968
0.750003
0.750038
0.750073
0.750108
0.750143
0.750178
0.750212
0.750247
0.750281
0.750315
0.750349
0.750382
0.750416
0.750449
0.750482
0.750515
0.750547
0.750580
0.750612
0.750644
0.750675
0.750706
0.750737
0.750768
0.750799
0.750829
0.750859
0.750888
0.750917
0.750946
0.750975
0.751003
