-0.015024
0.000077
-0.005293
-0.007956
0.022596
0.008613
-0.005987
-0.000039
0.047394
0.048100
0.048708
0.058220
0.051099
0.071044
0.072232
0.047934
0.021057
0.050405
0.065033
0.064768
0.063028
0.046202
0.043639
0.043922
0.046869
0.026381
0.050188
0.043616
0.064788
0.041029
0.055887
0.023059
0.065190
0.051304
0.054888
0.052453
0.038359
0.039886
0.038044
0.058560
0.047107
0.045842
0.026243
0.048002
0.048817
0.036184
0.040244
0.024420
0.037160
0.019897
0.042182
0.031053
0.027038
0.030830
0.024763
0.035813
0.026585
0.021704
0.020935
0.019926
0.029280
0.008188
0.023949
0.008033
0.004829
0.000811
0.019506
0.009116
0.005835
0.007341
0.028627
-0.007033
-0.006334
-0.005717
-0.000811
0.002395
-0.030783
0.005291
-0.009351
-0.011048
-0.009309
-0.034305
0.002124
-0.011468
-0.022373
-0.021556
-0.009931
-0.001120
-0.023870
-0.028125
-0.019930
-0.019273
-0.026804
-0.031664
-0.020595
-0.021826
-0.033987
-0.033379
-0.030460
-0.018356
-0.018350
-0.020974
-0.028707
-0.032877
-0.032867
-0.037589
-0.040525
-0.040445
-0.060371
-0.043235
-0.052799
-0.028493
-0.051014
-0.042269
-0.047246
-0.054503
-0.032761
-0.054170
-0.048012
-0.052799
-0.052458
-0.069213
-0.047594
-0.063465
-0.082285
-0.077363
-0.076024
-0.063524
-0.057541
-0.062519
-0.076179
-0.063249
-0.078113
-0.083739
-0.065337
-0.082732
-0.073824
-0.077642
-0.083680
-0.070011
-0.087371
-0.058637
-0.064015
-0.073221
-0.072908
-0.044582
-0.071780
-0.077183
-0.058968
-0.068864
-0.070678
-0.054858
-0.075748
-0.049142
-0.070538
-0.079683
-0.082607
-0.079068
-0.057369
-0.094184
-0.082529
-0.088644
-0.096925
-0.079269
-0.086916
-0.072548
-0.078828
-0.085535
-0.071146
-0.062845
-0.059065
-0.064085
-0.081371
-0.087318
-0.071248
-0.078289
-0.070652
-0.068980
-0.052807
-0.073141
-0.065483
-0.053925
-0.072382
-0.074402
-0.068309
-0.064174
-0.066751
-0.080309
-0.059707
-0.054764
-0.058475
-0.074608
-0.040638
-0.061663
-0.050867
-0.070996
-0.054589
-0.035304
-0.058497
-0.056948
-0.035492
-0.064953
-0.073632
-0.050434
-0.057838
-0.056859
-0.055041
-0.043650
-0.023065
-0.031829
-0.035391
-0.052547
-0.049963
-0.003475
-0.047568
-0.020247
-0.023023
-0.046081
-0.001198
-0.001004
-0.009582
-0.019153
-0.021874
-0.027661
-0.010082
-0.021709
-0.024450
-0.004982
-0.000850
-0.021783
-0.009813
-0.014216
-0.025958
-0.022945
-0.014215
-0.015220
-0.029981
-0.009387
0.008188
0.014024
0.001004
0.008921
0.019844
0.000193
0.017153
-0.011629
-0.010352
-0.007299
-0.003978
0.012515
-0.010893
0.007766
0.006220
0.013440
-0.000348
0.011782
0.013326
0.029242
0.033266
0.017846
0.025146
0.021943
0.018809
0.020241
0.018581
0.019077
0.029117
0.012937
0.023643
0.038097
0.011441
0.043422
0.011204
0.019239
0.030605
0.025256
0.043089
0.023333
0.046190
0.042258
0.060917
0.040830
0.047779
0.057872
0.056158
0.052693
0.061581
0.059029
0.055772
0.053706
0.077070
0.056192
0.057435
0.074346
0.044106
0.065133
0.064634
0.064473
0.040842
0.078691
0.052891
0.047447
0.042836
0.072537
0.068687
0.073342
0.064281
0.057816
0.043474
0.050565
0.063671
0.069259
0.058801
0.068432
0.079334
0.039256
0.055657
0.060173
0.055908
0.069044
0.049360
0.069612
0.049441
0.050710
0.056136
0.066985
0.064277
0.052087
0.061409
0.050869
0.036648
0.038578
0.045622
0.041955
0.033988
0.031823
0.043191
0.036815
0.028208
0.027145
0.033563
0.027746
0.050207
0.058425
0.032987
0.040243
0.040113
0.045248
0.027386
0.024954
0.038704
0.013482
0.015260
0.025414
0.023796
0.041988
0.019273
0.023715
0.034029
0.014965
0.025183
0.018765
0.011052
0.012744
-0.005600
0.012358
0.002820
0.000733
0.007610
0.014404
0.011280
0.006914
0.006877
-0.000193
-0.000039
-0.010044
-0.002472
-0.014985
-0.016688
-0.018387
-0.015141
-0.013286
-0.016262
-0.011662
-0.025107
-0.004829
-0.009619
-0.003940
-0.027429
-0.023141
-0.006259
-0.022790
-0.029235
-0.031454
-0.034859
-0.033608
-0.014795
-0.021984
-0.023100
-0.030631
-0.051911
-0.033372
-0.037888
-0.022945
-0.022017
-0.030586
-0.039206
-0.059625
-0.051752
-0.050960
-0.044692
-0.071539
-0.046240
-0.035653
-0.048862
-0.050905
-0.049709
-0.061720
-0.049357
-0.054735
-0.048212
-0.068593
-0.058010
-0.057543
-0.056903
-0.061074
-0.077289
-0.075039
-0.063865
-0.069639
-0.073730
-0.077490
-0.045059
-0.061577
-0.073226
-0.076060
-0.068002
-0.076071
-0.077485
-0.071773
-0.077841
-0.062839
-0.073901
-0.078639
-0.080206
-0.089915
-0.070629
-0.070098
-0.062613
-0.067277
-0.045417
-0.064990
-0.069437
-0.082497
-0.083703
-0.070868
-0.072612
-0.077188
-0.082001
-0.098857
-0.087664
-0.077478
-0.069219
-0.072550
-0.086892
-0.080202
-0.098467
-0.070093
-0.077535
-0.079932
-0.088453
-0.086271
-0.081069
-0.078266
-0.091471
-0.071120
-0.070100
-0.061716
-0.071607
-0.063841
-0.062399
-0.068288
-0.067582
-0.070164
-0.057333
-0.050670
-0.051326
-0.049129
-0.066666
-0.074624
-0.075648
-0.051713
-0.061187
-0.046356
-0.047002
-0.041409
-0.051560
-0.053228
-0.057624
-0.043135
-0.055610
-0.063865
-0.041248
-0.045231
-0.045359
-0.055786
-0.052807
-0.046008
-0.017381
-0.039702
-0.032137
-0.037279
-0.048685
-0.022625
-0.038244
-0.029577
-0.048959
-0.023866
-0.014446
-0.017728
-0.023988
-0.026999
-0.018391
-0.008421
-0.012241
-0.025032
0.003206
-0.000232
-0.008305
-0.017689
-0.018888
-0.018507
-0.023566
-0.008768
-0.011820
-0.013870
-0.002819
-0.013328
0.011048
0.007918
-0.002394
-0.008230
0.001815
0.006490
0.001313
-0.008536
-0.007725
0.003863
0.004749
0.007881
0.003477
-0.006993
0.024915
-0.015721
0.032762
-0.001970
0.023139
0.028658
0.008151
0.016615
0.016533
0.017735
0.014911
0.009771
0.023131
0.030476
0.019241
0.019972
0.006217
0.022601
0.021205
0.018311
0.027728
0.018541
0.037631
0.032016
0.029165
0.026113
0.043865
0.053781
0.042492
0.054045
0.063259
0.060834
0.054407
0.066858
0.043743
0.056910
0.041425
0.053785
0.058783
0.058555
0.042413
0.054728
0.055236
0.046157
0.058069
0.074311
0.066835
0.060659
0.066954
0.064429
0.045542
0.055018
0.059649
0.073128
0.037509
0.060488
0.049942
0.056493
0.059719
0.045589
0.054745
0.060821
0.049304
0.044165
0.067975
0.052148
0.053116
0.056060
0.056929
0.050459
0.057836
0.061187
0.066597
0.043030
0.040202
0.055468
0.040091
0.033061
0.039864
0.051295
0.050368
0.046002
0.029354
0.026304
0.037191
0.038672
0.028509
0.030134
0.039869
0.035237
0.043171
0.026185
0.047119
0.008845
0.031526
0.031899
0.027652
0.019698
0.038977
0.035452
0.022521
0.023131
0.024798
0.026261
0.021506
0.015569
0.025582
0.027113
0.003902
-0.001546
0.037127
0.025031
0.014366
0.021016
-0.002433
-0.005950
-0.004481
0.010043
0.013363
-0.003670
0.009582
-0.015680
-0.021828
-0.035183
-0.002782
0.005446
-0.005099
-0.005717
-0.009386
-0.006414
-0.005136
-0.004133
-0.005098
-0.019471
-0.012939
-0.018305
-0.017883
-0.019316
-0.014678
-0.016801
-0.028361
-0.023599
-0.020823
-0.019658
-0.023023
-0.030551
-0.033917
-0.044185
-0.017069
-0.025958
-0.043109
-0.039632
-0.043517
-0.021586
-0.050962
-0.050134
-0.044536
-0.049444
-0.053826
-0.037898
-0.040358
-0.036781
-0.046224
-0.053305
-0.027202
-0.059252
-0.057094
-0.056079
-0.060250
-0.057861
-0.069703
-0.047164
-0.053528
-0.068722
-0.059664
-0.071530
-0.079239
-0.072309
-0.075189
-0.082412
-0.064540
-0.058820
-0.076160
-0.073432
-0.050749
-0.074009
-0.065858
-0.060467
-0.057073
-0.065119
-0.072576
-0.088941
-0.087089
-0.074404
-0.066363
-0.064037
-0.079372
-0.061464
-0.086276
-0.078782
-0.076462
-0.066979
-0.059807
-0.053374
-0.054611
-0.084721
-0.079574
-0.075989
-0.083828
-0.067403
-0.080324
-0.081921
-0.062670
-0.082048
-0.077317
-0.077019
-0.077882
-0.074947
-0.076242
-0.068088
-0.063657
-0.055114
-0.074442
-0.084431
-0.073874
-0.074870
-0.072252
-0.079005
-0.071616
-0.065461
-0.057958
-0.060414
-0.057994
-0.065129
-0.067956
-0.068775
-0.062982
-0.078218
-0.050724
-0.056400
-0.055322
-0.066559
-0.061256
-0.062538
-0.042987
-0.056564
-0.060915
-0.056697
-0.051591
-0.046308
-0.050998
-0.037669
-0.060834
-0.026888
-0.051287
-0.036198
-0.043926
-0.045747
-0.054344
-0.023253
-0.047227
-0.026998
-0.034802
-0.046189
-0.031829
-0.026459
-0.043399
0.001352
-0.019002
-0.008418
-0.022831
-0.027452
-0.005485
-0.005293
-0.013519
-0.008961
-0.012824
-0.020279
-0.009152
-0.043870
-0.017727
-0.006143
-0.023874
0.009620
-0.019279
-0.006720
0.002086
0.004519
-0.001777
0.008653
0.006759
0.005061
-0.001043
-0.007262
-0.006796
0.001893
0.012166
0.018965
-0.001236
0.007494
0.009268
-0.013790
0.026467
0.006567
0.005214
0.007766
0.008189
0.021440
0.014333
0.022397
0.010853
0.029057
0.040189
0.005871
0.026883
0.025564
0.027420
0.009081
0.024218
0.018274
0.018505
0.009616
0.036512
0.018153
0.022594
0.023869
0.028704
0.048585
0.027346
0.047661
0.045616
0.053927
0.064358
0.065515
0.057238
0.055423
0.073166
0.063576
0.051687
0.052370
0.054299
0.043433
0.051221
0.064299
0.060072
0.061654
0.048194
0.050749
0.073665
0.061863
0.075205
0.054350
0.050344
0.062176
0.076139
0.057324
0.071691
0.054398
0.068607
0.055004
0.065649
0.043568
0.071206
0.053635
0.053561
0.050751
0.039526
0.038388
0.042053
0.063667
0.049727
0.044192
0.061496
0.046117
0.050089
0.047202
0.053390
0.034649
0.045153
0.045359
0.055782
0.054302
0.047810
0.051117
0.033756
0.048468
0.037388
0.027506
0.024492
0.027360
0.021247
0.041929
0.028508
0.056356
0.015834
0.038632
0.038911
0.030135
0.031673
0.029322
0.030942
0.025910
0.029734
0.030125
0.026539
0.028579
0.023100
0.017961
0.029014
0.017963
0.007879
0.017223
0.012899
0.030701
0.022174
0.004405
0.005370
0.009577
0.017851
0.009386
-0.006873
-0.009426
-0.013136
0.000657
-0.006493
-0.017033
-0.002859
-0.014797
-0.017156
-0.004403
-0.006567
-0.007456
-0.019733
-0.006489
-0.027075
-0.023172
-0.028471
-0.023833
-0.029905
-0.029853
-0.020048
-0.025071
-0.016566
-0.020936
-0.021555
-0.023638
-0.030223
-0.018232
-0.020393
-0.051342
-0.044343
-0.039303
-0.030482
-0.041106
-0.056881
-0.012671
-0.030748
-0.042467
-0.045613
-0.051236
-0.052899
-0.062916
-0.040217
-0.043877
-0.040554
-0.068342
-0.053417
-0.045724
-0.063510
-0.046005
-0.075968
-0.060229
-0.059202
-0.054764
-0.068607
-0.077085
-0.067659
-0.075729
-0.052583
-0.082100
-0.069434
-0.059994
-0.053076
-0.059794
-0.070656
-0.078445
-0.074847
-0.068447
-0.070539
-0.063524
-0.063431
-0.066394
-0.074576
-0.082324
-0.075311
-0.064354
-0.065620
-0.078733
-0.087805
-0.080887
-0.077410
-0.075547
-0.090404
-0.065043
-0.084263
-0.069668
-0.078085
-0.063203
-0.068856
-0.060352
-0.067411
-0.061886
-0.066711
-0.076535
-0.073515
-0.071885
-0.071444
-0.081061
-0.087784
-0.080869
-0.077007
-0.074421
-0.065497
-0.054701
-0.086316
-0.083005
-0.065874
-0.068351
-0.064435
-0.059796
-0.068567
-0.058386
-0.072462
-0.063295
-0.059538
-0.059958
-0.065036
-0.057103
-0.054625
-0.058621
-0.034265
-0.044037
-0.051728
-0.052115
-0.051913
-0.061558
-0.044223
-0.049771
-0.044541
-0.047053
-0.052197
-0.062500
-0.057969
-0.047128
-0.040794
-0.031357
-0.033178
-0.035920
-0.040525
-0.030439
-0.037083
-0.041908
-0.042413
-0.040873
-0.041399
-0.015370
-0.009535
-0.018314
-0.027805
-0.033064
-0.023131
-0.016415
-0.033297
-0.032988
-0.019817
-0.005832
-0.016379
-0.011704
-0.012552
-0.003940
-0.013212
-0.006755
-0.010432
-0.011474
-0.003014
0.001004
-0.002202
-0.015684
0.018076
-0.013406
-0.004364
-0.002820
0.002395
0.009695
-0.008228
0.001777
-0.001004
0.011472
0.018002
0.021545
0.005562
-0.002510
0.017035
0.019392
0.016381
0.017994
0.017074
0.018662
0.017615
0.025806
0.007878
0.019013
0.006721
0.023059
0.016922
0.029006
0.029318
0.037348
0.015879
0.014985
0.049988
0.025948
0.022988
0.029670
0.037622
0.034833
0.036853
0.031873
0.035246
0.046030
0.055293
0.054575
0.051460
0.063776
0.043727
0.054946
0.050945
0.040677
0.058752
0.046587
0.049797
0.059248
0.048130
0.042988
0.062585
0.061724
0.041265
0.058564
0.059896
0.060657
0.060465
0.053573
0.063295
0.069062
0.062999
0.053811
0.070294
0.044077
0.065154
0.070455
0.048508
0.041540
0.070947
0.034728
0.053806
0.053555
0.036774
0.040601
0.039855
0.038528
0.025024
0.046467
0.035848
0.033110
0.047365
0.029322
0.042153
0.033813
0.048574
0.025454
0.041104
0.042958
0.042965
0.042931
0.040787
0.051766
0.035070
0.041641
0.049995
0.051303
0.031411
0.022055
0.021859
0.037702
0.025621
0.035876
0.033683
0.035378
0.024486
0.021204
0.035147
0.020249
0.029394
0.038244
0.020705
0.029557
0.002742
0.019158
0.012788
0.025727
0.022053
0.014989
0.000502
0.024450
-0.008535
0.011898
0.025683
-0.003864
0.020114
-0.004442
0.002164
-0.006412
-0.021598
-0.003129
0.000464
0.008535
-0.008462
0.002279
-0.009538
-0.014871
-0.019934
-0.011280
-0.012711
-0.005911
-0.023332
-0.020892
-0.040107
-0.017575
-0.014910
-0.013213
-0.019083
-0.032976
-0.038012
-0.027611
-0.033678
-0.029850
-0.038440
-0.035318
-0.026417
-0.039392
-0.031727
-0.044515
-0.041191
-0.037702
-0.036390
-0.057078
-0.034425
-0.032713
-0.042950
-0.032957
-0.051159
-0.034320
-0.039136
-0.043244
-0.039660
-0.046655
-0.057870
-0.021128
-0.067538
-0.051372
-0.070597
-0.047783
-0.072375
-0.070766
-0.072142
-0.071464
-0.056445
-0.070568
-0.084465
-0.086758
-0.075119
-0.071616
-0.065705
-0.089054
-0.058684
-0.059952
-0.057446
-0.065672
-0.071448
-0.053696
-0.077562
-0.076706
-0.054819
-0.073815
-0.070599
-0.049404
-0.061328
-0.093468
-0.063696
-0.063756
-0.074058
-0.068666
-0.064618
-0.064586
-0.075720
-0.071912
-0.061157
-0.066889
-0.064501
-0.073100
-0.077742
-0.075229
-0.075748
-0.078611
-0.073299
-0.069726
-0.070766
-0.088085
-0.064588
-0.063233
-0.091986
-0.080630
-0.068870
-0.061809
-0.072300
-0.066726
-0.071603
-0.059500
-0.071625
-0.072618
-0.073374
-0.056158
-0.059241
-0.065266
-0.055209
-0.067630
-0.064180
-0.059293
-0.072362
-0.055420
-0.062266
-0.047352
-0.064885
-0.054924
-0.052991
-0.044037
-0.049895
-0.037588
-0.052789
-0.031407
-0.029006
-0.027968
-0.050148
-0.039722
-0.056598
-0.040368
-0.034994
-0.026511
-0.047473
-0.040362
-0.031949
-0.022907
-0.023876
-0.034760
-0.037864
-0.040336
-0.043614
-0.028317
-0.030283
-0.024687
-0.018040
-0.008497
0.001275
-0.015065
-0.012783
-0.020781
-0.006180
0.001893
-0.006374
-0.017378
-0.022212
-0.003322
0.001507
-0.005949
-0.007146
-0.002240
-0.011589
-0.008690
0.006218
-0.009539
0.007569
0.000579
-0.000309
0.000309
0.008266
0.013867
0.005988
0.012399
0.021512
-0.004172
0.000270
0.022091
0.017013
0.015144
0.019010
0.010545
0.018312
0.023607
0.021900
0.011863
0.027570
0.019666
0.005253
0.021400
0.023829
0.022019
0.024995
0.040371
0.012056
0.023714
0.018929
0.013022
0.017999
0.040949
0.018816
0.044120
0.039089
0.044708
0.049094
0.042407
0.047821
0.043153
0.042688
0.063231
0.067643
0.068135
0.037551
0.059214
0.041645
0.064386
0.057166
0.042280
0.051687
0.045881
0.051309
0.050198
0.070137
0.063643
0.067691
0.070627
0.040830
0.051105
0.044464
0.059276
0.051191
0.065951
0.058068
0.054623
0.053926
0.041792
0.049450
0.044935
0.046549
0.057468
0.053532
0.044723
0.057498
0.051671
0.038404
0.048579
0.066523
0.036080
0.047470
0.066214
0.044220
0.042489
0.044692
0.047540
0.045630
0.043265
0.061861
0.030983
0.050863
0.038939
0.047686
0.055705
0.038943
0.045318
0.031765
0.035897
0.043888
0.034735
0.022056
0.033026
0.043275
0.019701
0.057375
0.057992
0.052386
0.019160
0.032370
0.029715
0.035861
0.013131
0.016954
0.032874
0.031395
0.015375
0.013985
-0.009929
0.002278
0.007146
0.012170
-0.000618
0.008769
0.000695
0.022522
-0.005678
0.005292
0.002628
-0.003747
-0.011279
-0.012132
-0.004751
0.012127
0.010812
0.003863
-0.006297
-0.006952
-0.011586
-0.013326
-0.006259
-0.006220
0.003554
-0.013676
-0.016224
-0.024065
-0.026927
-0.021050
-0.023949
-0.023167
-0.025179
-0.038924
-0.026381
-0.024218
-0.036187
-0.003554
-0.040564
-0.031751
-0.022099
-0.022098
-0.038549
-0.014058
-0.009075
-0.006723
-0.026312
-0.042945
-0.034806
-0.028976
-0.032764
-0.045763
-0.044048
-0.038666
-0.044758
-0.041669
-0.034747
-0.029736
-0.046472
-0.058440
-0.056920
-0.063813
-0.067582
-0.059112
-0.067565
-0.071907
-0.072927
-0.060248
-0.089902
-0.074924
-0.058770
-0.064156
-0.063897
-0.049218
-0.044637
-0.070303
-0.057013
-0.068532
-0.065400
-0.055655
-0.051328
-0.063033
-0.065937
-0.072883
-0.070215
-0.070446
-0.080573
-0.071031
-0.062801
-0.082295
-0.058208
-0.077387
-0.064221
-0.066450
-0.068814
-0.055473
-0.076169
-0.073236
-0.064665
-0.065448
-0.090286
-0.080316
-0.078525
-0.063324
-0.078251
-0.082571
-0.079883
-0.082726
-0.082275
-0.056819
-0.085538
-0.056084
-0.064592
-0.088942
-0.055046
-0.065305
-0.074943
-0.059907
-0.082664
-0.059939
-0.054054
-0.051296
-0.054567
-0.074109
-0.063231
-0.073428
-0.064398
-0.064085
-0.057994
-0.066185
-0.048138
-0.058132
-0.059972
-0.055631
-0.044953
-0.051413
-0.056759
-0.048240
-0.057552
-0.033609
-0.045001
-0.045011
-0.042093
-0.042400
-0.031204
-0.042226
-0.036973
-0.038705
-0.045574
-0.053796
-0.061678
-0.007802
-0.049822
-0.025192
-0.024671
-0.013899
-0.025803
-0.028816
-0.013206
-0.006722
-0.023330
-0.019238
-0.012709
-0.006877
-0.005175
-0.033688
-0.016848
-0.002703
0.006413
-0.013448
-0.012747
0.002859
-0.010160
0.004520
-0.002704
0.001545
0.004673
-0.002395
-0.008653
-0.001700
-0.013133
-0.005485
0.018198
-0.002549
0.014989
0.006759
0.003322
-0.002163
0.010780
-0.008617
0.021717
0.020204
0.008496
0.019506
-0.004790
0.010041
0.023760
0.029281
0.005639
0.018854
0.021709
0.016065
0.026343
0.011243
0.029554
0.019195
0.027189
0.020980
0.029969
0.035044
0.016997
0.023645
0.021904
0.023019
0.031513
0.032135
0.018971
0.036998
0.041801
0.041750
0.057394
0.047673
0.046040
0.042107
0.074088
0.037200
0.032769
0.031707
0.053967
0.047359
0.034383
0.064202
0.049636
0.058458
0.068831
0.052937
0.060789
0.053818
0.048909
0.067864
0.071994
0.068273
0.047473
0.071409
0.047528
0.065601
0.032979
0.059045
0.053420
0.066313
0.057992
0.046816
0.048436
0.055198
0.052899
0.045109
0.078013
0.057067
0.066327
0.050502
0.043030
0.050336
0.066302
0.051839
0.054520
0.065348
0.046209
0.056091
0.050990
0.046960
0.041795
0.053736
0.060829
0.039934
0.047805
0.028965
0.029394
0.018191
0.033169
0.022723
0.023111
0.036846
0.023414
0.033482
0.025106
0.031859
0.026922
0.035839
0.041643
0.039755
0.037429
0.033685
0.039105
0.039354
0.033031
0.029315
0.007660
0.037927
0.015724
0.027967
0.014951
0.015569
-0.008962
-0.007570
-0.007071
0.024157
-0.003669
-0.003785
0.003827
-0.001893
0.023914
-0.002897
0.001854
0.005638
-0.018696
0.006414
-0.021980
-0.021747
-0.018765
0.003245
-0.025959
-0.021208
-0.016070
-0.009423
-0.031520
0.003283
-0.017080
-0.031025
-0.004443
-0.015408
-0.037783
-0.031053
-0.019458
-0.034622
-0.038005
-0.027424
-0.026987
-0.038407
-0.040086
-0.030943
-0.044646
-0.019045
-0.020817
-0.028768
-0.030707
-0.026234
-0.027393
-0.028316
-0.046813
-0.038404
-0.040734
-0.046205
-0.039667
-0.031520
-0.029357
-0.048980
-0.046282
-0.041640
-0.069509
-0.065997
-0.056622
-0.060369
-0.084560
-0.069948
-0.058792
-0.047034
-0.069797
-0.076315
-0.062882
-0.067952
-0.076296
-0.077473
-0.062173
-0.064863
-0.069363
-0.063750
-0.072353
-0.074215
-0.059115
-0.066774
-0.075975
-0.058292
-0.066219
-0.067747
-0.066268
-0.073669
-0.070098
-0.067187
-0.067022
-0.074641
-0.078253
-0.077603
-0.065390
-0.061622
-0.058262
-0.070671
-0.058400
-0.075341
-0.072466
-0.057245
-0.080341
-0.077230
-0.070398
-0.085346
-0.069462
-0.077539
-0.082322
-0.069722
-0.089411
-0.081131
-0.068785
-0.081271
-0.078970
-0.067824
-0.080174
-0.084600
-0.094983
-0.061684
-0.060307
-0.071230
-0.080451
-0.059600
-0.060700
-0.068075
-0.066830
-0.065196
-0.055267
-0.052884
-0.069623
-0.073093
-0.057155
-0.044491
-0.047662
-0.075938
-0.065678
-0.054950
-0.053630
-0.053573
-0.045589
-0.040889
-0.033726
-0.046746
-0.046746
-0.026224
-0.014135
-0.042403
-0.042457
-0.028080
-0.035487
-0.044695
-0.042923
-0.037689
-0.026186
-0.045140
-0.030715
-0.014756
-0.032256
-0.026961
-0.005718
-0.009344
-0.037272
-0.010504
-0.012437
-0.017610
-0.023069
-0.026465
-0.019819
-0.009038
-0.003825
-0.029426
-0.008923
0.000811
-0.007186
-0.018921
-0.007455
-0.000927
0.004403
0.000657
-0.001120
-0.002974
-0.000116
0.001313
0.012246
0.006603
0.004249
0.011050
-0.002163
0.009580
0.016919
-0.003513
0.013982
0.000116
0.005369
0.010351
-0.001932
0.003438
0.004751
0.020433
0.008846
0.014601
0.022522
0.011431
0.013257
0.019079
0.025116
0.021907
0.033216
0.025340
0.025874
0.007570
0.030365
0.013133
0.017345
0.024173
0.031204
0.027725
0.016187
0.036887
0.045197
0.036385
0.044234
0.051686
0.054551
0.064204
0.067710
0.062964
0.055209
0.048405
0.043765
0.048577
0.072263
0.052639
0.056663
0.079029
0.057906
0.054035
0.032362
0.052475
0.068248
0.057802
0.047192
0.054031
0.058393
0.061614
0.042459
0.054459
0.067670
0.066920
0.038749
0.064982
0.065064
0.062841
0.048252
0.060657
0.052074
0.056224
0.062345
0.062641
0.058573
0.055322
0.039193
0.035615
0.054431
0.043732
0.029252
0.047396
0.041408
0.062540
0.066448
0.060203
0.057525
0.023636
0.035993
0.052097
0.041528
0.030827
0.035889
0.029551
0.042336
0.042925
0.024567
0.038510
0.033141
0.031946
0.042408
0.009350
0.045001
0.035394
0.036156
0.028464
0.034732
0.020776
0.048164
0.042831
0.020278
0.030215
0.014836
0.012556
0.010276
0.012706
0.012207
0.008263
0.003399
0.009770
0.011898
0.020777
0.029710
0.005523
-0.002241
-0.001545
-0.005911
-0.004056
0.000541
-0.012278
0.011626
-0.003245
-0.005136
-0.009231
0.011245
-0.012049
-0.009618
0.005562
-0.016533
-0.001313
-0.015681
-0.021092
-0.026321
-0.021863
-0.028193
-0.024954
-0.003128
-0.017234
-0.027624
-0.012092
-0.014558
-0.030861
-0.009928
-0.027743
-0.068123
-0.059493
-0.043190
-0.038365
-0.050227
-0.033222
-0.034725
-0.038163
-0.037895
-0.034832
-0.015799
-0.032369
-0.026421
-0.044177
-0.033206
-0.033885
-0.043475
-0.047999
-0.028077
-0.052025
-0.045365
-0.067457
-0.062515
-0.061338
-0.082607
-0.061405
-0.057241
-0.069561
-0.065688
-0.057250
-0.058733
-0.084091
-0.062379
-0.064059
-0.072627
-0.075626
-0.074231
-0.064091
-0.067106
-0.057904
-0.068972
-0.050959
-0.055954
-0.058017
-0.068607
-0.069386
-0.076493
-0.072907
-0.075985
-0.066139
-0.066983
-0.071678
-0.064400
-0.066707
-0.069197
-0.069058
-0.074550
-0.061151
-0.094653
-0.086175
-0.068797
-0.064705
-0.072455
-0.090403
-0.091007
-0.091857
-0.083564
-0.076617
-0.089901
-0.083282
-0.084734
-0.081064
-0.076458
-0.074879
-0.058594
-0.069038
-0.063047
-0.072974
-0.070793
-0.073234
-0.066690
-0.065628
-0.074807
-0.067169
-0.068069
-0.055938
-0.066718
-0.064895
-0.052999
-0.048132
-0.076331
-0.059361
-0.064853
-0.054325
-0.043583
-0.044620
-0.044957
-0.064342
-0.045275
-0.048508
-0.051214
-0.043089
-0.057346
-0.030020
-0.042564
-0.043474
-0.058999
-0.031984
-0.024252
-0.054158
-0.044386
-0.047440
-0.020472
-0.016731
-0.016762
-0.029395
-0.021509
-0.025263
-0.019939
-0.035890
-0.034097
-0.025682
-0.028327
-0.019506
-0.017191
-0.016101
-0.017495
-0.013371
-0.012905
-0.011667
-0.013523
-0.007957
-0.002626
-0.013439
0.002395
0.009426
-0.003360
0.001507
-0.004519
-0.009272
-0.003052
-0.003939
-0.008728
0.024567
-0.016450
0.005445
0.003824
0.003709
-0.007573
0.017261
0.012862
0.009965
-0.006991
0.019358
0.015297
0.017309
0.015724
0.001777
0.034296
0.010355
0.030792
0.024873
0.010351
0.035156
0.029822
0.018782
0.038927
0.038207
0.019968
0.017768
0.015449
0.011435
0.015219
0.020975
0.037503
0.021875
0.043274
0.050631
0.054870
0.014829
0.042804
0.049360
0.030552
0.027737
0.034074
0.042651
0.073770
0.069513
0.053173
0.051826
0.059176
0.029515
0.034486
0.071150
0.053116
0.056228
0.059103
0.059002
0.059423
0.056699
0.065527
0.058639
0.068361
0.047622
0.036115
0.055506
0.031242
0.042520
0.065699
0.057829
0.030861
0.033074
0.047302
0.051312
0.060695
0.051298
0.056390
0.061377
0.049527
0.058761
0.046699
0.043247
0.050696
0.055923
0.045203
0.052047
0.056989
0.025874
0.033108
0.051533
0.035080
0.042382
0.042720
0.040946
0.036893
0.041072
0.045269
0.033029
0.025756
0.028044
0.036622
0.035222
0.024492
0.047441
0.034065
0.026839
0.024990
0.031513
0.051794
0.035701
0.027777
0.032566
0.026382
0.041972
0.020043
0.021597
0.007724
0.024140
0.002703
0.015951
0.014091
0.011051
0.013175
0.025303
0.013021
0.017724
-0.002588
0.008035
-0.005372
-0.000270
-0.016031
-0.009506
0.000077
0.009347
0.002935
-0.003746
0.004751
-0.011087
-0.007345
-0.009308
-0.012283
-0.009774
-0.009850
-0.025571
-0.003245
-0.004828
-0.028517
-0.014250
-0.008340
-0.006065
-0.021630
-0.025955
-0.004598
-0.018090
-0.023060
-0.023522
-0.013831
-0.034226
-0.023138
-0.039575
-0.031764
-0.032485
-0.030982
-0.033179
-0.021321
-0.021245
-0.031415
-0.044821
-0.045075
-0.037046
-0.017731
-0.034345
-0.047915
-0.030126
-0.044571
-0.037927
-0.046469
-0.029828
-0.033961
-0.047741
-0.048476
-0.034531
-0.054776
-0.048983
-0.042827
-0.067438
-0.077433
-0.057839
-0.067415
-0.058255
-0.079214
-0.066970
-0.069169
-0.072146
-0.070088
-0.076081
-0.057473
-0.052009
-0.049568
-0.061509
-0.072402
-0.058607
-0.073038
-0.055166
-0.073987
-0.068486
-0.045977
-0.078380
-0.072804
-0.056476
-0.065202
-0.061528
-0.056088
-0.080688
-0.062619
-0.075170
-0.080827
-0.082207
-0.069001
-0.069345
-0.064521
-0.066543
-0.067208
-0.081674
-0.081814
-0.085916
-0.087342
-0.095344
-0.072713
-0.065265
-0.086388
-0.072784
-0.080655
-0.103980
-0.063457
-0.056469
-0.090870
-0.059954
-0.059519
-0.062191
-0.074011
-0.071698
-0.068046
-0.049936
-0.081727
-0.067751
-0.085791
-0.072000
-0.063875
-0.049954
-0.059598
-0.036778
-0.072453
-0.076844
-0.079369
-0.043296
-0.043804
-0.046638
-0.050916
-0.038627
-0.040549
-0.048858
-0.066567
-0.052258
-0.049630
-0.052960
-0.037006
-0.035271
-0.032266
-0.042711
-0.032532
-0.034722
-0.051459
-0.033073
-0.029286
0.002279
-0.033725
-0.018153
-0.015914
-0.036261
-0.023605
-0.021558
-0.013517
-0.020436
-0.023873
0.000386
-0.027465
0.012168
-0.015408
-0.020770
-0.025459
-0.009928
-0.010587
-0.016455
-0.013941
-0.018852
-0.021820
-0.012092
-0.005177
0.012557
-0.001661
-0.002396
0.019079
0.007340
-0.001545
0.019126
0.003823
0.007262
0.017191
0.016071
0.010042
-0.000579
0.018461
0.021321
0.015609
0.017920
0.027427
0.005370
0.002704
0.007030
0.041413
0.026853
0.025530
0.015064
0.028055
-0.005100
0.022794
0.034079
0.031485
0.012594
0.012439
0.012401
0.015379
0.023568
0.039521
0.016729
0.023482
0.029281
0.041634
0.044647
0.030086
0.021051
0.055267
0.041267
0.037076
0.033531
0.036628
0.055901
0.066160
0.047323
0.043640
0.058555
0.048530
0.059361
0.062066
0.058842
0.054271
0.054338
0.050263
0.049488
0.050610
0.059643
0.064170
0.050219
0.066747
0.048371
0.041713
0.058803
0.053693
0.043903
0.053777
0.070001
0.063447
0.057482
0.070718
0.048312
0.035724
0.049592
0.050912
0.039981
0.052677
0.049147
0.063318
0.059334
0.056217
0.049710
0.050767
0.050418
0.038586
0.039868
0.039480
0.047744
0.043105
0.059868
0.034575
0.058026
0.040260
0.030978
0.021516
0.026848
0.040635
0.017999
0.037127
0.040518
0.042911
0.038635
0.037748
0.039317
0.040862
0.038385
0.026885
0.026701
0.042609
0.027153
0.033683
0.010505
0.007724
0.018542
-0.008810
0.022054
0.022636
0.026123
0.031605
0.022939
0.011436
0.004867
0.022060
0.003436
0.025416
0.011159
-0.005292
0.000927
-0.007688
-0.005756
0.012280
0.007957
0.007533
-0.018345
-0.016069
-0.008344
-0.021245
-0.005217
-0.004752
-0.023993
-0.002781
-0.006296
-0.014482
0.000386
-0.016108
-0.013913
-0.012983
-0.035923
-0.028572
-0.040868
-0.035667
-0.036882
-0.015760
-0.033063
-0.040482
-0.031766
-0.046638
-0.023756
-0.031472
-0.031242
-0.025651
-0.034291
-0.047279
-0.039052
-0.052894
-0.034105
-0.042730
-0.021397
-0.032803
-0.039864
-0.039283
-0.037666
-0.038246
-0.036383
-0.040737
-0.043177
-0.047842
-0.058644
-0.069351
-0.070954
-0.064219
-0.067868
-0.066812
-0.082011
-0.098869
-0.053343
-0.071084
-0.064713
-0.052455
-0.080127
-0.073384
-0.045623
-0.079045
-0.082091
-0.055310
-0.054704
-0.045587
-0.077558
-0.074404
-0.080862
-0.068841
-0.073098
-0.074596
-0.062577
-0.066523
-0.061735
-0.062112
-0.060376
-0.068902
-0.062438
-0.067012
-0.063427
-0.076966
-0.068864
-0.058017
-0.059672
-0.062066
-0.088178
-0.070122
-0.071356
-0.088368
-0.064368
-0.082006
-0.073177
-0.091099
-0.076177
-0.089760
-0.073489
-0.068405
-0.070298
-0.072873
-0.052998
-0.079878
-0.064594
-0.082987
-0.066167
-0.072098
-0.057974
-0.065814
-0.066348
-0.058219
-0.070870
-0.061032
-0.060197
-0.077123
-0.061565
-0.082009
-0.053272
-0.070996
-0.050915
-0.052299
-0.052290
-0.046553
-0.044808
-0.049294
-0.062330
-0.052695
-0.057204
-0.031758
-0.051104
-0.029944
-0.032643
-0.046497
-0.033344
-0.037089
-0.041830
-0.036550
-0.028500
-0.052266
-0.019362
-0.033679
-0.034229
-0.033257
-0.026278
-0.039052
-0.034147
-0.016071
-0.032526
-0.031486
-0.023099
-0.012436
-0.023839
-0.034080
0.010080
-0.020478
0.010003
-0.010699
-0.004403
-0.014602
-0.038937
-0.023603
0.000270
0.007030
0.008112
-0.005177
-0.006839
-0.022829
-0.003206
0.003555
0.012130
0.010974
0.011319
0.012517
0.022328
0.019816
0.009122
0.008423
0.010854
0.007146
0.024334
0.004055
0.001816
0.032182
0.013947
0.031174
0.020094
0.008690
0.023607
0.027231
0.004210
0.001971
0.021669
0.006645
0.008924
0.007185
0.010313
0.019117
0.014484
0.017001
0.016457
0.033535
0.027683
0.028236
0.046746
0.051635
0.050089
0.041438
0.037514
0.041522
0.048432
0.058711
0.054628
0.053648
0.050798
0.042412
0.063124
0.062884
0.050949
0.068357
0.059351
0.057866
0.059356
0.060535
0.050811
0.069173
0.066645
0.064804
0.044668
0.055574
0.052269
0.062074
0.056817
0.043608
0.059092
0.063966
0.071422
0.058756
0.054972
0.068532
0.068639
0.067689
0.048362
0.052272
0.055516
0.042006
0.067211
0.048903
0.047126
0.046693
0.047052
0.042908
0.041095
0.033588
0.034103
0.035194
0.046117
0.043064
0.040196
0.027737
0.035576
0.039013
0.043098
0.038618
0.041414
0.049173
0.051567
0.035692
0.043141
0.052153
0.045578
0.052453
0.035133
0.032870
0.042550
0.039825
0.043651
0.027387
0.040100
0.039018
0.033341
0.013366
0.010662
0.010238
0.017924
0.027270
0.020164
0.019542
0.005872
0.029095
0.027822
0.010274
0.019578
0.006411
0.008152
-0.014138
-0.005636
0.006142
0.015261
0.014291
-0.002240
-0.016843
0.013791
-0.028894
-0.000888
0.003437
0.014837
-0.009272
-0.025509
-0.005644
-0.007340
-0.009890
-0.008615
-0.009838
-0.016305
-0.014602
-0.014063
-0.021515
-0.035143
-0.023796
-0.033139
-0.022944
-0.023372
-0.031947
-0.028505
-0.022594
-0.037822
-0.028898
-0.028902
-0.032794
-0.026614
-0.027318
-0.036381
-0.021560
-0.040269
-0.033875
-0.050136
-0.031364
-0.030062
-0.031412
-0.026975
-0.044651
-0.062882
-0.060180
-0.040885
-0.043415
-0.051413
-0.051824
-0.044853
-0.063441
-0.065283
-0.060382
-0.067401
-0.059099
-0.074023
-0.077256
-0.072327
-0.058944
-0.055351
-0.049541
-0.049006
-0.063308
-0.059764
-0.067647
-0.061729
-0.057647
-0.066333
-0.072591
-0.065125
-0.061000
-0.065463
-0.077041
-0.068822
-0.071972
-0.068027
-0.066286
-0.062317
-0.073343
-0.080286
-0.067620
-0.064467
-0.069073
-0.076071
-0.076186
-0.086444
-0.076551
-0.076972
-0.071027
-0.062611
-0.097417
-0.078059
-0.100529
-0.064309
-0.084936
-0.078429
-0.059478
-0.085749
-0.083865
-0.075432
-0.067256
-0.073587
-0.076027
-0.081393
-0.085530
-0.087459
-0.059410
-0.073302
-0.060058
-0.057372
-0.074217
-0.073920
-0.066701
-0.069643
-0.056521
-0.048101
-0.050689
-0.049185
-0.037115
-0.055659
-0.075835
-0.050592
-0.070044
-0.071943
-0.079708
-0.032283
-0.045884
-0.037657
-0.042376
-0.046431
-0.066561
-0.065093
-0.046521
-0.056284
-0.029018
-0.041015
-0.039333
-0.038006
-0.038202
-0.039603
-0.041486
-0.035730
-0.034363
-0.029002
-0.025352
-0.032370
-0.016225
-0.017962
-0.025879
-0.008498
-0.003516
-0.004945
-0.003168
-0.003902
-0.025498
0.002434
0.005640
0.001545
-0.022826
0.002202
-0.022012
-0.014102
-0.018157
-0.009814
0.022359
0.020355
0.010313
0.014835
-0.008071
-0.008072
-0.014024
0.000232
-0.018153
-0.002627
0.005022
-0.000386
0.019850
0.010078
0.009737
0.009193
0.004830
0.025295
0.026910
-0.012518
0.026839
0.018702
0.025164
0.027160
0.011858
0.023102
0.014525
0.036931
0.018740
0.012672
0.008226
0.009422
0.030857
0.026920
0.035240
0.016960
0.028033
0.026734
0.015220
0.032294
0.034460
0.025573
0.051025
0.043197
0.038067
0.048607
0.036715
0.036133
0.049485
0.054776
0.046692
0.036736
0.057617
0.048285
0.071044
0.044350
0.052156
0.053821
0.053930
0.071102
0.031385
0.057987
0.056893
0.073596
0.062097
0.059611
0.066563
0.076120
0.078625
0.058921
0.030048
0.027856
0.029788
0.054898
0.065287
0.062114
0.040062
0.072495
0.075355
0.056600
0.068547
0.070989
0.040141
0.054388
0.060152
0.060260
0.056517
0.055997
0.048391
0.078437
0.049532
0.056227
0.059413
0.048567
0.052000
0.038939
0.050153
0.062068
0.052772
0.039370
0.038776
0.049628
0.035696
0.042141
0.041662
0.035965
0.038129
0.045806
0.063195
0.034497
