-0.024216
-0.002780
-0.003207
-0.010118
-0.009309
-0.007300
-0.025145
-0.005524
0.013017
0.008075
-0.000348
-0.017578
-0.005369
-0.014023
-0.011356
-0.006219
-0.018971
-0.008659
-0.007029
-0.002279
-0.012018
-0.009735
-0.004248
-0.012477
-0.022218
-0.017806
-0.003825
-0.009388
-0.017915
0.001700
-0.010312
-0.009772
-0.011663
-0.008345
-0.017498
-0.005253
0.002820
0.004518
-0.007377
-0.008344
-0.002821
-0.017418
0.001816
0.003051
-0.013208
-0.022127
0.004403
0.001777
-0.023022
0.000039
0.000773
-0.002317
-0.008498
-0.007495
-0.012478
-0.017810
-0.006801
0.007415
0.004712
-0.000309
-0.032911
-0.014908
-0.032447
-0.025025
-0.012710
-0.005600
-0.014793
-0.014832
-0.013099
-0.009737
-0.008615
-0.021098
-0.013517
-0.005872
-0.013864
-0.007803
-0.007841
-0.021511
-0.018007
-0.015838
-0.001970
-0.010276
-0.015873
-0.004518
-0.018277
-0.018388
-0.011168
-0.004905
-0.013519
-0.015762
-0.001081
0.000039
-0.014831
-0.017145
-0.017195
-0.031330
-0.012822
-0.020166
-0.007267
-0.006454
-0.005447
-0.013249
-0.002666
-0.017810
-0.009308
-0.022754
-0.028781
-0.011009
-0.001738
-0.023684
-0.025067
-0.000772
-0.010002
-0.021019
-0.019277
-0.019739
-0.006104
-0.029596
-0.006837
-0.010004
-0.029590
-0.008111
-0.008808
0.004442
-0.036236
-0.005405
-0.016920
-0.024652
-0.024947
-0.028980
-0.025110
-0.029094
-0.028046
-0.016732
-0.026158
-0.010626
-0.020049
-0.019778
-0.029077
-0.019551
-0.027038
-0.034611
-0.030327
-0.021677
-0.017657
-0.015144
-0.016921
-0.029900
-0.025294
-0.002433
-0.031129
-0.019934
-0.005987
-0.027816
-0.012562
-0.027231
-0.025346
-0.028699
-0.027236
-0.022561
-0.021356
-0.005910
-0.026617
-0.005872
-0.009889
-0.017306
-0.027590
-0.020476
-0.012901
-0.025609
-0.022985
-0.016803
-0.006800
-0.009771
-0.024342
-0.003323
-0.023138
-0.013255
-0.025766
-0.002472
-0.020360
-0.013597
-0.008729
-0.015529
-0.017029
-0.017966
-0.008498
-0.023575
-0.025545
0.002858
-0.007493
-0.014334
-0.004172
-0.005599
-0.034723
-0.013056
-0.013638
-0.019313
-0.012055
-0.017463
-0.016259
-0.013408
-0.022329
-0.024638
-0.016757
-0.021785
-0.021746
-0.020936
-0.032414
-0.011897
-0.025114
-0.022719
-0.026915
-0.014520
-0.010008
0.003864
-0.011898
-0.020356
0.000888
-0.001236
-0.005100
0.003553
-0.016154
-0.023566
-0.014563
-0.031752
-0.013326
-0.022362
-0.012281
-0.024642
-0.011899
-0.023564
-0.017923
-0.013443
-0.003476
-0.023873
-0.024417
-0.002202
-0.013441
-0.019201
-0.017384
-0.029774
-0.007490
-0.008908
-0.025575
-0.020824
-0.021632
-0.022825
-0.025375
-0.005176
-0.018001
0.003361
-0.029398
-0.003785
-0.010855
-0.012401
0.005524
0.003206
-0.004521
-0.005176
-0.018502
-0.015608
-0.012939
-0.010739
-0.026075
-0.010813
-0.008264
-0.001506
-0.008113
-0.008887
0.000000
0.000695
-0.004482
-0.017076
-0.004483
-0.002703
-0.002667
-0.009426
0.003939
-0.003322
-0.000270
-0.020898
-0.011935
-0.000541
-0.017612
-0.004559
-0.006181
-0.005331
-0.000772
-0.004250
-0.000772
-0.021125
-0.003129
0.006450
0.007879
0.006876
0.001970
0.002820
0.007071
0.004211
-0.001275
0.005255
0.005601
-0.013750
-0.008885
0.013402
-0.015636
-0.014097
-0.007258
-0.003901
-0.015840
-0.019816
-0.010586
-0.009500
-0.007339
-0.006182
-0.007609
-0.024177
-0.029634
-0.006607
-0.003167
0.012980
-0.006798
-0.006218
-0.008384
-0.009967
-0.005640
-0.004405
-0.008729
0.004442
0.008457
-0.006295
-0.008383
-0.004095
-0.040400
0.005252
-0.005949
-0.019141
-0.020634
-0.017492
-0.003978
-0.014298
0.008651
0.003478
-0.001468
0.005484
-0.000464
-0.000077
-0.010931
0.000464
-0.024103
-0.002974
-0.004906
-0.009656
-0.004635
-0.013172
-0.005214
-0.000772
-0.010467
0.003828
-0.038779
-0.001236
-0.002782
-0.012667
-0.002201
-0.002472
-0.004905
-0.011376
-0.001043
-0.000811
-0.003631
-0.020357
-0.021480
-0.004132
-0.006220
0.002086
-0.011975
-0.012050
-0.028586
-0.028895
-0.030822
-0.032365
-0.016262
-0.010427
-0.015682
-0.006684
0.000193
-0.015219
-0.020707
-0.008383
-0.015222
0.008498
-0.015332
-0.022335
-0.019632
-0.014602
-0.032333
-0.010161
-0.020242
-0.031636
-0.019698
-0.009656
-0.014174
-0.017228
-0.007725
-0.007878
-0.013790
-0.022784
-0.021937
-0.015725
-0.013404
-0.017074
-0.015800
-0.014563
-0.007841
-0.005871
-0.014561
-0.030203
-0.007801
-0.014485
-0.020784
-0.023637
-0.013209
-0.024021
-0.015182
-0.009696
-0.005214
-0.026121
-0.007534
-0.013093
-0.016801
-0.027813
-0.025058
-0.028046
-0.015341
-0.041680
-0.036628
-0.031178
-0.014755
-0.011048
-0.015105
-0.020895
-0.024917
-0.021321
-0.020940
-0.027268
-0.013755
-0.017495
-0.011704
-0.016607
-0.021318
-0.038716
-0.011863
-0.018539
-0.030244
-0.015332
-0.038082
-0.036083
-0.030089
-0.015877
-0.003012
-0.023792
-0.020240
-0.014371
-0.013638
-0.016998
-0.015104
-0.009693
-0.022523
-0.027082
-0.006566
-0.007070
-0.009231
-0.007838
-0.027812
-0.014255
-0.021358
-0.007029
-0.012128
-0.019172
-0.018198
-0.024024
-0.030354
-0.038404
-0.006800
-0.009810
-0.014328
-0.016453
-0.024024
-0.020289
-0.015299
-0.009121
-0.021168
-0.013830
-0.028850
-0.016687
0.002356
0.004326
-0.008574
-0.003205
-0.014366
-0.022834
-0.017303
-0.018502
-0.005177
-0.023489
-0.021053
-0.015877
-0.010120
-0.022555
-0.016146
0.017577
-0.001700
-0.012046
-0.015452
-0.028728
-0.006530
-0.005484
-0.002086
-0.008536
-0.009541
-0.010545
-0.004405
-0.012902
-0.019347
-0.009503
-0.012244
-0.032056
-0.009386
-0.005871
-0.021051
-0.007534
-0.010740
0.000811
0.001700
0.003052
-0.017882
-0.012710
-0.025263
-0.013712
-0.023634
-0.017658
-0.015721
0.010663
-0.017381
-0.026303
-0.008961
-0.019854
-0.023899
-0.027042
-0.011280
0.010393
-0.005524
-0.006451
-0.002550
-0.003360
-0.010082
-0.017534
-0.006992
-0.009428
-0.010970
0.005603
0.007803
0.002974
-0.005908
-0.009309
-0.012132
-0.007224
0.001738
-0.025460
-0.006219
-0.029051
0.000927
-0.000850
-0.001623
-0.007840
-0.003824
0.000927
-0.011661
-0.024593
-0.010662
-0.018041
-0.012436
-0.004365
-0.018496
-0.012939
0.014452
0.002357
-0.007033
-0.003787
0.000309
0.004558
-0.001700
-0.005137
-0.006721
0.002897
0.000116
0.001313
0.007417
0.001855
-0.015570
-0.004017
-0.017575
-0.005023
-0.008113
-0.015877
-0.023448
-0.006798
-0.000116
-0.005599
-0.029357
0.017849
0.007379
-0.005642
-0.006028
-0.001971
-0.010582
0.000000
-0.000579
0.003439
-0.002472
0.012364
-0.004134
0.005794
0.001700
-0.005485
-0.016104
0.001276
0.002858
0.000309
-0.001004
-0.015759
-0.009656
-0.001120
-0.024101
0.002742
-0.008660
0.004366
-0.011280
-0.009581
-0.001700
0.000618
-0.023864
0.006566
0.003167
-0.011008
-0.005332
0.000309
-0.017611
0.008111
-0.009542
-0.003244
-0.033724
-0.026066
-0.011897
-0.018614
0.004749
-0.023836
-0.020017
0.005330
-0.016574
-0.003941
-0.012865
-0.003245
-0.017147
-0.024183
-0.006603
-0.010277
-0.012826
-0.019236
-0.010196
-0.019353
-0.006645
-0.001777
-0.041146
-0.009307
-0.019863
0.002588
-0.004867
-0.012747
-0.023292
-0.018315
-0.006758
-0.016186
-0.028118
-0.024880
0.007300
-0.021781
-0.003129
-0.011203
-0.012051
-0.011394
-0.006337
-0.015256
-0.022600
-0.024911
-0.020087
-0.026148
-0.010198
-0.006180
-0.016760
-0.017383
-0.019623
-0.016919
-0.030852
-0.008457
-0.024071
-0.027655
-0.005369
-0.007880
-0.015031
-0.017732
-0.008612
-0.005795
-0.005522
-0.018618
-0.014451
-0.034377
-0.017769
-0.011664
-0.014136
-0.014987
-0.016026
-0.001970
-0.016607
-0.012741
0.002665
-0.015218
-0.026774
-0.027039
-0.024986
-0.021443
-0.018037
-0.028155
-0.032806
-0.028832
-0.032892
-0.020240
-0.022828
-0.016034
-0.002008
-0.018771
-0.028080
-0.020864
-0.018778
-0.016998
-0.013906
-0.032289
-0.030088
-0.029476
-0.024921
-0.018305
-0.017271
-0.032601
-0.019627
-0.016452
-0.005021
-0.027108
-0.028894
-0.030017
-0.019701
-0.015798
-0.011784
-0.039744
-0.010741
-0.017924
-0.013949
-0.021244
-0.024828
-0.020244
-0.017612
-0.017389
-0.014910
-0.013943
-0.015800
-0.011543
-0.023595
-0.022871
-0.006337
-0.024069
-0.011743
-0.036033
-0.011314
-0.015374
-0.027162
-0.029899
-0.023837
-0.018160
-0.019346
-0.028545
-0.013251
-0.012207
-0.024416
-0.005138
-0.039627
-0.015026
-0.016724
-0.021018
-0.019430
-0.012127
-0.009577
-0.003515
-0.026658
-0.038596
-0.022673
-0.017848
-0.011818
-0.015878
-0.002897
-0.013291
-0.008768
-0.011356
-0.004209
-0.016879
-0.018811
-0.021241
-0.021168
-0.015412
-0.005483
-0.007687
-0.013672
-0.017607
-0.022831
-0.021815
-0.009347
-0.021751
-0.019776
-0.029354
-0.016609
-0.002511
-0.007684
-0.002008
-0.018886
-0.024148
-0.000077
-0.015956
-0.023142
-0.012667
-0.015142
-0.014097
-0.005254
-0.020629
-0.020817
-0.022061
-0.016807
-0.009966
-0.007722
-0.011471
-0.022749
-0.005137
-0.022562
-0.015220
-0.023634
-0.011781
-0.005603
-0.006335
-0.007300
-0.001661
-0.013288
-0.006220
-0.002975
-0.015215
-0.003824
-0.006878
-0.016771
-0.012206
-0.019313
-0.011816
0.008651
-0.008772
0.016029
0.000734
-0.003207
-0.017108
0.004830
-0.004480
0.002047
-0.002086
-0.010778
0.017457
-0.008420
0.007570
0.003129
0.006292
-0.021401
-0.003013
-0.017380
-0.016955
-0.019779
0.008497
0.001236
-0.006488
-0.014907
-0.000386
-0.014447
-0.003591
-0.018686
-0.018774
-0.008110
-0.004944
0.002511
-0.003321
-0.004597
-0.002665
-0.018816
-0.015602
-0.006219
0.007030
-0.010925
0.001005
0.000927
0.002009
-0.001467
0.013750
-0.012280
-0.010619
-0.020505
0.004403
-0.005911
-0.002085
-0.001429
-0.007881
-0.014026
-0.011434
0.006567
0.003553
-0.025604
-0.014524
0.006877
-0.002356
-0.007377
0.004250
-0.010507
-0.007802
-0.000850
-0.009311
-0.009887
-0.011779
-0.012514
-0.010662
0.003786
0.001700
-0.000386
-0.005062
-0.004713
-0.003901
-0.010813
-0.014062
-0.002125
-0.006182
-0.007957
-0.011396
0.000270
-0.005985
-0.007105
-0.004094
0.001043
-0.014985
-0.009657
-0.003051
-0.010856
-0.006683
0.002317
-0.022938
-0.009346
-0.003051
0.000464
0.001468
-0.000889
-0.005715
-0.019706
-0.009540
-0.007105
-0.003709
-0.004945
-0.007457
-0.024347
-0.035340
-0.011128
-0.006374
-0.018469
-0.007957
-0.003709
-0.008461
-0.011933
-0.020087
0.003360
-0.017457
-0.008924
-0.022829
-0.022101
-0.017109
-0.012013
-0.004520
-0.029232
-0.004326
-0.008112
-0.012437
0.000077
-0.027811
-0.003631
0.002511
-0.018773
-0.006840
-0.014487
-0.018467
-0.011825
0.005254
-0.018078
-0.021369
-0.023135
-0.025734
-0.023841
-0.019118
-0.011706
-0.020394
-0.014600
-0.011860
-0.019582
-0.007955
-0.028046
-0.008691
-0.027383
-0.020128
-0.026973
-0.024177
-0.014602
-0.015989
-0.029405
-0.018391
-0.014411
-0.030971
-0.008650
-0.032334
-0.033221
-0.031597
-0.019895
-0.022927
-0.019823
-0.028198
-0.030209
-0.006217
-0.023178
-0.019351
-0.023829
-0.019152
-0.025953
-0.019778
-0.021127
-0.017694
-0.023680
-0.026112
-0.036078
-0.043258
-0.030933
-0.017690
-0.022089
-0.034216
-0.029094
-0.031061
-0.019270
-0.028824
-0.019972
-0.034922
-0.022649
-0.020129
-0.018041
-0.010468
-0.006179
-0.027922
-0.029776
-0.013594
-0.023326
-0.024292
-0.030200
-0.010507
-0.011205
-0.022518
-0.013484
-0.017117
-0.019161
-0.015142
-0.018068
-0.033038
-0.019903
-0.025217
-0.024611
-0.028665
-0.035745
-0.012363
-0.005408
-0.011199
-0.011782
-0.019237
-0.024918
-0.010083
-0.013673
-0.021935
-0.007531
-0.022876
-0.013482
-0.013985
-0.015957
-0.025185
-0.018395
-0.019160
-0.026732
-0.012203
-0.013248
0.013595
-0.008924
-0.014447
-0.009425
-0.004596
-0.012824
-0.013212
-0.008264
-0.027033
-0.004439
-0.018468
-0.012821
-0.003554
0.006449
-0.009849
-0.013597
-0.014833
-0.015800
-0.027382
-0.015606
-0.023523
-0.024910
-0.012439
0.004172
0.000347
-0.023645
-0.006684
-0.020477
-0.012517
-0.022599
-0.013134
-0.024796
-0.011320
-0.008149
-0.012554
-0.015762
-0.004828
0.006065
-0.016613
-0.002394
-0.014794
-0.007417
-0.021931
-0.004635
-0.001043
-0.007764
-0.001622
-0.013213
-0.011661
-0.008885
0.000966
-0.020628
0.009117
-0.003630
0.003478
-0.000773
-0.007146
-0.025886
-0.000502
0.000193
0.009849
-0.018892
0.013903
-0.023101
-0.008649
-0.012402
0.007881
0.000618
-0.006410
-0.005254
0.003052
0.003169
-0.004557
-0.007380
0.001275
-0.002550
-0.006528
0.016533
-0.019963
-0.003283
-0.004211
0.011859
-0.013057
-0.016419
-0.018230
-0.003167
-0.008536
-0.015453
-0.002936
-0.009041
0.013598
-0.007144
-0.012085
0.000039
0.000734
0.013400
0.003785
0.003901
-0.002743
-0.004635
-0.013482
0.007068
-0.026498
-0.016298
-0.014568
0.013402
-0.000579
0.001584
0.011592
-0.019314
0.006065
0.002394
-0.002780
0.003398
-0.011317
-0.008730
0.001970
0.003786
-0.003747
-0.017039
-0.015650
0.010395
0.006141
-0.012130
-0.003013
-0.003709
-0.007767
-0.009811
0.013086
-0.007029
-0.032447
-0.006491
-0.010431
-0.025075
-0.014948
-0.011586
-0.011821
-0.007536
-0.008998
-0.007030
-0.008574
-0.010196
-0.013325
0.002240
-0.005951
-0.009000
-0.015684
-0.003631
-0.012171
0.020431
-0.007107
-0.020747
-0.014602
-0.007531
-0.004404
-0.019666
-0.012862
-0.009153
-0.003631
-0.001970
-0.015148
0.009613
-0.017654
-0.005951
-0.010198
-0.032107
-0.013638
-0.018080
-0.017030
-0.008230
-0.026537
-0.018806
-0.031867
-0.016998
-0.034534
-0.005293
-0.005061
-0.020782
-0.023209
-0.000077
-0.009386
-0.009271
-0.002318
-0.019624
-0.021392
-0.032836
-0.020583
-0.005175
-0.029927
-0.008229
-0.026585
-0.017303
-0.022013
-0.018124
-0.012365
-0.012442
-0.013984
-0.003322
-0.000541
-0.011475
-0.009385
-0.016531
-0.036203
-0.017233
-0.031382
-0.019587
-0.012482
-0.011701
-0.034914
-0.019161
-0.002433
-0.015021
-0.012437
-0.001699
0.004751
-0.021859
-0.020087
-0.013949
-0.028045
-0.015647
-0.028158
-0.022207
-0.009966
-0.025529
-0.020473
-0.026923
-0.022939
-0.011737
-0.030440
-0.023604
-0.018852
-0.025697
-0.031291
-0.035150
-0.029045
-0.012324
-0.025223
-0.036767
-0.023910
-0.037461
-0.031130
-0.010468
-0.023209
-0.018891
-0.012513
-0.007763
-0.024336
-0.012981
-0.023481
-0.029168
-0.021395
-0.031439
-0.009427
-0.028000
-0.017842
-0.021052
0.003747
-0.022836
-0.024968
-0.016687
-0.010817
-0.022019
-0.031404
-0.009774
-0.017888
-0.036424
-0.002550
-0.011432
-0.045244
-0.029815
-0.018855
-0.025522
-0.032292
-0.033422
-0.029431
-0.009346
-0.001043
-0.034114
-0.022131
-0.027108
-0.025610
-0.024765
-0.013556
-0.007185
-0.019080
-0.025259
-0.019158
-0.025182
-0.011125
-0.021163
-0.003284
-0.016540
-0.007842
-0.010312
-0.013134
-0.001159
-0.002628
-0.019973
-0.006915
-0.009347
-0.018627
-0.022365
-0.023522
-0.014023
-0.012323
-0.017772
-0.028735
-0.025268
-0.020168
-0.005370
-0.011087
-0.029511
-0.006606
-0.007301
-0.015681
0.002743
-0.003786
-0.010775
0.008652
-0.013209
-0.022132
-0.018581
-0.011045
-0.017190
-0.014680
-0.020977
0.000309
-0.025995
-0.020473
-0.016612
-0.023907
-0.020818
-0.011161
-0.027496
-0.010158
-0.009967
-0.016304
-0.028662
0.001738
0.002357
-0.011859
-0.003515
-0.007108
-0.002125
-0.006874
-0.004485
-0.032064
-0.003323
-0.009309
-0.007186
-0.002743
0.005678
-0.010626
-0.005483
-0.016652
-0.007262
0.007339
-0.006450
-0.016225
-0.016264
-0.010238
-0.007883
-0.001236
-0.001159
-0.004057
-0.002086
-0.020243
-0.016421
-0.012440
-0.014909
-0.009544
0.012399
-0.008883
0.004326
-0.008924
-0.005833
0.002588
0.002820
0.002936
0.005949
-0.005755
0.002781
-0.000966
-0.011665
-0.007452
0.000232
-0.008728
-0.009427
-0.012820
0.010428
-0.010272
-0.013677
-0.013291
-0.013713
-0.002084
-0.009078
-0.021664
-0.003361
-0.005679
0.014179
-0.003863
0.002086
-0.000309
-0.003322
-0.017580
-0.012014
-0.003167
-0.006875
0.003012
-0.018625
-0.019541
0.006336
-0.012251
-0.003554
-0.003245
0.008922
-0.030364
-0.005059
0.016378
0.014408
0.012860
-0.002357
0.000000
0.005062
0.000000
-0.005523
-0.010739
-0.016230
0.003863
-0.004559
-0.005679
-0.006106
-0.020286
-0.015685
0.004057
-0.020433
-0.002588
-0.014605
-0.018619
0.009344
-0.001661
-0.015762
-0.009039
-0.005717
-0.026005
-0.014298
0.011046
-0.010157
-0.013559
-0.004982
-0.011976
-0.006104
-0.009465
-0.023131
-0.023986
-0.016807
-0.000155
0.007842
-0.023019
0.012555
-0.009154
-0.020896
-0.001159
-0.022445
-0.022868
0.000155
-0.022673
-0.022246
-0.018458
-0.009889
-0.008383
-0.013595
-0.036072
-0.014099
-0.001623
-0.015570
-0.030285
-0.010353
-0.024104
-0.013944
-0.016187
-0.008150
-0.010893
-0.011043
0.000463
-0.020929
-0.021823
-0.008536
-0.004132
-0.019701
-0.010894
-0.024721
-0.007727
-0.023411
-0.016455
-0.015989
-0.013709
-0.008114
-0.006993
-0.001081
-0.025303
-0.024649
-0.016691
-0.028153
-0.012210
-0.025764
0.006372
-0.023595
-0.025085
-0.021008
-0.029320
-0.015257
-0.001158
-0.007417
-0.007646
-0.006954
-0.018427
-0.018769
-0.026421
-0.008265
-0.024456
-0.021705
-0.021522
-0.018501
-0.038091
-0.020553
-0.012974
-0.000386
-0.027811
-0.024570
-0.016263
-0.014561
-0.016105
-0.026882
-0.021129
-0.022749
-0.010273
-0.014182
-0.027733
-0.018965
-0.007956
-0.024445
-0.013944
-0.022447
-0.021356
-0.017772
-0.004402
-0.014061
-0.025364
-0.019082
-0.040406
-0.039331
-0.025305
-0.016728
-0.001352
-0.023684
-0.016685
-0.019079
-0.037933
-0.034836
-0.028352
-0.018270
-0.016876
-0.017459
-0.020320
-0.034565
-0.021439
-0.017930
-0.024260
-0.021205
-0.024027
0.006334
0.001699
0.000927
-0.004055
-0.027356
-0.031249
-0.012013
-0.023990
-0.010777
-0.029634
0.006221
-0.022330
-0.014099
-0.030237
-0.035465
-0.008110
-0.010545
-0.011939
-0.014870
-0.011201
-0.007417
-0.020511
-0.025461
-0.019231
-0.013207
-0.025334
-0.006529
-0.016806
-0.019932
-0.019620
-0.025064
-0.025683
-0.003940
-0.030511
-0.024960
-0.032471
-0.006255
-0.022172
-0.011897
-0.015832
-0.017462
0.000000
-0.016534
-0.015413
-0.020939
-0.015137
-0.020707
-0.002319
-0.008264
-0.016226
-0.028056
-0.019700
-0.005718
0.010315
-0.030713
-0.014754
-0.019931
-0.015178
-0.016145
-0.013983
-0.014681
-0.009579
0.005330
-0.008616
-0.023866
-0.033069
-0.011934
-0.005331
-0.016840
-0.008307
-0.021369
-0.013448
-0.009233
-0.003784
-0.009618
-0.015451
0.002317
-0.014179
0.002704
-0.020317
-0.005641
-0.006258
-0.010427
0.003476
-0.012325
-0.014719
0.000193
-0.008342
-0.026621
-0.013903
-0.006993
0.004558
-0.015299
-0.007765
-0.002086
-0.003089
-0.015604
-0.021908
-0.008728
-0.027043
-0.020585
-0.003904
0.014217
-0.009038
-0.003399
0.005408
-0.007378
-0.005951
-0.004364
0.008692
-0.025727
-0.001854
-0.004326
0.005601
-0.009543
0.013287
0.011206
-0.000772
-0.006529
0.002318
-0.007686
-0.009192
-0.005680
0.011395
0.000193
0.005676
0.000965
-0.012898
-0.015099
0.022287
-0.011471
-0.009620
-0.014910
-0.010120
-0.010468
-0.007491
-0.002626
-0.012403
0.006761
0.004442
-0.003593
0.000000
-0.007765
-0.007496
-0.002163
-0.002975
0.008497
-0.018545
-0.000927
0.008035
0.012590
-0.011743
0.005679
0.016491
-0.011355
0.004711
-0.013440
0.001197
-0.005832
0.001197
-0.002010
-0.006184
-0.008343
-0.022796
-0.017630
-0.003476
-0.001543
-0.010699
0.009423
-0.010816
-0.006529
0.001815
-0.000077
-0.005332
-0.004441
-0.008461
-0.001815
-0.008279
-0.005716
-0.002279
-0.015992
-0.016341
-0.010778
-0.020241
-0.020237
-0.015340
-0.004368
0.003438
-0.005484
-0.021920
0.003901
-0.004134
-0.026535
-0.014366
-0.012281
-0.011434
-0.018468
-0.011550
-0.022056
-0.032356
0.001545
-0.025882
-0.005756
-0.016302
-0.013516
-0.026112
-0.016107
-0.021177
-0.003130
-0.016961
0.006912
0.001854
-0.001313
-0.006641
-0.012288
-0.015372
-0.022171
-0.021891
-0.014142
-0.008496
-0.001043
-0.014135
-0.001275
-0.001661
-0.015870
-0.014871
-0.015725
-0.019202
-0.018735
0.004480
-0.025036
-0.030299
-0.034074
0.006991
-0.008730
-0.022327
-0.026499
-0.015994
-0.028893
-0.017763
-0.011360
-0.007647
-0.021282
-0.019817
-0.026226
-0.007262
-0.022629
-0.017807
-0.014877
-0.015373
-0.021286
-0.011628
-0.013286
-0.032806
-0.036894
-0.032750
-0.038482
-0.033590
-0.040990
-0.001005
-0.017234
-0.014484
-0.015259
-0.036239
-0.008188
-0.034738
-0.031098
-0.022902
-0.024147
-0.024041
-0.020708
-0.021630
-0.024889
-0.001197
-0.022678
-0.039253
-0.031568
-0.037157
-0.014636
-0.032988
-0.029665
-0.012283
-0.007534
-0.009075
-0.022679
-0.020166
-0.008341
-0.028239
-0.019121
-0.020277
-0.012440
-0.004828
-0.028198
-0.013213
-0.028196
-0.032649
-0.030132
-0.030682
-0.016416
-0.010038
-0.014910
-0.025916
-0.030940
-0.024458
-0.012904
-0.031909
-0.014213
-0.018731
-0.030402
-0.018932
-0.018235
-0.009346
-0.025258
0.001004
-0.000618
-0.022562
-0.016334
-0.009196
-0.005601
-0.018777
-0.019498
-0.022677
-0.010817
-0.003322
-0.008072
-0.019928
-0.014598
0.008460
-0.015875
-0.020411
-0.014100
-0.015415
-0.012512
-0.018384
-0.004132
-0.019666
-0.007185
-0.017190
-0.017536
-0.037324
-0.021778
-0.023599
-0.008728
-0.021474
-0.005098
-0.003903
-0.001970
-0.029400
0.000077
-0.008307
-0.008264
-0.010237
-0.004365
-0.028279
0.014056
-0.021824
-0.016998
0.000927
-0.018579
-0.011009
-0.002356
-0.007455
-0.012208
-0.014950
-0.011237
-0.006798
-0.018469
0.000927
-0.004481
-0.003167
-0.007064
-0.011741
-0.005446
-0.007609
-0.010428
-0.024956
-0.004520
0.007840
-0.004906
-0.005601
-0.009193
-0.017191
-0.005716
-0.009624
-0.005098
-0.016229
0.001507
-0.017149
0.013365
-0.007955
-0.000772
0.003631
0.011279
-0.012014
-0.011430
-0.014057
-0.030351
-0.004056
-0.015180
0.000000
-0.008961
-0.009619
-0.004558
-0.017385
-0.001545
-0.009154
0.001468
0.003670
-0.001738
-0.007610
0.002512
0.009617
-0.009771
-0.003283
-0.019342
0.008846
0.000039
-0.009886
-0.002782
-0.006682
-0.006877
-0.009577
-0.017804
-0.016143
-0.014332
-0.014411
-0.014909
0.005407
0.004173
-0.001893
-0.017385
-0.007186
-0.007532
0.008647
-0.005486
-0.020938
-0.022451
-0.014292
-0.007183
0.004559
0.009504
0.007298
0.000541
-0.011860
0.008808
0.002744
-0.005060
-0.005176
0.006605
0.011049
0.004441
0.000811
-0.000772
-0.008574
-0.021125
0.002511
0.005949
-0.003516
-0.027156
0.017923
-0.006110
-0.008421
-0.003360
-0.010120
-0.011009
-0.015604
0.004791
0.003824
-0.013292
-0.010970
-0.008844
-0.007409
-0.017841
-0.013943
-0.015487
-0.014562
-0.031606
-0.010664
-0.011165
-0.011203
-0.023211
0.003168
-0.005792
-0.008498
-0.012551
-0.024645
0.001622
-0.010779
-0.014562
-0.013675
-0.012827
-0.020591
-0.018042
-0.018316
-0.013590
-0.019351
-0.002318
-0.003977
-0.022903
-0.004830
-0.020314
-0.018734
-0.003321
-0.010275
-0.005562
-0.025182
-0.024569
-0.028254
0.002781
-0.001699
-0.016688
-0.003437
-0.004560
-0.009156
-0.019896
-0.016026
-0.018038
-0.018891
-0.007187
-0.023789
-0.026038
-0.022406
-0.014720
0.005332
-0.000464
-0.020201
-0.010815
-0.001429
0.003321
-0.012477
-0.017382
-0.024412
-0.047420
-0.005792
0.005525
-0.029717
0.001197
-0.028231
-0.014020
-0.010897
-0.027354
-0.029905
-0.026321
-0.015841
-0.007724
-0.021475
-0.024217
-0.027434
-0.029977
-0.018856
-0.029988
-0.007764
-0.021945
-0.010431
-0.031186
-0.029174
-0.027004
-0.017424
-0.020512
-0.031126
-0.019356
-0.034933
-0.033605
-0.020165
-0.030753
-0.025652
-0.033210
-0.007765
-0.010199
-0.007726
-0.006102
-0.034516
-0.015644
-0.026002
-0.021165
-0.008730
-0.025534
-0.012440
-0.004365
-0.015722
-0.037200
-0.018848
-0.033921
-0.035924
-0.035692
-0.011783
-0.029016
-0.018150
-0.029203
-0.015757
-0.021666
-0.021056
-0.005873
-0.017265
-0.029014
-0.026424
0.001738
0.003978
0.003631
-0.025656
-0.012322
-0.027691
-0.020973
-0.026578
-0.007804
-0.026950
-0.004017
-0.039402
0.000541
-0.029744
-0.020894
-0.020510
-0.022278
-0.016460
-0.025613
-0.015063
-0.012899
-0.012207
-0.013903
-0.015758
-0.011555
-0.026684
-0.030406
-0.020780
-0.011814
-0.018662
0.002781
-0.019309
-0.012825
0.004597
-0.015375
-0.009657
-0.003053
-0.001777
-0.025301
-0.011624
-0.022636
-0.018162
-0.019664
-0.030931
-0.030240
-0.016965
-0.015026
-0.029012
-0.025290
-0.009694
-0.009507
-0.000618
-0.017385
0.000000
-0.003708
-0.013052
-0.020545
0.003245
-0.015375
0.000425
-0.021523
-0.013092
-0.009658
-0.014180
-0.015756
-0.017843
-0.001777
-0.009963
-0.010542
-0.011318
-0.009426
-0.004018
-0.020119
-0.008999
-0.020934
0.000966
-0.011940
-0.017615
-0.027432
-0.034578
-0.000618
-0.039472
-0.010200
-0.015956
-0.024410
0.011741
-0.001004
-0.005254
0.002087
-0.014598
-0.006992
-0.010235
-0.014446
-0.010273
-0.019083
-0.012670
-0.002356
0.015797
0.003092
-0.031683
-0.005909
-0.004096
-0.005484
-0.012903
-0.004712
-0.006141
-0.006490
-0.008963
0.001082
-0.002549
0.009268
-0.012289
-0.016683
-0.002240
-0.009967
0.007376
-0.011047
-0.008769
0.003862
0.002627
0.003130
0.003555
-0.020779
-0.017773
0.001159
0.009347
-0.007609
-0.017652
0.001352
-0.002433
0.001043
0.013789
-0.007842
-0.020433
-0.024187
-0.021971
0.005873
-0.005061
0.000386
0.010428
0.019429
-0.001468
-0.005293
-0.016416
-0.003784
-0.001274
-0.008188
-0.008036
-0.005912
-0.009002
-0.009732
-0.011242
-0.010662
-0.019781
-0.011088
-0.006335
-0.008962
-0.020144
-0.007457
-0.022480
0.004520
-0.021817
0.006026
-0.024260
0.001622
-0.002009
-0.027661
-0.003244
0.001043
-0.001738
-0.004634
-0.006450
-0.004946
-0.016883
-0.013096
-0.006296
-0.007452
-0.037652
-0.008075
0.002394
-0.012939
0.010659
-0.013788
-0.014554
-0.016537
-0.005525
0.010083
-0.038831
-0.000502
0.006141
-0.017383
-0.000039
-0.020585
-0.013095
-0.025737
-0.001700
-0.030357
-0.035068
-0.034563
-0.019736
-0.018040
-0.017474
-0.015101
-0.017691
-0.028241
-0.005756
-0.005794
-0.011205
-0.016956
-0.024962
-0.006758
-0.005406
-0.004597
-0.010274
-0.011510
-0.026853
-0.029532
-0.025764
-0.014407
-0.015145
-0.034845
-0.008073
-0.019246
-0.028441
-0.014021
-0.016688
-0.017652
0.001082
-0.023486
-0.027473
-0.020247
-0.000966
-0.017190
-0.015954
-0.008074
-0.012133
-0.008420
-0.017071
-0.012127
-0.010313
-0.028437
-0.007225
-0.006103
-0.028158
-0.025956
-0.014293
-0.015916
-0.026299
-0.021321
-0.036573
-0.021057
-0.017578
-0.027814
-0.018857
-0.012668
-0.016414
-0.016144
-0.030601
0.000232
-0.025183
-0.026139
-0.026019
-0.038327
-0.022512
-0.036740
-0.015643
-0.028278
-0.013020
-0.008459
-0.032223
-0.028934
-0.022440
-0.017306
-0.018541
-0.023058
-0.029434
-0.019815
-0.005447
-0.016224
-0.016923
-0.026991
-0.020812
-0.035735
-0.030290
-0.028000
-0.029124
-0.020737
-0.009502
-0.012130
-0.018426
-0.018575
-0.021045
-0.011894
-0.034308
-0.020398
-0.007648
-0.035072
-0.034876
-0.014755
-0.033381
-0.014757
-0.018887
-0.009734
-0.001931
-0.020783
-0.013099
-0.014714
-0.025723
-0.027889
-0.018116
-0.021090
0.000077
-0.017888
-0.014021
-0.022330
0.000811
0.002975
-0.001043
-0.015874
-0.003554
-0.014567
-0.028742
-0.016764
-0.008264
-0.009231
-0.023374
-0.007995
-0.015256
-0.022598
-0.005717
-0.001738
-0.003053
-0.021008
-0.021250
-0.033563
-0.025961
-0.017850
0.002473
0.000116
-0.014641
-0.017767
-0.006335
-0.001352
-0.020592
-0.019781
-0.013131
-0.015105
-0.005176
0.001004
-0.008228
0.003052
-0.015949
-0.022932
-0.022213
-0.011628
-0.015456
-0.003013
-0.000657
-0.005949
-0.010389
-0.009388
-0.009812
-0.004366
-0.013948
-0.023343
0.004248
-0.018543
0.001545
0.000502
-0.005523
-0.021244
-0.013483
-0.011976
-0.012437
0.002047
0.002858
-0.003553
-0.009273
-0.015217
-0.023023
-0.023838
-0.001622
-0.023254
-0.001236
-0.001739
-0.008381
-0.000309
-0.027823
0.000464
-0.004945
-0.002627
-0.009388
-0.005254
-0.007726
-0.008692
-0.006491
-0.010432
-0.001198
-0.002666
-0.012127
0.006799
-0.000927
0.001081
-0.004055
-0.034878
-0.014329
-0.008964
-0.009037
-0.011048
-0.008578
-0.002666
0.008999
-0.012323
-0.013826
-0.009038
-0.006491
-0.011084
-0.012475
-0.011784
-0.005601
0.007652
0.000425
-0.007070
-0.001004
-0.013443
-0.000889
0.012130
-0.010661
-0.020786
-0.013364
-0.015531
0.010121
-0.017700
-0.009890
0.000734
-0.004019
-0.010198
-0.002860
-0.004947
0.005136
0.012050
-0.002781
-0.006915
0.001622
-0.011900
-0.014255
-0.000695
-0.004752
-0.012785
-0.011591
-0.011165
-0.013326
-0.011899
-0.005949
0.004404
-0.026265
-0.001854
0.001429
-0.010199
0.007187
-0.007030
-0.007069
-0.017267
-0.010738
-0.005021
-0.003207
-0.008922
-0.001120
-0.003786
0.002589
0.003785
0.002240
-0.001545
-0.010198
-0.005989
-0.001275
-0.029933
-0.004790
-0.007725
-0.005870
-0.008962
0.005100
-0.018037
-0.017228
-0.016617
-0.019396
-0.011663
-0.014218
-0.005949
-0.007379
-0.005675
-0.008421
-0.014171
-0.033724
-0.005870
-0.008924
-0.025768
-0.008032
-0.005021
-0.003979
-0.015873
-0.017305
-0.021091
-0.015837
-0.018432
-0.006143
-0.012170
-0.007416
-0.011858
0.004132
-0.003940
-0.013713
-0.015227
-0.013911
-0.008575
-0.006332
-0.013829
-0.004444
0.001815
-0.017228
0.005253
-0.004635
-0.015071
-0.005637
-0.005215
-0.024907
-0.024291
-0.025651
-0.020544
-0.022404
-0.010545
-0.013175
-0.000270
-0.012286
-0.018694
0.008925
-0.007108
-0.023292
-0.024918
-0.030211
-0.027113
-0.023747
-0.008883
-0.022511
-0.017230
-0.020516
-0.003747
-0.009042
-0.015412
-0.026879
-0.027775
-0.016452
-0.022983
-0.028125
-0.026542
-0.024721
-0.024212
0.002240
-0.015955
-0.014835
-0.023913
-0.020007
-0.032220
-0.027197
-0.005948
-0.034846
-0.011088
-0.015375
-0.021172
-0.030480
-0.030593
-0.007958
0.000618
-0.025725
-0.006296
-0.014985
-0.035315
-0.028311
-0.016301
-0.012287
-0.005755
-0.028198
-0.032404
-0.031709
-0.019891
-0.024404
-0.022755
-0.022990
-0.017850
-0.014022
-0.004250
-0.029207
-0.026422
-0.023869
-0.009196
-0.023420
-0.016888
-0.005255
-0.027426
-0.015296
-0.013676
-0.026143
-0.037583
-0.029519
-0.017574
-0.008034
-0.019464
-0.018840
-0.018085
-0.009966
-0.017619
-0.025270
-0.010660
-0.030145
-0.023063
-0.018850
-0.012825
-0.014214
-0.014155
-0.020746
-0.020241
-0.018157
-0.025179
-0.008808
-0.001661
-0.012286
-0.003747
-0.029325
-0.003747
-0.039005
-0.000193
-0.000386
-0.005755
-0.039795
-0.012590
-0.018117
-0.029952
0.001931
-0.024879
-0.031712
-0.026897
-0.022056
-0.013288
-0.006876
0.016765
0.015956
0.010506
-0.004171
-0.017039
-0.022257
-0.022594
-0.009505
-0.021589
-0.007918
-0.009888
-0.007649
-0.014679
0.004983
-0.029402
-0.031597
-0.032446
-0.021093
-0.036128
-0.002743
-0.021591
-0.001623
-0.015298
-0.013293
-0.016032
-0.017772
-0.034690
-0.018194
-0.007576
-0.018469
-0.033566
-0.001738
-0.015527
0.001275
-0.000193
-0.005293
-0.004984
0.008692
0.001932
-0.014560
-0.004289
-0.025995
-0.009386
-0.008849
-0.000811
-0.004095
-0.023218
-0.003708
-0.013326
-0.002201
0.001352
0.004018
0.002472
-0.016227
-0.024208
0.005446
-0.001932
-0.003901
-0.016645
-0.009925
-0.012788
-0.015102
-0.004944
-0.008575
-0.012487
-0.008845
-0.005060
0.005099
0.009967
0.004017
-0.002665
-0.002781
-0.000850
-0.004635
-0.008347
-0.007301
-0.009467
-0.005986
-0.005138
-0.007647
-0.006260
0.007145
-0.007070
0.010777
-0.004751
0.005678
-0.015449
-0.003013
0.000811
0.011319
0.004752
-0.009503
-0.014408
-0.013167
-0.019159
-0.007534
0.001507
0.001971
-0.011434
-0.024703
-0.005717
-0.011625
-0.003168
-0.010853
-0.012205
-0.007614
-0.006373
-0.007147
-0.014677
-0.004751
0.008070
-0.020938
-0.012708
-0.006644
0.005407
0.012590
-0.003322
-0.004906
0.001352
-0.010970
-0.014715
-0.013521
-0.018231
-0.024102
-0.011042
-0.004905
-0.012819
-0.005987
-0.017306
-0.014022
0.005022
-0.012053
-0.028859
-0.009580
-0.011898
-0.008847
-0.012825
-0.018155
-0.000309
0.009423
-0.000850
-0.019358
-0.011592
-0.002936
-0.024907
-0.009346
-0.007921
-0.020396
-0.019148
-0.017499
-0.005138
-0.010815
-0.004094
-0.017616
-0.021285
-0.003863
-0.007223
-0.016569
0.006414
-0.002859
-0.020561
-0.024508
-0.026038
-0.030134
-0.001352
-0.004591
-0.003014
-0.005563
-0.003091
-0.019970
-0.011354
-0.019083
-0.013055
-0.020009
-0.018581
-0.003593
-0.006952
-0.009694
-0.015183
-0.017153
-0.005332
-0.020356
-0.016185
-0.025154
-0.015989
-0.008578
-0.012599
0.001352
-0.003245
-0.014523
-0.006801
-0.016266
-0.004560
-0.035845
-0.005562
-0.015064
-0.013448
-0.014755
-0.014022
-0.022321
-0.000811
-0.019241
-0.020551
-0.008615
-0.022518
-0.030592
-0.005563
-0.019314
-0.017155
-0.026884
-0.035420
-0.033400
-0.030223
-0.015412
-0.018041
-0.039367
-0.029822
-0.018160
-0.030404
-0.006255
-0.038936
-0.028240
-0.029159
-0.014295
-0.020778
-0.018118
-0.018581
-0.016146
-0.029246
-0.017157
-0.003245
-0.017156
-0.010468
-0.025188
-0.018274
-0.029671
-0.035867
-0.037696
-0.029468
-0.032018
-0.028235
-0.006644
-0.005214
-0.015454
-0.008072
-0.014407
-0.010663
-0.016916
-0.029664
-0.027311
-0.015952
-0.022367
-0.002665
-0.009305
-0.019122
-0.029901
-0.030518
-0.011125
-0.019542
-0.030319
-0.017811
-0.037360
-0.026030
-0.026379
-0.039592
-0.022755
-0.017888
-0.011204
-0.015262
-0.020817
-0.035574
-0.008924
-0.029583
-0.023219
-0.023440
-0.021317
-0.017223
-0.011432
-0.004442
-0.025842
-0.020705
-0.011551
-0.015414
-0.005255
-0.010469
-0.021677
-0.015912
-0.011823
-0.007802
-0.004519
-0.022757
-0.033143
-0.015490
-0.014286
-0.012705
-0.007111
-0.020473
-0.013289
-0.023370
-0.027192
-0.008421
-0.003903
-0.006335
-0.011359
-0.020438
-0.007649
-0.016030
-0.022637
-0.009041
-0.018191
-0.009696
-0.005329
-0.011011
-0.005640
-0.025964
-0.006295
-0.002820
-0.000270
-0.007340
-0.023673
-0.013401
-0.005293
-0.020400
-0.005794
-0.019318
-0.004713
0.000618
0.001236
-0.007838
-0.020402
-0.016532
-0.013718
-0.007376
-0.006525
-0.011514
-0.018652
-0.000773
-0.028256
-0.011088
-0.020046
-0.019857
-0.019933
-0.013057
-0.011708
-0.010663
-0.008612
0.002008
0.000039
-0.006913
0.007419
-0.008229
-0.009653
-0.009813
0.006412
0.003863
-0.010894
-0.003709
-0.019583
-0.021405
-0.015343
-0.006491
-0.011671
0.006794
-0.007301
-0.017538
-0.020121
-0.020357
0.000000
0.006953
-0.017732
-0.010354
-0.007959
-0.000889
0.003709
0.005523
-0.010359
-0.005061
-0.003901
0.004984
-0.005294
-0.003747
-0.010469
-0.007763
-0.002780
-0.009112
-0.011355
-0.012402
-0.006993
-0.006640
-0.023642
-0.001313
-0.022677
0.003515
-0.018269
-0.004598
-0.011360
-0.010351
-0.013329
0.004481
-0.007533
-0.008421
-0.005215
-0.008959
0.011625
-0.026429
-0.004327
-0.015756
-0.024414
-0.013562
-0.009813
0.000927
-0.008037
-0.025453
0.005718
-0.025770
-0.000232
-0.021898
-0.011899
0.004133
0.002551
-0.000270
-0.005988
-0.016762
0.002086
-0.000579
