-0.010957
-0.027225
-0.033729
-0.031967
-0.027846
-0.022515
-0.028658
-0.044058
-0.041233
-0.006911
0.047561
0.095203
0.126043
0.140538
0.140222
0.134716
0.122819
0.106213
0.093596
0.091836
0.096522
0.100561
0.106438
0.111666
0.103689
0.078616
0.051809
0.033603
0.016769
0.007684
0.008920
0.012940
0.014884
0.014409
0.007172
-0.003006
-0.001289
0.021129
0.054904
0.085998
0.112911
0.128424
0.138264
0.157620
0.179533
0.185182
0.185133
0.197874
0.208325
0.214164
0.228745
0.253845
0.281158
0.303764
0.316910
0.314444
0.302801
0.303210
0.327238
0.368712
0.394342
0.389585
0.353393
0.289083
0.218121
0.162951
0.125971
0.098617
0.076388
0.059461
0.049045
0.035548
0.014647
-0.003842
-0.018136
-0.028495
-0.032715
-0.041551
-0.063219
-0.094468
-0.120199
-0.134010
-0.144645
-0.151474
-0.159070
-0.176648
-0.200439
-0.218836
-0.231030
-0.244425
-0.252452
-0.244963
-0.232121
-0.228956
-0.240309
-0.274852
-0.324267
-0.376556
-0.421041
-0.447256
-0.453825
-0.450348
-0.439949
-0.431157
-0.429485
-0.440603
-0.475756
-0.524631
-0.563125
-0.594661
-0.635720
-0.673934
-0.698569
-0.721800
-0.753682
-0.795468
-0.835478
-0.878597
-0.922106
-0.954570
-0.989799
-1.027611
-1.055621
-1.061927
-1.069540
-1.087324
-1.107949
-1.139832
-1.188199
-1.254089
-1.332852
-1.420076
-1.513030
-1.600239
-1.679225
-1.744775
-1.796527
-1.842906
-1.895410
-1.955535
-2.022139
-2.102554
-2.197296
-2.294278
-2.380238
-2.448472
-2.500653
-2.552014
-2.612868
-2.665866
-2.714168
-2.767823
-2.813451
-2.855902
-2.898806
-2.945977
-3.004561
-3.075993
-3.158340
-3.243807
-3.324902
-3.387700
-3.437722
-3.476696
-3.499743
-3.516427
-3.543867
-3.586880
-3.634206
-3.685397
-3.744457
-3.805175
-3.853752
-3.884204
-3.910836
-3.933102
-3.954931
-3.981471
-4.017237
-4.051748
-4.081298
-4.110318
-4.133717
-4.153255
-4.175450
-4.203876
-4.231919
-4.262814
-4.307004
-4.345801
-4.364707
-4.373436
-4.374766
-4.367209
-4.374827
-4.403796
-4.439495
-4.478600
-4.516601
-4.551876
-4.586751
-4.619434
-4.654541
-4.699992
-4.752002
-4.806637
-4.864215
-4.923736
-4.992512
-5.062411
-5.127994
-5.193215
-5.261453
-5.326889
-5.377962
-5.400819
-5.400992
-5.401402
-5.400510
-5.388036
-5.366893
-5.336397
-5.308093
-5.302305
-5.319073
-5.360320
-5.416710
-5.476952
-5.532801
-5.585391
-5.633700
-5.679836
-5.727226
-5.770716
-5.799697
-5.823020
-5.857234
-5.890411
-5.914017
-5.937062
-5.965236
-6.007880
-6.055711
-6.092196
-6.126498
-6.168675
-6.219296
-6.278217
-6.345860
-6.406495
-6.453318
-6.477779
-6.493586
-6.507821
-6.514946
-6.519388
-6.511581
-6.482455
-6.440524
-6.397419
-6.368074
-6.360123
-6.367851
-6.381604
-6.406236
-6.438835
-6.465793
-6.476807
-6.472954
-6.462338
-6.443736
-6.413665
-6.376883
-6.349297
-6.333004
-6.317505
-6.297693
-6.277832
-6.253752
-6.223072
-6.188742
-6.166245
-6.163540
-6.165667
-6.171037
-6.177773
-6.178542
-6.171994
-6.155563
-6.130919
-6.100434
-6.079428
-6.069723
-6.052609
-6.015914
-5.959570
-5.892795
-5.824080
-5.753789
-5.682308
-5.596766
-2.700246
-2.599039
-2.508718
-2.438502
-2.368258
-2.298534
-2.244169
-2.201608
-2.160191
-2.122061
-2.096681
-2.080194
-2.062932
-2.038912
-2.005354
-1.963952
-1.930282
-1.921893
-1.925808
-1.918423
-1.879189
-1.813282
-1.740016
-1.670519
-1.610742
-1.558397
-1.507387
-1.457335
-1.400591
-1.325430
-1.240307
-1.160821
-1.089975
-1.050983
-1.031903
-1.006109
-0.980129
-0.965059
-0.961224
-0.954488
-0.939773
-0.905723
-0.843729
-0.763748
-0.672194
-0.575540
-0.480563
-0.397136
-0.324061
-0.269890
-0.231353
-0.192877
-0.152426
-0.108517
-0.065019
-0.022230
0.027184
0.079991
0.139222
0.181218
0.204863
0.233703
0.267908
0.308518
0.359824
0.418892
0.476632
0.533795
0.596566
0.664313
0.721730
0.754909
0.775944
0.800778
0.840230
0.889262
0.935772
0.963342
0.960849
0.930094
0.876935
0.820132
0.781315
0.764182
0.768235
0.797529
0.839862
0.874656
0.901696
0.924584
0.959110
1.004666
1.040426
1.058466
1.065010
1.055251
1.037960
1.023806
1.002530
0.973853
0.953076
0.946351
0.947819
0.958041
0.980042
1.007709
1.027018
1.029717
1.021473
1.012678
1.006621
1.002878
1.002483
1.010926
1.033634
1.063805
1.080369
1.086129
1.092621
1.096046
1.090356
1.081664
1.070978
1.059667
1.057452
1.072401
1.090667
1.107628
1.127680
1.146080
1.151107
1.137263
1.106566
1.071941
1.027485
0.962375
0.884220
0.814376
0.771179
0.754599
0.751376
0.746674
0.735264
0.718894
0.695052
0.670975
0.654373
0.648733
0.652262
0.655669
0.639893
0.611973
0.587622
0.560204
0.532209
0.496374
0.440738
0.370861
0.306307
0.270954
0.259166
0.253910
0.252666
0.257095
0.264401
0.272197
0.284264
0.294683
0.291076
0.284247
0.290309
0.310834
0.342593
0.367711
0.379401
0.380503
0.381579
0.391139
0.402552
0.409275
0.406034
0.385464
0.339502
0.289905
0.261823
0.255347
0.261023
0.265073
0.260758
0.253051
0.252297
0.255799
0.259873
0.255787
0.242809
0.243472
0.275402
0.329553
0.393672
0.455054
0.496830
0.516383
0.520176
0.523846
0.527837
0.523992
0.516077
0.513626
0.513248
0.510929
0.533549
0.590393
0.658529
0.717338
0.749494
0.763447
0.779936
0.810030
0.852319
0.899132
0.945015
0.991768
1.036801
1.069772
1.092846
1.113383
1.119476
1.115374
1.120219
1.130310
1.144363
1.165832
1.200910
1.255739
1.329233
1.401499
1.457150
1.487521
1.497106
1.492371
1.478407
1.464150
1.473567
1.504576
1.529071
1.544771
1.554431
1.551826
1.533083
1.510497
1.514732
1.552366
1.608362
1.674013
1.745173
1.813907
1.868305
1.910306
1.947901
1.983255
2.029004
2.098370
2.188599
2.283838
2.368750
2.435591
2.487808
2.540050
2.583457
2.615678
2.632469
2.645483
2.675375
2.724725
2.784279
2.846791
2.914099
2.979105
3.023052
3.046330
3.056810
3.061460
3.073864
3.091967
3.109731
3.147774
3.215557
3.296020
3.375939
3.454548
3.537190
3.622875
3.704587
3.777527
3.848161
3.922915
4.002785
4.092061
-1.492956
4.252658
0.825058
0.829859
0.821908
0.811403
0.795869
0.765809
0.728979
0.704244
0.695984
0.681532
0.674465
0.696648
0.734523
0.771055
0.802216
0.823699
0.839223
0.857157
0.882902
0.914609
0.957550
1.006979
1.057592
1.109389
1.154522
1.179691
1.191257
1.205843
1.228612
1.257274
1.277858
1.282985
1.283079
1.271821
1.256399
1.247046
1.249745
1.259556
1.265400
1.270402
1.282046
1.285099
1.284440
1.297536
1.316064
1.331543
1.348464
1.358438
1.368495
1.382732
1.396807
1.389879
1.347398
1.286908
1.223362
1.177164
1.144243
1.107073
1.080146
1.064490
1.054607
1.047033
1.042137
1.034668
1.010237
0.976083
0.944595
0.916302
0.884238
0.849819
0.812869
0.777840
0.756861
0.725499
0.677626
0.624595
0.583313
0.564415
0.557023
0.541766
0.510130
0.473878
0.438431
0.391829
0.327977
0.274177
0.235299
0.207357
0.190608
0.177152
0.162617
0.149523
0.135059
0.108781
0.063986
0.004891
-0.064843
-0.132878
-0.182502
-0.216959
-0.248066
-0.283669
-0.324768
-0.379091
-0.437921
-0.495553
-0.561261
-0.622440
-0.664491
-0.692921
-0.719356
-0.743686
-0.759260
-0.764246
-0.770037
-0.785484
-0.824212
-0.885071
-0.948826
-1.005535
-1.054935
-1.100294
-1.134467
-1.160259
-1.185875
-1.201258
-1.209106
-1.230470
-1.276966
-1.345489
-1.425482
-1.505312
-1.585635
-1.675419
-1.775755
-1.885175
-1.993720
-2.092511
-2.176786
-2.234346
-2.271502
-2.311957
-2.364544
-2.424409
-2.485231
-2.540937
-2.602013
-2.679898
-2.773443
-2.874538
-2.970616
-3.053416
-3.133513
-3.214911
-3.289590
-3.345876
-3.393485
-3.452060
-3.528796
-3.615128
-3.696524
-3.763080
-3.832479
-3.905346
-3.970469
-4.026128
-4.077208
-4.133539
-4.196386
-4.260222
-4.320993
-4.375909
-4.423231
-4.465138
-4.501967
-4.541524
-4.592288
-4.642611
-4.691530
-4.739585
-4.798468
-4.865545
-4.927129
-4.989652
-5.063729
-5.147909
-5.231678
-5.308613
-5.384817
-5.457066
-5.516079
-5.569623
-5.614707
-5.666769
-5.731282
-5.795220
-5.857589
-5.920027
-5.976949
-6.021363
-6.047703
-6.071419
-6.121022
-6.196748
-6.279493
-6.352872
-6.412158
-6.451442
-6.474290
-6.489000
-6.500071
-6.506441
-6.514160
-6.533544
-6.568726
-6.618848
-6.675838
-6.724295
-6.755699
-6.776173
-6.797749
-6.831399
-6.880125
-6.931702
-6.982628
-7.037097
-7.101727
-7.172168
-7.227757
-7.260086
-7.270824
-7.275417
-7.294715
-7.319049
-7.341586
-7.373883
-7.414834
-7.457619
-7.499477
-7.532182
-7.561243
-7.599015
-7.649574
-7.708151
-7.762874
-7.804691
-7.834311
-7.865191
-7.896089
-7.929427
-7.969320
-8.017438
-8.067773
-8.106213
-8.127171
-8.133902
-8.127670
-8.117632
-8.109390
-8.098894
-8.092306
-8.089532
-8.085717
-8.088202
-8.100254
-8.123938
-8.155647
-8.172749
-8.170753
-8.144053
-8.094373
-8.039467
-8.000235
-7.973329
-7.949323
-7.924714
-7.898393
-7.879094
-7.852528
-7.817764
-7.779119
-7.733285
-7.680593
-7.641172
-7.621549
-7.619524
-7.637433
-7.673281
-7.702725
-7.707445
-7.695813
-7.685669
-7.677961
-7.674634
-7.675040
-7.682861
-7.705823
-7.735508
-12.048014
-7.736459
-3.850815
-3.774597
-3.694745
-3.624998
-3.575047
-3.535336
-3.484344
-3.421874
-3.351942
-3.271572
-3.181457
-3.086267
-2.980081
-2.874019
-2.785546
-2.723763
-2.672928
-2.617610
-2.555407
-2.484539
-2.410826
-2.345386
-2.292219
-2.235368
-2.161523
-2.092352
-2.043494
-1.994682
-1.932593
-1.863795
-1.787024
-1.708251
-1.636578
-1.567451
-1.500808
-1.441010
-1.389776
-1.347197
-1.310139
-1.264323
-1.199693
-1.119374
-1.033051
-0.948514
-0.867721
-0.794994
-0.736279
-0.683562
-0.628443
-0.571666
-0.517408
-0.460338
-0.397310
-0.332687
-0.266990
-0.195119
-0.125458
-0.065677
-0.008766
0.046746
0.100694
0.162319
0.219906
0.265664
0.311324
0.367772
0.439423
0.523052
0.609437
0.681116
0.734369
0.779925
0.827768
0.882291
0.941504
0.989719
1.005885
1.001006
1.001702
1.011427
1.030219
1.064507
1.111836
1.162680
1.204611
1.247297
1.292266
1.334413
1.366665
1.381779
1.385191
1.388257
1.404222
1.421651
1.440303
1.470809
1.509434
1.559335
1.605456
1.645005
1.696399
1.752071
1.804795
1.853215
1.890848
1.920474
1.961403
2.011114
2.051424
2.074213
2.077555
2.065403
2.047900
2.038643
2.038534
2.044955
2.060233
2.078531
2.100364
2.116521
2.127700
2.132277
2.126386
2.110141
2.084559
2.061027
2.048082
2.036234
2.022172
2.014184
2.004382
1.997122
1.988501
1.963677
1.921273
1.874565
1.834292
1.803865
1.777802
1.746709
1.724327
1.714832
1.710206
1.704738
1.697226
1.685259
1.669746
1.654334
1.642236
1.631421
1.615647
1.584971
1.528359
1.452878
1.382658
1.330355
1.285379
1.238562
1.187913
1.141167
1.100107
1.065274
1.029291
0.990373
0.957238
0.934987
0.929591
0.946392
0.968256
0.973565
0.968249
0.959166
0.944018
0.918572
0.894898
0.887902
0.890864
0.899042
0.911511
0.923250
0.934262
0.944590
0.941852
0.925797
0.902926
0.875396
0.842884
0.798718
0.755996
0.737960
0.747589
0.775103
0.806005
0.825421
0.838027
0.852921
0.865528
0.880372
0.895265
0.907869
0.922528
0.938712
0.948035
0.948990
0.945935
0.935668
0.925110
0.924219
0.953617
1.012731
1.077948
1.138183
1.196309
1.250597
1.296179
1.336540
1.363743
1.384065
1.404443
1.424246
1.452916
1.504427
1.572396
1.638520
1.693064
1.733094
1.752041
1.755200
1.749404
1.734095
1.720029
1.729912
1.773163
1.826011
1.875379
1.915923
1.946147
1.965247
1.976981
1.981447
1.983537
1.994789
2.015867
2.039927
2.069926
2.119753
2.179401
2.240058
2.296651
2.347412
2.386885
2.420824
2.465630
2.522171
2.588690
2.656612
2.716595
2.769784
2.827452
2.882721
2.942971
3.016940
3.103230
3.198405
3.291659
3.362319
3.415489
3.471980
3.547108
3.626612
3.711627
3.792399
3.855997
3.906108
3.960027
4.029819
4.107502
4.184735
4.264789
4.352896
4.443918
4.528969
4.610625
4.692870
4.772100
4.862133
4.952216
5.030013
5.101772
5.182789
5.267666
5.337140
5.384039
5.421146
5.460826
5.499643
5.541496
5.589591
-5.736545
5.709192
1.457086
1.469348
1.484699
1.515157
1.561806
1.615863
1.666980
1.706564
1.726466
1.738453
1.736186
1.709761
1.668073
1.639991
1.639078
1.657962
1.696979
1.734081
1.762203
1.791828
1.821119
1.851107
1.874689
1.884359
1.889697
1.902907
1.922527
1.932499
1.922394
1.912816
1.923352
1.941325
1.956376
1.969609
1.978712
1.980016
1.989524
2.009605
2.008936
1.984914
1.953871
1.911466
1.858016
1.804565
1.757435
1.720533
1.694289
1.676961
1.665488
1.654845
1.639274
1.627244
1.624339
1.623993
1.616075
1.603260
1.588319
1.592074
1.616095
1.630950
1.623772
1.603237
1.582354
1.557173
1.523995
1.489933
1.464093
1.452225
1.444479
1.446710
1.452433
1.451500
1.444280
1.414412
1.362826
1.302434
1.239149
1.183192
1.128138
1.066655
0.991973
0.908278
0.815253
0.726615
0.663147
0.615922
0.566890
0.524400
0.495727
0.475237
0.463594
0.450144
0.420620
0.364049
0.285247
0.209790
0.138088
0.071707
0.008204
-0.057230
-0.124075
-0.191517
-0.252705
-0.303184
-0.344957
-0.374190
-0.384478
-0.384497
-0.384839
-0.393697
-0.430548
-0.493263
-0.574550
-0.665896
-0.749597
-0.815901
-0.881799
-0.955874
-1.019244
-1.067131
-1.106687
-1.133884
-1.139774
-1.141923
-1.161666
-1.197838
-1.252664
-1.320828
-1.398901
-1.485369
-1.565228
-1.638487
-1.711597
-1.789199
-1.872714
-1.950908
-2.028007
-2.111312
-2.195082
-2.279195
-2.371319
-2.478451
-2.597328
-2.708121
-2.804955
-2.904420
-3.009669
-3.123414
-3.247438
-3.361402
-3.457472
-3.540802
-3.609799
-3.660527
-3.705494
-3.752009
-3.804306
-3.872600
-3.954424
-4.048440
-4.140293
-4.225910
-4.307786
-4.384598
-4.440754
-4.480769
-4.526621
-4.581218
-4.634824
-4.688369
-4.755066
-4.826702
-4.893359
-4.970191
-5.046126
-5.104751
-5.172934
-5.266473
-5.368979
-5.470197
-5.574767
-5.688296
-5.808804
-5.917159
-5.991665
-6.051236
-6.116730
-6.192330
-6.278860
-6.372367
-6.460735
-6.529763
-6.583578
-6.638705
-6.700632
-6.771070
-6.841211
-6.907026
-6.960913
-7.002442
-7.035420
-7.060859
-7.084558
-7.101902
-7.107107
-7.114575
-7.129628
-7.147057
-7.171556
-7.210918
-7.268173
-7.333873
-7.395528
-7.452101
-7.515272
-7.591682
-7.675254
-7.747824
-7.800351
-7.850831
-7.900860
-7.939305
-7.971062
-7.991121
-7.995431
-7.994593
-7.983671
-7.968789
-7.971817
-7.999188
-8.039701
-8.085943
-8.134845
-8.187832
-8.232433
-8.272841
-8.322924
-8.380004
-8.444219
-8.515537
-8.583838
-8.652343
-8.718468
-8.772307
-8.817366
-8.869801
-8.919356
-8.945171
-8.954001
-8.954759
-8.951460
-8.944501
-8.934906
-8.924387
-8.933293
-8.958925
-8.984261
-9.004375
-9.014389
-9.006072
-8.988149
-8.971655
-8.965528
-8.970535
-8.968567
-8.956174
-8.949301
-8.958381
-8.979270
-9.002041
-9.016683
-9.017980
-9.009256
-8.994819
-8.990459
-9.007586
-9.040824
-9.083754
-9.128687
-9.152707
-9.154785
-9.141965
-9.122663
-9.106590
-9.089303
-9.064566
-9.031427
-8.989692
-8.948595
-8.912129
-8.878928
-8.857302
-8.850442
-8.847799
-8.845615
-8.847428
-8.856806
-8.858377
-17.750351
-8.813952
-4.221370
-4.175287
-4.130003
-4.079309
-4.034745
-3.993236
-3.944498
-3.872817
-3.779830
-3.677173
-3.570692
-3.467299
-3.381088
-3.317246
-3.262698
-3.207413
-3.142211
-3.076303
-3.026085
-2.976064
-2.919188
-2.858042
-2.789856
-2.706326
-2.629945
-2.571213
-2.500522
-2.398394
-2.267004
-2.126607
-1.994528
-1.870925
-1.754628
-1.650081
-1.562971
-1.498064
-1.440045
-1.375943
-1.307307
-1.236852
-1.176681
-1.133526
-1.089008
-1.042964
-0.996101
-0.947948
-0.908173
-0.860444
-0.792730
-0.721443
-0.657059
-0.596088
-0.549187
-0.519733
-0.479924
-0.422469
-0.362817
-0.303470
-0.245759
-0.189399
-0.133176
-0.088276
-0.064599
-0.056262
-0.041049
0.003469
0.061309
0.131574
0.214298
0.285842
0.347052
0.396114
0.423714
0.448184
0.473763
0.489747
0.497115
0.506695
0.528119
0.559511
0.578202
0.581824
0.594458
0.620367
0.639562
0.651815
0.659742
0.665620
0.674756
0.693115
0.723292
0.761837
0.813431
0.867454
0.906768
0.937417
0.974550
1.013717
1.050434
1.078264
1.101730
1.121700
1.136133
1.149796
1.166705
1.192931
1.232556
1.288921
1.344780
1.380273
1.398302
1.400748
1.397746
1.393451
1.405757
1.433272
1.453657
1.461401
1.453523
1.438499
1.439640
1.465408
1.509335
1.564620
1.617913
1.657839
1.677327
1.687792
1.694470
1.693751
1.687615
1.680538
1.662075
1.632849
1.610973
1.615372
1.634017
1.645692
1.651264
1.658426
1.669733
1.676467
1.674466
1.666183
1.662427
1.670459
1.678254
1.679840
1.687091
1.697472
1.707744
1.716142
1.718582
1.718039
1.728121
1.752035
1.774033
1.786485
1.776634
1.734141
1.674057
1.621137
1.599748
1.604141
1.618234
1.634927
1.635463
1.607968
1.560952
1.513787
1.481191
1.465816
1.461859
1.452056
1.432725
1.414737
1.399384
1.385195
1.371068
1.377355
1.420528
1.494915
1.586177
1.664094
1.703749
1.716358
1.714961
1.711864
1.706354
1.714914
1.739320
1.766603
1.783627
1.774933
1.757355
1.753009
1.765547
1.789409
1.820462
1.859775
1.897970
1.921123
1.929623
1.935109
1.937734
1.945169
1.961668
1.979117
1.992378
1.996279
1.987691
1.984009
1.983925
1.975246
1.952558
1.932140
1.922962
1.924766
1.937581
1.954792
1.984530
2.025215
2.065084
2.095820
2.117379
2.131154
2.150162
2.183780
2.223136
2.250339
2.260729
2.271334
2.308540
2.355905
2.393073
2.418919
2.436791
2.452106
2.468669
2.488482
2.514779
2.560643
2.624235
2.681887
2.710562
2.717877
2.729067
2.748909
2.776911
2.806240
2.832767
2.863002
2.904855
2.957576
3.010754
3.069605
3.132507
3.201606
3.268831
3.329101
3.389293
3.448622
3.515035
3.586495
3.650397
3.712869
3.778818
3.831223
3.865612
3.896654
3.943524
4.001652
4.060659
4.124418
4.195673
4.263465
4.312468
4.346874
4.365708
4.367540
4.372183
4.409413
4.476507
4.556614
4.649051
4.745571
4.835580
4.918292
5.005590
5.083315
5.146621
5.208717
5.281393
5.361065
5.452752
5.566403
5.690668
5.807475
-10.730246
5.976670
1.422784
1.425090
1.435189
1.460052
1.496569
1.540030
1.574035
1.585047
1.599334
1.622750
1.638300
1.638080
1.623446
1.600993
1.577406
1.560892
1.548581
1.546817
1.564318
1.592664
1.623799
1.649937
1.665077
1.673537
1.681076
1.698205
1.713341
1.720253
1.734642
1.769374
1.809388
1.846468
1.895178
1.944185
1.985356
2.012805
2.028264
2.038414
2.048574
2.062499
2.076015
2.083744
2.073232
2.039725
2.000473
1.973429
1.957342
1.958515
1.971202
1.982031
1.994421
2.012836
2.032665
2.049225
2.059164
2.065562
2.069253
2.069553
2.071059
2.067274
2.049266
2.020854
1.982301
1.931041
1.872709
1.822035
1.794887
1.789807
1.784088
1.778201
1.780272
1.771087
1.742100
1.703096
1.662634
1.619754
1.575815
1.527811
1.462307
1.397187
1.338160
1.285707
1.241833
1.201546
1.154032
1.097110
1.034012
0.977975
0.932329
0.905572
0.906014
0.925239
0.949395
0.964538
0.962137
0.936622
0.888016
0.828016
0.772744
0.736411
0.714422
0.703328
0.705762
0.709100
0.701062
0.679289
0.643273
0.595017
0.555529
0.522282
0.472814
0.396272
0.322842
0.275170
0.237465
0.189701
0.131059
0.060110
-0.019839
-0.094525
-0.153107
-0.202987
-0.255662
-0.318983
-0.383167
-0.444563
-0.507081
-0.567140
-0.622615
-0.678406
-0.732584
-0.780673
-0.837506
-0.920638
-1.029888
-1.160484
-1.304581
-1.458192
-1.592147
-1.689373
-1.759016
-1.810989
-1.869622
-1.934382
-2.007567
-2.099864
-2.202940
-2.307041
-2.408479
-2.503931
-2.592424
-2.678155
-2.748065
-2.803494
-2.872555
-2.966948
-3.084846
-3.206041
-3.322222
-3.438587
-3.542636
-3.619353
-3.667998
-3.706095
-3.749392
-3.793259
-3.843546
-3.905329
-3.973920
-4.040504
-4.092137
-4.140433
-4.192784
-4.253777
-4.334124
-4.433653
-4.546560
-4.657177
-4.747686
-4.815787
-4.876649
-4.948354
-5.033644
-5.117976
-5.202768
-5.286333
-5.362309
-5.440725
-5.522725
-5.601134
-5.667300
-5.727515
-5.775523
-5.798676
-5.815153
-5.841242
-5.872288
-5.898824
-5.926110
-5.964099
-6.016410
-6.073560
-6.118975
-6.148144
-6.174461
-6.206991
-6.227892
-6.238002
-6.257066
-6.289004
-6.329747
-6.373647
-6.420509
-6.462343
-6.500368
-6.535568
-6.569804
-6.609921
-6.671195
-6.753892
-6.845754
-6.929949
-7.002520
-7.059870
-7.094772
-7.107679
-7.123357
-7.144408
-7.160577
-7.173743
-7.186486
-7.197132
-7.219593
-7.238745
-7.252455
-7.276919
-7.300117
-7.321633
-7.347016
-7.367713
-7.380808
-7.393021
-7.411627
-7.437075
-7.462818
-7.491881
-7.516383
-7.527495
-7.527120
-7.521564
-7.519934
-7.522535
-7.526756
-7.534506
-7.556895
-7.587237
-7.600562
-7.593205
-7.576406
-7.560560
-7.557579
-7.565536
-7.577221
-7.587114
-7.599137
-7.607987
-7.616094
-7.612554
-7.594518
-7.570978
-7.539978
-7.494467
-7.449268
-7.423538
-7.421454
-7.452647
-7.502919
-7.554992
-7.595905
-7.621428
-7.638975
-7.649946
-7.663307
-7.677463
-7.688365
-7.691758
-7.680354
-7.657729
-7.635622
-7.614141
-7.582176
-7.547670
-7.520256
-7.510732
-7.507136
-7.493995
-7.479638
-7.468157
-21.618673
-7.425688
-3.526666
-3.481524
-3.451525
-3.431904
-3.417119
-3.404108
-3.376492
-3.320978
-3.244369
-3.169361
-3.106002
-3.050305
-2.987189
-2.913682
-2.850087
-2.811878
-2.793924
-2.779221
-2.747545
-2.684797
-2.591941
-2.483169
-2.380990
-2.284890
-2.186406
-2.091616
-2.006407
-1.922203
-1.825563
-1.716533
-1.604579
-1.497478
-1.403756
-1.336937
-1.285437
-1.225161
-1.153387
-1.094318
-1.034843
-0.962537
-0.890319
-0.821105
-0.757479
-0.703393
-0.661875
-0.618630
-0.557737
-0.490095
-0.429621
-0.377470
-0.329812
-0.290759
-0.262683
-0.242766
-0.227841
-0.227288
-0.235418
-0.236534
-0.226194
-0.214221
-0.192432
-0.151969
-0.100814
-0.049479
-0.013369
0.017557
0.054018
0.089478
0.120095
0.146544
0.165076
0.173944
0.176084
0.177621
0.179571
0.191459
0.222809
0.257982
0.292238
0.322419
0.340932
0.359542
0.386481
0.422830
0.454950
0.467956
0.458166
0.450365
0.468071
0.501204
0.543111
0.595271
0.651910
0.699220
0.730672
0.748253
0.754673
0.762115
0.770014
0.767451
0.753817
0.739030
0.746345
0.786632
0.838418
0.885940
0.935795
0.998608
1.066588
1.122977
1.155970
1.146180
1.114255
1.105186
1.112174
1.131477
1.153555
1.167971
1.182352
1.189341
1.176819
1.145962
1.111564
1.092410
1.086975
1.081644
1.066976
1.037827
1.002451
0.963866
0.934283
0.918257
0.914866
0.911666
0.893590
0.860855
0.825418
0.795883
0.764917
0.732588
0.694304
0.642144
0.586816
0.533143
0.480642
0.426067
0.382921
0.365963
0.375126
0.406225
0.432122
0.441037
0.435107
0.416789
0.402091
0.391323
0.384096
0.392536
0.414042
0.422480
0.412215
0.384610
0.334660
0.265048
0.199483
0.147420
0.107769
0.074703
0.047657
0.027691
0.010880
0.006325
0.014834
0.018582
0.006570
0.000516
0.025165
0.083732
0.147177
0.195841
0.221358
0.222271
0.204386
0.185655
0.169975
0.164695
0.156538
0.150530
0.148146
0.138914
0.125317
0.108408
0.092561
0.075631
0.059880
0.053216
0.058612
0.073705
0.092642
0.113888
0.127026
0.118929
0.094731
0.072074
0.058294
0.066549
0.091686
0.119932
0.161402
0.211699
0.259842
0.309664
0.366620
0.414742
0.446916
0.463491
0.466352
0.461174
0.443031
0.407558
0.367470
0.338074
0.313927
0.286395
0.266086
0.264280
0.287414
0.324251
0.369837
0.427090
0.485464
0.529690
0.570365
0.612214
0.658162
0.700876
0.732532
0.759607
0.784677
0.805882
0.820898
0.840889
0.872294
0.909419
0.947305
0.984981
1.026853
1.065155
1.097507
1.121956
1.149006
1.185757
1.221896
1.242711
1.235312
1.222303
1.204885
1.184826
1.175215
1.169790
1.186180
1.236454
1.307143
1.390710
1.472663
1.543489
1.603996
1.652580
1.692331
1.722275
1.743979
1.771246
1.827097
1.914025
1.992661
2.048036
2.094993
2.141330
2.184614
2.226633
2.272205
2.321917
2.373070
2.430310
2.496785
2.578006
2.663318
2.732320
2.788858
2.839720
2.897507
2.961947
3.022864
3.087374
3.163501
3.251313
3.348453
3.434251
-16.988455
3.513044
0.622235
0.645958
0.662546
0.673906
0.689815
0.713628
0.755868
0.807363
0.840900
0.840154
0.806687
0.771005
0.753548
0.756144
0.784699
0.847117
0.927683
1.001017
1.048246
1.071359
1.086027
1.097207
1.104175
1.109296
1.112922
1.113335
1.109130
1.100485
1.082228
1.056021
1.032759
1.016853
0.998703
0.978033
0.951267
0.929914
0.912935
0.904811
0.898246
0.892116
0.897513
0.895495
0.883933
0.880783
0.891554
0.911335
0.932934
0.953056
0.962909
0.957668
0.946193
0.936336
0.908290
0.863860
0.831673
0.814906
0.819867
0.838767
0.850993
0.847843
0.836388
0.839136
0.834552
0.816812
0.812713
0.816291
0.822950
0.824670
0.813662
0.784783
0.751198
0.711590
0.647711
0.556109
0.453405
0.358753
0.279363
0.216207
0.165180
0.112537
0.063441
0.031390
0.013575
-0.001865
-0.029334
-0.062860
-0.087415
-0.097732
-0.099115
-0.100044
-0.115862
-0.159443
-0.227709
-0.302756
-0.369794
-0.439433
-0.506585
-0.563304
-0.621833
-0.681215
-0.734876
-0.783748
-0.816151
-0.839052
-0.874018
-0.923821
-0.967802
-1.000281
-1.029742
-1.053952
-1.072021
-1.084670
-1.097907
-1.115281
-1.133134
-1.162107
-1.198522
-1.226801
-1.258143
-1.307036
-1.365407
-1.422284
-1.481923
-1.547326
-1.626599
-1.716462
-1.801725
-1.882776
-1.959924
-2.024914
-2.076759
-2.120253
-2.169903
-2.215575
-2.255762
-2.305794
-2.369957
-2.455327
-2.554658
-2.663182
-2.769055
-2.865810
-2.948835
-3.008115
-3.060421
-3.125112
-3.200672
-3.276468
-3.346058
-3.412287
-3.484334
-3.560902
-3.624638
-3.671702
-3.711118
-3.756202
-3.811900
-3.884994
-3.977791
-4.081392
-4.188847
-4.290516
-4.371401
-4.426716
-4.466940
-4.503547
-4.543973
-4.585547
-4.638275
-4.705284
-4.767614
-4.831655
-4.914381
-5.003088
-5.093676
-5.180693
-5.255267
-5.312331
-5.343709
-5.362092
-5.380744
-5.402110
-5.435506
-5.489643
-5.556869
-5.627349
-5.682459
-5.719728
-5.749725
-5.782864
-5.809826
-5.813733
-5.795281
-5.773746
-5.757266
-5.749040
-5.764617
-5.803720
-5.847433
-5.882926
-5.917639
-5.950939
-5.979588
-6.012993
-6.046196
-6.065497
-6.067683
-6.068764
-6.085523
-6.130067
-6.201474
-6.282789
-6.345376
-6.372446
-6.377628
-6.383047
-6.391247
-6.393230
-6.398037
-6.418118
-6.449530
-6.485425
-6.515393
-6.526628
-6.522542
-6.505041
-6.486307
-6.487340
-6.514013
-6.554651
-6.597843
-6.631315
-6.643991
-6.638564
-6.626545
-6.616642
-6.611983
-6.608691
-6.608520
-6.623054
-6.639083
-6.652671
-6.659757
-6.650370
-6.629337
-6.616615
-6.621264
-6.636748
-6.656918
-6.668589
-6.659507
-6.633071
-6.602656
-6.582780
-6.585300
-6.613908
-6.648311
-6.681741
-6.707632
-6.714088
-6.706020
-6.686680
-6.676024
-6.674532
-6.668267
-6.653697
-6.635379
-6.617394
-6.601072
-6.588531
-6.578346
-6.571073
-6.561749
-6.545807
-6.531662
-6.513962
-6.487006
-6.453822
-6.420172
-6.413728
-6.440513
-6.478238
-6.511188
-6.535457
-6.551197
-6.555488
-6.538515
-6.511177
-6.493307
-6.487419
-6.487084
-6.489913
-6.497103
-6.508613
-6.518947
-6.512929
-6.486316
-6.452150
-26.109755
-6.369553
-2.988490
-2.913242
-2.830716
-2.764465
-2.720311
-2.692392
-2.656836
-2.612060
-2.569172
-2.519851
-2.459636
-2.396599
-2.333251
-2.268321
-2.195460
-2.103737
-2.000436
-1.902389
-1.811329
-1.731552
-1.671090
-1.619681
-1.566359
-1.515107
-1.470491
-1.431801
-1.398546
-1.369305
-1.337375
-1.289679
-1.241599
-1.198654
-1.146096
-1.086946
-1.017811
-0.940814
-0.866566
-0.806144
-0.761541
-0.721907
-0.677005
-0.627207
-0.571439
-0.508410
-0.436213
-0.352054
-0.258307
-0.161996
-0.075064
-0.001723
0.065466
0.112863
0.142521
0.171377
0.206439
0.247808
0.302444
0.360686
0.405566
0.434315
0.448204
0.455699
0.464287
0.481433
0.511545
0.553602
0.603047
0.650394
0.674910
0.683357
0.695529
0.704825
0.712993
0.732909
0.769336
0.811972
0.847383
0.868337
0.877299
0.879283
0.885659
0.902403
0.929545
0.963903
1.011519
1.074257
1.137525
1.188712
1.225774
1.256045
1.288874
1.323318
1.361267
1.412265
1.466567
1.525387
1.593179
1.656548
1.712251
1.766312
1.807636
1.824647
1.818046
1.797084
1.770744
1.751725
1.747893
1.766649
1.803589
1.840997
1.888068
1.949533
2.003082
2.031428
2.028919
2.000344
1.958500
1.924733
1.903963
1.891275
1.883063
1.887138
1.908957
1.938785
1.958758
1.957087
1.942130
1.922148
1.894502
1.858372
1.817762
1.776851
1.757029
1.762946
1.780821
1.795896
1.800622
1.787647
1.755364
1.726185
1.699165
1.674866
1.662552
1.656333
1.642210
1.611253
1.580536
1.575689
1.586119
1.603178
1.625979
1.633264
1.614148
1.583430
1.559446
1.555121
1.558576
1.547835
1.515579
1.473281
1.431763
1.393981
1.360678
1.334552
1.320500
1.326725
1.338626
1.337124
1.320854
1.304783
1.292860
1.282935
1.285685
1.292186
1.294667
1.298818
1.298262
1.276499
1.231562
1.181765
1.149339
1.135815
1.131454
1.131062
1.137777
1.149560
1.154543
1.156013
1.150082
1.131402
1.107911
1.090856
1.085361
1.089838
1.096328
1.098047
1.095409
1.085433
1.076818
1.087180
1.115444
1.156923
1.192047
1.219219
1.227973
1.227228
1.244040
1.281330
1.307506
1.313788
1.312042
1.297633
1.288740
1.289445
1.279768
1.254138
1.220122
1.192180
1.184207
1.216963
1.300637
1.421934
1.552530
1.661501
1.730959
1.760415
1.768381
1.766313
1.765574
1.776470
1.800669
1.831636
1.875499
1.917393
1.931255
1.911249
1.871557
1.818530
1.774263
1.749959
1.749056
1.768207
1.795332
1.822114
1.842535
1.842622
1.824181
1.809700
1.805646
1.795195
1.788335
1.796122
1.824320
1.878150
1.948771
2.025149
2.111386
2.209440
2.301154
2.379095
2.433545
2.466961
2.495370
2.532702
2.584062
2.632494
2.675731
2.717839
2.763186
2.820983
2.895777
2.985733
3.071910
3.131159
3.177470
3.230440
3.290328
3.344393
3.386850
3.419966
3.444195
3.468652
3.500269
3.535524
3.572731
3.615266
3.672171
3.752575
3.852778
3.958084
4.057532
4.149729
4.234407
4.308555
4.372240
4.427377
4.478096
4.529473
-21.329355
4.609914
0.439981
0.462785
0.497074
0.539351
0.585207
0.622170
0.644841
0.664250
0.695502
0.742833
0.790096
0.819278
0.825691
0.809330
0.781143
0.761662
0.762381
0.773421
0.771087
0.755525
0.736116
0.720707
0.710598
0.699764
0.688464
0.680321
0.676146
0.669332
0.660911
0.666442
0.674669
0.670395
0.659449
0.658045
0.682293
0.724715
0.767806
0.807805
0.838348
0.849763
0.841718
0.816275
0.771893
0.719103
0.675999
0.645133
0.625098
0.608049
0.586139
0.573053
0.570261
0.554302
0.523655
0.490179
0.460475
0.434970
0.406562
0.383218
0.383949
0.408250
0.430815
0.437141
0.435747
0.420802
0.392819
0.364800
0.333863
0.293815
0.246286
0.203689
0.172413
0.154093
0.139920
0.115038
0.086795
0.066214
0.047166
0.038434
0.046789
0.052757
0.036369
-0.008245
-0.080104
-0.153163
-0.202913
-0.225680
-0.227883
-0.217167
-0.210942
-0.218226
-0.240145
-0.273140
-0.314708
-0.364343
-0.408073
-0.435899
-0.451543
-0.464819
-0.484770
-0.505966
-0.530275
-0.562896
-0.608110
-0.662607
-0.712289
-0.751538
-0.772587
-0.772572
-0.766461
-0.762409
-0.766037
-0.774498
-0.801706
-0.843688
-0.885531
-0.925551
-0.963833
-1.000983
-1.043074
-1.080248
-1.111406
-1.148605
-1.187255
-1.228639
-1.286000
-1.346911
-1.401644
-1.453640
-1.510943
-1.587080
-1.686060
-1.800336
-1.910373
-2.002975
-2.094056
-2.195302
-2.295321
-2.392250
-2.475155
-2.553776
-2.643350
-2.742284
-2.837266
-2.920568
-2.993716
-3.058829
-3.117169
-3.179125
-3.246458
-3.301866
-3.343763
-3.377779
-3.415382
-3.463368
-3.526440
-3.612990
-3.725037
-3.851973
-3.982838
-4.110479
-4.214990
-4.281386
-4.319999
-4.342301
-4.357797
-4.373118
-4.393381
-4.432112
-4.495859
-4.571178
-4.647798
-4.710599
-4.751185
-4.782611
-4.825685
-4.891945
-4.966171
-5.035833
-5.109478
-5.186035
-5.271968
-5.369712
-5.471477
-5.582742
-5.698084
-5.801863
-5.883343
-5.942936
-5.992622
-6.053546
-6.120510
-6.190190
-6.266891
-6.347495
-6.428534
-6.504292
-6.566618
-6.607697
-6.642004
-6.685285
-6.732181
-6.777310
-6.813405
-6.837311
-6.861996
-6.894938
-6.930805
-6.961533
-6.980886
-7.000637
-7.043317
-7.105384
-7.169375
-7.225676
-7.267678
-7.302938
-7.338076
-7.379189
-7.435871
-7.496610
-7.541741
-7.566155
-7.577729
-7.592894
-7.613522
-7.638081
-7.673613
-7.714031
-7.755285
-7.793870
-7.821208
-7.838416
-7.847046
-7.862185
-7.885392
-7.901703
-7.902866
-7.893219
-7.892946
-7.910102
-7.932080
-7.958800
-7.986992
-8.016888
-8.044630
-8.057671
-8.050510
-8.032328
-8.023869
-8.034921
-8.060580
-8.088850
-8.109432
-8.122459
-8.137884
-8.150517
-8.168152
-8.194973
-8.227657
-8.267875
-8.314906
-8.361715
-8.399889
-8.426386
-8.441221
-8.439114
-8.417461
-8.386402
-8.346187
-8.302508
-8.268193
-8.248007
-8.229038
-8.198553
-8.166134
-8.139736
-8.130840
-8.150663
-8.192775
-8.238496
-8.278197
-8.299280
-8.301201
-8.303501
-8.321299
-8.357464
-8.393915
-8.406965
-8.406402
-8.407729
-8.411018
-8.409119
-8.393150
-8.359707
-8.322788
-8.294371
-8.273663
-8.251056
-32.673912
-8.172577
-3.382311
-3.316651
-3.254215
-3.193353
-3.138019
-3.090199
-3.045485
-2.998020
-2.958034
-2.920899
-2.887433
-2.849537
-2.806458
-2.761226
-2.713332
-2.666057
-2.622162
-2.570780
-2.508497
-2.443872
-2.379079
-2.316084
-2.242342
-2.171707
-2.113826
-2.065803
-2.036423
-2.021309
-2.006380
-1.976026
-1.928397
-1.884634
-1.839262
-1.796490
-1.756027
-1.718940
-1.689366
-1.649946
-1.588413
-1.508193
-1.421149
-1.344916
-1.276213
-1.203442
