0.001754
0.004748
0.011456
0.033180
0.053528
0.057363
0.048778
0.037485
0.032779
0.036137
0.040885
0.044365
0.040550
0.013139
-0.042465
-0.109806
-0.186173
-0.266295
-0.347694
-0.439147
-0.536829
-0.631503
-0.716657
-0.797995
-0.889910
-0.987461
-1.082395
-1.176928
-1.278496
-1.377989
-1.475971
-1.556923
-1.614452
-1.670869
-1.731209
-1.797279
-1.871350
-1.948722
-2.025350
-2.104290
-2.176593
-2.242782
-2.317337
-2.404176
-2.483017
-2.543406
-2.597621
-2.646877
-2.692866
-2.732729
-2.765390
-2.777292
-2.776883
-2.783088
-2.801700
-2.831179
-2.872206
-2.927521
-2.992475
-3.055032
-3.102978
-3.139006
-3.159362
-3.170224
-3.180115
-3.194534
-3.217396
-3.243509
-3.259691
-3.264768
-3.267535
-3.270481
-3.268552
-3.260122
-3.247153
-3.230990
-3.211761
-3.195086
-3.183717
-3.181152
-3.185481
-3.193166
-3.192677
-3.186970
-3.180106
-3.171356
-3.166422
-3.168222
-3.167665
-3.155048
-3.134371
-3.110566
-3.094222
-3.074675
-3.039403
-2.988682
-2.917006
-2.826634
-2.739525
-2.648201
-2.529808
-2.382895
-2.215125
-2.043580
-1.889016
-1.757356
-1.663054
-1.636314
-1.678171
-1.766207
-1.893476
-2.054832
-2.249377
-2.474376
-2.717676
-2.965788
-3.212696
-3.437900
-3.629110
-3.785238
-3.902183
-3.975426
-3.990144
-3.954176
-3.884367
-3.790659
-3.683193
-3.585204
-3.515335
-3.473219
-3.451838
-3.443427
-3.429912
-3.398484
-3.356701
-3.300578
-3.229852
-3.157311
-3.089736
-3.043703
-3.013855
-2.977012
-2.920028
-2.836974
-2.724042
-2.585043
-2.426907
-2.259418
-2.097166
-1.931100
-1.733586
-1.498199
-1.242171
-0.995565
-0.768279
-0.591245
-0.493037
-0.464347
-0.482017
-0.536276
-0.628356
-0.746631
-0.876313
-1.004792
-1.129513
-1.260123
-1.393598
-1.520095
-1.620126
-1.665483
-1.643181
-1.560989
-1.456732
-1.358192
-1.280977
-1.234809
-1.207172
-1.206392
-1.239479
-1.288486
-1.341719
-1.402808
-1.458320
-1.494233
-1.510343
-1.508834
-1.503298
-1.495996
-1.478272
-1.451459
-1.427838
-1.409446
-1.405115
-1.415492
-1.415130
-1.399428
-1.387668
-1.386134
-1.398013
-1.421476
-1.442294
-1.461000
-1.484331
-1.510382
-1.535682
-1.561300
-1.591310
-1.616979
-1.623903
-1.616223
-1.607599
-1.617198
-1.651928
-1.697268
-1.737635
-1.773743
-1.800217
-1.814075
-1.821915
-1.825638
-1.817959
-1.795490
-1.767069
-1.739807
-1.721395
-1.711107
-1.701497
-1.692607
-1.690166
-1.697266
-1.705178
-1.713703
-1.731585
-1.757066
-1.779252
-1.789599
-1.790532
-1.790347
-1.789855
-1.796776
-1.812753
-1.827338
-1.836633
-1.848737
-1.858609
-1.862138
-1.844810
-1.789248
-1.694802
-1.584258
-1.484803
-1.429717
-1.444845
-1.524199
-1.651353
-1.810000
-1.981135
-2.158899
-2.341397
-2.521607
-2.707223
-2.908902
-3.124330
-3.358807
-3.593459
-3.796969
-3.971981
-4.118330
-4.236542
-4.346649
-4.470616
-4.600082
-4.735301
-4.865201
-4.980382
-5.095603
-5.197360
-5.265540
-5.295554
-5.281429
-5.205448
-5.075329
-4.915323
-4.744094
-4.591462
-4.476484
-4.413686
-4.402750
-4.436870
-4.491926
-4.537516
-4.567197
-4.590383
-4.597734
-4.591006
-4.570532
-4.528228
-4.468502
-4.405900
-4.339740
-4.248770
-1.818130
-1.726394
-1.671404
-1.646125
-1.633257
-1.639382
-1.661163
-1.689727
-1.721559
-1.758805
-1.805733
-1.860140
-1.909013
-1.943902
-1.971193
-1.997144
-2.035082
-2.097683
-2.165765
-2.223422
-2.267175
-2.297997
-2.319920
-2.334105
-2.336505
-2.330223
-2.319153
-2.308124
-2.296366
-2.269495
-2.233625
-2.193010
-2.146425
-2.101572
-2.059472
-2.031212
-2.028042
-2.051631
-2.093192
-2.153986
-2.222430
-2.278265
-2.312075
-2.324967
-2.327035
-2.343976
-2.371592
-2.394032
-2.407718
-2.414309
-2.415180
-2.406516
-2.385603
-2.350971
-2.311664
-2.269692
-2.240632
-2.224866
-2.213871
-2.205482
-2.188706
-2.162266
-2.138063
-2.115845
-2.095766
-2.080345
-2.063437
-2.035108
-1.997510
-1.947613
-1.889778
-1.837995
-1.809632
-1.810025
-1.823405
-1.843767
-1.860791
-1.869625
-1.866113
-1.838879
-1.785624
-1.722368
-1.662545
-1.612830
-1.581000
-1.575982
-1.593844
-1.619106
-1.626873
-1.612361
-1.591123
-1.562627
-1.515263
-1.446095
-1.364772
-1.284355
-1.204383
-1.109927
-1.002006
-0.897113
-0.813368
-0.768337
-0.765971
-0.804664
-0.875772
-0.966628
-1.079079
-1.221105
-1.395122
-1.587171
-1.776547
-1.956647
-2.117944
-2.244930
-2.325162
-2.373333
-2.414933
-2.447701
-2.459057
-2.457589
-2.436172
-2.381890
-2.302815
-2.213475
-2.111819
-1.993326
-1.861884
-1.731745
-1.615341
-1.517490
-1.445015
-1.397606
-1.356714
-1.298159
-1.215775
-1.127506
-1.032192
-0.934619
-0.842747
-0.749144
-0.653965
-0.538416
-0.380774
-0.179916
0.045400
0.284277
0.533740
0.798531
1.077202
1.347894
1.604931
1.855120
2.084943
2.268905
2.399121
2.469527
2.479837
2.445886
2.391443
2.334906
2.276652
2.197046
2.106945
2.018751
1.936724
1.872774
1.841567
1.839145
1.859872
1.907002
1.974337
2.050207
2.130808
2.200525
2.260864
2.313159
2.348045
2.365588
2.377629
2.405294
2.455111
2.517732
2.593576
2.677706
2.755242
2.817203
2.862869
2.901455
2.940183
2.983474
3.020115
3.037126
3.048767
3.068600
3.091922
3.112241
3.131124
3.153357
3.165762
3.160122
3.140287
3.112745
3.093986
3.093218
3.109740
3.140670
3.178564
3.222096
3.270779
3.321585
3.372600
3.417485
3.455918
3.493860
3.518638
3.531470
3.546796
3.567141
3.580107
3.571951
3.536254
3.481283
3.426181
3.393536
3.397454
3.412421
3.412878
3.399261
3.380915
3.371667
3.373965
3.387642
3.410072
3.434382
3.460096
3.493752
3.528102
3.567605
3.609527
3.643145
3.673023
3.709759
3.759355
3.819679
3.885294
3.954284
4.027762
4.105874
4.184435
4.260482
4.324890
4.357911
4.354919
4.328260
4.272793
4.170787
4.032200
3.886463
3.745170
3.603827
3.462645
3.321890
3.176852
3.039725
2.921179
2.825520
2.747503
2.666009
2.573041
2.472929
2.368176
2.254822
2.143268
2.045246
1.984895
1.982234
2.035118
2.133430
2.269318
2.448843
2.652287
2.841797
2.986461
3.071278
3.108552
3.110262
3.094695
3.071810
3.062094
3.088578
3.154350
3.247435
3.347369
3.429069
3.473650
3.488682
3.480462
3.441846
-0.957680
3.305954
0.291531
0.234503
0.193570
0.158027
0.125933
0.092619
0.044160
-0.030127
-0.113730
-0.191357
-0.267220
-0.342637
-0.409340
-0.474827
-0.552670
-0.626921
-0.686197
-0.738174
-0.796985
-0.862239
-0.933462
-1.027108
-1.130075
-1.225438
-1.317034
-1.415576
-1.528425
-1.663342
-1.812843
-1.969153
-2.131040
-2.297930
-2.466386
-2.622046
-2.768795
-2.919956
-3.077225
-3.242846
-3.409493
-3.570314
-3.724070
-3.876358
-4.016611
-4.121597
-4.184971
-4.217677
-4.230557
-4.228303
-4.228157
-4.235078
-4.245699
-4.274021
-4.330823
-4.411380
-4.495066
-4.569084
-4.632718
-4.671879
-4.680744
-4.676286
-4.682337
-4.710545
-4.748490
-4.781854
-4.812834
-4.846180
-4.883279
-4.926735
-4.989134
-5.059871
-5.116873
-5.170115
-5.212521
-5.238763
-5.265163
-5.298040
-5.326263
-5.354666
-5.376253
-5.387928
-5.405602
-5.434703
-5.477486
-5.538657
-5.608133
-5.669799
-5.730268
-5.789483
-5.831072
-5.858241
-5.887408
-5.924293
-5.958902
-5.962696
-5.918287
-5.829037
-5.705292
-5.568404
-5.412611
-5.238622
-5.068096
-4.914498
-4.762370
-4.606184
-4.451182
-4.294462
-4.144570
-3.996735
-3.838241
-3.671021
-3.497494
-3.305324
-3.086931
-2.867671
-2.661664
-2.483078
-2.340669
-2.248999
-2.224066
-2.275229
-2.395162
-2.583945
-2.836083
-3.131076
-3.433853
-3.716167
-3.946454
-4.112472
-4.211349
-4.243468
-4.227351
-4.189769
-4.140688
-4.078410
-4.019041
-3.966400
-3.915080
-3.867389
-3.818836
-3.765454
-3.707433
-3.638223
-3.558011
-3.471416
-3.373052
-3.260544
-3.129451
-2.984877
-2.839650
-2.693822
-2.538743
-2.369738
-2.204812
-2.044336
-1.877689
-1.713418
-1.550964
-1.380441
-1.196885
-1.015700
-0.858778
-0.743427
-0.689387
-0.702147
-0.762067
-0.856090
-0.962492
-1.063685
-1.162849
-1.257930
-1.340169
-1.406237
-1.460133
-1.495044
-1.502876
-1.494251
-1.485212
-1.473848
-1.468910
-1.479126
-1.486446
-1.483548
-1.469238
-1.451359
-1.446332
-1.456634
-1.473882
-1.489710
-1.516389
-1.547303
-1.571615
-1.590294
-1.615175
-1.652263
-1.702633
-1.760624
-1.813146
-1.837645
-1.835105
-1.822340
-1.810709
-1.819079
-1.845246
-1.880336
-1.931148
-1.983567
-2.030938
-2.082196
-2.124860
-2.147120
-2.164307
-2.185967
-2.215797
-2.258642
-2.313105
-2.369383
-2.412873
-2.438696
-2.465105
-2.507209
-2.548894
-2.573889
-2.597974
-2.627775
-2.662633
-2.696148
-2.729601
-2.777629
-2.847476
-2.927203
-2.992446
-3.035050
-3.062249
-3.078336
-3.087166
-3.090954
-3.082872
-3.070701
-3.060207
-3.062903
-3.073430
-3.068737
-3.037947
-2.984802
-2.916672
-2.832587
-2.746194
-2.670129
-2.601572
-2.541692
-2.502161
-2.498336
-2.545347
-2.639799
-2.765887
-2.908731
-3.062178
-3.223091
-3.400082
-3.583296
-3.763196
-3.938018
-4.103895
-4.254437
-4.399323
-4.528759
-4.639519
-4.739187
-4.845649
-4.967175
-5.098485
-5.236032
-5.379410
-5.513892
-5.625129
-5.682390
-5.658035
-5.553926
-5.401743
-5.237855
-5.074561
-4.940154
-4.849770
-4.806649
-4.807662
-4.853745
-4.926006
-4.996723
-5.049708
-5.068072
-5.048026
-5.004092
-4.953001
-4.911809
-4.891293
-4.901000
-4.951284
-5.040803
-8.428720
-5.235025
-1.502627
-1.535719
-1.559418
-1.576375
-1.580863
-1.569067
-1.559999
-1.561798
-1.569408
-1.590435
-1.625324
-1.678411
-1.745518
-1.801694
-1.857777
-1.912830
-1.962501
-2.018992
-2.086325
-2.157685
-2.229881
-2.317711
-2.423870
-2.524563
-2.602343
-2.649767
-2.680928
-2.723093
-2.790571
-2.879509
-2.987481
-3.117985
-3.268013
-3.428539
-3.608153
-3.797289
-3.980137
-4.149619
-4.301950
-4.433811
-4.547605
-4.631572
-4.672157
-4.670410
-4.634972
-4.566659
-4.482298
-4.393817
-4.308207
-4.237078
-4.179105
-4.145610
-4.146106
-4.169411
-4.196543
-4.204813
-4.194286
-4.163006
-4.118434
-4.072862
-4.025893
-3.973105
-3.921065
-3.877206
-3.845148
-3.823165
-3.807824
-3.797112
-3.790641
-3.793492
-3.804807
-3.808208
-3.811132
-3.822711
-3.824149
-3.810299
-3.789640
-3.770437
-3.754406
-3.738888
-3.730763
-3.736035
-3.755545
-3.789363
-3.821077
-3.848190
-3.866692
-3.878123
-3.895347
-3.910820
-3.919563
-3.937483
-3.958086
-3.963786
-3.939447
-3.874666
-3.770422
-3.635963
-3.483065
-3.316282
-3.127284
-2.919967
-2.703963
-2.487690
-2.271400
-2.051088
-1.821909
-1.582280
-1.320155
-1.028506
-0.720478
-0.414591
-0.110932
0.196069
0.485868
0.744875
0.970676
1.141797
1.222729
1.201811
1.092610
0.910842
0.681793
0.431944
0.178649
-0.063830
-0.282207
-0.460076
-0.579850
-0.626248
-0.595901
-0.509999
-0.388958
-0.249349
-0.108966
0.019552
0.127839
0.216208
0.293647
0.373737
0.462850
0.553402
0.641889
0.741457
0.862638
0.999799
1.155607
1.339194
1.551863
1.783542
2.023608
2.269114
2.521251
2.772962
3.004808
3.219430
3.427207
3.633918
3.839340
4.029411
4.186339
4.310416
4.403768
4.450076
4.435800
4.367311
4.266047
4.160392
4.082735
4.038428
4.028796
4.048203
4.093459
4.155490
4.219856
4.271862
4.311506
4.330930
4.327266
4.310169
4.282233
4.259230
4.250588
4.247409
4.249439
4.245718
4.222742
4.202450
4.205827
4.217575
4.227195
4.248911
4.291338
4.343353
4.388296
4.423599
4.441795
4.450466
4.462517
4.477654
4.495985
4.520746
4.550837
4.571952
4.592306
4.619036
4.654720
4.703573
4.764673
4.821791
4.851211
4.864175
4.871418
4.882403
4.912637
4.966942
5.032185
5.100005
5.150187
5.177284
5.194183
5.209544
5.225635
5.237988
5.234469
5.230051
5.234048
5.234957
5.230309
5.232039
5.235345
5.249135
5.280135
5.314357
5.346266
5.374697
5.393232
5.395550
5.387516
5.374456
5.375201
5.419811
5.520480
5.664029
5.822500
5.970784
6.106183
6.235979
6.360831
6.458064
6.513322
6.514540
6.449905
6.339284
6.199820
6.053542
5.919998
5.798947
5.672566
5.536560
5.400965
5.269484
5.132537
5.006932
4.903022
4.801660
4.707561
4.625069
4.547929
4.480350
4.423482
4.364414
4.311373
4.287854
4.314676
4.384734
4.478289
4.582749
4.693668
4.809094
4.911760
4.984040
5.026730
5.040884
5.040791
5.040716
5.030517
5.014426
5.007976
5.018006
5.044304
5.083573
5.127707
5.169927
5.184908
5.161733
5.125388
5.092412
-2.760349
5.003904
0.589272
0.548120
0.502763
0.451109
0.386341
0.294696
0.179304
0.054313
-0.061180
-0.159480
-0.240337
-0.296668
-0.348455
-0.411304
-0.498966
-0.612895
-0.751626
-0.906408
-1.073611
-1.261539
-1.468973
-1.673924
-1.867898
-2.060095
-2.261436
-2.475039
-2.699280
-2.932228
-3.164472
-3.374624
-3.548747
-3.697973
-3.814898
-3.880608
-3.890149
-3.864608
-3.824277
-3.783455
-3.761172
-3.753087
-3.737336
-3.716775
-3.707894
-3.702923
-3.691664
-3.679869
-3.658997
-3.616425
-3.554770
-3.497935
-3.474690
-3.489151
-3.502980
-3.492817
-3.470662
-3.455644
-3.450216
-3.449545
-3.452761
-3.456545
-3.461273
-3.472495
-3.497693
-3.537862
-3.577395
-3.599188
-3.607162
-3.614737
-3.626842
-3.636239
-3.642046
-3.656232
-3.702801
-3.775415
-3.841294
-3.880741
-3.893503
-3.883598
-3.872670
-3.873934
-3.893559
-3.933086
-3.972184
-4.015608
-4.059385
-4.092345
-4.105600
-4.107784
-4.124729
-4.170941
-4.247498
-4.340269
-4.416384
-4.458241
-4.478142
-4.486109
-4.473483
-4.438965
-4.398895
-4.350317
-4.270490
-4.158473
-4.018162
-3.850052
-3.657438
-3.449327
-3.221432
-2.979449
-2.723395
-2.443090
-2.140251
-1.819948
-1.503322
-1.205747
-0.927502
-0.669476
-0.435989
-0.241484
-0.117351
-0.085765
-0.153318
-0.311894
-0.551904
-0.852954
-1.182625
-1.513656
-1.834938
-2.129001
-2.373106
-2.561166
-2.692502
-2.760575
-2.764944
-2.711295
-2.616355
-2.496053
-2.366076
-2.256219
-2.183975
-2.146324
-2.137722
-2.149553
-2.168848
-2.179170
-2.169857
-2.137021
-2.087996
-2.025292
-1.945530
-1.848246
-1.735520
-1.608616
-1.470926
-1.328846
-1.186645
-1.064126
-0.946035
-0.821002
-0.696459
-0.570988
-0.459747
-0.383187
-0.351848
-0.365827
-0.414316
-0.490921
-0.589386
-0.689826
-0.778493
-0.868168
-0.970665
-1.068889
-1.119923
-1.116208
-1.081509
-1.035809
-0.999711
-0.984936
-0.994477
-1.025179
-1.069973
-1.121109
-1.162171
-1.177575
-1.162344
-1.133381
-1.105371
-1.085784
-1.073935
-1.070613
-1.076483
-1.079846
-1.080077
-1.079548
-1.077990
-1.071836
-1.074661
-1.092395
-1.106775
-1.118241
-1.129791
-1.136147
-1.134655
-1.135207
-1.142212
-1.147042
-1.147679
-1.148522
-1.169954
-1.218865
-1.270169
-1.308916
-1.332251
-1.340898
-1.342930
-1.342690
-1.338493
-1.338008
-1.354758
-1.386667
-1.422357
-1.453944
-1.477243
-1.489728
-1.483908
-1.471581
-1.467823
-1.468964
-1.475096
-1.494464
-1.533952
-1.585243
-1.643562
-1.700716
-1.752599
-1.807170
-1.847319
-1.873357
-1.893879
-1.913755
-1.923956
-1.922554
-1.915770
-1.903455
-1.887468
-1.869333
-1.841469
-1.811651
-1.801411
-1.812058
-1.833179
-1.875677
-1.961243
-2.094987
-2.249261
-2.416468
-2.599469
-2.785947
-2.963651
-3.136396
-3.301834
-3.466208
-3.650378
-3.845483
-4.040273
-4.224086
-4.393170
-4.553839
-4.712622
-4.879320
-5.034191
-5.154832
-5.239777
-5.290311
-5.302413
-5.274162
-5.203198
-5.089390
-4.942580
-4.785100
-4.641629
-4.522557
-4.452599
-4.444801
-4.483696
-4.549004
-4.627769
-4.699186
-4.746175
-4.760840
-4.743889
-4.708590
-4.668018
-4.638986
-4.655695
-4.730590
-4.842924
-4.967920
-11.014185
-5.164948
-1.594656
-1.636222
-1.658397
-1.668529
-1.687619
-1.713920
-1.740257
-1.771018
-1.806965
-1.846454
-1.883747
-1.915953
-1.944781
-1.972526
-2.006359
-2.060369
-2.141649
-2.234531
-2.339605
-2.450913
-2.565117
-2.689916
-2.823835
-2.952761
-3.062195
-3.154519
-3.251370
-3.366417
-3.494446
-3.651518
-3.833657
-4.007019
-4.161378
-4.314386
-4.463428
-4.594275
-4.702641
-4.767235
-4.786716
-4.774714
-4.732639
-4.657326
-4.570985
-4.496562
-4.442070
-4.407011
-4.395541
-4.396392
-4.394920
-4.392672
-4.385289
-4.374172
-4.362149
-4.350434
-4.347695
-4.353345
-4.358407
-4.352849
-4.331295
-4.299948
-4.264132
-4.222168
-4.180402
-4.156817
-4.167542
-4.205137
-4.236294
-4.244823
-4.232292
-4.211688
-4.202752
-4.214874
-4.227077
-4.216184
-4.185942
-4.145947
-4.103712
-4.068717
-4.047591
-4.030927
-4.023986
-4.021824
-4.010928
-3.993034
-3.974577
-3.967411
-3.968161
-3.959794
-3.942611
-3.921048
-3.892347
-3.850918
-3.801180
-3.742649
-3.662466
-3.544694
-3.392869
-3.227638
-3.063848
-2.902491
-2.735712
-2.558872
-2.356813
-2.123788
-1.870553
-1.613146
-1.354543
-1.084299
-0.796389
-0.499619
-0.215127
0.071160
0.368637
0.658285
0.920541
1.129260
1.245134
1.254108
1.167456
1.015308
0.828423
0.604216
0.333333
0.032414
-0.248733
-0.474874
-0.644243
-0.757531
-0.815129
-0.817266
-0.781553
-0.728667
-0.656512
-0.572695
-0.475589
-0.367799
-0.277678
-0.215869
-0.149436
-0.046587
0.097046
0.264328
0.424848
0.568238
0.710785
0.864491
1.035712
1.224378
1.427582
1.636528
1.852305
2.062209
2.256284
2.443635
2.638559
2.838829
3.047956
3.259428
3.456405
3.619082
3.720013
3.750521
3.722963
3.654462
3.568295
3.481810
3.413192
3.379692
3.387409
3.427024
3.476696
3.530661
3.593221
3.664087
3.727701
3.763802
3.782753
3.799856
3.809911
3.798982
3.765027
3.714680
3.654576
3.604825
3.582843
3.591871
3.637674
3.701220
3.757659
3.783665
3.788992
3.786681
3.774247
3.753882
3.743959
3.760066
3.794047
3.833090
3.871283
3.911851
3.964728
4.014533
4.037509
4.032434
4.002471
3.962710
3.938761
3.926031
3.921622
3.933183
3.957795
3.990270
4.019153
4.050274
4.088844
4.136260
4.188028
4.238180
4.278344
4.323800
4.373859
4.402304
4.407765
4.403114
4.400525
4.405792
4.415777
4.440667
4.481042
4.526453
4.569970
4.611448
4.648599
4.664652
4.664122
4.660199
4.649502
4.628554
4.603207
4.574634
4.547668
4.532045
4.537809
4.552914
4.560037
4.573928
4.588649
4.598836
4.610693
4.615431
4.597048
4.550290
4.483820
4.398666
4.296202
4.185056
4.071551
3.937760
3.774446
3.597453
3.429605
3.289021
3.168110
3.043070
2.908529
2.769226
2.624361
2.483034
2.354290
2.239563
2.133195
2.044868
1.986157
1.947490
1.920378
1.922836
1.967309
2.068053
2.232326
2.434146
2.633525
2.815477
2.963673
3.053756
3.081352
3.077566
3.076505
3.091679
3.127216
3.178772
3.242667
3.290757
3.305300
3.298311
3.286340
3.278592
3.281121
3.288168
-6.522244
3.299809
0.307434
0.264717
0.194756
0.096172
-0.007763
-0.104159
-0.186475
-0.260103
-0.334499
-0.411146
-0.483478
-0.545269
-0.603347
-0.672224
-0.755636
-0.846239
-0.946225
-1.044959
-1.127899
-1.201411
-1.281181
-1.378700
-1.488541
-1.606566
-1.737495
-1.879017
-2.035631
-2.203419
-2.365522
-2.508292
-2.628502
-2.734384
-2.849293
-2.980787
-3.111256
-3.238673
-3.370288
-3.502287
-3.640570
-3.780110
-3.916879
-4.040684
-4.149992
-4.256563
-4.346269
-4.401439
-4.422614
-4.422344
-4.425831
-4.451522
-4.494815
-4.531172
-4.556999
-4.586181
-4.610461
-4.619593
-4.629508
-4.649563
-4.673797
-4.698143
-4.712411
-4.713059
-4.708399
-4.708601
-4.722283
-4.753242
-4.796357
-4.835983
-4.847935
-4.834992
-4.823221
-4.815918
-4.817479
-4.820910
-4.812635
-4.801464
-4.795009
-4.793203
-4.794601
-4.801186
-4.819569
-4.851073
-4.883305
-4.906390
-4.928065
-4.949382
-4.972153
-4.999627
-5.039620
-5.096172
-5.152861
-5.195538
-5.220073
-5.224769
-5.197706
-5.133598
-5.041809
-4.932519
-4.811937
-4.670972
-4.522892
-4.381516
-4.244056
-4.089108
-3.897487
-3.674778
-3.432900
-3.170711
-2.898841
-2.635124
-2.376448
-2.121888
-1.872712
-1.629158
-1.400731
-1.225800
-1.144576
-1.169103
-1.307013
-1.549527
-1.866086
-2.219446
-2.572204
-2.904557
-3.214702
-3.482742
-3.690669
-3.823014
-3.885364
-3.902591
-3.881443
-3.827763
-3.751456
-3.662015
-3.570563
-3.496991
-3.455681
-3.441929
-3.436494
-3.420365
-3.377113
-3.303504
-3.207358
-3.079391
-2.919517
-2.728524
-2.511078
-2.281631
-2.052382
-1.829569
-1.614254
-1.416754
-1.244842
-1.094303
-0.949543
-0.798217
-0.651427
-0.526073
-0.440004
-0.410523
-0.440553
-0.516110
-0.618355
-0.737040
-0.847378
-0.931159
-0.997265
-1.048343
-1.072426
-1.076309
-1.067319
-1.034011
-0.985693
-0.939584
-0.922241
-0.949880
-1.009816
-1.077465
-1.117482
-1.128081
-1.127391
-1.113569
-1.089978
-1.071958
-1.076449
-1.090346
-1.091786
-1.083651
-1.084320
-1.097757
-1.113033
-1.124421
-1.128652
-1.126938
-1.113652
-1.102517
-1.109733
-1.129536
-1.143773
-1.139157
-1.130173
-1.136378
-1.146691
-1.155358
-1.163211
-1.165252
-1.170065
-1.176665
-1.182053
-1.181763
-1.173465
-1.167263
-1.159446
-1.148573
-1.142454
-1.139786
-1.132356
-1.114958
-1.105306
-1.113029
-1.130921
-1.142707
-1.145690
-1.139589
-1.121694
-1.099418
-1.075353
-1.062853
-1.064365
-1.068510
-1.079250
-1.088024
-1.095212
-1.103840
-1.108317
-1.116427
-1.138423
-1.179437
-1.232845
-1.278414
-1.298417
-1.298571
-1.294255
-1.286299
-1.269151
-1.249549
-1.244432
-1.259387
-1.287489
-1.310421
-1.331106
-1.362795
-1.403154
-1.444364
-1.506643
-1.609038
-1.750046
-1.924065
-2.119735
-2.318146
-2.509478
-2.680766
-2.837421
-2.996784
-3.162547
-3.322518
-3.475663
-3.625283
-3.778574
-3.935765
-4.094948
-4.260057
-4.395517
-4.470616
-4.499339
-4.481249
-4.411627
-4.309895
-4.202152
-4.099141
-4.007486
-3.938572
-3.887504
-3.852851
-3.832462
-3.816070
-3.799340
-3.777357
-3.742796
-3.712036
-3.701825
-3.727877
-3.794283
-3.876333
-3.964161
-4.054471
-4.133811
-4.195451
-13.191631
-4.264367
-1.185858
-1.225326
-1.276697
-1.332052
-1.386965
-1.436547
-1.487982
-1.546437
-1.606748
-1.671692
-1.741315
-1.807340
-1.859954
-1.903280
-1.947174
-1.993146
-2.039588
-2.094285
-2.152392
-2.215076
-2.283663
-2.358690
-2.457042
-2.570326
-2.672328
-2.755550
-2.828285
-2.906670
-2.995623
-3.086927
-3.169861
-3.248108
-3.331865
-3.427005
-3.535270
-3.657997
-3.796184
-3.932154
-4.050626
-4.154493
-4.252124
-4.335123
-4.380994
-4.381092
-4.346210
-4.288906
-4.218634
-4.147678
-4.091719
-4.056783
-4.042523
-4.047559
-4.068396
-4.095927
-4.111609
-4.120585
-4.130648
-4.135222
-4.131184
-4.116805
-4.092699
-4.049834
-3.994453
-3.939154
-3.886589
-3.834681
-3.790021
-3.758539
-3.735986
-3.725134
-3.713693
-3.681261
-3.624042
-3.556037
-3.492173
-3.441586
-3.403301
-3.368308
-3.342677
-3.327549
-3.322649
-3.337402
-3.368215
-3.395765
-3.411585
-3.418876
-3.424431
-3.437174
-3.453828
-3.469298
-3.483457
-3.491097
-3.475404
-3.430800
-3.374087
-3.315033
-3.251166
-3.168809
-3.035617
-2.837872
-2.598167
-2.356065
-2.123297
-1.887809
-1.648607
-1.405118
-1.146924
-0.881447
-0.611635
-0.342024
-0.074571
0.206589
0.510961
0.818993
1.105291
1.350037
1.519338
1.607246
1.627800
1.567244
1.418075
1.194255
0.921147
0.637769
0.388098
0.188807
0.048597
-0.039929
-0.097931
-0.126848
-0.121920
-0.085255
-0.033145
0.024879
0.089388
0.158714
0.250904
0.360565
0.469605
0.584120
0.718791
0.869686
1.040702
1.235399
1.441554
1.651526
1.873948
2.109067
2.347816
2.586898
2.823058
3.065799
3.319504
3.589264
3.852489
4.094836
4.301754
4.459310
4.553435
4.587605
4.559876
4.495925
4.440002
4.407876
4.394439
4.382268
4.370921
4.365033
4.379898
4.427023
4.489056
4.547260
4.586385
4.608995
4.635264
4.654909
4.652956
4.638748
4.629687
4.635809
4.659680
4.714304
4.772587
4.817002
4.846685
4.854959
4.861631
4.873866
4.885642
4.897867
4.911608
4.927325
4.951070
4.990226
5.037030
5.088194
5.130273
5.148777
5.148220
5.141360
5.150587
5.177645
5.212401
5.260704
5.304834
5.323239
5.332802
5.343008
5.345036
5.343448
5.346102
5.358122
5.386277
5.428514
5.476622
5.531747
5.577147
5.606712
5.631132
5.655473
5.679985
5.698471
5.708266
5.714287
5.721039
5.727958
5.737720
5.756516
5.793749
5.836398
5.876598
5.913252
5.944184
5.969633
5.993792
6.022695
6.051080
6.082495
6.113652
6.137815
6.158822
6.179164
6.192032
6.213620
6.256547
6.310630
6.375659
6.440977
6.483042
6.493350
6.480452
6.426702
6.322423
6.187007
6.040537
5.896074
5.752898
5.609191
5.466996
5.317387
5.172355
5.039640
4.912002
4.776839
4.628017
4.478272
4.327888
4.166712
3.993400
3.824086
3.679224
3.559168
3.462726
3.399989
3.376247
3.406801
3.495996
3.652298
3.849909
4.063714
4.265129
4.420967
4.523253
4.573897
4.589552
4.589139
4.581379
4.570925
4.558302
4.557360
4.576529
4.601224
4.621869
4.635508
4.642260
4.643257
4.639717
4.619040
-8.073734
4.538204
0.505136
0.450895
0.389948
0.318038
0.228955
0.123946
0.009207
-0.104708
-0.203355
-0.281454
-0.347556
-0.418009
-0.501074
-0.599075
-0.705805
-0.831661
-0.964926
-1.080435
-1.166937
-1.245102
-1.334553
-1.436516
-1.559369
-1.705439
-1.861008
-2.026340
-2.197063
-2.371425
-2.560093
-2.756225
-2.954936
-3.158068
-3.356328
-3.546562
-3.741567
-3.946463
-4.154128
-4.339562
-4.503394
-4.653707
-4.767501
-4.838352
-4.868587
-4.873771
-4.880663
-4.901200
-4.931225
-4.960659
-4.979436
-4.990080
-4.995968
-5.025882
-5.086801
-5.143830
-5.188963
-5.232310
-5.270516
-5.297820
-5.310442
-5.309614
-5.313286
-5.320358
-5.341326
-5.375576
-5.410486
-5.448263
-5.486296
-5.510860
-5.517323
-5.510803
-5.486578
-5.463629
-5.462305
-5.475353
-5.501688
-5.529947
-5.555818
-5.590963
-5.621755
-5.633007
-5.636007
-5.635206
-5.641716
-5.652933
-5.660276
-5.661206
-5.649486
-5.625918
-5.606929
-5.598702
-5.590785
-5.577317
-5.552176
-5.514277
-5.467694
-5.413184
-5.345495
-5.266301
-5.185427
-5.099712
-5.005417
-4.905882
-4.787870
-4.644951
-4.474572
-4.280235
-4.063357
-3.838644
-3.608877
-3.363633
-3.104554
-2.835921
-2.565805
-2.305618
-2.049035
-1.799221
-1.594855
-1.473197
-1.451393
-1.546822
-1.755931
-2.051943
-2.406538
-2.780623
-3.147951
-3.476564
-3.726582
-3.881644
-3.952928
-3.966352
-3.939581
-3.887278
-3.841694
-3.812169
-3.793900
-3.787859
-3.786652
-3.789514
-3.783883
-3.755098
-3.687867
-3.575894
-3.441671
-3.294937
-3.135153
-2.960212
-2.759197
-2.533709
-2.303780
-2.084488
-1.877187
-1.691588
-1.522788
-1.359642
-1.200281
-1.052301
-0.927876
-0.830369
-0.773063
-0.764330
-0.798826
-0.881155
-0.980908
-1.059428
-1.111286
-1.156070
-1.209866
-1.247495
-1.260102
-1.264466
-1.257621
-1.239464
-1.215397
-1.199582
-1.190449
-1.180721
-1.182432
-1.203010
-1.234857
-1.269088
-1.301455
-1.329850
-1.350798
-1.353499
-1.340141
-1.321535
-1.301035
-1.286691
-1.278195
-1.266548
-1.264815
-1.287695
-1.331958
-1.381629
-1.421813
-1.454532
-1.482342
-1.498631
-1.506016
-1.504426
-1.500638
-1.509478
-1.539948
-1.583039
-1.615123
-1.619027
-1.591512
-1.559884
-1.539227
-1.531560
-1.535807
-1.540366
-1.536943
-1.531999
-1.540218
-1.550396
-1.556322
-1.544181
-1.515371
-1.486311
-1.462220
-1.447045
-1.446957
-1.462138
-1.475017
-1.484303
-1.483628
-1.468438
-1.466064
-1.472340
-1.483856
-1.496173
-1.506058
-1.526308
-1.567092
-1.614603
-1.654552
-1.685581
-1.716038
-1.759027
-1.800878
-1.827712
-1.856862
-1.889548
-1.929421
-1.970527
-2.010499
-2.061311
-2.129734
-2.194223
-2.257539
-2.345484
-2.465450
-2.600652
-2.749867
-2.918372
-3.090223
-3.270194
-3.453042
-3.622700
-3.781280
-3.938322
-4.095921
-4.254718
-4.422754
-4.607018
-4.800193
-4.983477
-5.146852
-5.292919
-5.434102
-5.575045
-5.714623
-5.828619
-5.888728
-5.890267
-5.837629
-5.738241
-5.599192
-5.434960
-5.268193
-5.142480
-5.089014
-5.106164
-5.168174
-5.238460
-5.293920
-5.316195
-5.307486
-5.295724
-5.292287
-5.308505
-5.361526
-5.439828
-5.515433
-5.583128
-5.647988
-5.707599
-16.387798
-5.721307
-1.155039
-1.113733
-1.102604
-1.116559
-1.144248
-1.185043
-1.227506
-1.261914
-1.289341
-1.333552
-1.417163
-1.539551
-1.670400
-1.791055
-1.896760
-1.977825
-2.036968
-2.095748
-2.161783
-2.226341
-2.284076
-2.341531
-2.399256
-2.460200
-2.531211
-2.610710
-2.699769
-2.795032
-2.893299
-3.014419
-3.153022
-3.295473
-3.439576
-3.584625
-3.735069
-3.876792
-4.016330
-4.171997
-4.331315
-4.474863
-4.606513
-4.707528
-4.752767
-4.752753
-4.735274
-4.717659
-4.702446
-4.693257
-4.683015
-4.669320
-4.657474
-4.646789
-4.637227
-4.638547
-4.632097
-4.604386
-4.576375
-4.549715
-4.526095
-4.515819
-4.515861
-4.510794
-4.500466
-4.484184
-4.457030
-4.423511
-4.390768
-4.367085
-4.345632
-4.335409
-4.349162
-4.373612
-4.396961
-4.414431
-4.423697
-4.422787
-4.421044
-4.416827
-4.407133
-4.397616
-4.393458
-4.386105
-4.370244
-4.332805
-4.276125
-4.222283
-4.178206
-4.143436
-4.117951
-4.102843
-4.091557
-4.069476
-4.041102
-4.014973
-3.981137
-3.920152
-3.824081
-3.690850
-3.527126
-3.347275
-3.143902
-2.906810
-2.643431
-2.368392
-2.078226
-1.775839
-1.478899
-1.181335
-0.880312
-0.580771
-0.272063
0.048816
0.363162
0.657794
0.889466
1.025943
1.084711
1.088962
1.040076
0.923301
0.733569
0.478766
0.182710
-0.133776
-0.430483
-0.673912
-0.851152
-0.958753
-1.001197
-0.991106
-0.948035
-0.891431
-0.844778
-0.804726
-0.757989
-0.705204
-0.641497
-0.555568
-0.440003
-0.294383
-0.129351
0.046764
0.239542
0.457477
0.700978
0.957198
1.207680
1.444333
1.676915
1.921520
2.168563
2.402136
2.620196
2.823533
3.031128
3.241608
3.413302
3.523352
3.581726
3.602912
3.580947
3.530113
3.479747
3.446216
3.430542
3.426222
3.427209
3.429976
3.444581
3.486259
3.546657
3.604571
3.650617
3.698088
3.745659
3.788511
3.830648
3.870897
3.915067
3.959346
4.004472
4.055855
4.105823
4.140889
4.160304
4.181670
4.210907
4.247668
4.287291
4.332316
4.382555
4.435172
4.493867
4.560102
4.632308
4.700099
4.753695
4.801445
4.848654
4.891224
4.919841
4.937597
4.956962
4.975955
4.996983
5.033566
5.089749
5.156932
5.225129
5.282911
5.338587
5.395220
5.450647
5.502001
5.539264
5.553862
5.557243
5.552623
5.543559
5.549535
5.583826
5.648611
5.725477
5.788570
5.824659
5.835894
5.851143
5.882376
5.912200
5.936120
5.959114
5.982077
6.002977
6.016588
6.023808
6.035902
6.051775
6.064422
6.072813
6.083506
6.108795
6.143410
6.171517
6.198362
6.223553
6.242932
6.265753
6.287449
6.297905
6.293510
6.265141
6.200086
6.096649
5.965308
5.816428
5.673786
5.545154
5.423122
5.310351
5.205592
5.104228
4.995322
4.869812
4.731926
4.598937
4.469689
4.334689
4.189689
4.050177
3.935036
3.845241
3.765447
3.681633
3.596880
3.529706
3.494053
3.513485
3.611058
3.776229
3.983496
4.198468
4.384068
4.519681
4.598534
4.624053
4.617425
4.616085
4.637599
4.676306
4.726159
4.773976
4.798635
4.786998
4.743940
4.683702
4.603554
4.516965
4.448736
-10.571885
4.361372
0.153587
0.085468
0.019999
-0.053906
-0.135685
-0.221441
-0.306956
-0.397690
-0.492842
-0.596554
-0.728409
-0.896895
-1.095745
-1.293611
-1.471521
-1.635165
-1.781595
-1.915615
-2.049268
-2.186489
-2.304648
-2.409078
-2.532097
-2.678010
-2.840966
-3.016931
-3.206179
-3.413133
-3.633945
-3.860892
-4.106187
-4.354095
-4.559984
-4.706168
-4.803199
-4.849575
-4.840457
-4.801719
-4.759958
-4.724164
-4.698049
-4.679150
-4.660878
-4.634093
-4.600567
-4.573874
-4.558078
-4.549458
-4.551898
-4.557864
-4.553896
-4.526451
-4.478948
-4.426992
-4.376852
-4.342868
-4.341865
-4.362856
-4.380103
-4.391706
-4.399845
-4.406930
-4.426195
-4.464897
-4.508416
-4.555116
-4.601347
-4.633418
-4.649085
-4.657499
-4.673235
-4.694501
-4.719465
-4.754931
-4.792813
-4.824341
-4.856179
-4.885219
-4.912706
-4.938193
-4.959588
-4.978514
-4.992989
-5.004792
-5.010847
-5.006245
-4.997180
-5.000421
-5.019905
-5.054715
-5.092038
-5.114624
-5.121427
-5.111436
-5.087559
-5.055955
-5.019988
-4.951551
-4.839289
-4.693881
-4.521336
-4.336382
-4.145597
-3.941877
-3.727820
-3.519589
-3.305698
-3.078368
-2.844863
-2.589868
-2.320479
-2.060615
-1.807227
-1.556803
-1.316562
-1.157488
-1.139778
-1.254455
-1.450621
-1.694698
-1.976706
-2.288866
-2.611372
-2.924262
-3.211190
-3.462339
-3.672009
-3.828912
-3.924313
-3.965577
-3.964498
-3.929985
-3.870163
-3.802104
-3.742882
-3.690314
-3.631068
-3.568195
-3.512913
-3.453334
-3.376869
-3.280819
-3.164727
-3.012859
-2.814818
-2.582944
-2.349506
-2.137425
-1.947875
-1.772012
-1.604062
-1.430812
-1.246637
-1.058038
-0.870363
-0.718675
-0.620256
-0.564697
-0.545206
-0.563636
-0.608895
-0.657907
-0.692016
-0.713088
-0.725476
-0.722031
-0.713007
-0.705770
-0.684470
-0.657559
-0.639027
-0.619343
-0.584526
-0.529512
-0.463287
-0.409811
-0.386532
-0.383050
-0.385017
-0.398135
-0.413416
-0.435913
-0.461199
-0.488953
-0.525409
-0.559080
-0.576345
-0.579577
-0.574184
-0.568046
-0.557562
-0.546268
-0.543071
-0.544031
-0.539884
-0.529073
-0.530581
-0.538508
-0.534925
-0.513694
-0.480136
-0.441371
-0.406657
-0.395765
-0.406525
-0.423035
-0.442409
-0.461591
-0.470303
-0.467720
-0.450776
-0.418807
-0.388051
-0.366615
-0.347259
-0.327010
-0.311587
-0.304181
-0.297304
-0.286478
-0.278258
-0.279678
-0.297107
-0.317250
-0.326403
-0.322910
-0.324574
-0.335745
-0.345276
-0.358430
-0.375919
-0.395872
-0.431913
-0.476818
-0.521123
-0.567611
-0.617989
-0.668904
-0.721382
-0.761314
-0.786004
-0.802634
-0.808277
-0.802607
-0.794165
-0.779409
-0.773640
-0.779748
-0.795457
-0.825595
-0.864813
-0.910726
-0.973633
-1.069885
-1.196762
-1.336066
-1.500333
-1.695086
-1.912079
-2.147475
-2.382449
-2.610172
-2.849194
-3.110856
-3.385559
-3.652153
-3.912778
-4.167842
-4.412210
-4.654550
-4.899066
-5.124380
-5.315965
-5.478160
-5.625626
-5.751603
-5.806628
-5.763800
-5.644701
-5.492045
-5.329624
-5.156628
-4.981782
-4.815557
-4.669506
-4.571904
-4.520013
-4.499611
-4.512156
-4.553564
-4.618462
-4.706048
-4.811471
-4.912487
-4.988574
-5.021600
-5.009768
-4.970342
-18.595617
-4.878660
-1.204690
-1.193871
-1.175627
-1.148916
-1.117354
-1.092774
-1.076797
-1.069287
-1.078101
-1.101873
-1.133349
-1.171165
-1.218666
-1.270778
-1.313608
-1.350846
-1.389285
-1.421133
-1.435551
-1.432056
-1.422451
-1.410573
-1.396015
-1.390620
-1.395829
-1.403774
-1.413470
-1.432625
-1.462059
-1.486095
-1.495785
-1.497254
-1.503331
-1.500662
-1.478566
-1.445242
-1.404543
-1.365224
-1.328079
-1.298914
-1.285709
-1.284680
-1.291827
-1.295679
