-0.000744
-0.000246
0.001396
0.002244
0.006176
0.011517
0.012896
0.011646
0.016218
0.026645
0.036990
0.045932
0.052015
0.057220
0.062785
0.064106
0.057602
0.050681
0.050001
0.053443
0.057471
0.058413
0.055906
0.052400
0.049774
0.045859
0.043481
0.043778
0.047173
0.049985
0.051466
0.049259
0.048314
0.050379
0.052301
0.053705
0.052514
0.049402
0.046197
0.046203
0.048035
0.048908
0.046549
0.044350
0.044953
0.045036
0.044196
0.041562
0.038968
0.036071
0.034973
0.035610
0.035233
0.034632
0.033681
0.033654
0.033896
0.032689
0.030627
0.028533
0.028052
0.026573
0.025052
0.023378
0.020145
0.016274
0.015116
0.015839
0.015751
0.015229
0.017508
0.017863
0.014023
0.009567
0.006672
0.006037
0.002589
0.000280
0.000603
0.000327
-0.000067
-0.003422
-0.004900
-0.003482
-0.003905
-0.005917
-0.006521
-0.004160
-0.003224
-0.005823
-0.008590
-0.009859
-0.011077
-0.013299
-0.014427
-0.013917
-0.014520
-0.016511
-0.018142
-0.017392
-0.014693
-0.012205
-0.011672
-0.013351
-0.015915
-0.018793
-0.021891
-0.024560
-0.028896
-0.032538
-0.034548
-0.033192
-0.031333
-0.030771
-0.030691
-0.032226
-0.031969
-0.031684
-0.032716
-0.034054
-0.035590
-0.038913
-0.040980
-0.041957
-0.046136
-0.051745
-0.055880
-0.056634
-0.053843
-0.050356
-0.049679
-0.049996
-0.051303
-0.054818
-0.056550
-0.057560
-0.058538
-0.058890
-0.060024
-0.060031
-0.060473
-0.058985
-0.055023
-0.052726
-0.052542
-0.049650
-0.047133
-0.048687
-0.049735
-0.049828
-0.050675
-0.049781
-0.049541
-0.048241
-0.047019
-0.049339
-0.053780
-0.057798
-0.057522
-0.058149
-0.061014
-0.063745
-0.067359
-0.068964
-0.068618
-0.066452
-0.063514
-0.062454
-0.061253
-0.057874
-0.053183
-0.049420
-0.049675
-0.053933
-0.057290
-0.058784
-0.058825
-0.057312
-0.053326
-0.050375
-0.049566
-0.047655
-0.047018
-0.049085
-0.051166
-0.051617
-0.051211
-0.052521
-0.052882
-0.050167
-0.046870
-0.046574
-0.044818
-0.042341
-0.040825
-0.041625
-0.043012
-0.040278
-0.037641
-0.037728
-0.036048
-0.035765
-0.040040
-0.042996
-0.043384
-0.043188
-0.042476
-0.040111
-0.033962
-0.026964
-0.022683
-0.023139
-0.026748
-0.024593
-0.021772
-0.020121
-0.017126
-0.017532
-0.015736
-0.009187
-0.003406
-0.001449
-0.002834
-0.006246
-0.007947
-0.008309
-0.009479
-0.008473
-0.004442
-0.002450
-0.002283
-0.002335
-0.004376
-0.007458
-0.008789
-0.008352
-0.009265
-0.009293
-0.004753
0.002940
0.008883
0.012352
0.016053
0.017451
0.017821
0.015629
0.010353
0.005653
0.003101
0.004502
0.005781
0.006827
0.009089
0.012050
0.013482
0.014144
0.015669
0.019332
0.024977
0.028428
0.029551
0.029710
0.028725
0.027401
0.026198
0.025257
0.025988
0.026125
0.025801
0.028225
0.029159
0.030765
0.031189
0.028971
0.028429
0.029124
0.031912
0.034045
0.036387
0.039895
0.044990
0.048670
0.049795
0.051519
0.053795
0.055117
0.056506
0.058091
0.058696
0.058169
0.060078
0.062083
0.061787
0.062880
0.062037
0.060400
0.060788
0.061849
0.059901
0.059762
0.060732
0.061769
0.057984
0.057743
0.061371
0.065906
0.068953
0.068922
0.065185
0.060399
0.058736
0.060751
0.062980
0.064960
0.068633
0.068019
0.064051
0.061838
0.060805
0.061787
0.062105
0.062765
0.062764
0.060730
0.059181
0.060124
0.062548
0.063162
0.062893
0.061875
0.057995
0.052807
0.049477
0.047971
0.046243
0.043829
0.042985
0.043278
0.042268
0.040020
0.038546
0.037640
0.039500
0.045218
0.048628
0.048713
0.048071
0.047932
0.046255
0.042359
0.040050
0.037091
0.032441
0.029734
0.029283
0.032041
0.034272
0.034119
0.034749
0.034103
0.032576
0.031229
0.028709
0.025826
0.021355
0.017901
0.016246
0.014585
0.014021
0.015572
0.017856
0.019010
0.018981
0.017567
0.015285
0.011967
0.009075
0.006226
0.002714
-0.000557
-0.002644
-0.003164
-0.003103
-0.002515
-0.003129
-0.002788
-0.000816
0.001595
0.001131
-0.002100
-0.003101
-0.003416
-0.005759
-0.009242
-0.012955
-0.015982
-0.015444
-0.012687
-0.010538
-0.010252
-0.014233
-0.018639
-0.020909
-0.020245
-0.016993
-0.014496
-0.014860
-0.019733
-0.026178
-0.030784
-0.032582
-0.035572
-0.037636
-0.035036
-0.031835
-0.030717
-0.030790
-0.032751
-0.034568
-0.035369
-0.035227
-0.036700
-0.039062
-0.040125
-0.040253
-0.040429
-0.043038
-0.047249
-0.049418
-0.049857
-0.050537
-0.052011
-0.049675
-0.045366
-0.044388
-0.046511
-0.048625
-0.050455
-0.052649
-0.053843
-0.054547
-0.053538
-0.052055
-0.052407
-0.054081
-0.057260
-0.058726
-0.057206
-0.053832
-0.050429
-0.045546
-0.041700
-0.041692
-0.045361
-0.051017
-0.054540
-0.055281
-0.055427
-0.056336
-0.059930
-0.063905
-0.064665
-0.061880
-0.057969
-0.056729
-0.057426
-0.060434
-0.061768
-0.060311
-0.059082
-0.059571
-0.061182
-0.061979
-0.061384
-0.061775
-0.061145
-0.058186
-0.053852
-0.050511
-0.048386
-0.046386
-0.045557
-0.045896
-0.046894
-0.046527
-0.043618
-0.039846
-0.036459
-0.036114
-0.039800
-0.045106
-0.046789
-0.045465
-0.042249
-0.037738
-0.033189
-0.030540
-0.030533
-0.032341
-0.033018
-0.033260
-0.035496
-0.035902
-0.033798
-0.031584
-0.031226
-0.032343
-0.032640
-0.028235
-0.023115
-0.020164
-0.018799
-0.020378
-0.020550
-0.019598
-0.018809
-0.019926
-0.020205
-0.016480
-0.011563
-0.008512
-0.007991
-0.007845
-0.005804
-0.003035
-0.002657
-0.000997
0.003024
0.005646
0.005059
0.002245
-0.000841
-0.003862
-0.004686
-0.003369
-0.002050
0.000143
0.001856
0.005031
0.009927
0.012681
0.012122
0.011052
0.011593
0.012452
0.011479
0.009159
0.008422
0.009745
0.012067
0.013951
0.013423
0.015088
0.015112
0.016742
0.018824
0.020448
0.024561
0.026577
0.026333
0.026010
0.025881
0.025620
0.024450
0.024409
0.027052
0.029406
0.030065
0.028174
0.026479
0.026681
0.027116
0.028459
0.029566
0.031843
0.035130
0.037102
0.037367
0.038822
0.043349
0.047508
0.050847
0.055267
0.059578
0.061699
0.063341
0.062614
0.060563
0.057770
0.055478
0.055789
0.057547
0.057385
0.056496
0.056769
0.056348
0.056397
0.059826
0.064380
0.066744
0.067809
0.063993
0.061530
0.057858
0.056109
0.057758
0.057153
0.055297
0.054241
0.053615
0.054361
0.053996
0.053083
0.053818
0.054165
0.052513
0.052989
0.054482
0.054632
0.054654
0.055008
0.054670
0.054452
0.055468
0.057743
0.057482
0.053631
0.050944
0.048923
0.045336
0.042208
0.042168
0.044388
0.046338
0.045148
0.040986
0.037745
0.036936
0.036191
0.034901
0.035106
0.036217
0.037988
0.038178
0.038708
0.036372
0.032681
0.031576
0.031319
0.030065
0.030410
0.032717
0.033272
0.031805
0.030143
0.029168
0.028262
0.026407
0.025339
0.026017
0.024443
0.019433
0.018671
0.022009
0.023690
0.024086
0.021501
0.015659
0.009806
0.007424
0.008894
0.009738
0.010170
0.008373
0.002923
-0.004937
-0.008948
-0.006211
-0.001929
0.000821
0.001710
0.001628
0.001611
0.001874
0.002158
0.000461
-0.002164
-0.004565
-0.006719
-0.008364
-0.008925
-0.008723
-0.009926
-0.011902
-0.012888
-0.012801
-0.012607
-0.013695
-0.016183
-0.020242
-0.021451
-0.019718
-0.020232
-0.022738
-0.025594
-0.025451
-0.025746
-0.028839
-0.031514
-0.033425
-0.035557
-0.035630
-0.033628
-0.031053
-0.029757
-0.031120
-0.030596
-0.031010
-0.034485
-0.038010
-0.041092
-0.043297
-0.045856
-0.046172
-0.044140
-0.044189
-0.045384
-0.047395
-0.051342
-0.054940
-0.057183
-0.059484
-0.059641
-0.056439
-0.054319
-0.054492
-0.052429
-0.050761
-0.050860
-0.050206
-0.048461
-0.047408
-0.048624
-0.053260
-0.059457
-0.062935
-0.062169
-0.058778
-0.056888
-0.055287
-0.055661
-0.058170
-0.059916
-0.059475
-0.056426
-0.051571
-0.046748
-0.047111
-0.051745
-0.056025
-0.059722
-0.060895
-0.060801
-0.061638
-0.060354
-0.059147
-0.059523
-0.059971
-0.060417
-0.060457
-0.060204
-0.058981
-0.056327
-0.052249
-0.050262
-0.052757
-0.056085
-0.058033
-0.058674
-0.059219
-0.059289
-0.057659
-0.054199
-0.050459
-0.047483
-0.046257
-0.047108
-0.048977
-0.050134
-0.052085
-0.051826
-0.048819
-0.045843
-0.044962
-0.045571
-0.046300
-0.044532
-0.042041
-0.041732
-0.042283
-0.042001
-0.040288
-0.038511
-0.035912
-0.035309
-0.033580
-0.031692
-0.030625
-0.029715
-0.030070
-0.032125
-0.031229
-0.029423
-0.027413
-0.024895
-0.024998
-0.025421
-0.023820
-0.023428
-0.019564
-0.013569
-0.008811
-0.006602
-0.007971
-0.008125
-0.005620
-0.003677
-0.002666
-0.002356
-0.003731
-0.004750
-0.008715
-0.012874
-0.012094
-0.010615
-0.006653
-0.003155
-0.001896
0.000429
0.003751
0.006072
0.008113
0.010270
0.011530
0.011159
0.008835
0.005760
0.004305
0.006026
0.010467
0.012986
0.013252
0.013572
0.011073
0.010960
0.013170
0.013715
0.013625
0.013591
0.015314
0.017685
0.020069
0.021151
0.022633
0.027050
0.028259
0.027232
0.027372
0.028070
0.026669
0.024931
0.024182
0.023498
0.021906
0.022916
0.024975
0.025761
0.026404
0.027560
0.031620
0.035045
0.037893
0.041451
0.045259
0.050317
0.055745
0.059003
0.059512
0.060833
0.062625
0.061732
0.058908
0.056312
0.053275
0.050784
0.051557
0.054194
0.056733
0.057023
0.055351
0.056445
0.063789
0.066976
0.068196
0.065794
0.063624
0.065005
0.066444
0.067575
0.067461
0.067019
0.066178
0.065443
0.063146
0.062197
0.062447
0.061448
0.059822
0.056655
0.052443
0.049228
0.050341
0.053251
0.054136
0.055627
0.056682
0.056329
0.055493
0.055181
0.053373
0.050956
0.049928
0.051083
0.053652
0.055189
0.055707
0.053780
0.051546
0.049747
0.046275
0.041670
0.037846
0.034816
0.034933
0.036589
0.040723
0.042333
0.041526
0.042128
0.042072
0.041117
0.039881
0.038825
0.037627
0.036682
0.036497
0.036256
0.035970
0.035237
0.033330
0.032338
0.031625
0.028877
0.026211
0.024599
0.025685
0.028225
0.027651
0.024363
0.021413
0.020806
0.021038
0.018687
0.013991
0.008804
0.006134
0.005593
0.004052
0.003287
0.002871
0.001270
0.000981
0.002248
0.003520
0.002824
0.002004
-0.000014
-0.003478
-0.006962
-0.009482
-0.011290
-0.012914
-0.012797
-0.011692
-0.009857
-0.007931
-0.006954
-0.006942
-0.008369
-0.009132
-0.008558
-0.011715
-0.017673
-0.021967
-0.022877
-0.022662
-0.025051
-0.023795
-0.019436
-0.018110
-0.019896
-0.023531
-0.027754
-0.032576
-0.034488
-0.033010
-0.030428
-0.031262
-0.034048
-0.034536
-0.035474
-0.035829
-0.037992
-0.041208
-0.042411
-0.041812
-0.041954
-0.044763
-0.047572
-0.049793
-0.049032
-0.048775
-0.049994
-0.049108
-0.045797
-0.042519
-0.042110
-0.045018
-0.048846
-0.050924
-0.051404
-0.050407
-0.048371
-0.046791
-0.047124
-0.049929
-0.052891
-0.053104
-0.051241
-0.050777
-0.053414
-0.056649
-0.058208
-0.058107
-0.059054
-0.058386
-0.057246
-0.056176
-0.055088
-0.053179
-0.050718
-0.048112
-0.046197
-0.045027
-0.044550
-0.046191
-0.048843
-0.050745
-0.051640
-0.053069
-0.056126
-0.058840
-0.059573
-0.058600
-0.055787
-0.050706
-0.048969
-0.051649
-0.052988
-0.052112
-0.050279
-0.047555
-0.045826
-0.044493
-0.044483
-0.045199
-0.044684
-0.043485
-0.042993
-0.042395
-0.040835
-0.039545
-0.035982
-0.031306
-0.029267
-0.029623
-0.030892
-0.033424
-0.034549
-0.033860
-0.032457
-0.030936
-0.030647
-0.032741
-0.035696
-0.036446
-0.034253
-0.029596
-0.024436
-0.020904
-0.019793
-0.019125
-0.018696
-0.019721
-0.021611
-0.023231
-0.024247
-0.021495
-0.014663
-0.008438
-0.006093
-0.007526
-0.009399
-0.009179
-0.009653
-0.011861
-0.012524
-0.009345
-0.005392
-0.002534
-0.000522
0.001642
0.002958
0.003525
0.003785
0.003369
0.003754
0.005689
0.007750
0.007319
0.008971
0.010280
0.009264
0.008601
0.009062
0.011296
0.012114
0.011701
0.011482
0.012720
0.016265
0.020935
0.023188
0.021318
0.019930
0.021254
0.023209
0.024845
0.025970
0.026709
0.027119
0.028229
0.027848
0.026654
0.024925
0.024320
0.025112
0.027232
0.030553
0.034577
0.035903
0.033615
0.034774
0.037345
0.037182
0.036493
0.037409
0.039160
0.040802
0.041540
0.041670
0.043206
0.047138
0.051852
0.055227
0.058454
0.059423
0.058725
0.058074
0.055922
0.055015
0.055030
0.054674
0.055761
0.056657
0.055533
0.055859
0.058459
0.058658
0.058062
0.059103
0.055365
0.056929
0.057153
0.057343
0.059129
0.060901
0.060471
0.060457
0.058856
0.057188
0.058597
0.058639
0.055128
0.054112
0.052586
0.050214
0.049880
0.048319
0.045536
0.043224
0.041457
0.038524
0.037294
0.037774
0.037484
0.038498
0.038860
0.038771
0.038680
0.039693
0.039373
0.038370
0.039064
0.040462
0.041794
0.042482
0.043919
0.044225
0.043229
0.043633
0.045478
0.045046
0.040697
0.034917
0.032009
0.031006
0.031202
0.032543
0.034024
0.033963
0.031824
0.030827
0.029992
0.029181
0.030581
0.031156
0.030697
0.027361
0.023216
0.020543
0.020200
0.021676
0.022282
0.019860
0.018463
0.015935
0.013039
0.014424
0.014790
0.014874
0.013982
0.011414
0.008344
0.003102
-0.000805
-0.000948
0.001874
0.003816
0.004645
0.004322
0.001800
-0.002142
-0.005051
-0.006149
-0.005488
-0.005833
-0.007855
-0.012267
-0.015513
-0.014964
-0.012512
-0.010480
-0.011464
-0.015410
-0.018738
-0.020743
-0.021779
-0.022876
-0.024141
-0.023725
-0.023518
-0.023713
-0.024920
-0.027034
-0.028226
-0.028233
-0.030251
-0.031680
-0.030127
-0.028870
-0.027760
-0.028357
-0.029102
-0.028727
-0.028964
-0.029331
-0.030205
-0.033158
-0.032620
-0.033171
-0.036397
-0.040815
-0.043533
-0.045807
-0.049454
-0.052764
-0.055135
-0.054540
-0.053231
-0.055070
-0.059360
-0.062314
-0.062408
-0.060207
-0.060019
-0.059078
-0.055333
-0.051182
-0.048727
-0.049117
-0.048882
-0.049791
-0.053106
-0.053711
-0.053369
-0.054121
-0.052135
-0.049018
-0.051444
-0.054828
-0.054921
-0.054940
-0.055219
-0.054507
-0.053175
-0.053338
-0.054656
-0.054387
-0.053233
-0.052249
-0.052451
-0.054502
-0.056920
-0.058701
-0.060178
-0.060749
-0.059840
-0.058340
-0.059278
-0.059650
-0.057284
-0.057909
-0.060911
-0.061557
-0.059046
-0.056525
-0.054933
-0.054221
-0.052981
-0.052227
-0.053147
-0.054717
-0.054042
-0.051360
-0.049587
-0.047940
-0.047384
-0.048167
-0.048357
-0.049447
-0.049725
-0.048852
-0.046480
-0.044900
-0.044453
-0.043396
-0.041034
-0.038624
-0.035802
-0.034287
-0.032431
-0.028565
-0.024490
-0.024086
-0.026094
-0.029743
-0.032687
-0.032361
-0.029172
-0.027464
-0.027898
-0.027363
-0.024612
-0.020906
-0.019223
-0.020238
-0.022723
-0.025837
-0.026787
-0.025391
-0.022853
-0.019111
-0.013977
-0.007423
-0.003095
-0.002059
-0.003452
-0.004402
-0.002512
-0.000206
-0.000501
-0.003462
-0.004833
-0.002785
-0.000327
0.000813
0.001625
0.001373
0.000223
0.001163
0.002148
0.003574
0.005561
0.006496
0.006750
0.007728
0.010225
0.012249
0.013626
0.016151
0.016114
0.013143
0.012907
0.015298
0.017449
0.019265
0.019773
0.019789
0.021010
0.022707
0.022730
0.023095
0.023998
0.022312
0.020660
0.021289
0.022706
0.024294
0.027786
0.029043
0.027840
0.026424
0.024074
0.022006
0.023972
0.026482
0.029687
0.034134
0.038198
0.042161
0.044639
0.045923
0.046306
0.045714
0.047436
0.052194
0.057483
0.057804
0.055825
0.053226
0.052248
0.053440
0.052649
0.051015
0.049606
0.048786
0.048794
0.051572
0.055865
0.059588
0.068428
0.067202
0.062881
0.058511
0.056484
0.056328
0.058093
0.060609
0.061607
0.061306
0.058933
0.056124
0.054004
0.052486
0.053145
0.055078
0.055554
0.056088
0.056987
0.055567
0.053577
0.055107
0.055546
0.053970
0.055427
0.056759
0.055387
0.053358
0.052144
0.051607
0.051004
0.052666
0.052690
0.051616
0.050737
0.050139
0.051662
0.052310
0.051644
0.049488
0.046497
0.045331
0.044817
0.042220
0.039609
0.040004
0.039525
0.041348
0.047328
0.052854
0.052029
0.047295
0.043066
0.040651
0.037302
0.032739
0.031222
0.032683
0.032830
0.030693
0.024981
0.018517
0.015167
0.015065
0.015188
0.015350
0.015353
0.017295
0.018041
0.016811
0.015779
0.014029
0.010863
0.007091
0.004884
0.006737
0.011241
0.014690
0.014869
0.012596
0.009234
0.005614
0.003542
0.003317
0.005162
0.006136
0.004536
0.001038
-0.003467
-0.006767
-0.008537
-0.009397
-0.009843
-0.011941
-0.013904
-0.013843
-0.014272
-0.011789
-0.010326
-0.012062
-0.012618
-0.011623
-0.012330
-0.012015
-0.008393
-0.003547
-0.001695
-0.005534
-0.011305
-0.014892
-0.016585
-0.019075
-0.022280
-0.024118
-0.025183
-0.025843
-0.024994
-0.022439
-0.021477
-0.024535
-0.029427
-0.034566
-0.039633
-0.042662
-0.044342
-0.046392
-0.048615
-0.048830
-0.050719
-0.053740
-0.052983
-0.049998
-0.047329
-0.043581
-0.038361
-0.036685
-0.037660
-0.039686
-0.042329
-0.043020
-0.041246
-0.039978
-0.040726
-0.043278
-0.046252
-0.048417
-0.051006
-0.052861
-0.051986
-0.051895
-0.050947
-0.050030
-0.049511
-0.048320
-0.047666
-0.045931
-0.045549
-0.047424
-0.048389
-0.048013
-0.050409
-0.054441
-0.056949
-0.056082
-0.054488
-0.054967
-0.056254
-0.057653
-0.058956
-0.056610
-0.054573
-0.052175
-0.048515
-0.049168
-0.049455
-0.047593
-0.047516
-0.047205
-0.048337
-0.049058
-0.046514
-0.042352
-0.038733
-0.039055
-0.041408
-0.044265
-0.046425
-0.046848
-0.045638
-0.044520
-0.042211
-0.039549
-0.038603
-0.038234
-0.036427
-0.034290
-0.033853
-0.033660
-0.033989
-0.032295
-0.029361
-0.027747
-0.026720
-0.025961
-0.024112
-0.022617
-0.022031
-0.021692
-0.022579
-0.025448
-0.030192
-0.028409
-0.024585
-0.021758
-0.017653
-0.012646
-0.009027
-0.008422
-0.007524
-0.004423
-0.002692
-0.003031
-0.002923
-0.001294
0.001322
0.000220
-0.002718
-0.002269
0.001977
0.005059
0.005071
0.005858
0.006596
0.007753
0.009268
0.010398
0.011882
0.012535
0.011209
0.009687
0.007681
0.005868
0.008335
0.011567
0.014547
0.017286
0.018009
0.016686
0.015974
0.014465
0.015017
0.018979
0.021714
0.023529
0.022460
0.020039
0.020829
0.024757
0.026508
0.026338
0.027036
0.027470
0.028454
0.028474
0.028979
0.029983
0.030968
0.031666
0.032619
0.034935
0.035417
0.034142
0.032874
0.031909
0.032500
0.034474
0.034905
0.035624
0.038606
0.042217
0.047153
0.051635
0.053654
0.053483
0.056136
0.057641
0.054213
0.049054
0.047220
0.048511
0.048491
0.050487
0.053798
0.056545
0.060518
0.062953
0.063617
0.063237
0.061234
0.061010
0.057021
0.060398
0.060116
0.059449
0.058037
0.056698
0.053306
0.050133
0.049626
0.051456
0.053960
0.053893
0.051919
0.050670
0.050392
0.049378
0.051757
0.055408
0.057839
0.058016
0.054757
0.051119
0.050976
0.052001
0.052212
0.053664
0.053860
0.052918
0.052037
0.050407
0.047843
0.046569
0.048193
0.048626
0.047465
0.044294
0.039358
0.033564
0.029728
0.027778
0.026163
0.026880
0.027983
0.028965
0.029541
0.029863
0.030013
0.030717
0.033057
0.035793
0.037520
0.037693
0.037508
0.037770
0.037371
0.035725
0.030876
0.027717
0.026125
0.025030
0.023931
0.021950
0.017050
0.010028
0.004111
0.004175
0.006140
0.005730
0.005395
0.005174
0.007792
0.009971
0.009463
0.008904
0.005733
0.003162
0.000276
-0.004679
-0.008828
-0.008506
-0.008027
-0.009782
-0.010910
-0.010158
-0.010993
-0.009954
-0.007677
-0.009177
-0.009811
-0.008788
-0.011224
-0.015750
-0.017876
-0.019288
-0.021918
-0.023360
-0.022880
-0.023134
-0.024929
-0.025903
-0.027160
-0.026265
-0.022494
-0.019669
-0.018960
-0.018924
-0.018900
-0.019113
-0.021809
-0.025540
-0.028246
-0.030755
-0.032233
-0.031249
-0.028444
-0.027886
-0.029927
-0.031680
-0.035966
-0.042418
-0.046600
-0.048358
-0.052094
-0.056145
-0.056486
-0.052645
-0.049821
-0.051134
-0.052742
-0.053427
-0.055099
-0.057698
-0.058187
-0.056562
-0.055302
-0.054229
-0.054066
-0.055378
-0.055225
-0.054040
-0.054627
-0.054428
-0.053278
-0.052975
-0.053058
-0.054080
-0.055481
-0.055974
-0.055665
-0.056056
-0.057821
-0.059968
-0.060113
-0.057749
-0.054160
-0.052235
-0.051113
-0.051593
-0.053864
-0.054090
-0.054898
-0.057543
-0.059114
-0.061087
-0.062129
-0.062034
-0.062868
-0.062729
-0.063525
-0.065328
-0.064732
-0.063704
-0.063655
-0.062389
-0.061450
-0.062623
-0.066114
-0.066434
-0.062013
-0.058008
-0.057408
-0.056600
-0.054067
-0.052506
-0.052290
-0.052359
-0.051113
-0.048390
-0.047649
-0.049952
-0.051237
-0.048646
-0.044304
-0.044237
-0.047349
-0.048646
-0.047671
-0.045869
-0.043163
-0.039414
-0.034830
-0.032039
-0.031943
-0.030380
-0.025118
-0.022103
-0.023486
-0.024519
-0.024716
-0.026392
-0.028906
-0.030293
-0.028899
-0.028021
-0.027551
-0.023969
-0.020713
-0.019415
-0.016056
-0.011136
-0.010717
-0.011527
-0.010339
-0.009466
-0.010132
-0.012218
-0.013841
-0.012855
-0.009350
-0.008449
-0.008690
-0.006154
-0.003202
-0.003082
-0.003827
-0.002820
-0.000044
0.002790
0.004343
0.004566
0.004366
0.004495
0.006254
0.008564
0.009678
0.010652
0.010289
0.009698
0.011213
0.011318
0.011090
0.010685
0.009658
0.009767
0.009233
0.008081
0.007645
0.009734
0.012360
0.014167
0.016728
0.018295
0.018227
0.018411
0.019975
0.021879
0.024571
0.026980
0.027976
0.025857
0.024141
0.023008
0.021301
0.021059
0.023030
0.025644
0.026061
0.026994
0.030929
0.034778
0.037770
0.041338
0.045310
0.049938
0.055022
0.058732
0.059490
0.057227
0.053050
0.049314
0.050179
0.052494
0.053464
0.056854
0.059830
0.059372
0.054485
0.049498
0.049659
0.052088
0.060470
0.059796
0.060049
0.061447
0.060837
0.059250
0.060484
0.063735
0.063344
0.062194
0.063530
0.065281
0.064694
0.063473
0.062391
0.061352
0.061769
0.063304
0.064423
0.064283
0.061299
0.055904
0.052934
0.052158
0.049631
0.047949
0.048012
0.050898
0.056728
0.061873
0.064488
0.060827
0.053839
0.050473
0.049658
0.047742
0.045482
0.043331
0.042795
0.044357
0.044115
0.043210
0.042906
0.042265
0.042864
0.040620
0.039151
0.040551
0.041967
0.042123
0.041782
0.040144
0.040538
0.043603
0.043623
0.041489
0.037998
0.033079
0.028314
0.024918
0.023123
0.021901
0.020234
0.019153
0.019468
0.021613
0.025950
0.027869
0.025007
0.020241
0.015409
0.011602
0.009950
0.008421
0.009150
0.011016
0.011222
0.009987
0.010681
0.010987
0.009146
0.009043
0.008326
0.007366
0.006174
0.003133
-0.001079
-0.004636
-0.007395
-0.009311
-0.007308
-0.003904
-0.003449
-0.003349
-0.002256
-0.003336
-0.003934
-0.004451
-0.011631
-0.022492
-0.029220
-0.030356
-0.029930
-0.027934
-0.024367
-0.021637
-0.020242
-0.019342
-0.016166
-0.013149
-0.011788
-0.013150
-0.015591
-0.016900
-0.018689
-0.021710
-0.022371
-0.023031
-0.024957
-0.029090
-0.034561
-0.038574
-0.043550
-0.046989
-0.046367
-0.045388
-0.045192
-0.043928
-0.041929
-0.043498
-0.045802
-0.045971
-0.046460
-0.048153
-0.050024
-0.050070
-0.048765
-0.046350
-0.044620
-0.042380
-0.039418
-0.037649
-0.038368
-0.041043
-0.044825
-0.048323
-0.050863
-0.051400
-0.050139
-0.049131
-0.048007
-0.046721
-0.046231
-0.046416
-0.047518
-0.047541
-0.050091
-0.055152
-0.056950
-0.054763
-0.052074
-0.052882
-0.056719
-0.061001
-0.063403
-0.062742
-0.062006
-0.061849
-0.061527
-0.060890
-0.059350
-0.057189
-0.053101
-0.049031
-0.046239
-0.045379
-0.046208
-0.047628
-0.048333
-0.047803
-0.047962
-0.048269
-0.047947
-0.045989
-0.044068
-0.043445
-0.041834
-0.038472
-0.038361
-0.040155
-0.041364
-0.041207
-0.038157
-0.033792
-0.030136
-0.030200
-0.031214
-0.030958
-0.030893
-0.030149
-0.030351
-0.028779
-0.025863
-0.024443
-0.026065
-0.026580
-0.022950
-0.021591
-0.023124
-0.024924
-0.023241
-0.017498
-0.011183
-0.007846
-0.006796
-0.006688
-0.006679
-0.008233
-0.011331
-0.013040
-0.013272
-0.011964
-0.009216
-0.006212
-0.003940
-0.002159
-0.000584
0.000707
0.001432
0.002270
0.004147
0.005111
0.006434
0.009969
0.012566
0.013514
0.013234
0.011338
0.009593
0.008834
0.007985
0.011089
0.013000
0.012807
0.013669
0.014580
0.013834
0.014674
0.017761
0.020209
0.019336
0.019043
0.021058
0.023385
0.025240
0.024502
0.025683
0.027411
0.029244
0.031848
0.031698
0.032215
0.034560
0.035155
0.036382
0.039385
0.039973
0.037394
0.033654
0.029654
0.026664
0.025946
0.029002
0.032432
0.036375
0.042499
0.049206
0.049763
0.047369
0.047858
0.047652
0.045062
0.042680
0.042685
0.048449
0.057555
0.063247
0.064345
0.064065
0.060215
0.053672
0.052812
0.055726
0.058143
0.060398
0.062274
0.063558
0.063963
0.064764
0.065489
0.058176
0.057429
0.052673
0.048836
0.045119
0.041522
0.042910
0.047219
0.047465
0.043678
0.041201
0.041762
0.045015
0.048255
0.050416
0.052699
0.053419
0.053353
0.052324
0.049570
0.047421
0.047443
0.047496
0.047396
0.048539
0.046423
0.041450
0.039590
0.039157
0.038789
0.039279
0.039807
0.039533
0.039140
0.039730
0.039422
0.036729
0.033332
0.031816
0.032105
0.031572
0.032729
0.034777
0.034482
0.032366
0.030688
0.032817
0.035868
0.035985
0.034711
0.032853
0.032619
0.031816
0.029091
0.024648
0.021389
0.018291
0.015690
0.014984
0.014680
0.014600
0.016377
0.018066
0.018716
0.016637
0.013371
0.009752
0.006281
0.002238
-0.001684
-0.002717
-0.000199
0.003218
0.004679
0.005399
0.004426
0.001965
-0.000379
-0.002642
-0.004260
-0.004969
-0.007125
-0.007992
-0.006179
-0.006877
-0.008881
-0.008808
-0.007039
-0.006779
-0.009242
-0.009906
-0.009335
-0.010314
-0.012218
-0.012833
-0.014426
-0.016552
-0.019390
-0.022373
-0.024004
-0.024537
-0.024614
-0.023185
-0.020357
-0.018954
-0.021172
-0.025634
-0.028895
-0.027608
-0.025036
-0.025891
-0.026981
-0.028034
-0.029333
-0.030857
-0.030784
-0.029009
-0.029124
-0.031399
-0.032289
-0.033622
-0.035991
-0.036853
-0.039411
-0.045634
-0.050254
-0.052384
-0.052686
-0.053944
-0.055718
-0.056368
-0.056973
-0.057428
-0.058270
-0.057265
-0.053283
-0.048250
-0.045349
-0.046591
-0.048520
-0.050763
-0.051667
-0.052477
-0.054133
-0.052335
-0.051537
-0.053733
-0.054006
-0.052966
-0.052010
-0.050292
-0.051303
-0.053234
-0.054930
-0.058011
-0.061594
-0.062927
-0.061773
-0.059302
-0.056711
-0.055007
-0.056008
-0.059269
-0.063173
-0.066920
-0.070801
-0.071634
-0.067890
-0.065177
-0.063864
-0.063172
-0.066627
-0.067992
-0.063398
-0.061208
-0.059920
-0.056335
-0.053009
-0.052394
-0.053891
-0.055199
-0.053445
-0.053185
-0.054861
-0.057875
-0.060641
-0.060255
-0.056116
-0.051376
-0.045612
-0.043252
-0.046860
-0.052763
-0.053770
-0.049121
-0.043718
-0.040193
-0.037189
-0.034242
-0.033307
-0.036487
-0.040431
-0.041991
-0.042338
-0.040383
-0.036231
-0.031680
-0.029163
-0.027831
-0.026640
-0.028146
-0.029643
-0.028525
-0.022234
-0.016971
-0.014924
-0.012964
-0.013913
-0.016155
-0.016897
-0.015612
-0.013927
-0.013600
-0.011165
-0.009705
-0.006636
-0.003413
-0.004254
-0.007672
-0.009762
-0.009373
-0.008864
-0.008674
-0.009049
-0.010408
-0.010875
-0.009048
-0.003824
0.001361
0.003762
0.007055
0.010433
0.010738
0.011472
0.012221
0.011765
0.012514
0.014376
0.015352
0.013788
0.012978
0.014862
0.016931
0.018299
0.020456
0.020494
0.017203
0.013667
0.015710
0.020971
0.024671
0.025326
0.025206
0.021818
0.018326
0.019770
0.023638
0.024879
0.022896
0.020061
0.017970
0.018044
0.021804
0.024757
0.025312
0.026111
0.028929
0.033426
0.035911
0.034393
0.035090
0.038006
0.039235
0.038601
0.037412
0.039040
0.044560
0.048871
0.049321
0.049600
0.049883
0.050518
0.052511
0.054409
0.054895
0.054245
0.052779
0.050860
0.049312
0.049566
0.060952
0.062257
0.063558
0.063766
0.060871
0.058964
0.058931
0.057952
0.057154
0.059635
0.063557
0.065694
0.067662
0.067471
0.062700
0.057809
0.055601
0.053806
0.053212
0.054027
0.056684
0.060271
0.062555
0.062593
0.061204
0.059634
0.056852
0.053312
0.050432
0.049573
0.049968
0.052471
0.053592
0.054427
0.054906
0.052244
0.046871
0.041519
0.039799
0.038459
0.037894
0.040046
0.043404
0.046091
0.047296
0.047694
0.048002
0.048026
0.046229
0.043016
0.042039
0.041787
0.041260
0.038428
0.032802
0.028561
0.023527
0.020766
0.022663
0.026506
0.031208
0.034488
0.034056
0.030265
0.027605
0.025363
0.024884
0.025541
0.023052
0.019117
0.015082
0.011459
0.011405
0.014013
0.016595
0.015180
0.010294
0.006410
0.003027
0.001523
0.002766
0.002430
0.002390
0.004055
0.004628
0.005712
0.006052
0.004705
0.003329
-0.000536
-0.005698
-0.010946
-0.015403
-0.018055
-0.016716
-0.014249
-0.014534
-0.015485
-0.017531
-0.018018
-0.016536
-0.015321
-0.013793
-0.013091
-0.015382
-0.018523
-0.022192
-0.024076
-0.024046
-0.021341
-0.017634
-0.016438
-0.017187
-0.018291
-0.019181
-0.019574
-0.020036
-0.021135
-0.023042
-0.026616
-0.032359
-0.038763
-0.043107
-0.045311
-0.046281
-0.048322
-0.053877
-0.055293
-0.052554
-0.049667
-0.045290
-0.043760
-0.045577
-0.044151
-0.043347
-0.046574
-0.047538
-0.044692
-0.039773
-0.038443
-0.041583
-0.046298
-0.049552
-0.050768
-0.051424
-0.050297
-0.048074
-0.045730
-0.043525
-0.041754
-0.041533
-0.042001
-0.042602
-0.043085
-0.044774
-0.046794
-0.046286
-0.044037
-0.042100
-0.044333
-0.047917
-0.049587
-0.052317
-0.053361
-0.053396
-0.053561
-0.055175
-0.056788
-0.058296
-0.058602
-0.056136
-0.052905
-0.050687
-0.047174
-0.045542
-0.045722
-0.047491
-0.049082
-0.049346
-0.047762
-0.045467
-0.044276
-0.042864
-0.042554
-0.042733
-0.042028
-0.043207
-0.044501
-0.046630
-0.046858
-0.045756
-0.043518
-0.039643
-0.036207
-0.033098
-0.030149
-0.028421
-0.029724
-0.031968
-0.033687
-0.031946
-0.029249
-0.025996
-0.021668
-0.020016
-0.019540
-0.018899
-0.019310
-0.019834
-0.018745
-0.019519
-0.018950
-0.016655
-0.015662
-0.015390
-0.014508
-0.014556
-0.015570
-0.013963
-0.012048
-0.011927
-0.011417
-0.008721
-0.006240
-0.006867
-0.003986
-0.000063
0.004257
0.007912
0.009190
0.008459
0.003019
-0.003358
-0.004005
0.001021
0.007901
0.012211
0.012882
0.009682
0.006663
0.007215
0.010842
0.015489
0.019309
0.021999
0.024895
0.027755
0.028272
0.026579
0.024643
0.022860
0.023425
0.023880
0.021958
0.023186
0.025980
0.029166
0.031935
0.031322
0.030272
0.031189
0.030107
0.025997
0.023966
0.023282
0.022190
0.021203
0.020742
0.022034
0.023974
0.025566
0.026779
0.029645
0.033348
0.035969
0.039878
0.045709
0.051121
0.053734
0.053198
0.051629
0.051290
0.053512
0.056690
0.058942
0.059780
0.058482
0.058462
0.060918
0.062237
0.063824
0.065630
0.066021
0.065774
0.065617
0.064413
0.064490
0.066505
0.068336
0.066890
0.054594
0.052369
0.051951
0.052653
0.051463
0.050501
0.051972
0.055489
0.058059
0.057895
0.058001
0.059498
0.061079
0.059746
0.056201
0.053425
0.050268
0.049674
0.050367
0.049448
0.047871
0.046427
0.044914
0.043132
0.040566
0.037680
0.035583
0.035840
0.037659
0.039008
0.037962
0.036000
0.035339
0.036234
0.037365
0.038235
0.040028
0.042789
0.043459
0.042527
0.043022
0.044004
0.045187
0.044605
0.041503
0.039160
0.038305
0.038510
0.037401
0.036097
0.036116
0.035855
0.032466
0.026397
0.020451
0.017007
0.017398
0.019266
0.020515
0.019394
0.019224
0.021541
0.021949
0.020972
0.018883
0.015832
0.010492
0.004522
0.002117
0.004083
0.008106
0.009765
0.006591
0.004724
0.001366
-0.002259
-0.001856
0.001976
0.004275
0.000994
-0.002786
-0.004136
-0.004619
-0.004700
-0.004628
-0.005449
-0.006830
-0.007862
-0.009381
-0.013157
-0.016762
-0.019486
-0.020744
-0.020157
-0.020085
-0.020624
-0.020200
-0.020858
-0.022112
-0.022445
-0.022806
-0.022671
-0.021867
-0.022209
-0.021918
-0.022405
-0.024060
-0.027235
-0.029395
-0.028630
-0.026895
-0.024765
-0.024836
-0.029803
-0.036927
-0.040421
-0.040006
-0.039331
-0.039534
-0.039203
-0.040434
-0.044002
-0.047183
-0.049819
-0.051171
-0.052751
-0.055856
-0.058484
-0.058074
-0.054779
-0.050045
-0.045299
-0.043524
-0.044344
-0.046697
-0.049083
-0.049795
-0.050345
-0.052310
-0.054009
-0.053930
-0.053307
-0.054515
-0.056231
-0.057339
-0.057711
-0.057086
-0.055537
-0.055023
-0.057000
-0.058559
-0.057941
-0.056862
-0.057195
-0.058709
-0.061643
-0.064137
-0.064925
-0.064089
-0.061158
-0.061725
-0.064453
-0.068395
-0.069372
-0.068044
-0.067236
-0.063820
-0.061728
-0.062979
-0.064047
-0.062926
-0.061208
-0.060593
-0.061506
-0.063857
-0.066845
-0.065955
-0.062778
-0.059101
-0.054552
-0.052684
-0.053970
-0.055291
-0.055977
-0.054837
-0.050911
-0.046357
-0.042757
-0.038793
-0.036895
-0.040667
-0.044543
-0.047543
-0.051509
-0.056034
-0.054349
-0.047733
-0.041005
-0.035761
-0.033433
-0.035851
-0.041352
-0.044230
-0.044761
-0.041646
-0.036742
-0.033274
-0.030955
-0.029603
-0.029192
-0.029649
-0.029798
-0.029059
-0.027329
-0.024654
-0.022813
-0.020403
-0.017055
-0.015342
-0.013288
-0.009329
-0.005294
-0.002167
-0.000136
-0.001892
-0.003277
-0.001090
0.001807
0.000774
-0.000766
-0.002818
-0.005860
-0.008300
-0.009195
-0.004338
0.004476
0.011219
0.015004
0.014118
0.009339
0.003407
-0.000248
-0.003007
-0.004468
-0.002569
0.000281
0.004856
0.009666
0.012375
0.013421
0.012904
0.014056
0.017760
0.016723
0.015231
0.016643
0.018947
0.021902
0.022621
0.022201
0.021396
0.022667
0.024297
0.023158
0.020017
0.016575
0.016723
0.019862
0.024125
0.026237
0.026586
0.027004
0.025757
0.025211
0.026996
0.028369
0.031611
0.036229
0.038846
0.040816
0.041509
0.040290
0.040229
0.042608
0.044869
0.044470
0.044776
0.046098
0.049508
0.051691
0.051259
0.050807
0.050635
0.052814
0.052002
0.049756
0.049880
0.052974
0.056641
0.058200
0.067944
0.070259
0.073784
0.074647
0.068642
0.058291
0.048810
0.045480
0.049260
0.055612
0.058308
0.060824
0.066075
0.069012
0.069973
0.071319
0.068793
0.064178
0.061962
0.061867
0.062211
0.062226
0.061086
0.062851
0.064558
0.063906
0.063483
0.062188
0.060266
0.057239
0.054707
0.055607
0.057654
0.057068
0.054187
0.052411
0.050808
0.049178
0.048504
0.047629
0.046627
0.047008
0.050806
0.053064
