-0.005111
0.008067
0.003381
0.001057
0.027719
0.015517
0.002775
0.007966
0.049359
0.049975
0.050505
0.058807
0.052592
0.069998
0.071034
0.049830
0.026376
0.051987
0.064752
0.064521
0.063003
0.048319
0.046082
0.046329
0.048901
0.031022
0.051797
0.046062
0.064538
0.043805
0.056770
0.028123
0.064889
0.052771
0.055899
0.053774
0.041475
0.042807
0.041200
0.059103
0.049109
0.048005
0.030901
0.049890
0.050601
0.039576
0.043120
0.029311
0.040428
0.025364
0.044810
0.035099
0.031595
0.034904
0.029610
0.039253
0.031200
0.026940
0.026269
0.025389
0.033552
0.015145
0.028900
0.015010
0.012214
0.008708
0.025022
0.015955
0.013092
0.014406
0.032982
0.001863
0.002473
0.003011
0.007292
0.010090
-0.018863
0.012617
-0.000160
-0.001641
-0.000123
-0.021937
0.009854
-0.002008
-0.011524
-0.010811
-0.000667
0.007023
-0.012830
-0.016543
-0.009392
-0.008819
-0.015391
-0.019632
-0.009973
-0.011047
-0.021660
-0.021128
-0.018581
-0.008019
-0.008013
-0.010303
-0.017052
-0.020691
-0.020682
-0.024803
-0.027365
-0.027295
-0.044683
-0.029729
-0.038076
-0.016865
-0.036518
-0.028887
-0.033230
-0.039563
-0.020589
-0.039272
-0.033899
-0.038076
-0.037779
-0.052399
-0.033534
-0.047383
-0.063807
-0.059512
-0.058344
-0.047435
-0.042214
-0.046558
-0.058479
-0.047195
-0.060166
-0.065076
-0.049017
-0.064197
-0.056423
-0.059756
-0.065024
-0.053096
-0.068246
-0.043171
-0.047864
-0.055898
-0.055624
-0.030905
-0.054639
-0.059355
-0.043459
-0.052095
-0.053678
-0.039873
-0.058103
-0.034885
-0.053556
-0.061537
-0.064088
-0.061000
-0.042064
-0.074191
-0.064020
-0.069357
-0.076583
-0.061176
-0.067848
-0.055310
-0.060790
-0.066644
-0.054087
-0.046842
-0.043544
-0.047924
-0.063009
-0.068199
-0.054175
-0.060320
-0.053655
-0.052196
-0.038083
-0.055828
-0.049145
-0.039058
-0.055165
-0.056928
-0.051610
-0.048002
-0.050251
-0.062082
-0.044104
-0.039791
-0.043029
-0.057108
-0.027463
-0.045811
-0.036390
-0.053956
-0.039638
-0.022808
-0.043048
-0.041697
-0.022973
-0.048682
-0.056256
-0.036012
-0.042473
-0.041618
-0.040032
-0.030091
-0.012128
-0.019776
-0.022884
-0.037856
-0.035601
0.004967
-0.033511
-0.009669
-0.012091
-0.032213
0.006955
0.007124
-0.000362
-0.008714
-0.011089
-0.016139
-0.000798
-0.010945
-0.013337
0.003652
0.007259
-0.011010
-0.000563
-0.004406
-0.014653
-0.012023
-0.004405
-0.005282
-0.018163
-0.000192
0.015146
0.020239
0.008876
0.015785
0.025317
0.008168
0.022969
-0.002148
-0.001034
0.001630
0.004528
0.018921
-0.001506
0.014777
0.013428
0.019729
0.007697
0.018282
0.019629
0.033518
0.037030
0.023573
0.029944
0.027149
0.024414
0.025664
0.024215
0.024648
0.033410
0.019290
0.028633
0.041246
0.017984
0.045893
0.017777
0.024789
0.034708
0.030040
0.045603
0.028362
0.048309
0.044877
0.061160
0.043631
0.049695
0.058503
0.057007
0.053984
0.061739
0.059512
0.056670
0.054867
0.075257
0.057037
0.058122
0.072879
0.046490
0.064839
0.064403
0.064263
0.043641
0.076671
0.054156
0.049405
0.045382
0.071300
0.067941
0.072003
0.064096
0.058454
0.045938
0.052126
0.063563
0.068440
0.059313
0.067718
0.077232
0.042257
0.056570
0.060511
0.056789
0.068252
0.051075
0.068748
0.051145
0.052253
0.056988
0.066455
0.064092
0.053454
0.061589
0.052392
0.039982
0.041666
0.047812
0.044613
0.037660
0.035770
0.045692
0.040127
0.032616
0.031688
0.037289
0.032213
0.051814
0.058986
0.036787
0.043119
0.043005
0.047486
0.031899
0.029777
0.041776
0.019765
0.021317
0.030178
0.028766
0.044641
0.024819
0.028696
0.037696
0.021059
0.029976
0.024376
0.017644
0.019121
0.003113
0.018784
0.010461
0.008639
0.014641
0.020570
0.017843
0.014034
0.014001
0.007832
0.007966
-0.000765
0.005842
-0.005077
-0.006563
-0.008046
-0.005213
-0.003594
-0.006191
-0.002177
-0.013910
0.003786
-0.000395
0.004562
-0.015937
-0.012194
0.002538
-0.011888
-0.017513
-0.019449
-0.022420
-0.021329
-0.004911
-0.011184
-0.012159
-0.018731
-0.037301
-0.021123
-0.025063
-0.012023
-0.011213
-0.018691
-0.026213
-0.044033
-0.037162
-0.036471
-0.031001
-0.054429
-0.032352
-0.023113
-0.034640
-0.036423
-0.035379
-0.045861
-0.035072
-0.039765
-0.034073
-0.051858
-0.042623
-0.042216
-0.041658
-0.045297
-0.059447
-0.057484
-0.047733
-0.052771
-0.056342
-0.059623
-0.031321
-0.045736
-0.055902
-0.058375
-0.051343
-0.058385
-0.059619
-0.054634
-0.059929
-0.046837
-0.056491
-0.060626
-0.061993
-0.070465
-0.053636
-0.053172
-0.046640
-0.050711
-0.031633
-0.048715
-0.052595
-0.063992
-0.065045
-0.053844
-0.055366
-0.059359
-0.063559
-0.078269
-0.068501
-0.059612
-0.052405
-0.055312
-0.067827
-0.061989
-0.077929
-0.053168
-0.059662
-0.061754
-0.069189
-0.067286
-0.062746
-0.060300
-0.071823
-0.054063
-0.053174
-0.045857
-0.054489
-0.047712
-0.046453
-0.051592
-0.050977
-0.053229
-0.042032
-0.036218
-0.036791
-0.034873
-0.050177
-0.057122
-0.058015
-0.037128
-0.045395
-0.032454
-0.033017
-0.028136
-0.036994
-0.038450
-0.042286
-0.029642
-0.040529
-0.047733
-0.027996
-0.031472
-0.031583
-0.040682
-0.038083
-0.032150
-0.007168
-0.026647
-0.020045
-0.024532
-0.034485
-0.011744
-0.025374
-0.017811
-0.034725
-0.012827
-0.004607
-0.007470
-0.012934
-0.015561
-0.008050
0.000651
-0.002683
-0.013844
0.010798
0.007798
0.000753
-0.007436
-0.008483
-0.008150
-0.012565
0.000349
-0.002315
-0.004104
0.005540
-0.003631
0.017641
0.014910
0.005911
0.000818
0.009584
0.013664
0.009146
0.000551
0.001259
0.011371
0.012144
0.014877
0.011034
0.001897
0.029742
-0.005719
0.036590
0.006281
0.028193
0.033008
0.015113
0.022499
0.022428
0.023477
0.021013
0.016526
0.028186
0.034595
0.024791
0.025428
0.013425
0.027723
0.026505
0.023980
0.032197
0.024180
0.040839
0.035939
0.033452
0.030788
0.046279
0.054933
0.045081
0.055163
0.063204
0.061088
0.055479
0.066344
0.046173
0.057664
0.044150
0.054936
0.059298
0.059098
0.045013
0.055759
0.056203
0.048279
0.058675
0.072849
0.066324
0.060935
0.066428
0.064225
0.047743
0.056012
0.060053
0.071817
0.040733
0.060785
0.051583
0.057299
0.060114
0.047784
0.055774
0.061076
0.051026
0.046541
0.067319
0.053507
0.054352
0.056922
0.057680
0.052034
0.058471
0.061395
0.066117
0.045551
0.043083
0.056405
0.042986
0.036852
0.042788
0.052763
0.051954
0.048145
0.033616
0.030955
0.040455
0.041748
0.032879
0.034296
0.042792
0.038750
0.045674
0.030851
0.049119
0.015719
0.035512
0.035837
0.032131
0.025190
0.042014
0.038937
0.027653
0.028186
0.029641
0.030917
0.026768
0.021586
0.030324
0.031661
0.011405
0.006651
0.040399
0.029844
0.020537
0.026340
0.005877
0.002808
0.004089
0.016764
0.019661
0.004797
0.016361
-0.005683
-0.011049
-0.022703
0.005572
0.012753
0.003550
0.003011
-0.000191
0.002403
0.003518
0.004393
0.003551
-0.008992
-0.003292
-0.007974
-0.007606
-0.008856
-0.004809
-0.006662
-0.016749
-0.012594
-0.010172
-0.009155
-0.012091
-0.018661
-0.021599
-0.030559
-0.006896
-0.014653
-0.029620
-0.026586
-0.029976
-0.010837
-0.036473
-0.035751
-0.030865
-0.035148
-0.038972
-0.025072
-0.027219
-0.024097
-0.032338
-0.038517
-0.015739
-0.043707
-0.041824
-0.040938
-0.044578
-0.042493
-0.052827
-0.033158
-0.038712
-0.051971
-0.044067
-0.054422
-0.061149
-0.055102
-0.057615
-0.063918
-0.048322
-0.043330
-0.058462
-0.056081
-0.036287
-0.056585
-0.049472
-0.044767
-0.041805
-0.048827
-0.055335
-0.069615
-0.067999
-0.056930
-0.049912
-0.047883
-0.061265
-0.045637
-0.067290
-0.060750
-0.058726
-0.050450
-0.044192
-0.038578
-0.039657
-0.065933
-0.061441
-0.058313
-0.065154
-0.050820
-0.062096
-0.063490
-0.046690
-0.063601
-0.059472
-0.059212
-0.059965
-0.057404
-0.058534
-0.051418
-0.047551
-0.040096
-0.056963
-0.065680
-0.056467
-0.057337
-0.055052
-0.060945
-0.054497
-0.049126
-0.042578
-0.044721
-0.042609
-0.048836
-0.051303
-0.052017
-0.046962
-0.060258
-0.036265
-0.041219
-0.040278
-0.050084
-0.045456
-0.046574
-0.029513
-0.041361
-0.045159
-0.041478
-0.037022
-0.032412
-0.036504
-0.024872
-0.045088
-0.015464
-0.036756
-0.023589
-0.030333
-0.031922
-0.039424
-0.012292
-0.033213
-0.015560
-0.022371
-0.032308
-0.019776
-0.015090
-0.029873
0.009180
-0.008582
0.000654
-0.011924
-0.015957
0.003214
0.003381
-0.003797
0.000180
-0.003191
-0.009697
0.000014
-0.030284
-0.007470
0.002639
-0.012834
0.016395
-0.008824
0.002136
0.009820
0.011943
0.006449
0.015551
0.013898
0.012417
0.007090
0.001663
0.002070
0.009652
0.018617
0.024550
0.006921
0.014540
0.016088
-0.004034
0.031097
0.013731
0.012550
0.014777
0.015147
0.026710
0.020507
0.027545
0.017471
0.033357
0.043072
0.013123
0.031460
0.030309
0.031928
0.015924
0.029134
0.023947
0.024149
0.016391
0.039863
0.023842
0.027717
0.028830
0.033049
0.050398
0.031864
0.049592
0.047808
0.055061
0.064163
0.065173
0.057949
0.056366
0.071849
0.063480
0.053106
0.053701
0.055385
0.045902
0.052698
0.064111
0.060422
0.061803
0.050057
0.052287
0.072285
0.061986
0.073629
0.055430
0.051933
0.062258
0.074444
0.058025
0.070562
0.055471
0.067871
0.056000
0.065290
0.046020
0.070139
0.054805
0.054741
0.052288
0.042493
0.041500
0.044699
0.063560
0.051395
0.046565
0.061665
0.048245
0.051711
0.049191
0.054592
0.038237
0.047403
0.047583
0.056679
0.055388
0.049722
0.052608
0.037457
0.050297
0.040628
0.032003
0.029374
0.031876
0.026541
0.044590
0.032878
0.057179
0.021817
0.041712
0.041956
0.034298
0.035640
0.033588
0.035002
0.030611
0.033948
0.034289
0.031160
0.032940
0.028158
0.023674
0.033319
0.023676
0.014875
0.023030
0.019256
0.034792
0.027350
0.011844
0.012686
0.016357
0.023578
0.016191
0.002002
-0.000226
-0.003464
0.008573
0.002334
-0.006864
0.005505
-0.004912
-0.006971
0.004157
0.002269
0.001493
-0.009220
0.002337
-0.015628
-0.012222
-0.016846
-0.012798
-0.018097
-0.018052
-0.009495
-0.013879
-0.006457
-0.010270
-0.010810
-0.012628
-0.018374
-0.007910
-0.009796
-0.036804
-0.030697
-0.026299
-0.018600
-0.027872
-0.041638
-0.003058
-0.018833
-0.029060
-0.031805
-0.036712
-0.038163
-0.046905
-0.027096
-0.030290
-0.027390
-0.051640
-0.038615
-0.031902
-0.047423
-0.032147
-0.058295
-0.044560
-0.043663
-0.039791
-0.051871
-0.059269
-0.051044
-0.058086
-0.037887
-0.063646
-0.052592
-0.044354
-0.038318
-0.044180
-0.053659
-0.060456
-0.057316
-0.051731
-0.053557
-0.047435
-0.047354
-0.049940
-0.057079
-0.063841
-0.057721
-0.048160
-0.049264
-0.060708
-0.068625
-0.062587
-0.059553
-0.057927
-0.070893
-0.048761
-0.065533
-0.052796
-0.060142
-0.047155
-0.052088
-0.044667
-0.050827
-0.046006
-0.050216
-0.058789
-0.056154
-0.054732
-0.054347
-0.062739
-0.068606
-0.062572
-0.059202
-0.056945
-0.049157
-0.039735
-0.067325
-0.064436
-0.049486
-0.051647
-0.048230
-0.044182
-0.051836
-0.042951
-0.055235
-0.047235
-0.043956
-0.044323
-0.048755
-0.041831
-0.039669
-0.043156
-0.021901
-0.030430
-0.037142
-0.037479
-0.037302
-0.045719
-0.030592
-0.035434
-0.030870
-0.033062
-0.037550
-0.046542
-0.042587
-0.033127
-0.027599
-0.019364
-0.020953
-0.023346
-0.027365
-0.018563
-0.024361
-0.028572
-0.029013
-0.027669
-0.028127
-0.005413
-0.000321
-0.007982
-0.016265
-0.020854
-0.012185
-0.006325
-0.021057
-0.020788
-0.009294
0.002911
-0.006293
-0.002213
-0.002953
0.004562
-0.003529
0.002105
-0.001103
-0.002013
0.005370
0.008877
0.006078
-0.005687
0.023774
-0.003699
0.004191
0.005539
0.010090
0.016461
0.000819
0.009551
0.007124
0.018011
0.023709
0.026802
0.012853
0.005809
0.022866
0.024923
0.022295
0.023703
0.022900
0.024285
0.023372
0.030520
0.014875
0.024592
0.013865
0.028123
0.022767
0.033313
0.033585
0.040592
0.021857
0.021077
0.051622
0.030644
0.028060
0.033892
0.040832
0.038397
0.040161
0.035815
0.038758
0.048169
0.056252
0.055626
0.052908
0.063655
0.046159
0.055950
0.052458
0.043497
0.059271
0.048655
0.051456
0.059704
0.050002
0.045514
0.062616
0.061864
0.044010
0.059106
0.060269
0.060933
0.060766
0.054751
0.063235
0.068268
0.062977
0.054959
0.069343
0.046464
0.064858
0.069484
0.050331
0.044250
0.069913
0.038306
0.054955
0.054735
0.040091
0.043431
0.042780
0.041622
0.029838
0.048550
0.039283
0.036894
0.049334
0.033588
0.044785
0.037507
0.050389
0.030213
0.043870
0.045488
0.045494
0.045464
0.043594
0.053174
0.038604
0.044339
0.051629
0.052770
0.035411
0.027246
0.027076
0.040901
0.030359
0.039308
0.037394
0.038873
0.029368
0.026504
0.038672
0.025670
0.033652
0.041374
0.026068
0.033794
0.010393
0.024718
0.019160
0.030451
0.027245
0.021080
0.008438
0.029336
0.000552
0.018383
0.030413
0.004628
0.025552
0.004123
0.009888
0.002404
-0.010848
0.005269
0.008405
0.015448
0.000616
0.009989
-0.000323
-0.004977
-0.009396
-0.001843
-0.003093
0.002841
-0.012361
-0.010231
-0.027000
-0.007337
-0.005012
-0.003531
-0.008653
-0.020777
-0.025172
-0.016095
-0.021390
-0.018049
-0.025545
-0.022821
-0.015054
-0.026376
-0.019687
-0.030846
-0.027946
-0.024901
-0.023756
-0.041810
-0.022042
-0.020548
-0.029481
-0.020761
-0.036645
-0.021950
-0.026152
-0.029738
-0.026610
-0.032714
-0.042501
-0.010438
-0.050938
-0.036831
-0.053607
-0.033699
-0.055159
-0.053755
-0.054956
-0.054364
-0.041258
-0.053582
-0.065710
-0.067711
-0.057553
-0.054497
-0.049339
-0.069714
-0.043211
-0.044318
-0.042131
-0.049309
-0.054351
-0.038859
-0.059686
-0.058938
-0.039839
-0.056415
-0.053609
-0.035113
-0.045519
-0.073566
-0.047586
-0.047638
-0.056628
-0.051922
-0.048389
-0.048362
-0.058078
-0.054755
-0.045369
-0.050372
-0.048287
-0.055792
-0.059843
-0.057649
-0.058103
-0.060601
-0.055965
-0.052847
-0.053755
-0.068869
-0.048364
-0.047181
-0.072273
-0.062363
-0.052101
-0.045938
-0.055094
-0.050229
-0.054485
-0.043923
-0.054505
-0.055371
-0.056031
-0.041007
-0.043697
-0.048955
-0.040179
-0.051018
-0.048007
-0.043743
-0.055148
-0.040363
-0.046338
-0.033322
-0.048623
-0.039930
-0.038243
-0.030430
-0.035542
-0.024802
-0.038067
-0.019408
-0.017312
-0.016407
-0.035763
-0.026664
-0.041391
-0.027228
-0.022538
-0.015135
-0.033428
-0.027222
-0.019881
-0.011991
-0.012836
-0.022334
-0.025042
-0.027200
-0.030061
-0.016712
-0.018427
-0.013543
-0.007742
0.000585
0.009113
-0.005147
-0.003156
-0.010135
0.002607
0.009652
0.002438
-0.007165
-0.011384
0.005101
0.009315
0.002809
0.001764
0.006045
-0.002114
0.000416
0.013426
-0.000325
0.014605
0.008506
0.007730
0.008270
0.015214
0.020101
0.013226
0.018820
0.026773
0.004359
0.008236
0.027278
0.022847
0.021215
0.024590
0.017202
0.023980
0.028601
0.027111
0.018352
0.032059
0.025161
0.012584
0.026675
0.028794
0.027215
0.029812
0.043230
0.018521
0.028694
0.024519
0.019364
0.023707
0.043735
0.024420
0.046502
0.042112
0.047015
0.050842
0.045007
0.049732
0.045658
0.045253
0.063179
0.067029
0.067459
0.040769
0.059674
0.044342
0.064187
0.057887
0.044896
0.053106
0.048039
0.052776
0.051806
0.069207
0.063539
0.067071
0.069634
0.043631
0.052598
0.046802
0.059728
0.052672
0.065553
0.058674
0.055668
0.055060
0.044470
0.051153
0.047213
0.048622
0.058150
0.054715
0.047028
0.058176
0.053092
0.041514
0.050393
0.066053
0.039485
0.049425
0.065783
0.046589
0.045079
0.047001
0.049486
0.047820
0.045756
0.061984
0.035038
0.052386
0.041981
0.049614
0.056612
0.041984
0.047548
0.035720
0.039326
0.046300
0.038312
0.027247
0.036821
0.045765
0.025192
0.058069
0.058608
0.053715
0.024720
0.036248
0.033931
0.039295
0.019459
0.022795
0.036688
0.035398
0.021418
0.020204
-0.000665
0.009988
0.014236
0.018621
0.007460
0.015653
0.008607
0.027654
0.003045
0.012618
0.010293
0.004730
-0.001843
-0.002587
0.003854
0.018583
0.017435
0.011371
0.002505
0.001933
-0.002111
-0.003629
0.002538
0.002572
0.011101
-0.003934
-0.006158
-0.013001
-0.015498
-0.010370
-0.012900
-0.012217
-0.013973
-0.025967
-0.015022
-0.013134
-0.023579
0.004899
-0.027399
-0.019708
-0.011285
-0.011284
-0.025641
-0.004268
0.000080
0.002133
-0.014961
-0.029477
-0.022374
-0.017287
-0.020592
-0.031936
-0.030439
-0.025742
-0.031059
-0.028363
-0.022323
-0.017950
-0.032554
-0.042998
-0.041672
-0.047688
-0.050977
-0.043585
-0.050962
-0.054751
-0.055641
-0.044577
-0.070455
-0.057384
-0.043287
-0.047987
-0.047760
-0.034951
-0.030953
-0.053351
-0.041753
-0.051806
-0.049072
-0.040568
-0.036792
-0.047007
-0.049541
-0.055602
-0.053274
-0.053476
-0.062313
-0.053986
-0.046804
-0.063816
-0.042796
-0.059533
-0.048044
-0.049989
-0.052051
-0.040409
-0.058470
-0.055911
-0.048431
-0.049114
-0.070789
-0.062089
-0.060526
-0.047261
-0.060286
-0.064057
-0.061711
-0.064192
-0.063798
-0.041584
-0.066646
-0.040943
-0.048367
-0.069617
-0.040036
-0.048990
-0.057400
-0.044279
-0.064138
-0.044307
-0.039171
-0.036764
-0.039619
-0.056672
-0.047179
-0.056078
-0.048198
-0.047924
-0.042609
-0.049757
-0.034008
-0.042730
-0.044335
-0.040547
-0.031229
-0.036866
-0.041532
-0.034097
-0.042224
-0.021330
-0.031271
-0.031279
-0.028733
-0.029001
-0.019230
-0.028849
-0.024265
-0.025777
-0.031771
-0.038946
-0.045824
0.001191
-0.035478
-0.013984
-0.013530
-0.004129
-0.014518
-0.017146
-0.003525
0.002134
-0.012359
-0.008789
-0.003091
0.001999
0.003484
-0.021398
-0.006703
0.005641
0.013597
-0.003736
-0.003124
0.010495
-0.000866
0.011944
0.005641
0.009348
0.012078
0.005910
0.000449
0.006517
-0.003460
0.003213
0.023881
0.005776
0.021080
0.013898
0.010899
0.006113
0.017408
0.000480
0.026952
0.025631
0.015414
0.025022
0.003820
0.016762
0.028735
0.033552
0.012921
0.024453
0.026945
0.022020
0.030988
0.017811
0.033790
0.024751
0.031727
0.026308
0.034153
0.038581
0.022833
0.028634
0.027115
0.028088
0.035500
0.036043
0.024556
0.040286
0.044478
0.044433
0.058085
0.049602
0.048178
0.044745
0.072654
0.040463
0.036596
0.035670
0.055095
0.049329
0.038005
0.064026
0.051316
0.059014
0.068066
0.054196
0.061048
0.054965
0.050681
0.067223
0.070826
0.067580
0.049428
0.070316
0.049476
0.065248
0.036780
0.059526
0.054618
0.065869
0.058608
0.048854
0.050269
0.056170
0.054163
0.047365
0.076079
0.057800
0.065881
0.052071
0.045551
0.051927
0.065859
0.053238
0.055578
0.065027
0.048325
0.056949
0.052498
0.048980
0.044473
0.054893
0.061083
0.042849
0.049718
0.033276
0.033651
0.023875
0.036945
0.027830
0.028168
0.040155
0.028433
0.037218
0.029909
0.035803
0.031494
0.039275
0.044341
0.042693
0.040663
0.037395
0.042125
0.042343
0.036825
0.033582
0.014685
0.041097
0.021722
0.032406
0.021047
0.021586
0.000179
0.001394
0.001829
0.029081
0.004798
0.004697
0.011340
0.006348
0.028869
0.005472
0.009618
0.012920
-0.008316
0.013597
-0.011181
-0.010977
-0.008376
0.010831
-0.014653
-0.010507
-0.006024
-0.000223
-0.019507
0.010865
-0.006905
-0.019075
0.004123
-0.005446
-0.024972
-0.019099
-0.008981
-0.022214
-0.025166
-0.015932
-0.015551
-0.025516
-0.026982
-0.019003
-0.030961
-0.008620
-0.010166
-0.017104
-0.018797
-0.014894
-0.015905
-0.016710
-0.032852
-0.025514
-0.027547
-0.032321
-0.026616
-0.019507
-0.017619
-0.034743
-0.032389
-0.028337
-0.052658
-0.049593
-0.041412
-0.044682
-0.065793
-0.053041
-0.043305
-0.033045
-0.052910
-0.058597
-0.046875
-0.051299
-0.058581
-0.059608
-0.046256
-0.048604
-0.052531
-0.047632
-0.055140
-0.056764
-0.043588
-0.050271
-0.058301
-0.042870
-0.049787
-0.051121
-0.049830
-0.056288
-0.053172
-0.050632
-0.050488
-0.057136
-0.060289
-0.059722
-0.049064
-0.045775
-0.042843
-0.053672
-0.042964
-0.057747
-0.055239
-0.041956
-0.062111
-0.059396
-0.053434
-0.066479
-0.052617
-0.059665
-0.063840
-0.052844
-0.070026
-0.062800
-0.052026
-0.062922
-0.060914
-0.051188
-0.061965
-0.065828
-0.074888
-0.045829
-0.044628
-0.054160
-0.062207
-0.044011
-0.044971
-0.051407
-0.050321
-0.048894
-0.040230
-0.038150
-0.052757
-0.055786
-0.041877
-0.030826
-0.033593
-0.058268
-0.049315
-0.039953
-0.038801
-0.038751
-0.031784
-0.027682
-0.021431
-0.032793
-0.032793
-0.014885
-0.004335
-0.029004
-0.029050
-0.016505
-0.022968
-0.031003
-0.029457
-0.024890
-0.014851
-0.031392
-0.018804
-0.004877
-0.020149
-0.015528
0.003010
-0.000155
-0.024526
-0.001167
-0.002853
-0.007368
-0.012132
-0.015095
-0.009295
0.000113
0.004662
-0.017679
0.000213
0.008708
0.001729
-0.008512
0.001494
0.007191
0.011842
0.008573
0.007022
0.005405
0.007899
0.009146
0.018686
0.013762
0.011708
0.017643
0.006112
0.016360
0.022765
0.004935
0.020201
0.008101
0.012685
0.017033
0.006314
0.011000
0.012146
0.025831
0.015720
0.020742
0.027654
0.017976
0.019569
0.024649
0.029918
0.027118
0.036986
0.030113
0.030580
0.014606
0.034499
0.019461
0.023137
0.029095
0.035230
0.032195
0.022126
0.040190
0.047442
0.039752
0.046601
0.053104
0.055605
0.064028
0.067088
0.062946
0.056179
0.050241
0.046192
0.050392
0.071061
0.053936
0.057448
0.076966
0.058532
0.055154
0.036241
0.053793
0.067558
0.058441
0.049183
0.055151
0.058957
0.061769
0.045053
0.055524
0.067053
0.066399
0.041815
0.064708
0.064779
0.062839
0.050108
0.060933
0.053443
0.057064
0.062407
0.062665
0.059114
0.056278
0.042203
0.039080
0.055500
0.046164
0.033527
0.049361
0.044135
0.062576
0.065987
0.060537
0.058200
0.028626
0.039410
0.053463
0.044240
0.034902
0.039319
0.033788
0.044945
0.045459
0.029439
0.041607
0.036921
0.035878
0.045008
0.016160
0.047271
0.038887
0.039552
0.032839
0.038309
0.026131
0.050031
0.045377
0.025696
0.034368
0.020947
0.018957
0.016967
0.019088
0.018653
0.015211
0.010967
0.016526
0.018383
0.026131
0.033927
0.012820
0.006045
0.006651
0.002842
0.004460
0.008472
-0.002714
0.018146
0.005168
0.003518
-0.000055
0.017813
-0.002515
-0.000393
0.012853
-0.006428
0.006854
-0.005684
-0.010406
-0.014970
-0.011079
-0.016603
-0.013777
0.005270
-0.007039
-0.016106
-0.002552
-0.004705
-0.018932
-0.000664
-0.016210
-0.051448
-0.043917
-0.029690
-0.025480
-0.035831
-0.020992
-0.022303
-0.025304
-0.025069
-0.022396
-0.005787
-0.020247
-0.015056
-0.030551
-0.020977
-0.021570
-0.029939
-0.033887
-0.016502
-0.037400
-0.031588
-0.050867
-0.046555
-0.045527
-0.064088
-0.045586
-0.041952
-0.052704
-0.049323
-0.041960
-0.043254
-0.065383
-0.046436
-0.047902
-0.055379
-0.057997
-0.056778
-0.047930
-0.050561
-0.042531
-0.052190
-0.036470
-0.040829
-0.042630
-0.051871
-0.052551
-0.058753
-0.055623
-0.058309
-0.049717
-0.050454
-0.054551
-0.048199
-0.050213
-0.052385
-0.052265
-0.057057
-0.045364
-0.074600
-0.067202
-0.052037
-0.048466
-0.055229
-0.070892
-0.071419
-0.072161
-0.064923
-0.058861
-0.070453
-0.064677
-0.065944
-0.062741
-0.058722
-0.057345
-0.043133
-0.052247
-0.047019
-0.055682
-0.053779
-0.055909
-0.050198
-0.049271
-0.057282
-0.050616
-0.051401
-0.040815
-0.050223
-0.048632
-0.038250
-0.034003
-0.058612
-0.043802
-0.048595
-0.039408
-0.030033
-0.030938
-0.031233
-0.048149
-0.031510
-0.034331
-0.036693
-0.029603
-0.042044
-0.018197
-0.029144
-0.029938
-0.043486
-0.019911
-0.013164
-0.039262
-0.030734
-0.033399
-0.009865
-0.006601
-0.006628
-0.017652
-0.010771
-0.014046
-0.009400
-0.023320
-0.021756
-0.014412
-0.016720
-0.009022
-0.007002
-0.006050
-0.007268
-0.003669
-0.003262
-0.002181
-0.003801
0.001056
0.005709
-0.003728
0.010090
0.016226
0.005068
0.009315
0.004057
-0.000091
0.005336
0.004563
0.000383
0.029439
-0.006355
0.012752
0.011337
0.011236
0.001392
0.023063
0.019224
0.016696
0.001899
0.024893
0.021349
0.023105
0.021722
0.009551
0.037929
0.017036
0.034871
0.029706
0.017033
0.038679
0.034024
0.024390
0.041971
0.041342
0.025425
0.023506
0.021482
0.017979
0.021281
0.026304
0.040727
0.027089
0.045764
0.052184
0.055883
0.020941
0.045353
0.051075
0.034662
0.032205
0.037735
0.045220
0.072377
0.068662
0.054403
0.053227
0.059641
0.033757
0.038094
0.070090
0.054352
0.057069
0.059577
0.059489
0.059856
0.057479
0.065183
0.059172
0.067656
0.049558
0.039517
0.056438
0.035264
0.045105
0.065333
0.058465
0.034932
0.036862
0.049279
0.052778
0.060966
0.052766
0.057209
0.061561
0.051221
0.059279
0.048753
0.045740
0.052240
0.056802
0.047447
0.053420
0.057733
0.030580
0.036892
0.052971
0.038613
0.044985
0.045280
0.043732
0.040195
0.043842
0.047505
0.036824
0.030476
0.032473
0.039958
0.038737
0.029373
0.049400
0.037727
0.031422
0.029808
0.035500
0.053199
0.039155
0.032240
0.036419
0.031023
0.044628
0.025490
0.026847
0.014740
0.029066
0.010359
0.021920
0.020297
0.017644
0.019497
0.030081
0.019363
0.023468
0.005742
0.015012
0.003312
0.007764
-0.005990
-0.000296
0.008067
0.016156
0.010561
0.004731
0.012146
-0.001675
0.001590
-0.000123
-0.002719
-0.000530
-0.000596
-0.014315
0.005168
0.003787
-0.016886
-0.004436
0.000722
0.002707
-0.010875
-0.014650
0.003988
-0.007787
-0.012123
-0.012527
-0.004070
-0.021868
-0.012192
-0.026535
-0.019719
-0.020348
-0.019036
-0.020954
-0.010606
-0.010540
-0.019415
-0.031114
-0.031336
-0.024329
-0.007473
-0.021972
-0.033814
-0.018290
-0.030896
-0.025097
-0.032552
-0.018030
-0.021636
-0.033662
-0.034303
-0.022134
-0.039801
-0.034746
-0.029374
-0.050851
-0.059573
-0.042474
-0.050831
-0.042837
-0.061127
-0.050443
-0.052361
-0.054959
-0.053164
-0.058393
-0.042155
-0.037386
-0.035256
-0.045677
-0.055182
-0.043144
-0.055737
-0.040141
-0.056566
-0.051766
-0.032123
-0.060399
-0.055533
-0.041284
-0.048899
-0.045693
-0.040946
-0.062413
-0.046645
-0.057598
-0.062535
-0.063739
-0.052215
-0.052515
-0.048305
-0.050069
-0.050650
-0.063274
-0.063396
-0.066976
-0.068220
-0.075204
-0.055454
-0.048955
-0.067388
-0.055516
-0.062385
-0.082740
-0.047377
-0.041278
-0.071299
-0.044320
-0.043940
-0.046272
-0.056587
-0.054568
-0.051381
-0.035577
-0.063320
-0.051124
-0.066867
-0.054832
-0.047741
-0.035593
-0.044009
-0.024095
-0.055227
-0.059059
-0.061263
-0.029783
-0.030226
-0.032699
-0.036433
-0.025708
-0.027386
-0.034636
-0.050091
-0.037604
-0.035310
-0.038216
-0.024293
-0.022780
-0.020157
-0.029272
-0.020389
-0.022300
-0.036906
-0.020861
-0.017557
0.009989
-0.021430
-0.007842
-0.005887
-0.023644
-0.012599
-0.010813
-0.003796
-0.009834
-0.012833
0.008337
-0.015968
0.018619
-0.005446
-0.010125
-0.014217
-0.000664
-0.001239
-0.006360
-0.004166
-0.008452
-0.011042
-0.002552
0.003483
0.018958
0.006550
0.005909
0.024650
0.014405
0.006652
0.024690
0.011337
0.014337
0.023002
0.022024
0.016763
0.007494
0.024110
0.026606
0.021621
0.023638
0.031934
0.012687
0.010359
0.014135
0.044140
0.031433
0.030279
0.021146
0.032483
0.003550
0.027892
0.037740
0.035476
0.018991
0.018855
0.018822
0.021420
0.028567
0.042488
0.022599
0.028492
0.033552
0.044333
0.046962
0.034255
0.026370
0.056230
0.044013
0.040355
0.037261
0.039964
0.056783
0.065736
0.049297
0.046083
0.059098
0.050351
0.059802
0.062163
0.059349
0.055361
0.055419
0.051863
0.051186
0.052166
0.060049
0.063999
0.051825
0.066248
0.050212
0.044401
0.059315
0.054856
0.046313
0.054929
0.069087
0.063368
0.058162
0.069713
0.050160
0.039175
0.051277
0.052429
0.042890
0.053969
0.050889
0.063255
0.059779
0.057058
0.051380
0.052302
0.051998
0.041673
0.042791
0.042453
0.049665
0.045616
0.060244
0.038172
0.058638
0.043134
0.035033
0.026776
0.031429
0.043461
0.023707
0.040399
0.043358
0.045447
0.041715
0.040942
0.042311
0.043659
0.041498
0.031462
0.031301
0.045183
0.031695
0.037394
0.017168
0.014740
0.024181
0.000312
0.027246
0.027754
0.030797
0.035581
0.028018
0.017980
0.012247
0.027251
0.010999
0.030180
0.017738
0.003382
0.008809
0.001291
0.002977
0.018716
0.014944
0.014574
-0.008009
-0.006023
0.000719
-0.010540
0.003448
0.003853
-0.012938
0.005573
0.002506
-0.004638
0.008337
-0.006057
-0.004141
-0.003330
-0.023349
-0.016934
-0.027664
-0.023126
-0.024186
-0.005753
-0.020853
-0.027327
-0.019721
-0.032699
-0.012731
-0.019464
-0.019264
-0.014384
-0.021925
-0.033259
-0.026080
-0.038159
-0.021762
-0.029289
-0.010673
-0.020626
-0.026788
-0.026281
-0.024870
-0.025376
-0.023750
-0.027550
-0.029679
-0.033750
-0.043177
-0.052520
-0.053919
-0.048042
-0.051226
-0.050304
-0.063568
-0.078280
-0.038550
-0.054033
-0.048473
-0.037776
-0.061924
-0.056040
-0.031814
-0.060980
-0.063638
-0.040267
-0.039738
-0.031782
-0.059682
-0.056930
-0.062565
-0.052075
-0.055790
-0.057098
-0.046609
-0.050053
-0.045874
-0.046203
-0.044688
-0.052128
-0.046488
-0.050479
-0.047351
-0.059165
-0.052095
-0.042630
-0.044074
-0.046163
-0.068950
-0.053193
-0.054270
-0.069116
-0.048172
-0.063564
-0.055859
-0.071499
-0.058477
-0.070331
-0.056131
-0.051695
-0.053346
-0.055593
-0.038249
-0.061706
-0.048369
-0.064420
-0.049741
-0.054917
-0.042592
-0.049433
-0.049900
-0.042805
-0.053846
-0.045261
-0.044532
-0.059302
-0.045726
-0.063566
-0.038489
-0.053956
-0.036432
-0.037639
-0.037631
-0.032625
-0.031103
-0.035017
-0.046393
-0.037985
-0.041920
-0.019714
-0.036597
-0.018131
-0.020487
-0.032576
-0.021098
-0.024366
-0.028503
-0.023896
-0.016871
-0.037611
-0.008897
-0.021391
-0.021870
-0.021022
-0.014932
-0.026080
-0.021799
-0.006024
-0.020384
-0.019477
-0.012157
-0.002852
-0.012803
-0.021741
0.016797
-0.009870
0.016729
-0.001337
0.004157
-0.004743
-0.025979
-0.012597
0.008236
0.014135
0.015079
0.003483
0.002032
-0.011922
0.005202
0.011102
0.018585
0.017577
0.017878
0.018923
0.027485
0.025293
0.015960
0.015350
0.017472
0.014236
0.029236
0.011539
0.009584
0.036084
0.020171
0.035205
0.025535
0.015583
0.028601
0.031764
0.011674
0.009720
0.026910
0.013799
0.015788
0.014270
0.017000
0.024683
0.020640
0.022836
0.022361
0.037265
0.032158
0.032640
0.048793
0.053060
0.051711
0.044162
0.040737
0.044235
0.050265
0.059235
0.055672
0.054817
0.052330
0.045012
0.063086
0.062877
0.052462
0.067652
0.059793
0.058498
0.059798
0.060826
0.052341
0.068365
0.066158
0.064552
0.046980
0.056498
0.053614
0.062170
0.057582
0.046055
0.059567
0.063821
0.070327
0.059274
0.055972
0.067806
0.067899
0.067069
0.050204
0.053616
0.056447
0.044657
0.066652
0.050676
0.049125
0.048748
0.049060
0.045445
0.043862
0.037311
0.037760
0.038712
0.048245
0.045581
0.043078
0.032205
0.039046
0.042045
0.045610
0.041701
0.044141
0.050911
0.053001
0.039147
0.045648
0.053512
0.047774
0.053774
0.038659
0.036684
0.045132
0.042754
0.046093
0.031899
0.042993
0.042049
0.037095
0.019664
0.017304
0.016934
0.023642
0.031798
0.025596
0.025054
0.013124
0.033391
0.032279
0.016966
0.025085
0.013595
0.015114
-0.004338
0.003081
0.013360
0.021317
0.020472
0.006045
-0.006699
0.020035
-0.017215
0.007225
0.011000
0.020948
-0.000091
-0.014260
0.003075
0.001595
-0.000631
0.000482
-0.000585
-0.006229
-0.004743
-0.004272
-0.010776
-0.022668
-0.012766
-0.020919
-0.012023
-0.012396
-0.019879
-0.016875
-0.011717
-0.025006
-0.017218
-0.017222
-0.020618
-0.015225
-0.015839
-0.023748
-0.010814
-0.027141
-0.021562
-0.035752
-0.019370
-0.018234
-0.019412
-0.015540
-0.030965
-0.046875
-0.044517
-0.027679
-0.029887
-0.036866
-0.037225
-0.031142
-0.047363
-0.048970
-0.044693
-0.050818
-0.043574
-0.056597
-0.059418
-0.055117
-0.043439
-0.040303
-0.035232
-0.034766
-0.047247
-0.044154
-0.051033
-0.045869
-0.042307
-0.049887
-0.055348
-0.048832
-0.045233
-0.049127
-0.059231
-0.052059
-0.054807
-0.051365
-0.049845
-0.046382
-0.056004
-0.062063
-0.051009
-0.048258
-0.052278
-0.058385
-0.058485
-0.067437
-0.058803
-0.059171
-0.053983
-0.046638
-0.077012
-0.060119
-0.079728
-0.048120
-0.066121
-0.060442
-0.043904
-0.066830
-0.065186
-0.057827
-0.050692
-0.056217
-0.058346
-0.063029
-0.066639
-0.068322
-0.043845
-0.055968
-0.044411
-0.042067
-0.056766
-0.056508
-0.050208
-0.052775
-0.041323
-0.033976
-0.036235
-0.034922
-0.024389
-0.040571
-0.058178
-0.036150
-0.053125
-0.054782
-0.061559
-0.020172
-0.032042
-0.024862
-0.028980
-0.032518
-0.050085
-0.048804
-0.032597
-0.041117
-0.017323
-0.027793
-0.026324
-0.025167
-0.025338
-0.026560
-0.028204
-0.023181
-0.021987
-0.017309
-0.014124
-0.020248
-0.006159
-0.007675
-0.014584
0.000584
0.004931
0.003685
0.005235
0.004595
-0.014251
0.010124
0.012922
0.009349
-0.011919
0.009922
-0.011210
-0.004306
-0.007845
-0.000564
0.027512
0.025763
0.017000
0.020946
0.000957
0.000956
-0.004238
0.008202
-0.007842
0.005707
0.012383
0.007663
0.025323
0.016794
0.016497
0.016023
0.012215
0.030074
0.031483
-0.002924
0.031421
0.024320
0.029959
0.031702
0.018348
0.028161
0.020675
0.040228
0.024354
0.019059
0.015178
0.016223
0.034927
0.031492
0.038752
0.022800
0.032463
0.031330
0.021282
0.036182
0.038072
0.030317
0.052528
0.045696
0.041220
0.050418
0.040040
0.039532
0.051184
0.055801
0.048746
0.040058
0.058280
0.050137
0.069998
0.046703
0.053514
0.054968
0.055062
0.070048
0.035389
0.058603
0.057648
0.072225
0.062190
0.060021
0.066087
0.074428
0.076613
0.059418
0.034222
0.032309
0.033995
0.055908
0.064974
0.062204
0.042960
0.071263
0.073760
0.057392
0.067819
0.069950
0.043030
0.055463
0.060493
0.060586
0.057320
0.056866
0.050229
0.076449
0.051225
0.057067
0.059848
0.050382
0.053378
0.041981
0.051767
0.062165
0.054053
0.042357
0.041839
0.051309
0.039150
0.044775
0.044357
0.039386
0.041274
0.047973
0.063148
0.038105
