0.002102
-0.000424
0.005067
0.014403
-0.013270
-0.002955
-0.003292
0.002775
0.003719
0.002167
-0.002955
0.001426
-0.008145
-0.019746
-0.015663
-0.005314
-0.021570
-0.007179
-0.018759
-0.022232
-0.013752
-0.012834
-0.009390
-0.019137
-0.025078
-0.010775
-0.015770
-0.017993
-0.024009
-0.007037
-0.024323
0.007966
-0.011075
-0.019578
-0.007809
-0.017483
-0.013811
-0.012251
-0.011920
-0.017619
-0.001813
-0.016704
-0.020770
-0.017781
0.002473
-0.007805
-0.014379
-0.002925
-0.011417
0.000212
-0.006765
0.016359
-0.011483
-0.005351
-0.009497
-0.005452
-0.013379
-0.013906
-0.010943
-0.003997
0.000179
-0.007773
0.007663
-0.008379
-0.000597
-0.008482
-0.005921
-0.002247
0.007224
-0.001980
-0.002822
-0.000093
0.005102
0.002134
0.003181
0.003146
0.004663
-0.002212
0.001661
-0.005686
0.001158
-0.002788
0.011202
-0.006052
0.005066
-0.000023
-0.002825
-0.002549
0.007528
0.007798
0.001663
0.004798
-0.006830
0.017638
0.009989
0.013967
0.022425
0.017035
0.001591
0.032045
0.034194
0.031225
0.032243
0.021182
0.014235
0.017473
-0.006328
-0.028913
-0.018864
-0.019951
-0.036053
-0.033240
-0.047235
-0.044060
-0.042534
-0.039158
-0.042638
-0.018097
-0.025337
-0.014347
-0.007507
0.002675
0.023912
0.009112
0.019327
0.018443
0.019192
0.000042
0.000721
0.001324
0.000584
0.000616
0.014405
0.011946
0.003853
0.021590
0.011000
0.007933
0.008977
-0.009803
0.012315
0.015955
0.019631
0.023545
0.030152
0.027958
0.031127
0.026204
0.020165
0.041199
0.055186
0.048321
0.041136
0.025397
0.037378
-0.009763
-0.008724
-0.008213
-0.006598
-0.021869
-0.028027
-0.020415
-0.022240
-0.016542
-0.023620
-0.029959
-0.018572
-0.017758
0.002270
0.019562
0.024889
0.025765
0.001796
0.011876
-0.002250
-0.002049
0.008169
-0.021306
-0.011586
-0.004267
-0.009565
-0.016945
0.004023
0.000044
0.002305
0.003988
-0.007102
0.006381
0.008371
0.004293
-0.003932
0.004797
-0.012766
-0.000255
0.016662
0.000045
-0.008216
-0.000966
-0.010275
-0.003733
0.004124
-0.008758
-0.006496
-0.003862
-0.003388
-0.006562
-0.008617
0.004157
0.009045
-0.000967
-0.003396
-0.017625
-0.011371
-0.002514
-0.001004
-0.009264
0.005168
-0.002011
-0.001945
0.001123
0.009686
0.007056
0.001187
0.003213
-0.004236
0.003348
0.003652
-0.000392
-0.004268
-0.004336
0.004764
-0.006361
-0.008922
-0.003461
0.002404
0.003887
-0.000901
-0.003091
0.002337
-0.010307
-0.001304
0.002507
-0.000288
-0.008322
0.006921
-0.001541
0.021888
0.024346
0.026369
0.009281
0.005640
-0.021368
-0.028982
-0.024625
-0.030869
-0.029386
-0.025337
-0.034441
-0.030134
-0.027461
-0.041517
-0.041559
-0.038411
-0.052474
-0.022508
-0.016871
-0.030216
-0.010097
-0.017150
-0.026797
-0.033623
-0.011688
-0.034345
-0.005890
-0.019652
-0.027183
0.002098
0.001595
0.007798
0.019798
0.042687
0.026304
0.029808
0.026138
0.005910
0.007326
-0.013105
-0.006092
-0.019234
0.002335
0.004428
-0.001673
-0.006865
0.015044
-0.003459
0.015147
0.015383
0.012551
0.004527
0.019631
0.017204
0.010697
-0.005517
-0.011078
0.000044
-0.000123
-0.020334
-0.003830
-0.012148
-0.008214
-0.016343
-0.015832
-0.014454
-0.003256
-0.006157
-0.011826
-0.009695
-0.023614
-0.025414
-0.002216
-0.011819
-0.005147
-0.008854
-0.006594
-0.004913
0.001730
-0.005349
-0.000632
-0.006560
0.001158
0.012280
-0.005985
0.008438
0.002673
-0.001100
0.003754
-0.013442
-0.012744
-0.017425
-0.010769
-0.027086
-0.006231
-0.005549
-0.000835
-0.003798
-0.006829
-0.027005
0.001396
-0.006326
-0.002652
-0.006427
-0.002349
0.001493
0.002944
0.006045
-0.003562
0.007090
-0.017819
0.004259
-0.006004
-0.001438
0.006450
-0.000903
-0.007368
0.002911
-0.005683
-0.002820
0.002178
0.007764
-0.000391
0.013259
0.000011
-0.002249
-0.016297
-0.010710
-0.002181
-0.013171
0.002270
-0.007642
0.004831
0.010831
0.010696
-0.001607
0.002541
-0.002989
-0.007880
-0.016442
-0.009057
-0.005081
0.011742
-0.002047
-0.005956
0.007292
0.013193
0.012249
0.006584
0.003786
0.012687
0.023507
0.011135
0.005101
-0.004809
-0.015828
-0.015327
-0.024763
-0.020713
-0.022843
-0.035945
-0.041409
-0.045238
-0.034170
-0.030226
-0.034712
-0.020214
-0.011517
-0.000426
-0.018257
-0.018425
-0.000898
0.002640
-0.010002
0.016089
0.014539
0.009685
0.007494
0.021923
0.019157
0.019397
0.008101
0.008371
0.004326
-0.004136
-0.001603
0.010967
0.019162
0.013697
0.000515
0.022464
0.001798
0.010832
0.015181
0.008640
0.036621
0.038470
0.040434
0.029032
0.041380
0.038232
0.051045
0.042040
0.027682
0.040033
0.037438
0.017572
0.002303
0.003046
-0.017211
-0.017690
-0.016640
-0.010508
-0.011142
-0.019840
-0.037439
-0.007980
-0.023929
-0.012498
-0.007136
0.006146
-0.005721
0.007090
0.011168
0.007090
0.005472
0.010595
-0.008720
0.012079
-0.005381
-0.006560
-0.006291
0.002378
0.013698
0.007258
0.004360
0.015553
0.005168
0.000248
-0.001403
-0.001303
0.004899
0.001963
0.005842
-0.011090
-0.010338
0.006719
0.001563
-0.004405
-0.004369
-0.000292
0.001124
-0.016971
-0.009727
-0.012128
-0.008650
0.003045
-0.000227
0.002201
0.002505
-0.000731
0.006247
0.002810
0.003483
0.002842
-0.003397
0.002340
0.003415
-0.015722
0.002234
0.001934
-0.000966
-0.013335
-0.016709
-0.021561
-0.013175
-0.006360
0.006079
0.009146
-0.019403
-0.012425
-0.008955
-0.005010
0.002438
-0.004307
0.002808
-0.002011
-0.002585
0.001223
0.006955
-0.006868
0.012787
-0.005719
-0.002717
0.003178
0.008101
0.008539
0.006584
0.005742
0.008337
0.009820
0.009786
0.006180
0.007528
-0.003835
-0.017787
-0.012798
-0.010273
-0.031673
-0.043139
-0.027794
-0.020285
-0.028888
-0.032181
-0.027235
-0.030701
-0.033823
-0.015758
-0.020011
-0.011353
-0.019339
-0.030786
-0.022310
-0.022909
-0.023824
-0.030486
-0.013708
-0.016747
0.012819
0.014102
0.018181
0.021142
0.028586
0.045621
0.019563
0.010966
-0.005044
-0.009421
-0.002145
-0.013987
-0.000058
-0.012975
0.014069
0.015347
0.017707
0.011910
0.006011
-0.007304
-0.013134
-0.001609
-0.015324
-0.023825
-0.012230
-0.004576
-0.006023
0.003180
-0.008993
-0.004407
-0.003091
-0.007810
-0.019033
-0.021089
-0.002345
-0.009057
-0.014927
-0.009498
-0.002791
-0.018301
-0.018942
0.003753
-0.006428
-0.009159
-0.017995
-0.005953
-0.016613
-0.030401
-0.002989
-0.012563
-0.016202
-0.023376
-0.023539
-0.033457
-0.020043
-0.028945
-0.026651
-0.029954
-0.025201
-0.013841
-0.030326
-0.029246
-0.026759
-0.032386
-0.020859
-0.025174
-0.022076
-0.029539
-0.008110
0.002135
0.001157
-0.001710
0.002338
0.005102
-0.010740
0.003179
-0.002852
-0.017991
-0.018050
-0.015663
-0.002312
-0.008207
-0.006395
0.011979
0.005708
-0.003699
-0.012839
-0.011116
0.001595
-0.000021
-0.007171
-0.005783
-0.006970
-0.009666
-0.023280
0.000181
0.001157
-0.018298
0.010764
-0.004980
-0.010570
-0.005759
0.005337
-0.012900
0.011438
-0.004506
-0.010141
-0.006322
-0.012665
-0.016605
-0.004946
-0.001943
-0.017747
-0.002213
0.006112
-0.006696
-0.010774
-0.007106
0.002573
0.025295
0.024346
0.027080
0.027920
0.017304
0.046693
0.026873
0.021753
0.018989
0.041035
0.022995
0.028859
0.030085
0.017842
0.034932
0.034361
0.029345
0.033925
0.048477
0.046233
0.021716
0.035910
0.011439
0.017842
-0.011282
-0.016874
-0.036354
-0.031572
-0.059972
-0.052979
-0.055631
-0.035058
-0.036451
-0.005415
-0.013948
0.009416
0.010528
0.007966
0.001832
0.014505
0.015385
-0.001511
0.013903
0.008607
0.006618
0.013631
0.011235
0.012247
0.020707
0.014069
0.016834
0.025598
0.022967
0.033481
0.022797
0.022126
0.029006
0.034287
0.034535
0.014809
0.036995
0.032064
0.022156
0.033408
0.035776
0.037566
0.019192
0.013764
0.000549
-0.017448
-0.019244
-0.012091
-0.026090
-0.006427
-0.014678
-0.019443
-0.011212
-0.006568
-0.006360
-0.007875
0.006955
0.007629
-0.001335
-0.003463
0.008539
-0.011251
-0.004472
0.011943
0.000486
0.010023
-0.003632
-0.008181
-0.003631
-0.000497
0.000957
-0.018730
0.006955
-0.003664
-0.000293
-0.014957
-0.007235
-0.015023
-0.005650
-0.002115
0.017202
-0.001100
0.001328
-0.002482
-0.016949
-0.000058
-0.008820
-0.017284
0.004562
-0.011385
-0.011857
0.006584
0.003180
-0.011887
-0.002885
-0.010639
-0.011180
-0.010940
-0.003529
0.003247
0.000452
-0.015831
-0.012627
0.006922
0.003786
-0.016024
-0.000696
-0.009565
0.002742
-0.010807
-0.017550
-0.018528
-0.006457
0.004293
-0.001673
-0.002486
0.001123
-0.000328
0.002167
0.010966
-0.004405
0.005472
-0.013442
0.008944
0.014842
0.016598
0.013226
0.015416
0.023096
0.005540
0.011337
0.013764
0.006584
-0.004203
-0.014782
-0.028641
-0.021773
-0.023957
-0.022300
-0.028650
-0.026384
-0.041995
-0.019071
-0.031562
-0.023919
-0.024169
-0.015066
-0.032449
-0.001236
-0.020644
-0.011075
-0.032836
-0.019606
-0.023590
-0.022039
-0.026543
-0.007139
-0.009055
0.028998
0.034897
0.039522
0.023773
0.022291
0.030380
-0.003427
0.009112
-0.009800
-0.004540
-0.024760
-0.000392
-0.002518
0.005236
0.016698
0.014673
0.008674
0.007460
-0.001573
-0.001942
-0.013966
-0.021868
-0.021791
-0.010672
-0.005720
-0.006086
-0.004640
-0.011248
-0.002823
0.001260
0.004123
-0.017889
-0.002545
-0.007374
-0.017149
-0.010742
-0.024756
-0.012898
0.001934
-0.031190
-0.000054
-0.018357
-0.020019
-0.019770
-0.013062
-0.018499
-0.033979
-0.023283
-0.006832
-0.008449
-0.000122
-0.017686
-0.025174
-0.026754
-0.021628
-0.030909
-0.035016
-0.033389
-0.031363
-0.050904
-0.026580
-0.033488
-0.025774
-0.026724
-0.018835
-0.023025
0.000853
0.002705
0.006584
0.007022
0.019998
0.000448
0.014306
0.002606
-0.000022
0.004865
-0.017047
-0.013937
-0.008512
-0.002313
0.009584
-0.004942
0.014000
-0.003899
0.002639
0.004595
0.008404
-0.002716
-0.000223
-0.005042
-0.001102
-0.004205
-0.003361
-0.005884
-0.011422
-0.006595
0.006113
-0.018228
-0.007172
0.009113
-0.003129
-0.002212
-0.006432
-0.001676
-0.002318
-0.011415
-0.010541
-0.013341
-0.015421
0.001528
-0.015830
0.002001
-0.012598
-0.014147
0.000650
-0.007739
-0.020821
0.001898
0.001968
0.015888
0.019529
0.022763
0.021693
0.022292
0.027953
0.039791
0.028697
0.033125
0.027318
0.035578
0.034033
0.040634
0.038069
0.056525
0.051850
0.045024
0.039393
0.051917
0.048760
0.024920
0.031459
0.020710
-0.005988
-0.034328
-0.037107
-0.044013
-0.053913
-0.046246
-0.047103
-0.045116
-0.039331
-0.031768
-0.016987
-0.002790
0.014103
0.020132
0.011842
0.021316
0.015416
0.012382
0.008371
0.003783
0.005538
0.008876
0.014877
0.012145
0.004764
0.010258
0.022863
0.022692
0.017437
0.032473
0.036615
0.038814
0.033047
0.035439
0.038069
0.040694
0.031489
0.018651
0.035027
0.028625
0.033119
0.026408
0.014369
0.004426
0.010933
-0.001574
-0.022221
-0.029457
-0.028240
-0.023113
-0.013569
0.002507
-0.010907
0.008270
-0.002785
0.013426
0.000047
0.002674
-0.009398
0.002843
-0.019209
-0.008218
-0.010474
-0.014450
0.002744
-0.005117
-0.010313
-0.000661
-0.019141
-0.017757
0.008236
0.003887
-0.014250
-0.003121
0.010528
0.007393
-0.001810
-0.006530
0.000045
-0.015658
0.003854
-0.001847
-0.003293
-0.000967
0.001965
-0.001439
-0.013921
0.009888
-0.003462
0.008270
0.006079
0.008472
-0.008688
-0.017282
0.005977
-0.009359
0.006315
0.009618
0.011100
-0.000358
0.008505
-0.017490
-0.000156
-0.002247
0.000283
-0.003426
-0.007102
-0.018024
0.009517
-0.007267
-0.010541
-0.006326
0.004394
-0.013237
0.013461
0.000286
-0.004677
0.000279
-0.002654
-0.008452
-0.011519
-0.004271
-0.008987
0.012821
0.027110
0.029608
0.023103
0.014303
0.009045
0.019059
0.017774
0.014371
-0.011822
-0.006421
-0.030827
-0.037535
-0.022709
-0.036903
-0.017218
-0.021586
-0.024429
-0.039710
-0.026182
-0.024971
-0.026508
-0.037460
-0.006090
-0.021965
-0.031447
-0.008280
-0.020416
-0.017312
-0.010105
-0.013570
-0.023217
-0.000357
0.008101
0.024115
0.008809
0.013392
0.011843
0.017204
0.015015
-0.001503
-0.005319
-0.001943
-0.012701
0.003382
-0.003191
-0.017575
0.000281
0.001426
0.004123
0.003483
0.005000
-0.000089
0.001056
-0.027559
-0.014723
-0.000427
-0.008050
-0.018632
0.005809
-0.002007
-0.003632
-0.015831
-0.002009
-0.021258
-0.023989
-0.019744
-0.014650
-0.005720
-0.009762
-0.004742
0.004967
-0.022585
-0.009020
-0.031475
-0.017247
-0.033273
-0.019304
-0.034780
-0.038711
-0.036537
-0.018555
-0.031876
-0.033733
-0.040448
-0.036368
-0.039771
-0.038968
-0.031893
-0.015909
-0.015224
-0.025038
0.004494
0.011237
0.018352
0.002405
0.011335
0.002000
-0.006630
0.009011
0.017102
-0.001137
-0.004640
0.011842
0.006854
0.000547
0.018548
0.018787
0.015819
-0.003594
-0.013268
-0.006763
0.024793
0.010258
0.002674
-0.005079
0.005067
0.001293
0.001259
0.003718
-0.000293
-0.003965
-0.009530
-0.007341
0.005809
0.008708
-0.001304
-0.003358
-0.001172
0.006956
-0.000933
-0.008860
-0.028339
-0.004374
0.005943
0.007798
0.005135
0.010192
-0.010641
0.000148
-0.012663
-0.007576
0.007730
-0.019344
0.006820
-0.001641
0.012954
-0.006971
-0.015225
-0.017821
-0.018838
-0.009934
0.010561
0.004831
-0.003828
0.003484
0.016997
0.010326
0.001728
0.021684
0.035029
0.024356
0.036932
0.037404
0.041913
0.036924
0.054709
0.038581
0.058051
0.059840
0.058812
0.061075
0.041929
0.047344
0.044658
0.039847
0.032469
0.015080
-0.013808
-0.024923
-0.042021
-0.046597
-0.063364
-0.056103
-0.051733
-0.047200
-0.051263
-0.029592
-0.018999
-0.016098
-0.003596
0.012011
0.017101
0.025832
0.019458
0.026261
0.018383
-0.000664
0.001190
0.000413
-0.004203
-0.002247
0.000989
0.009922
0.010528
0.015212
0.008573
0.019189
0.019932
0.023540
0.023872
0.027655
0.025660
0.024617
0.024855
0.002876
0.041366
0.017474
0.022964
0.024044
0.004493
-0.002414
-0.010333
-0.013068
-0.011923
-0.020965
-0.018309
-0.006225
-0.009666
-0.025441
-0.021360
-0.002552
0.027386
0.007494
0.007191
0.004630
-0.004914
-0.004538
-0.008926
-0.007870
-0.008450
-0.006600
0.006247
0.010426
0.013159
-0.002148
0.004191
-0.002649
0.004595
-0.004711
-0.000594
0.008000
-0.002516
0.003012
0.000517
0.007056
-0.014249
-0.001369
0.009450
-0.007378
0.002977
0.003450
0.005303
-0.007374
0.000986
0.005067
0.000887
-0.000561
-0.021476
-0.010574
0.006146
-0.001338
0.004460
0.002673
-0.001100
0.002268
0.004493
-0.006125
-0.011385
-0.003259
-0.001271
0.000146
0.001798
0.004460
0.013259
-0.005852
-0.001910
0.004630
-0.003224
-0.008755
-0.013232
-0.002956
-0.012294
0.000482
-0.007979
-0.011786
0.014809
-0.009733
0.002708
-0.006055
0.013831
-0.000156
0.005607
0.006045
0.005100
0.006247
0.016191
-0.001474
-0.009562
0.000012
-0.000900
-0.022039
-0.032646
-0.032896
-0.011890
-0.038464
-0.029855
-0.024904
-0.020828
-0.031806
-0.017661
-0.034458
-0.043349
-0.022271
-0.032181
-0.017108
-0.025846
-0.024196
-0.027095
-0.033274
-0.002785
-0.004878
-0.002487
0.004360
0.015889
0.019160
0.031128
0.034561
0.033257
0.022663
0.015280
0.016360
-0.016375
-0.010306
-0.008281
-0.006934
-0.010472
0.005775
0.005944
0.014203
0.013359
0.008337
0.008101
-0.003799
-0.031028
-0.022480
-0.015520
-0.012290
-0.004604
-0.010746
-0.010679
-0.005990
0.004564
-0.010845
-0.016904
-0.002485
-0.007543
-0.012532
-0.009125
-0.011013
-0.004943
-0.008250
-0.007678
-0.009024
-0.014851
-0.025570
-0.025501
-0.011423
-0.033924
-0.013781
-0.029739
-0.028949
-0.027598
-0.015494
-0.012025
-0.018928
-0.033731
-0.029653
-0.025128
-0.054343
-0.028677
-0.016581
-0.027938
-0.039959
-0.018565
-0.017629
-0.014384
0.013192
-0.003227
0.005639
0.013564
0.021553
-0.002553
0.001966
-0.003225
-0.000430
-0.014047
0.004968
-0.000463
-0.004946
0.003820
-0.005281
0.000143
-0.003601
-0.011076
-0.003493
-0.000866
0.005136
0.004966
-0.000428
0.002774
0.006281
-0.002618
-0.014219
-0.021673
-0.009631
0.009348
0.000280
0.003787
-0.007404
-0.013652
-0.014149
0.009348
0.008944
0.000416
0.003551
0.000182
-0.004406
-0.006733
0.005169
-0.016199
0.005270
0.001594
-0.001676
-0.003731
-0.013239
0.000045
0.006213
-0.004642
0.001090
0.003685
0.009213
0.000855
0.012111
0.021584
0.034055
0.023806
0.019394
0.018991
0.024652
0.029915
0.029442
0.048382
0.041500
0.040858
0.033760
0.044381
0.050127
0.051320
0.042525
0.030860
0.062900
0.043539
0.034124
0.024749
0.001765
-0.031295
-0.031969
-0.043881
-0.034167
-0.039718
-0.064677
-0.067490
-0.054913
-0.022105
-0.023409
-0.021124
-0.006964
-0.001002
0.011303
-0.001408
0.003787
0.017844
0.003348
0.023837
0.008135
-0.009663
-0.000428
0.028665
0.030279
0.029874
0.019729
0.006348
0.016797
0.028357
0.025772
0.032539
0.029606
0.034020
0.025760
0.039583
0.015519
0.026097
0.029375
0.037385
0.024181
0.040780
0.021214
0.019866
0.001189
-0.018937
-0.019678
-0.021291
-0.023052
-0.014919
-0.017547
-0.002517
0.003282
0.008337
0.003517
-0.004907
0.008607
0.008135
0.007899
-0.007540
-0.014391
0.004427
-0.001539
-0.011754
-0.020243
-0.015249
-0.016877
-0.016028
0.000649
0.002101
0.004663
0.017540
-0.006394
-0.003228
-0.023458
0.005977
-0.011517
-0.010434
-0.010408
0.008404
0.007090
-0.001745
-0.000864
-0.000764
0.006112
0.012146
-0.012196
-0.015657
-0.010871
-0.018354
-0.003901
0.005404
-0.014922
0.002338
0.002237
-0.000460
0.001933
-0.008650
0.010697
0.000689
0.009819
-0.000495
0.003348
-0.006760
0.020676
-0.006966
-0.016138
-0.004237
-0.003800
0.001125
-0.001709
-0.003937
0.013594
0.001122
0.002065
-0.000562
0.004494
-0.002620
-0.017453
0.001057
-0.004337
-0.011783
-0.010876
-0.006225
-0.012499
-0.003730
-0.000562
0.008438
-0.011277
-0.008384
0.013426
-0.015530
0.002742
-0.002015
-0.011794
-0.021068
-0.019003
-0.016533
-0.027426
-0.024226
-0.022331
-0.022512
-0.047352
-0.037572
-0.030436
-0.020181
-0.014782
-0.028471
-0.037146
-0.026353
-0.028906
-0.031770
-0.020019
-0.021321
-0.019007
-0.024295
-0.003531
-0.004440
-0.011953
-0.005413
0.019190
0.015452
0.042174
0.041376
0.026705
0.014509
0.024857
-0.000561
-0.013036
-0.013911
0.006820
0.006381
0.006686
0.010124
0.006719
0.011506
-0.019777
-0.008281
-0.003970
0.000450
-0.001779
0.003753
-0.007205
0.006786
-0.007741
-0.008448
-0.009432
-0.027226
-0.017311
-0.005039
-0.011981
-0.003458
-0.015219
-0.012123
-0.011582
-0.004037
-0.004539
-0.012359
-0.019203
-0.014576
-0.012020
-0.021841
-0.003430
-0.004844
-0.014019
-0.020315
-0.023453
-0.013849
-0.022608
-0.026427
-0.022131
-0.035359
-0.023217
-0.017418
-0.012221
-0.013304
-0.016913
-0.033422
-0.021591
-0.010803
-0.025163
-0.023448
-0.018054
-0.031054
-0.014258
-0.025051
-0.005617
-0.019514
-0.019531
0.004090
0.005711
0.005607
0.001394
-0.012631
-0.012802
-0.004843
0.010832
-0.006635
-0.008683
0.008506
0.005135
-0.012391
-0.002516
-0.001204
-0.001641
0.008775
0.003044
-0.000697
-0.004672
-0.008421
-0.009371
-0.005989
0.003551
0.018830
0.000484
-0.007610
0.006955
-0.009255
0.010898
0.007595
-0.003531
0.000752
-0.000461
0.000789
-0.003730
-0.009125
-0.007338
0.003011
0.000923
-0.009259
0.001764
-0.007917
-0.004711
-0.015972
-0.012119
0.000988
-0.000291
0.003216
0.005977
0.023100
0.020539
0.020095
0.021083
0.023098
0.039183
0.012786
0.025092
0.024414
0.047796
0.047808
0.042830
0.044582
0.056375
0.040021
0.039019
0.049955
0.039623
0.044166
0.039754
0.030248
-0.008922
-0.025309
-0.035955
-0.063981
-0.063688
-0.063320
-0.056681
-0.047185
-0.049064
-0.048632
-0.018757
-0.016910
0.009113
-0.001505
0.000887
0.016866
0.012786
0.017138
0.014507
0.011707
-0.003868
-0.005140
-0.001474
0.008405
0.011777
0.022393
0.018686
0.019867
0.040695
0.030289
0.046667
0.038636
0.037839
0.034714
0.035376
0.034493
0.020951
0.021786
0.022599
0.032208
0.030019
0.014269
0.009719
-0.006697
-0.017820
-0.021999
-0.019208
-0.019330
-0.024738
-0.000968
-0.006625
-0.014284
-0.001674
0.008843
-0.005081
0.006618
0.019056
0.000111
0.003214
-0.023189
-0.018834
-0.012975
-0.003359
0.017973
-0.005281
-0.002010
0.010595
0.000616
-0.005891
-0.015530
0.009011
0.007764
-0.001540
-0.012702
-0.003125
0.001260
-0.000426
0.003281
-0.001303
0.010967
-0.013398
-0.008117
-0.002685
0.008539
0.009045
-0.009227
-0.010677
0.008472
-0.005111
0.002540
0.002877
-0.009025
0.004933
-0.002862
0.006753
0.001695
-0.005143
0.009281
-0.001469
-0.002553
0.003078
0.006820
0.007393
-0.013040
-0.002446
-0.003224
0.010359
-0.002246
0.008674
0.006078
0.001156
0.006887
-0.011078
0.002976
0.002338
-0.008349
0.010663
-0.007710
0.002541
0.002708
-0.007778
-0.009123
-0.013404
-0.005652
0.005607
0.010798
-0.000833
-0.001270
0.007158
0.008809
-0.000295
-0.009936
-0.005349
-0.003326
0.009179
-0.011144
-0.009695
-0.004910
-0.002651
-0.032994
-0.029589
-0.032951
-0.035719
-0.032891
-0.024697
-0.028914
-0.013097
-0.031967
-0.031230
-0.028080
-0.015905
-0.027795
-0.021260
-0.032239
-0.022402
-0.028276
-0.030159
0.013765
0.009348
-0.000560
0.028556
0.026036
0.018415
0.013057
0.018921
0.010528
0.003415
0.013597
0.000179
0.007427
0.008809
0.006281
0.011607
0.015247
-0.006872
-0.002550
-0.022636
-0.016100
-0.000861
-0.017654
-0.008415
-0.002380
-0.002049
0.002169
-0.016884
-0.012625
-0.012525
-0.013839
-0.007945
-0.012735
-0.005415
-0.019639
-0.011893
-0.011992
-0.018230
-0.013039
-0.008482
-0.003655
-0.012971
-0.012901
-0.010108
-0.009866
-0.020175
-0.005419
-0.021533
-0.012454
-0.021529
-0.036196
-0.013779
-0.008557
-0.012866
-0.017349
-0.025541
-0.018431
-0.014814
-0.009700
-0.021793
-0.022062
-0.024791
-0.025341
-0.030229
-0.031613
-0.013675
-0.016675
-0.019875
-0.022136
-0.004303
0.009753
0.009584
0.006719
0.009146
0.009382
0.003616
-0.004742
-0.002684
-0.007222
-0.008917
-0.009561
-0.004302
0.006685
-0.013512
-0.003329
0.000077
-0.000428
0.003113
0.002067
0.016828
-0.000697
0.004327
0.003820
0.007461
-0.003969
-0.001943
-0.000158
-0.009802
0.009854
0.013630
0.011777
0.001801
0.002034
-0.002856
0.002103
0.004798
-0.009502
-0.000223
-0.009899
-0.016739
-0.008922
0.001663
-0.004808
-0.004878
-0.009033
-0.012697
-0.003863
-0.007237
-0.006055
-0.000295
0.014372
0.009045
-0.000796
0.006416
0.009787
0.023848
0.049452
0.045556
0.034902
0.019969
0.037266
0.041981
0.034798
0.041371
0.049901
0.034015
0.048890
0.035034
0.045079
0.056526
0.055577
0.035412
0.030628
0.016121
-0.016030
-0.005516
-0.018774
-0.053362
-0.054715
-0.060165
-0.055996
-0.039857
-0.021189
-0.027020
-0.005286
-0.016407
-0.013850
0.001592
0.005405
0.008405
-0.002923
0.006685
0.006685
0.006685
0.030757
0.004460
0.010359
0.022329
0.029852
0.018180
0.038138
0.031398
0.027014
0.030646
0.043228
0.033824
0.033957
0.035366
0.032259
0.046798
0.038311
0.051884
0.016832
0.035407
0.004089
0.006753
-0.019541
-0.007541
-0.039051
-0.003328
-0.001304
-0.003529
-0.008351
-0.016984
-0.002245
-0.007371
0.014269
0.010662
-0.003092
-0.001913
-0.012393
0.000347
0.008607
-0.019003
-0.013334
-0.005550
0.001256
0.001292
0.003720
0.021651
-0.021195
0.004831
-0.011273
-0.011484
0.009618
-0.007507
-0.004540
-0.002954
-0.002955
-0.002277
0.005437
0.008169
-0.002179
0.007191
-0.012834
-0.010941
-0.007100
-0.002556
0.012347
-0.002418
0.001326
0.012582
-0.016377
-0.012495
0.008607
-0.007709
-0.010979
-0.001035
-0.001641
0.003111
0.008067
0.003045
0.002237
0.010157
-0.014189
0.001695
0.000485
0.000889
-0.001544
-0.007000
-0.004575
-0.001738
-0.002077
-0.004411
0.000987
0.003954
0.012653
-0.008383
0.006383
-0.003054
0.001124
-0.001776
0.003382
0.004122
-0.004369
0.008405
-0.005858
-0.001571
0.000855
0.000112
-0.009455
0.017941
0.007629
0.003348
0.014406
-0.002682
-0.012257
-0.010875
-0.007741
-0.042140
-0.031171
-0.026795
-0.025142
-0.024569
-0.031029
-0.027605
-0.026895
-0.038378
-0.013841
-0.027062
-0.025508
-0.037124
-0.031430
-0.021094
-0.035715
-0.037776
-0.036220
-0.021261
-0.014719
-0.021630
-0.009830
0.001120
0.004831
0.030412
0.025737
0.053968
0.018114
0.041166
0.006618
0.002606
-0.001237
-0.008048
0.001461
-0.001369
-0.003736
-0.003391
-0.005955
0.010899
0.004529
-0.005011
-0.000124
-0.004132
-0.001506
-0.004240
-0.003059
-0.021121
-0.001778
0.001191
-0.000965
-0.015492
-0.005786
-0.017045
-0.017579
-0.018051
-0.014819
-0.010372
-0.002348
-0.005082
-0.009152
-0.017356
-0.013948
-0.019102
-0.011279
-0.035112
-0.004137
-0.005250
0.001831
-0.025360
-0.015552
-0.017749
-0.029559
-0.025753
-0.017794
-0.034598
-0.020083
-0.031982
-0.037919
-0.024468
-0.034201
-0.032384
-0.023185
-0.029393
-0.038988
-0.033297
-0.029977
-0.006967
-0.030296
-0.015457
0.008809
-0.001507
0.013460
-0.003357
-0.007674
-0.005817
0.000281
0.002807
0.007562
-0.000799
0.005067
-0.030380
-0.005514
0.011270
-0.008244
-0.005920
0.001664
0.002708
0.007158
0.004830
-0.010240
0.010326
-0.019345
0.004462
-0.003089
-0.006697
-0.000802
0.009719
0.004326
0.005302
0.017169
-0.010942
-0.005212
0.002372
-0.009897
0.008034
-0.006709
-0.011043
0.011371
0.007359
-0.004709
0.006652
-0.011488
0.008977
0.000447
0.006686
0.010696
0.007697
-0.006157
0.003079
0.009045
0.006381
0.014034
0.009989
0.011776
0.013798
0.021248
0.014813
0.012047
0.023472
0.019327
0.019157
0.038741
0.031125
0.043979
0.036593
0.049156
0.029946
0.051521
0.050716
0.048060
0.050199
0.043930
0.039277
0.052866
0.034974
0.001763
-0.013236
-0.029651
-0.059751
-0.060432
-0.064614
-0.067051
-0.050986
-0.057888
-0.025009
-0.005722
0.003685
0.003616
0.003618
0.013224
0.009348
-0.011354
0.006787
-0.000831
-0.001468
0.004833
-0.004475
0.015245
0.014574
0.033043
0.031127
0.015923
0.033315
0.030523
0.038306
0.048479
0.042182
0.031259
0.032571
0.034495
0.017674
0.034328
0.027686
0.027084
0.016121
0.010460
0.009854
-0.012027
-0.011312
-0.016202
-0.034495
0.002944
0.000651
-0.004035
-0.018926
-0.014544
0.018515
-0.003800
-0.004069
0.010629
0.000584
0.005877
-0.009190
0.007393
0.001055
-0.011178
-0.008518
-0.004000
-0.004203
-0.003903
-0.002347
0.000113
0.011371
0.000213
0.001595
0.004225
-0.004373
0.004596
0.007326
-0.014627
-0.013544
-0.010908
-0.000527
0.000988
-0.007207
-0.001102
0.005371
-0.002110
0.007225
-0.006127
-0.009830
-0.013807
-0.002214
0.009618
0.013495
0.014711
-0.011276
0.005033
-0.005246
0.000044
0.006044
0.006314
-0.001943
-0.010171
0.012247
-0.002719
0.022524
0.000482
0.003550
0.003619
-0.000125
-0.005821
-0.002446
0.011135
-0.004776
0.015313
0.004564
-0.018330
0.013967
-0.010411
0.009618
-0.004031
-0.010137
-0.014817
0.004325
-0.001237
0.000683
-0.008757
-0.013517
0.009955
0.002741
-0.015659
0.005134
-0.015288
0.006449
-0.009834
-0.012565
-0.016268
0.009719
-0.022130
-0.026785
-0.026998
-0.012896
-0.034542
-0.030133
-0.018357
-0.041755
-0.016543
-0.019210
-0.024189
-0.027933
-0.022216
-0.027334
-0.033064
-0.034688
-0.025949
-0.017150
-0.018632
-0.019543
-0.027068
-0.018906
-0.020420
0.009180
0.016291
0.019394
0.028020
0.031862
0.037962
0.030887
0.025020
-0.010343
-0.012694
-0.015800
-0.004948
0.005134
0.005540
0.019833
0.006787
-0.005887
0.004830
-0.013537
-0.020278
-0.004171
0.003584
-0.009200
-0.006059
-0.002282
0.017845
0.015821
-0.006733
-0.004406
-0.017820
-0.002722
-0.011414
-0.013510
-0.002248
-0.005760
-0.006699
-0.030917
-0.033003
-0.031914
-0.008187
-0.021748
-0.013199
-0.005617
-0.011417
-0.025272
-0.013030
-0.009938
-0.009295
-0.017957
-0.009027
-0.019403
-0.019512
-0.017185
-0.024055
-0.017554
-0.022138
-0.044721
-0.018426
-0.029279
-0.026959
-0.029287
-0.033540
-0.013707
-0.041385
-0.038757
-0.020922
-0.018763
-0.029793
0.007157
0.009854
-0.000361
-0.007139
-0.003662
-0.000561
-0.006761
0.005843
-0.004240
-0.002619
-0.001067
-0.003056
-0.014313
0.017302
0.003213
-0.012299
0.008236
-0.007911
-0.008119
-0.002992
0.006854
-0.007105
0.005168
0.003786
0.000082
-0.001236
-0.006792
0.005944
-0.018690
-0.014621
-0.002890
-0.006693
-0.003326
-0.003766
-0.000662
-0.012697
0.003550
-0.005349
-0.005050
-0.008284
0.004662
-0.001708
0.019157
0.000417
-0.004675
0.000753
-0.002657
-0.003060
-0.007708
0.000655
0.007258
-0.007209
-0.002347
0.010225
0.021483
0.020472
0.030595
0.025048
0.025023
0.046315
0.045913
0.042723
0.039138
0.056135
0.042754
0.036491
0.055896
0.042120
0.046693
0.058205
0.050137
0.035809
0.038106
-0.014925
-0.011549
-0.006253
-0.015052
-0.035232
-0.055246
-0.060410
-0.067199
-0.057146
-0.064103
-0.027320
-0.029183
-0.013705
-0.006191
0.002943
0.002842
0.002404
-0.001469
-0.013436
0.009382
0.004089
0.001696
0.012382
0.019597
0.024587
0.025797
0.020339
0.025498
0.036116
0.040839
0.041071
0.033484
0.027486
0.029779
0.039686
0.045519
0.025054
0.026814
0.026841
0.024046
0.043606
0.019089
-0.010337
-0.006594
-0.005044
-0.010639
-0.032234
-0.008688
-0.007747
-0.002857
-0.008281
-0.007240
-0.008992
-0.007237
0.005708
0.013125
-0.001106
-0.005929
-0.003936
0.012247
-0.008112
0.001864
-0.000122
-0.002146
0.006584
-0.005853
0.006382
0.003349
-0.004061
-0.011559
-0.004675
0.007191
-0.003397
0.003686
-0.005086
0.008236
-0.001438
0.004359
0.007124
0.006785
0.006955
-0.002787
-0.003530
0.006922
-0.000496
-0.002550
-0.010678
-0.000528
0.002234
-0.007406
0.002945
0.010933
0.008067
0.003585
0.002673
-0.004604
0.012618
-0.000803
0.005843
-0.002316
-0.008011
-0.013044
0.001494
-0.014855
-0.001507
0.008607
0.011405
0.014337
-0.001032
-0.007813
-0.010681
-0.006189
0.016497
0.001023
-0.009225
0.000921
-0.000495
-0.002382
-0.003967
-0.007273
-0.002382
0.005303
-0.006361
-0.004780
-0.005383
0.002438
0.009618
-0.003192
-0.006905
0.008034
-0.006565
-0.000495
0.006550
-0.008258
-0.007712
-0.010775
-0.022235
-0.031100
-0.031671
-0.030263
-0.031479
-0.012398
-0.027160
-0.024508
-0.018390
-0.022716
-0.021359
-0.032956
-0.032768
-0.027696
-0.016680
-0.033770
-0.030631
-0.035046
-0.013671
-0.012999
-0.014322
-0.024430
-0.022344
-0.014204
-0.000056
0.002943
0.032367
0.043151
0.034456
0.035882
0.019157
0.007056
0.001461
-0.007351
-0.010774
-0.000933
0.015820
0.007865
0.005843
0.007697
-0.002785
-0.014188
-0.018294
-0.013920
-0.012059
-0.029395
-0.004572
-0.001676
-0.000965
-0.012164
-0.012660
-0.006261
-0.004708
-0.020819
-0.005786
-0.014851
-0.005551
-0.020686
-0.007541
-0.024599
-0.035489
-0.035989
-0.035097
-0.011282
-0.022040
-0.023927
-0.012200
-0.022405
-0.023003
-0.021732
0.005270
-0.026790
-0.034837
-0.023750
-0.030216
-0.028838
-0.036130
-0.039458
-0.035378
-0.035502
-0.056321
-0.021428
-0.002315
-0.004537
-0.006154
0.017103
0.020573
0.001764
0.005371
0.005877
0.004224
0.007326
0.009551
0.014940
0.006281
-0.000289
0.004595
0.004157
-0.004708
0.009551
0.010495
0.022126
0.008876
0.007258
0.009989
-0.006428
-0.011551
0.003753
0.010764
-0.004406
0.005606
-0.002049
-0.011348
-0.010366
0.003888
-0.013882
0.001258
0.004362
0.002910
-0.002418
-0.008921
0.002473
-0.007440
-0.009496
0.001191
-0.001202
-0.008885
0.004359
-0.008317
0.001524
-0.002660
-0.000765
0.001594
-0.001945
0.006081
0.005910
-0.000698
-0.011353
-0.003764
-0.012086
0.004427
0.005573
0.002000
0.010461
0.004932
0.007258
0.007225
0.043568
0.025801
0.034301
0.036011
0.028461
0.037504
0.043927
0.036727
0.026886
0.054011
0.038606
0.041909
0.063907
0.037840
0.036734
0.049662
0.039482
0.035371
-0.045417
-0.046134
-0.048462
-0.030822
-0.053730
-0.056466
-0.062252
-0.047121
-0.047650
-0.034540
-0.033132
-0.021866
-0.006835
0.003551
0.001899
0.009516
0.012115
0.014506
0.003718
0.002100
0.011708
0.017711
0.004730
0.003080
0.021955
0.018687
0.023200
0.024386
0.048241
0.046062
0.041879
0.022967
0.026375
0.026952
0.030185
0.026411
0.040326
0.031599
0.030420
0.029240
-0.010025
0.005169
-0.001134
-0.006324
-0.018527
-0.007978
-0.002213
0.002875
-0.007066
0.000349
0.007798
-0.007773
0.001326
0.015855
-0.008347
-0.000462
0.009450
0.014099
0.014034
0.006584
-0.008923
-0.009057
0.003282
0.000147
-0.012600
0.006483
-0.019569
0.005877
-0.015764
-0.007475
0.001358
0.006382
-0.002014
0.003854
-0.005112
0.008506
-0.005953
-0.003834
0.000485
0.004697
0.002271
-0.016402
0.010258
0.006955
0.011034
0.002842
0.006213
-0.001374
-0.015834
0.001088
0.000181
-0.005689
0.000180
0.006685
0.000818
0.011775
0.007427
-0.004264
0.002776
0.007730
0.003146
-0.000967
0.000146
0.006989
0.003887
-0.001813
-0.003394
-0.009263
0.009382
0.003348
0.006955
-0.012900
0.003954
0.002641
-0.007406
0.000518
-0.004643
-0.018701
0.002605
-0.006457
-0.006460
-0.008349
-0.003395
-0.011108
0.010797
-0.005856
0.001796
0.005236
0.005033
-0.000833
0.012921
-0.014783
0.007629
-0.008995
-0.006427
-0.004174
-0.007603
-0.019796
-0.032190
-0.021217
-0.017290
-0.048096
-0.032694
-0.041582
-0.041222
-0.026453
-0.037780
-0.052796
-0.050328
-0.042382
-0.031832
-0.049259
-0.033221
-0.036915
-0.044425
-0.039039
-0.015667
-0.021126
-0.018766
-0.026253
-0.001102
0.043494
0.039964
0.032721
0.021285
0.032620
0.039465
0.027316
0.029507
0.016392
-0.008889
0.013257
-0.001304
-0.008081
-0.007913
-0.013038
-0.017726
-0.015666
0.002439
0.002468
0.021451
0.014438
0.012551
0.009855
-0.017993
-0.007339
0.021515
-0.000829
0.011167
-0.002179
-0.004239
-0.000867
-0.003792
-0.012295
-0.005147
-0.008216
-0.009493
-0.013875
-0.006599
0.000582
-0.012762
-0.008756
0.000179
0.005404
0.002202
-0.004507
0.003484
0.000215
-0.009803
-0.001238
-0.001436
-0.004473
-0.012871
-0.006834
0.004224
0.000582
-0.003157
-0.010205
0.015114
0.004495
0.003720
0.006921
-0.002011
0.007865
-0.007069
-0.005114
-0.002516
-0.004203
0.005606
