-0.004264
-0.005674
0.002323
0.015180
0.050567
0.116556
0.190444
0.257169
0.350091
0.502759
0.714696
0.977867
1.275894
1.603749
1.963492
2.330809
2.660864
2.951259
3.237760
3.543981
3.873283
4.207980
4.528314
4.828562
5.113766
5.376535
5.625675
5.876513
6.146800
6.433198
6.728076
7.010311
7.287133
7.575788
7.875450
8.183157
8.484038
8.767094
9.031790
9.296520
9.571754
9.851993
10.118718
10.372851
10.630436
10.888491
11.141731
11.379882
11.603170
11.809855
12.010252
12.214287
12.416159
12.614590
12.807581
13.000421
13.194653
13.381978
13.557490
13.721011
13.881771
14.034052
14.177603
14.311559
14.426988
14.520232
14.606850
14.697607
14.787857
14.875113
14.975427
15.077773
15.158123
15.212941
15.251172
15.285763
15.300599
15.302201
15.305659
15.307536
15.307149
15.287539
15.259466
15.239514
15.217145
15.183249
15.145891
15.122055
15.103584
15.070227
15.021016
14.964540
14.901079
14.824891
14.742248
14.662535
14.579382
14.484837
14.380952
14.281370
14.197280
14.127463
14.060719
13.984357
13.893285
13.785707
13.660357
13.519666
13.354067
13.167552
12.969467
12.779105
12.599350
12.422767
12.246609
12.061632
11.878116
11.696243
11.508492
11.313124
11.109011
10.885925
10.651104
10.410772
10.146562
9.850262
9.530299
9.206004
8.897648
8.609216
8.324625
8.038191
7.744280
7.430284
7.106395
6.776766
6.441587
6.104401
5.760708
5.416912
5.070527
4.732697
4.417649
4.115873
3.815292
3.531400
3.262029
2.983806
2.699577
2.414845
2.125424
1.841325
1.558720
1.283535
1.015273
0.733478
0.425846
0.094836
-0.234843
-0.568321
-0.918438
-1.284369
-1.671089
-2.067008
-2.460926
-2.842476
-3.207213
-3.565842
-3.917433
-4.249325
-4.553902
-4.836520
-5.120445
-5.428798
-5.756531
-6.093033
-6.429892
-6.758270
-7.064048
-7.353026
-7.637404
-7.910889
-8.180686
-8.462193
-8.755481
-9.051223
-9.344607
-9.645484
-9.948351
-10.235595
-10.503969
-10.770687
-11.027449
-11.270129
-11.504045
-11.742428
-11.988786
-12.219554
-12.435323
-12.651683
-12.858397
-13.063471
-13.293081
-13.539653
-13.788442
-14.036115
-14.279747
-14.509794
-14.704447
-14.858878
-14.988770
-15.121439
-15.275020
-15.416348
-15.541478
-15.657107
-15.755488
-15.856073
-15.946313
-15.998988
-16.018433
-16.026527
-16.042500
-16.078037
-16.123404
-16.170921
-16.225143
-16.273609
-16.299038
-16.313145
-16.326303
-16.339764
-16.365015
-16.408001
-16.458584
-16.506548
-16.559643
-16.612888
-16.640116
-16.623344
-16.572613
-16.501991
-16.410107
-16.310244
-16.208235
-16.118723
-16.059212
-16.026215
-16.007408
-15.980386
-15.946146
-15.906409
-15.854501
-15.786355
-15.710546
-15.631310
-15.543474
-15.434714
-15.293657
-15.132783
-14.965526
-14.797529
-14.635329
-14.480935
-14.333444
-14.191005
-14.044068
-13.896028
-13.749522
-13.589037
-13.423350
-13.248524
-13.071319
-12.906763
-12.745139
-12.579532
-12.397799
-12.203473
-11.995310
-11.766562
-11.507951
-11.227676
-10.940631
-10.643587
-10.333702
-10.016646
-9.692196
-9.359223
-9.023267
-8.690555
-8.346799
-7.991384
-7.637596
-7.277378
-6.921840
-6.575543
-6.226799
-5.871800
-5.527940
-5.184855
-4.836115
-3.785651
-3.452672
-3.121431
-2.769682
-2.392068
-1.997171
-1.602588
-1.229478
-0.883822
-0.547739
-0.200198
0.160052
0.531693
0.924508
1.313869
1.680509
2.034366
2.382083
2.735378
3.090583
3.449697
3.808922
4.156575
4.495424
4.839775
5.198090
5.559966
5.920302
6.274811
6.607210
6.909956
7.193658
7.468773
7.733973
7.985323
8.231727
8.479612
8.721501
8.950368
9.170633
9.385644
9.611417
9.870125
10.148538
10.427525
10.702724
10.977052
11.241817
11.484319
11.713644
11.926057
12.111897
12.282310
12.450235
12.633991
12.830548
13.026138
13.225249
13.420626
13.607235
13.786184
13.950757
14.098795
14.221205
14.323811
14.416903
14.500486
14.580908
14.670277
14.772802
14.881988
14.990965
15.091702
15.179190
15.247591
15.299382
15.334875
15.350289
15.347033
15.331957
15.314061
15.296583
15.282457
15.264753
15.248888
15.244150
15.253085
15.259312
15.247141
15.229374
15.209846
15.176933
15.124183
15.050294
14.959136
14.871056
14.798775
14.738902
14.680758
14.599796
14.493455
14.373859
14.257784
14.160067
14.076437
13.990594
13.876687
13.725650
13.548000
13.359921
13.154716
12.937740
12.735786
12.552405
12.375754
12.198903
12.010864
11.812474
11.609645
11.407712
11.197481
10.973945
10.744497
10.514396
10.283375
10.037528
9.767648
9.485330
9.200396
8.911433
8.613844
8.329459
8.069720
7.815714
7.549729
7.271688
6.983228
6.682227
6.374345
6.062453
5.756355
5.458931
5.159846
4.851542
4.525240
4.190666
3.864909
3.558629
3.271977
3.013239
2.776429
2.539622
2.281631
1.990837
1.679382
1.363144
1.045518
0.722266
0.378216
0.011362
-0.359871
-0.715354
-1.048541
-1.374602
-1.704601
-2.051659
-2.406033
-2.751777
-3.090246
-3.431252
-3.781284
-4.135798
-4.486857
-4.840264
-5.190159
-5.523181
-5.831542
-6.120931
-6.398203
-6.663855
-6.924531
-7.187017
-7.455084
-7.720950
-7.970215
-8.198024
-8.406600
-8.613276
-8.841067
-9.099214
-9.367071
-9.627557
-9.869673
-10.085850
-10.275922
-10.450851
-10.625756
-10.810981
-11.000193
-11.190984
-11.394741
-11.600904
-11.794917
-11.976056
-12.154959
-12.340106
-12.526876
-12.688348
-12.820417
-12.935559
-13.042876
-13.159307
-13.276796
-13.388841
-13.496504
-13.610695
-13.726460
-13.820826
-13.887095
-13.936109
-13.982427
-14.028110
-14.062097
-14.079979
-14.095314
-14.101019
-14.083838
-14.051783
-14.023140
-14.010524
-14.015472
-14.037606
-14.064373
-14.083573
-14.095205
-14.094189
-14.083350
-14.054268
-13.997107
-13.924251
-13.854637
-13.791082
-13.724292
-13.652469
-13.586167
-13.533123
-13.484253
-13.427756
-13.357944
-13.277360
-13.199920
-13.113271
-13.026865
-12.931367
-12.824232
-12.708260
-12.569089
-12.418430
-12.269119
-12.121655
-11.974921
-11.829665
-11.691140
-11.552755
-11.399030
-11.231584
-11.060188
-10.899658
-10.748940
-10.597129
-10.442863
-10.280981
-10.112745
-9.931329
-9.730725
-9.518293
-9.303843
-9.080653
-8.831193
-8.557521
-8.264503
-7.946280
-7.603748
-7.249599
-6.886464
-6.527810
-6.181062
-5.850376
-5.532707
-5.212947
-4.882782
-4.553327
-4.228920
-3.903104
-3.580000
-3.256853
-2.914240
-2.545767
-2.163903
-1.775914
-2.373283
-2.021124
-1.689889
-1.368632
-1.037901
-0.710646
-0.394144
-0.083884
0.222718
0.533635
0.842477
1.146092
1.453990
1.763887
2.064232
2.367334
2.679099
2.991782
3.304545
3.619290
3.932060
4.243436
4.560576
4.890815
5.219587
5.526259
5.817446
6.096912
6.355736
6.596602
6.837212
7.090519
7.354992
7.612725
7.846665
8.062004
8.272668
8.479014
8.677969
8.878138
9.084717
9.301455
9.519359
9.740517
9.948550
10.135626
10.316489
10.495974
10.668260
10.842480
11.029898
11.220388
11.402306
11.574553
11.741187
11.902681
12.053610
12.198569
12.347608
12.487708
12.599038
12.705858
12.831739
12.967282
13.105109
13.228110
13.317611
13.373531
13.415678
13.466188
13.521624
13.579559
13.627268
13.643856
13.615406
13.563929
13.528166
13.516936
13.521509
13.531247
13.540478
13.549524
13.559974
13.571915
13.574065
13.561229
13.534636
13.495708
13.447491
13.396166
13.345988
13.288854
13.220420
13.146571
13.073603
13.002107
12.924660
12.833082
12.718415
12.596981
12.485456
12.370854
12.241890
12.096605
11.952141
11.806017
11.642131
11.462914
11.272853
11.070663
10.868121
10.677230
10.501335
10.332874
10.156484
9.982848
9.806511
9.609800
9.392274
9.156374
8.907172
8.642636
8.375663
8.119898
7.863766
7.600982
7.327181
7.031394
6.715649
6.387713
6.047074
5.705763
5.382921
5.072373
4.760814
4.461011
4.170758
3.879906
3.592821
3.315794
3.044859
2.767091
2.462891
2.123264
1.763859
1.409020
1.073849
0.749686
0.434726
0.117650
-0.213657
-0.554770
-0.893388
-1.214569
-1.507828
-1.773466
-2.041197
-2.335359
-2.653848
-2.993533
-3.340250
-3.686987
-4.039371
-4.385339
-4.725067
-5.067446
-5.412582
-5.760207
-6.108044
-6.454380
-6.793523
-7.117228
-7.417385
-7.705871
-8.008248
-8.329446
-8.661798
-8.997787
-9.336999
-9.676846
-10.007306
-10.317781
-10.606647
-10.878397
-11.143324
-11.413378
-11.694256
-11.981743
-12.280593
-12.578033
-12.858138
-13.121092
-13.379107
-13.640819
-13.906945
-14.163069
-14.404834
-14.644341
-14.886537
-15.126936
-15.357539
-15.578307
-15.784503
-15.987408
-16.180687
-16.363186
-16.539480
-16.710640
-16.883678
-17.068115
-17.247324
-17.416269
-17.573843
-17.717228
-17.861420
-18.008076
-18.145321
-18.279995
-18.392536
-18.471020
-18.522230
-18.560467
-18.606539
-18.653599
-18.686403
-18.708044
-18.723896
-18.738256
-18.760927
-18.789633
-18.840780
-18.915323
-18.985094
-19.046173
-19.084402
-19.102489
-19.113125
-19.110352
-19.088572
-19.053759
-19.007404
-18.948385
-18.881618
-18.816528
-18.764446
-18.729652
-18.703146
-18.666983
-18.605518
-18.529797
-18.452967
-18.375031
-18.312477
-18.251558
-18.178635
-18.102949
-18.027998
-17.953390
-17.869240
-17.771631
-17.660286
-17.542631
-17.416294
-17.264322
-17.105309
-16.951862
-16.797234
-16.638371
-16.487682
-16.347263
-16.211334
-16.079441
-15.956775
-15.828129
-15.687201
-15.540663
-15.388780
-15.228659
-15.044302
-14.840092
-14.619581
-14.379274
-14.118039
-13.828763
-13.509254
-13.171967
-12.832280
-12.484998
-12.127096
-11.773624
-11.435577
-11.111930
-10.805548
-10.513639
-10.217710
-9.907262
-9.583071
-9.257996
-8.942889
-8.621419
-5.368143
-4.985278
-4.595235
-4.218821
-3.854594
-3.482139
-3.101490
-2.714567
-2.328410
-1.945042
-1.566759
-1.193030
-0.832716
-0.477626
-0.121095
0.229739
0.571356
0.894705
1.193722
1.474247
1.761140
2.064435
2.372474
2.689161
3.012314
3.333993
3.651171
3.966369
4.270764
4.560937
4.844896
5.135088
5.439681
5.752909
6.068792
6.373483
6.665492
6.947425
7.209760
7.446060
7.660759
7.858604
8.057855
8.267303
8.500996
8.744452
8.983541
9.226138
9.468366
9.704885
9.934105
10.156878
10.372242
10.581832
10.790303
10.997691
11.203741
11.405911
11.597363
11.783138
11.964851
12.130901
12.281665
12.423063
12.570506
12.732348
12.890800
13.030336
13.152907
13.271866
13.392031
13.498840
13.578747
13.628806
13.663713
13.695744
13.719044
13.737940
13.754409
13.761692
13.767209
13.779795
13.799459
13.814933
13.825741
13.825053
13.804636
13.764359
13.709561
13.644431
13.570091
13.496289
13.428777
13.371998
13.326684
13.287556
13.249065
13.202828
13.152479
13.105610
13.040962
12.942430
12.819405
12.691160
12.564142
12.423487
12.290146
12.181923
12.081604
11.971464
11.840729
11.685780
11.503183
11.309699
11.124454
10.953573
10.777447
10.584578
10.387624
10.183838
9.976752
9.756224
9.516583
9.269732
9.026242
8.782071
8.522140
8.246696
7.959372
7.677492
7.398226
7.112813
6.833009
6.572463
6.330725
6.091166
5.834642
5.555882
5.265048
4.971510
4.683836
4.407855
4.140901
3.872219
3.587813
3.286695
2.984665
2.693776
2.406027
2.103492
1.782569
1.452819
1.123785
0.789354
0.458454
0.133822
-0.184770
-0.497121
-0.798534
-1.086090
-1.359281
-1.622070
-1.878692
-2.133426
-2.398659
-2.680081
-2.973006
-3.271143
-3.576960
-3.899683
-4.237328
-4.578633
-4.913885
-5.232704
-5.522362
-5.802290
-6.097811
-6.401379
-6.700366
-6.989106
-7.262435
-7.525769
-7.781193
-8.036453
-8.295720
-8.552146
-8.802073
-9.049137
-9.292317
-9.526395
-9.753126
-9.959195
-10.138064
-10.305060
-10.474234
-10.650872
-10.842353
-11.040471
-11.234571
-11.420568
-11.597793
-11.773232
-11.960567
-12.165011
-12.373767
-12.569830
-12.739027
-12.878388
-12.997259
-13.109845
-13.219160
-13.326344
-13.439511
-13.563439
-13.696273
-13.834453
-13.956653
-14.039645
-14.087312
-14.121991
-14.165084
-14.218942
-14.271522
-14.326892
-14.395226
-14.467374
-14.521146
-14.552320
-14.567225
-14.570476
-14.561297
-14.544375
-14.523860
-14.501794
-14.482163
-14.460395
-14.427724
-14.383563
-14.342072
-14.291209
-14.232583
-14.178916
-14.127957
-14.073516
-14.005979
-13.933955
-13.864556
-13.796529
-13.721509
-13.626716
-13.505973
-13.373356
-13.252722
-13.140924
-13.022077
-12.892146
-12.752586
-12.606341
-12.455951
-12.303382
-12.144438
-11.987590
-11.837670
-11.697431
-11.560242
-11.418461
-11.264390
-11.091071
-10.894590
-10.690329
-10.498980
-10.301020
-10.088216
-9.875829
-9.666501
-9.451171
-9.225407
-8.990049
-8.750361
-8.509862
-8.260788
-7.989709
-7.692113
-7.375663
-7.040954
-6.700690
-6.364588
-6.032310
-5.712209
-5.397038
-5.081519
-4.767838
-4.447853
-4.122767
-3.804549
-3.485063
-3.150884
-2.815508
-2.483613
-2.145633
-3.774452
-3.448769
-3.121868
-2.793973
-2.456037
-2.108348
-1.763471
-1.418808
-1.083168
-0.756828
-0.422155
-0.086880
0.228344
0.537578
0.837700
1.123841
1.407704
1.682397
1.940972
2.186011
2.420654
2.638538
2.849540
3.063332
3.275333
3.492978
3.712552
3.931502
4.149944
4.374503
4.597741
4.815588
5.037872
5.268894
5.508331
5.752203
6.004517
6.258587
6.506690
6.756915
7.017816
7.276311
7.509727
7.709964
7.893627
8.071553
8.250734
8.437910
8.633843
8.829359
9.012136
9.188663
9.360414
9.527860
9.703504
9.882339
10.058406
10.215293
10.348367
10.466116
10.581888
10.706020
10.833432
10.946752
11.052073
11.143162
11.217852
11.300486
11.385151
11.470338
11.550464
11.615755
11.662990
11.679810
11.674335
11.668422
11.679065
11.701169
11.728038
11.752876
11.762992
11.750218
11.720776
11.684970
11.652942
11.619103
11.573984
11.503756
11.414697
11.328315
11.255503
11.194079
11.127284
11.038413
10.930820
10.811933
10.687441
10.557017
10.419442
10.284400
10.151063
10.017159
9.876830
9.724869
9.566503
9.408367
9.239011
9.061706
8.893539
8.732987
8.579182
8.422280
8.261083
8.101743
7.940747
7.777330
7.608493
7.422063
7.237474
7.048071
6.838389
6.601737
6.348031
6.080186
5.790920
5.482653
5.160954
4.843136
4.533706
4.214747
3.872238
3.513978
3.156379
2.812498
2.470492
2.134384
1.819936
1.528897
1.251205
0.970599
0.690764
0.405312
0.100711
-0.207180
-0.512706
-0.822049
-1.119668
-1.399121
-1.692103
-2.004087
-2.316252
-2.628199
-2.941492
-3.250594
-3.552055
-3.854879
-4.165342
-4.474099
-4.776242
-5.072703
-5.370626
-5.681083
-6.006429
-6.343029
-6.688897
-7.038700
-7.383809
-7.720377
-8.062048
-8.405882
-8.736466
-9.070547
-9.420709
-9.773270
-10.110686
-10.433388
-10.747192
-11.057434
-11.361164
-11.661102
-11.966668
-12.281404
-12.592022
-12.886618
-13.170275
-13.444132
-13.714828
-13.990230
-14.266915
-14.550075
-14.835068
-15.114991
-15.381239
-15.638407
-15.892986
-16.141384
-16.376486
-16.598177
-16.803600
-17.000265
-17.186293
-17.350021
-17.490179
-17.628078
-17.777658
-17.948097
-18.135296
-18.320633
-18.488256
-18.646845
-18.807983
-18.965715
-19.107258
-19.227158
-19.337215
-19.453030
-19.582981
-19.730888
-19.884726
-20.030991
-20.162821
-20.273087
-20.353685
-20.396410
-20.413803
-20.425077
-20.444578
-20.469667
-20.484064
-20.485620
-20.489445
-20.510572
-20.539772
-20.557199
-20.560389
-20.557123
-20.548792
-20.541496
-20.540634
-20.534365
-20.522165
-20.501451
-20.469187
-20.431402
-20.392050
-20.347027
-20.287399
-20.216106
-20.137506
-20.045052
-19.953127
-19.878874
-19.807257
-19.723368
-19.627764
-19.522135
-19.414078
-19.306034
-19.190727
-19.065550
-18.940012
-18.812338
-18.680073
-18.557800
-18.444984
-18.328230
-18.202913
-18.068241
-17.913500
-17.751787
-17.596624
-17.448559
-17.312901
-17.188076
-17.050838
-16.898020
-16.725559
-16.526331
-16.302813
-16.056257
-15.795910
-15.528936
-15.261235
-14.998776
-14.727838
-14.430407
-14.103055
-13.773638
-13.454840
-13.149994
-12.849827
-12.542295
-12.239145
-11.945700
-11.661661
-11.384019
-11.107416
-10.815255
-10.498227
-10.159405
-5.994638
-5.611019
-5.251607
-4.916893
-4.594054
-4.272320
-3.940467
-3.594316
-3.242589
-2.892686
-2.556318
-2.235901
-1.927534
-1.627836
-1.324529
-1.010701
-0.694902
-0.376357
-0.052993
0.262064
0.565640
0.877698
1.192031
1.497481
1.811826
2.134281
2.448756
2.751117
3.046193
3.337438
3.624595
3.921543
4.219156
4.510671
4.797268
5.080923
5.373894
5.671710
5.966874
6.250484
6.517722
6.779122
7.037850
7.281394
7.509464
7.739304
7.965799
8.202435
8.473398
8.776054
9.074110
9.345127
9.591928
9.824884
10.038418
10.225594
10.404091
10.591224
10.779594
10.955957
11.099695
11.206532
11.294165
11.380766
11.467232
11.553963
11.640876
11.739475
11.842865
11.939395
12.029732
12.109531
12.171185
12.211772
12.240181
12.279446
12.344579
12.429301
12.514716
12.586998
12.639776
12.671692
12.691943
12.711075
12.740790
12.775814
12.801480
12.807317
12.787551
12.748974
12.700431
12.647265
12.591750
12.524424
12.446368
12.369575
12.291143
12.227268
12.171740
12.106197
12.037601
11.974951
11.908865
11.845337
11.803064
11.788662
11.784904
11.759417
11.701268
11.622766
11.534262
11.431541
11.310735
11.179216
11.040941
10.897583
10.756838
10.628139
10.502622
10.357973
10.184422
9.980501
9.746401
9.494219
9.232904
8.961195
8.678128
8.395193
8.102787
7.794417
7.491312
7.205737
6.935934
6.687906
6.470134
6.262237
6.048312
5.822075
5.580802
5.336485
5.103354
4.878088
4.648371
4.403602
4.141777
3.867826
3.579487
3.280960
2.987823
2.695359
2.408506
2.126769
1.847607
1.575107
1.306556
1.048090
0.792035
0.525300
0.252674
-0.018669
-0.305316
-0.616891
-0.944351
-1.267920
-1.582813
-1.900461
-2.225022
-2.556686
-2.894738
-3.218496
-3.530313
-3.828267
-4.105012
-4.385274
-4.667369
-4.939531
-5.211713
-5.482165
-5.759298
-6.041137
-6.309019
-6.553492
-6.777477
-7.003022
-7.241302
-7.495122
-7.760329
-8.027479
-8.287884
-8.542705
-8.784853
-9.011950
-9.233902
-9.453955
-9.663370
-9.859823
-10.053285
-10.245499
-10.439624
-10.623974
-10.791176
-10.949206
-11.102089
-11.251383
-11.390761
-11.521844
-11.649134
-11.774172
-11.904068
-12.049969
-12.222698
-12.384995
-12.525469
-12.649675
-12.750149
-12.821674
-12.872332
-12.919567
-12.961933
-12.986376
-13.000765
-13.017704
-13.034668
-13.042578
-13.035435
-13.034389
-13.050055
-13.062723
-13.050629
-13.020727
-12.990805
-12.956429
-12.917940
-12.873417
-12.820677
-12.761553
-12.694113
-12.623215
-12.560043
-12.505682
-12.462776
-12.429941
-12.382366
-12.316006
-12.232788
-12.133680
-12.030413
-11.934853
-11.843325
-11.760645
-11.675446
-11.568329
-11.446082
-11.313952
-11.188431
-11.077020
-10.961140
-10.823292
-10.676213
-10.530472
-10.380471
-10.227224
-10.067791
-9.908347
-9.746258
-9.578531
-9.405298
-9.227961
-9.044818
-8.848020
-8.648233
-8.455270
-8.268768
-8.087262
-7.902056
-7.704743
-7.503844
-7.297336
-7.072052
-6.825070
-6.549854
-6.249412
-5.938296
-5.629717
-5.307589
-4.977655
-4.667300
-4.386089
-4.114865
-3.835834
-3.556600
-3.266336
-2.957958
-2.634379
-2.288161
-1.927874
-1.563526
-1.201241
-0.850285
-0.500581
-4.251935
-3.906750
-3.563852
-3.225473
-2.895314
-2.572636
-2.269051
-1.983437
-1.700747
-1.407617
-1.100029
-0.792571
-0.496338
-0.207523
0.079345
0.360228
0.654520
0.969768
1.299333
1.630141
1.942123
2.232839
2.522445
2.817731
3.113928
3.418199
3.723238
4.022618
4.317088
4.602684
4.874124
5.138608
5.412199
5.687896
5.956975
6.207960
6.430565
6.619962
6.787229
6.943299
7.090181
7.241474
7.399418
7.563054
7.730372
7.900322
8.071910
8.248022
8.437462
8.642073
8.856181
9.071437
9.285876
9.501743
9.715435
9.920037
10.096829
10.255292
10.404532
10.547496
10.684389
10.810240
10.908124
10.965655
10.988968
11.012252
11.046519
11.078513
11.109223
11.139241
11.184236
11.241612
11.295875
11.346890
11.380008
11.398454
11.400250
11.373547
11.322986
11.274150
11.227779
11.171045
11.107823
11.049129
10.985682
10.928197
10.883722
10.830535
10.773408
10.721746
10.656116
10.564887
10.461915
10.351328
10.226431
10.094156
9.965303
9.835424
9.695543
9.550580
9.398591
9.251571
9.126069
9.017179
8.913247
8.810273
8.707917
8.604850
8.486585
8.346745
8.191288
8.021376
7.842892
7.669930
7.512681
7.357303
7.187888
7.005772
6.796218
6.547009
6.271920
5.985785
5.678227
5.347945
5.016250
4.707632
4.416738
4.120277
3.816427
3.509828
3.194658
2.865455
2.534053
2.212324
1.897884
1.589128
1.280443
0.963491
0.647184
0.337969
0.026151
-0.283669
-0.586256
-0.886196
-1.185694
-1.490141
-1.801834
-2.115967
-2.428302
-2.743029
-3.068063
-3.405901
-3.745303
-4.071771
-4.377828
-4.672637
-4.961121
-5.252980
-5.559029
-5.868097
-6.183624
-6.515731
-6.857677
-7.211453
-7.570951
-7.929080
-8.291445
-8.652547
-9.017369
-9.391891
-9.762587
-10.126618
-10.489892
-10.845978
-11.197594
-11.557379
-11.938229
-12.321177
-12.677890
-13.010685
-13.339668
-13.663589
-13.972667
-14.272977
-14.572796
-14.873331
-15.166306
-15.443349
-15.716436
-16.003166
-16.297329
-16.576506
-16.830545
-17.083998
-17.354889
-17.633289
-17.906740
-18.170288
-18.418133
-18.643837
-18.843105
-19.026901
-19.210287
-19.384659
-19.528835
-19.655521
-19.790237
-19.930937
-20.072727
-20.223925
-20.389250
-20.562603
-20.727903
-20.888063
-21.045702
-21.182926
-21.301313
-21.411907
-21.503515
-21.567533
-21.629511
-21.695921
-21.755199
-21.809147
-21.866488
-21.935629
-22.014008
-22.087149
-22.140703
-22.189188
-22.239296
-22.274796
-22.293310
-22.311192
-22.333191
-22.349550
-22.350496
-22.335888
-22.312824
-22.288200
-22.263798
-22.237926
-22.201805
-22.152309
-22.096090
-22.034193
-21.974911
-21.919748
-21.856384
-21.792223
-21.729290
-21.669077
-21.615072
-21.560478
-21.509714
-21.467018
-21.428240
-21.378687
-21.314873
-21.240788
-21.151747
-21.052990
-20.954096
-20.854242
-20.745659
-20.625946
-20.490549
-20.341209
-20.186293
-20.043655
-19.910923
-19.784889
-19.667555
-19.549417
-19.418312
-19.270531
-19.118496
-18.959948
-18.778618
-18.575382
-18.355396
-18.115780
-17.854036
-17.566362
-17.250053
-16.912619
-16.570831
-16.241827
-15.936317
-15.652370
-15.364205
-15.064075
-14.759835
-14.436718
-14.096748
-13.759487
-13.449849
-13.168167
-12.884888
-12.587631
-7.126032
-6.785058
-6.443057
-6.093176
-5.746783
-5.409297
-5.064805
-4.701918
-4.341335
-3.987504
-3.626179
-3.254680
-2.886072
-2.524131
-2.168409
-1.818710
-1.466639
-1.106059
-0.739183
-0.373265
-0.024656
0.292811
0.592457
0.887155
1.167768
1.439390
1.711740
2.000452
2.322240
2.673458
3.039964
3.385648
3.691099
3.976890
4.257579
4.526814
4.782594
5.026129
5.267174
5.517660
5.766969
6.011576
6.255651
6.497537
6.743987
6.978292
7.204592
7.438936
7.680909
7.923103
8.162680
8.392252
8.623577
8.872262
9.121434
9.358591
9.575699
9.764784
9.926828
10.069738
10.202671
10.329196
10.446562
10.557731
10.670615
10.795771
10.945559
11.105928
11.249607
11.365589
11.453894
11.521040
11.579508
11.629555
11.683653
11.748024
11.813183
11.871155
11.932805
11.995875
12.048065
12.099042
12.145393
12.186348
12.220842
12.238178
12.231421
12.204044
12.160727
12.106462
12.063726
12.040710
12.021047
12.002874
11.991351
11.973709
11.952789
11.929494
11.866660
11.743622
11.583358
11.416676
11.252143
11.099140
10.966695
10.850025
10.741808
10.638966
10.554447
10.487199
10.427675
10.360778
10.280641
10.193139
10.094704
9.977636
9.854384
9.724760
9.581957
9.412881
9.209614
8.980950
8.722159
8.443299
8.169072
7.902066
7.638083
7.383000
7.140356
6.889656
6.626847
6.364108
6.099073
5.824524
5.539467
5.254311
4.977394
4.714907
4.462323
4.222774
4.000885
3.789693
3.575075
3.345943
3.095542
2.825238
2.540821
2.253779
1.974097
1.700206
1.432659
1.172712
0.915955
0.658702
0.394922
0.130307
-0.150140
-0.461306
-0.784972
-1.098174
-1.398106
-1.703928
-2.031477
-2.382755
-2.747160
-3.107736
-3.464064
-3.819303
-4.171959
-4.519817
-4.858311
-5.184551
-5.488031
-5.768774
-6.033376
-6.293287
-6.558721
-6.832737
-7.110610
-7.384900
-7.659466
-7.934696
-8.207941
-8.470461
-8.722490
-8.971718
-9.211767
-9.432344
-9.652304
-9.882528
-10.119631
-10.355766
-10.574120
-10.766890
-10.938414
-11.110146
-11.288021
-11.465294
-11.642893
-11.816454
-11.990585
-12.155046
-12.302509
-12.441334
-12.589603
-12.741776
-12.873465
-12.997337
-13.130299
-13.273712
-13.407320
-13.507658
-13.571196
-13.615086
-13.652744
-13.689524
-13.726608
-13.773182
-13.837708
-13.912029
-13.987679
-14.056046
-14.108984
-14.144831
-14.167627
-14.180206
-14.183655
-14.179361
-14.170225
-14.156084
-14.131273
-14.101065
-14.063486
-14.005848
-13.933359
-13.855265
-13.778797
-13.713085
-13.657391
-13.606304
-13.560205
-13.496328
-13.421772
-13.348000
-13.268503
-13.183374
-13.102118
-13.016039
-12.913113
-12.797323
-12.687387
-12.580631
-12.464174
-12.335512
-12.196625
-12.061899
-11.920370
-11.768961
-11.606993
-11.430382
-11.254461
-11.075121
-10.882139
-10.686007
-10.483328
-10.263451
-10.040215
-9.832148
-9.645960
-9.482557
-9.335405
-9.191467
-9.029146
-8.845928
-8.638683
-8.394369
-8.109488
-7.819006
-7.540768
-7.259151
-6.979172
-6.715680
-6.467767
-6.221681
-5.943799
-5.614277
-5.252385
-4.884292
-4.517880
-4.173131
-3.865183
-3.561974
-3.242202
-2.908823
-2.562749
-2.206126
-1.842299
-1.476738
-1.107045
-0.732978
-4.613981
-4.286375
-3.986260
-3.708520
-3.452675
-3.217994
-2.975678
-2.708625
-2.439633
-2.191654
-1.957469
-1.720216
-1.464746
-1.191212
-0.905581
-0.607506
-0.305541
-0.003340
0.293944
0.575728
0.844817
1.113616
1.382019
1.649082
1.922381
2.183221
2.415377
2.636745
2.855155
3.071196
3.289954
3.511586
3.731801
3.950032
4.171478
4.390815
4.594619
4.779694
4.956802
5.136022
5.313416
5.498888
5.697468
5.895196
6.080742
6.256207
6.443556
6.648417
6.854310
7.053166
7.241533
7.427755
7.608331
7.773412
7.913421
8.034808
8.138603
8.227860
8.313560
8.397971
8.481772
8.575647
8.678737
8.785106
8.879531
8.955135
9.009987
9.045392
9.058228
9.049019
9.034485
9.034343
9.053063
9.079670
9.109953
9.134584
9.145190
9.142035
9.126052
9.101474
9.073118
9.032534
8.986723
8.951141
8.911691
8.860976
8.811129
8.771839
8.733879
8.681417
8.625139
8.572332
8.514327
8.445863
8.374185
8.293660
8.201428
8.093344
7.968227
7.833941
7.696919
7.559651
7.431253
7.319981
7.217758
7.103710
6.964916
6.807726
6.658110
6.523822
6.385149
6.240582
6.090039
5.931686
5.764471
5.597431
5.438906
5.276671
5.097699
4.909278
4.708976
4.491832
4.267529
4.027792
3.752579
3.452286
3.142711
2.834980
2.523212
2.203480
1.881563
1.557159
1.229891
0.897177
0.569796
0.264775
-0.011578
-0.271454
-0.538124
-0.814943
-1.103099
-1.394655
-1.689949
-1.994228
-2.287658
-2.575889
-2.875641
-3.175943
-3.470077
-3.759136
-4.038805
-4.325135
-4.623208
-4.931224
-5.257048
-5.603880
-5.959318
-6.309241
-6.646647
-6.971216
-7.287826
-7.612192
-7.956013
-8.321334
-8.707021
-9.114665
-9.527473
-9.918129
-10.292156
-10.658306
-11.020007
-11.401034
-11.789638
-12.152248
-12.502589
-12.845513
-13.168378
-13.472996
-13.774580
-14.084861
-14.402560
-14.710031
-15.015683
-15.330144
-15.661181
-16.007851
-16.352221
-16.673126
-16.967106
-17.227886
-17.475578
-17.745058
-18.049349
-18.359652
-18.642868
-18.894762
-19.126221
-19.339937
-19.536354
-19.727009
-19.935804
-20.167782
-20.409679
-20.654137
-20.886892
-21.094566
-21.274721
-21.440252
-21.598644
-21.750786
-21.912104
-22.082024
-22.245169
-22.372164
-22.469574
-22.555325
-22.629644
-22.708584
-22.799623
-22.894909
-22.983046
-23.061924
-23.139620
-23.204046
-23.259987
-23.298170
-23.317410
-23.340805
-23.384392
-23.440361
-23.494341
-23.545439
-23.595333
-23.647858
-23.709118
-23.773367
-23.826786
-23.849829
-23.843109
-23.823195
-23.784344
-23.725430
-23.664873
-23.600262
-23.531689
-23.465784
-23.395529
-23.315098
-23.229876
-23.153442
-23.081606
-23.000082
-22.908155
-22.809078
-22.698263
-22.588121
-22.497011
-22.426571
-22.344542
-22.231741
-22.097210
-21.958847
-21.821194
-21.703028
-21.605310
-21.500048
-21.373003
-21.238384
-21.114223
-21.005527
-20.908602
-20.811235
-20.692242
-20.555140
-20.412394
-20.262392
-20.093765
-19.897232
-19.684662
-19.479658
-19.270540
-19.046547
-18.818781
-18.597857
-18.385796
-18.164776
-17.911423
-17.631832
-17.348253
-17.062931
-16.776367
-16.487055
-16.187981
-15.879172
-15.567456
-15.259105
-14.959031
-14.669721
-14.388202
-14.103583
-8.147770
-7.789495
-7.425115
-7.060675
-6.713452
-6.377748
-6.042312
-5.712125
-5.386202
-5.046796
-4.686654
-4.315974
-3.934376
-3.553415
-3.199142
-2.871819
-2.556180
-2.250813
-1.949161
-1.642764
-1.320826
-0.978300
-0.622685
-0.266991
0.080306
0.418232
0.739790
1.040780
1.325127
1.603561
1.883511
2.177657
2.478168
2.783438
3.091232
3.384146
3.646354
3.877195
4.098023
4.311846
4.522940
4.747684
4.994061
5.257768
5.529124
5.802766
6.078071
6.353260
6.618188
6.864836
7.105801
7.345275
7.581677
7.801390
7.989164
8.153496
8.288975
8.408562
8.538898
8.690726
8.869088
9.066469
9.261593
9.435222
9.594049
9.740278
9.883732
10.030575
10.163054
10.272507
10.357832
10.421939
10.485781
10.564819
10.659006
10.745500
10.804006
10.840342
10.857507
10.866037
10.881473
10.895118
10.908880
10.933081
10.961359
10.995737
11.031660
11.059475
11.079016
11.075969
11.043165
10.980707
10.892952
10.789892
10.694830
10.615017
10.534994
10.451016
10.356533
10.259901
10.172707
10.093842
10.024806
9.960285
9.883256
9.788732
9.672963
9.546426
9.420195
9.309407
9.220242
9.138409
9.051998
8.958447
8.857250
8.749953
8.636860
8.515251
8.380537
8.222548
8.028628
7.795312
7.535395
7.261999
6.983858
6.696190
6.379372
6.057278
5.753570
5.468577
5.210047
4.960855
4.700829
4.448709
4.201482
3.935998
3.665441
3.412136
3.188279
2.973317
2.741174
2.482471
2.205820
1.923264
1.638033
1.359822
1.094136
0.841321
0.600984
0.371314
0.143015
-0.088538
-0.324187
-0.563214
-0.811736
-1.071704
-1.330414
-1.578860
-1.818413
-2.072365
-2.348736
-2.635939
-2.938782
-3.246887
-3.554422
-3.862413
-4.179430
-4.505623
-4.839949
-5.174846
-5.494777
-5.796288
-6.085598
-6.354694
-6.614426
-6.875403
-7.146553
-7.426908
-7.708605
-7.981214
-8.240618
-8.492910
-8.737165
-8.980304
-9.225169
-9.465905
-9.713052
-9.967284
-10.233596
-10.500974
-10.761794
-11.009671
-11.235051
-11.440381
-11.627614
-11.798131
-11.959371
-12.128346
-12.310220
-12.502158
-12.684743
-12.852353
-13.001225
-13.125299
-13.239799
-13.350871
-13.457379
-13.565749
-13.677077
-13.782632
-13.892716
-13.999490
-14.093154
-14.181304
-14.268537
-14.351743
-14.435731
-14.525905
-14.607066
-14.676555
-14.744058
-14.807250
-14.854444
-14.888034
-14.926444
-14.949445
-14.949771
-14.924598
-14.878528
-14.825391
-14.776486
-14.758790
-14.777757
-14.800763
-14.795228
-14.750022
-14.679919
-14.606116
-14.550860
-14.512816
-14.470941
-14.407838
-14.318383
-14.207072
-14.080409
-13.937394
-13.777829
-13.615344
-13.463080
-13.322597
-13.193446
-13.062734
-12.931170
-12.811904
-12.686389
-12.544549
-12.383780
-12.206811
-12.032924
-11.864686
-11.691030
-11.523906
-11.381110
-11.250508
-11.123607
-11.002793
-10.887895
-10.776080
-10.656600
-10.524905
-10.382934
-10.233546
-10.067889
-9.881028
-9.678357
-9.451869
-9.189504
-8.892651
-8.577842
-8.264253
-7.959328
-7.657639
-7.345410
-7.017455
-6.678935
-6.337017
-6.002311
-5.666718
-5.316291
-4.957822
-4.590351
-4.213528
-3.836029
-3.461300
-3.088205
-2.722864
-2.357355
-1.979501
-1.590011
-1.208173
-5.541019
-5.243410
-4.948085
-4.649085
-4.357241
-4.071077
-3.776465
-3.461900
-3.132779
-2.804952
-2.477687
-2.143365
-1.801242
-1.466722
-1.151701
-0.852002
-0.569688
-0.290260
-0.006842
0.271159
0.540912
0.802958
1.055544
1.296951
1.522928
1.731803
1.928096
2.125118
2.331994
2.546349
2.753941
2.950170
3.144374
3.346213
3.556603
3.774109
4.004213
4.251385
4.502522
4.748062
4.996036
5.249347
5.509418
5.766510
6.006096
6.231964
6.452470
6.673855
6.888416
7.095350
7.302814
7.509764
7.698120
7.851863
7.971435
8.070579
8.170573
8.280354
8.397459
8.508368
8.618452
8.741868
8.867111
8.985935
9.092572
9.181577
9.239979
9.264739
9.276398
9.299639
9.345643
9.400926
9.437849
9.463616
9.470023
9.455911
9.444095
9.454370
9.477900
9.482700
9.465997
9.441657
9.414737
9.387465
9.360851
9.329989
9.291396
9.246357
9.191907
9.115144
9.017594
8.905060
8.785990
8.671009
8.557042
8.440320
8.326219
8.209756
8.088003
7.965784
7.842677
7.720886
7.603972
7.485679
7.369522
7.250331
7.121906
6.975863
6.817702
6.664863
6.522600
6.392141
6.260994
6.101247
5.900212
5.675579
5.447113
5.216680
4.981474
4.746035
4.501848
4.235847
3.951122
3.651685
3.345628
3.032073
2.702542
2.360286
2.023124
1.707288
1.420506
1.162454
0.915741
0.664707
0.399787
0.120880
-0.161792
-0.447443
-0.744713
-1.051521
-1.357076
-1.658134
-1.965159
-2.280324
-2.599643
-2.919471
-3.235618
-3.543876
-3.850237
-4.168577
-4.496227
-4.820066
-5.137186
-5.455991
-5.783511
-6.129575
-6.492502
-6.862021
-7.228499
-7.580023
-7.936130
-8.308080
-8.701911
-9.100703
-9.491447
-9.876767
-10.242220
-10.595757
-10.955773
-11.321635
-11.681482
-12.031412
-12.377055
-12.726922
-13.089713
-13.470280
-13.847262
-14.207019
-14.545960
-14.859372
-15.162183
-15.472745
-15.791032
-16.113388
-16.429661
-16.723270
-16.989908
-17.235163
-17.457226
-17.668362
-17.900911
-18.155655
-18.428036
-18.723398
-19.044443
-19.355478
-19.629202
-19.864666
-20.069429
-20.259893
-20.463572
-20.698538
-20.950235
-21.206247
-21.445543
-21.657019
-21.848745
-22.027159
-22.197252
-22.364382
-22.533361
-22.702385
-22.867228
-23.022646
-23.162827
-23.292397
-23.408396
-23.505617
-23.593037
-23.668457
-23.721296
-23.751514
-23.764666
-23.766314
-23.777437
-23.795815
-23.801920
-23.791925
-23.787767
-23.792648
-23.809542
-23.844030
-23.893404
-23.948399
-23.975491
-23.952131
-23.890293
-23.806761
-23.728403
-23.676775
-23.658348
-23.660450
-23.677774
-23.702858
-23.716890
-23.714220
-23.685795
-23.630423
-23.560040
-23.484449
-23.412333
-23.333971
-23.235296
-23.144424
-23.063812
-22.975784
-22.875921
-22.760796
-22.642788
-22.528229
-22.418280
-22.300644
-22.174301
-22.055769
-21.955997
-21.875523
-21.793858
-21.693859
-21.568783
-21.431458
-21.292233
-21.149530
-21.012102
-20.876173
-20.729179
-20.573111
-20.394518
-20.184023
-19.954292
-19.711386
-19.463953
-19.222925
-18.982138
-18.728180
-18.462364
-18.201521
-17.941452
-17.675547
-17.391901
-17.097334
-16.806555
-16.519627
-16.234682
-15.936982
-15.642550
-15.358624
-15.071504
-14.765105
-14.437118
-14.101525
-8.798883
-8.395840
-7.972162
-7.543068
-7.148167
-6.813050
-6.532806
-6.272134
-5.990664
-5.673563
-5.341410
-4.995169
-4.619324
-4.226879
-3.828405
-3.421906
-3.029965
-2.664142
-2.310091
-1.955613
-1.598830
-1.241836
-0.891239
-0.531014
-0.161566
0.203992
0.567031
0.922133
1.265647
1.592085
1.904770
2.223060
2.552850
2.879744
3.191150
3.492967
3.785982
4.069568
4.349171
4.623324
4.890870
5.159951
5.450394
5.753963
