1112663145	671
1112663145	671
1112663145	687
1112663145	781
1112663145	781
1112663145	781
1112663145	781
1112663145	781
1112663145	796
1112663145	796
1112663145	812
1112663145	812
1112663145	828
1112663145	828
1112663145	843
1112663145	843
1112663145	859
1112663146	0
1112663146	0
1112663146	0
1112663146	0
1112663146	0
1112663146	15
1112663146	15
1112663146	31
1112663146	31
1112663146	46
1112663146	46
1112663146	62
1112663146	62
1112663146	78
1112663146	78
1112663146	93
1112663146	93
1112663146	109
1112663146	109
1112663146	125
1112663146	125
1112663146	140
1112663146	140
1112663146	156
1112663146	156
1112663146	171
1112663146	171
1112663146	187
1112663146	218
1112663146	218
1112663146	218
1112663146	218
1112663146	218
1112663146	234
1112663146	234
1112663146	250
1112663146	250
1112663146	265
1112663146	265
1112663146	281
1112663146	281
1112663146	296
1112663146	296
1112663146	312
1112663146	312
1112663146	328
1112663146	328
1112663146	343
1112663146	343
1112663146	359
1112663146	359
1112663146	375
1112663146	375
1112663146	390
1112663146	390
1112663146	406
1112663146	437
1112663146	437
1112663146	437
1112663146	437
1112663146	437
1112663146	453
1112663146	453
1112663146	468
1112663146	468
1112663146	484
1112663146	484
1112663146	500
1112663146	500
1112663146	515
1112663146	515
1112663146	531
1112663146	531
1112663146	546
1112663146	546
1112663146	562
1112663146	562
1112663146	578
1112663146	578
1112663146	593
1112663146	593
1112663146	609
1112663146	609
1112663146	625
1112663146	625
1112663146	640
1112663146	640
1112663146	656
1112663146	656
1112663146	671
1112663146	671
1112663146	687
1112663146	687
1112663146	703
1112663146	703
1112663146	718
1112663146	718
1112663146	734
1112663146	765
1112663146	765
1112663146	765
1112663146	765
1112663146	765
1112663146	781
1112663146	781
1112663146	796
1112663146	796
1112663146	812
1112663146	812
1112663146	828
1112663146	828
1112663146	843
1112663146	843
1112663146	859
1112663146	859
1112663146	875
1112663146	875
1112663146	890
1112663146	890
1112663146	906
1112663146	906
1112663146	921
1112663146	921
1112663146	937
1112663146	937
1112663146	953
1112663146	984
1112663146	984
1112663146	984
1112663146	984
1112663146	984
1112663147	0
1112663147	0
1112663147	15
1112663147	15
1112663147	31
1112663147	31
1112663147	46
1112663147	46
1112663147	62
1112663147	62
1112663147	78
1112663147	78
1112663147	93
1112663147	93
1112663147	109
1112663147	109
1112663147	125
1112663147	125
1112663147	140
1112663147	140
1112663147	156
1112663147	156
1112663147	171
1112663147	203
1112663147	203
1112663147	203
1112663147	203
1112663147	203
1112663147	218
1112663147	218
1112663147	234
1112663147	234
1112663147	250
1112663147	250
1112663147	265
1112663147	265
1112663147	281
1112663147	281
1112663147	296
1112663147	296
1112663147	312
1112663147	312
1112663147	328
1112663147	328
1112663147	343
1112663147	343
1112663147	359
1112663147	359
1112663147	375
1112663147	375
1112663147	390
1112663147	421
1112663147	421
1112663147	421
1112663147	421
1112663147	421
1112663147	437
1112663147	437
1112663147	453
1112663147	453
1112663147	468
1112663147	468
1112663147	484
1112663147	484
1112663147	500
1112663147	500
1112663147	515
1112663147	515
1112663147	531
1112663147	531
1112663147	546
1112663147	546
1112663147	562
1112663147	562
1112663147	578
1112663147	578
1112663147	593
1112663147	593
1112663147	609
1112663147	640
1112663147	640
1112663147	640
1112663147	640
1112663147	640
1112663147	656
1112663147	656
1112663147	671
1112663147	671
1112663147	687
1112663147	687
1112663147	703
1112663147	703
1112663147	718
1112663147	718
1112663147	734
1112663147	734
1112663147	750
1112663147	750
1112663147	765
1112663147	765
1112663147	781
1112663147	781
1112663147	796
1112663147	796
1112663147	812
1112663147	812
1112663147	828
1112663147	859
1112663147	859
1112663147	859
1112663147	859
1112663147	859
1112663147	875
1112663147	875
1112663147	890
1112663147	890
1112663147	906
1112663147	906
1112663147	921
1112663147	921
1112663147	937
1112663147	937
1112663147	953
1112663147	953
1112663147	968
1112663147	968
1112663147	984
1112663147	984
1112663148	0
1112663148	0
1112663148	15
1112663148	15
1112663148	31
1112663148	31
1112663148	46
1112663148	78
1112663148	78
1112663148	78
1112663148	78
1112663148	78
1112663148	93
1112663148	93
1112663148	109
1112663148	109
1112663148	125
1112663148	125
1112663148	140
1112663148	140
1112663148	156
1112663148	156
1112663148	171
1112663148	171
1112663148	187
1112663148	187
1112663148	203
1112663148	203
1112663148	218
1112663148	218
1112663148	234
1112663148	234
1112663148	250
1112663148	250
1112663148	265
1112663148	296
1112663148	296
1112663148	296
1112663148	296
1112663148	296
1112663148	312
1112663148	312
1112663148	328
1112663148	328
1112663148	343
1112663148	343
1112663148	359
1112663148	359
1112663148	375
1112663148	375
1112663148	390
1112663148	390
1112663148	406
1112663148	406
1112663148	421
1112663148	421
1112663148	437
1112663148	437
1112663148	453
1112663148	453
1112663148	468
1112663148	468
1112663148	484
1112663148	515
1112663148	515
1112663148	515
1112663148	515
1112663148	515
1112663148	531
1112663148	531
1112663148	546
1112663148	546
1112663148	562
1112663148	562
1112663148	578
1112663148	578
1112663148	593
1112663148	593
1112663148	609
1112663148	609
1112663148	625
1112663148	625
1112663148	640
1112663148	640
1112663148	656
1112663148	656
1112663148	671
1112663148	671
1112663148	687
1112663148	687
1112663148	703
1112663148	734
1112663148	734
1112663148	734
1112663148	734
1112663148	734
1112663148	750
1112663148	750
1112663148	765
1112663148	765
1112663148	781
1112663148	781
1112663148	796
1112663148	796
1112663148	812
1112663148	812
1112663148	828
1112663148	828
1112663148	843
1112663148	843
1112663148	859
1112663148	859
1112663148	875
1112663148	875
1112663148	890
1112663148	890
1112663148	906
1112663148	906
1112663148	921
1112663148	921
1112663148	937
1112663148	937
1112663148	953
1112663148	953
1112663148	968
1112663148	968
1112663148	984
1112663148	984
1112663149	0
1112663149	0
1112663149	15
1112663149	15
1112663149	31
1112663149	62
1112663149	62
1112663149	62
1112663149	62
1112663149	62
1112663149	78
1112663149	78
1112663149	93
1112663149	93
1112663149	109
1112663149	109
1112663149	125
1112663149	125
1112663149	140
1112663149	140
1112663149	156
1112663149	156
1112663149	171
1112663149	171
1112663149	187
1112663149	187
1112663149	203
1112663149	203
1112663149	218
1112663149	218
1112663149	234
1112663149	234
1112663149	250
1112663149	281
1112663149	281
1112663149	281
1112663149	281
1112663149	281
1112663149	296
1112663149	296
1112663149	312
1112663149	312
1112663149	328
1112663149	328
1112663149	343
1112663149	343
1112663149	359
1112663149	359
1112663149	375
1112663149	375
1112663149	390
1112663149	390
1112663149	406
1112663149	406
1112663149	421
1112663149	421
1112663149	437
1112663149	437
1112663149	453
1112663149	453
1112663149	468
1112663149	500
1112663149	500
1112663149	500
1112663149	500
1112663149	500
1112663149	515
1112663149	515
1112663149	531
1112663149	531
1112663149	546
1112663149	546
1112663149	562
1112663149	562
1112663149	578
1112663149	578
1112663149	593
1112663149	593
1112663149	609
1112663149	609
1112663149	625
1112663149	625
1112663149	640
1112663149	640
1112663149	656
1112663149	656
1112663149	671
1112663149	671
1112663149	687
1112663149	718
1112663149	718
1112663149	718
1112663149	718
1112663149	718
1112663149	734
1112663149	734
1112663149	750
1112663149	750
1112663149	765
1112663149	765
1112663149	781
1112663149	781
1112663149	796
1112663149	796
1112663149	812
1112663149	812
1112663149	828
1112663149	828
1112663149	843
1112663149	843
1112663149	859
1112663149	859
1112663149	875
1112663149	875
1112663149	890
1112663149	890
1112663149	906
1112663149	937
1112663149	937
1112663149	937
1112663149	937
1112663149	937
1112663149	953
1112663149	953
1112663149	968
1112663149	968
1112663149	984
1112663149	984
1112663150	0
1112663150	0
1112663150	15
1112663150	15
1112663150	31
1112663150	31
1112663150	46
1112663150	46
1112663150	62
1112663150	62
1112663150	78
1112663150	78
1112663150	93
1112663150	93
1112663150	109
1112663150	109
1112663150	125
1112663150	125
1112663150	140
1112663150	140
1112663150	156
1112663150	156
1112663150	171
1112663150	171
1112663150	187
1112663150	187
1112663150	203
1112663150	203
1112663150	218
1112663150	218
1112663150	234
1112663150	265
1112663150	265
1112663150	265
1112663150	265
1112663150	265
1112663150	281
1112663150	281
1112663150	296
1112663150	296
1112663150	312
1112663150	312
1112663150	328
1112663150	328
1112663150	343
1112663150	343
1112663150	359
1112663150	359
1112663150	375
1112663150	375
1112663150	390
1112663150	390
1112663150	406
1112663150	406
1112663150	421
1112663150	421
1112663150	437
1112663150	437
1112663150	453
1112663150	484
1112663150	484
1112663150	484
1112663150	484
1112663150	484
1112663150	500
1112663150	500
1112663150	515
1112663150	515
1112663150	531
1112663150	531
1112663150	546
1112663150	546
1112663150	562
1112663150	562
1112663150	578
1112663150	578
1112663150	593
1112663150	593
1112663150	609
1112663150	609
1112663150	625
1112663150	625
1112663150	640
1112663150	640
1112663150	656
1112663150	656
1112663150	671
1112663150	703
1112663150	703
1112663150	703
1112663150	703
1112663150	703
1112663150	718
1112663150	718
1112663150	734
1112663150	734
1112663150	750
1112663150	750
1112663150	765
1112663150	765
1112663150	781
1112663150	781
1112663150	796
1112663150	796
1112663150	812
1112663150	812
1112663150	828
1112663150	828
1112663150	843
1112663150	843
1112663150	859
1112663150	859
1112663150	875
1112663150	875
1112663150	890
1112663150	921
1112663150	921
1112663150	921
1112663150	921
1112663150	921
1112663150	937
1112663150	937
1112663150	953
1112663150	953
1112663150	968
1112663150	968
1112663150	984
1112663150	984
1112663151	0
1112663151	0
1112663151	15
1112663151	15
1112663151	31
1112663151	31
1112663151	46
1112663151	46
1112663151	62
1112663151	62
1112663151	78
1112663151	78
1112663151	93
1112663151	93
1112663151	109
1112663151	140
1112663151	140
1112663151	140
1112663151	140
1112663151	140
1112663151	156
1112663151	156
1112663151	171
1112663151	171
1112663151	187
1112663151	187
1112663151	203
1112663151	203
1112663151	218
1112663151	218
1112663151	234
1112663151	234
1112663151	250
1112663151	250
1112663151	265
1112663151	265
1112663151	281
1112663151	281
1112663151	296
1112663151	296
1112663151	312
1112663151	312
1112663151	328
1112663151	359
1112663151	359
1112663151	359
1112663151	359
1112663151	359
1112663151	375
1112663151	375
1112663151	390
1112663151	390
1112663151	406
1112663151	406
1112663151	421
1112663151	421
1112663151	437
1112663151	437
1112663151	453
1112663151	453
1112663151	468
1112663151	468
1112663151	484
1112663151	484
1112663151	500
1112663151	500
1112663151	515
1112663151	515
1112663151	531
1112663151	531
1112663151	546
1112663151	578
1112663151	578
1112663151	578
1112663151	578
1112663151	578
1112663151	593
1112663151	593
1112663151	609
1112663151	609
1112663151	625
1112663151	625
1112663151	640
1112663151	640
1112663151	656
1112663151	656
1112663151	671
1112663151	671
1112663151	687
1112663151	687
1112663151	703
1112663151	703
1112663151	718
1112663151	718
1112663151	734
1112663151	734
1112663151	750
1112663151	750
1112663151	765
1112663151	796
1112663151	796
1112663151	796
1112663151	796
1112663151	796
1112663151	812
1112663151	812
1112663151	828
1112663151	828
1112663151	843
1112663151	843
1112663151	859
1112663151	859
1112663151	875
1112663151	875
1112663151	890
1112663151	890
1112663151	906
1112663151	906
1112663151	921
1112663151	921
1112663151	937
1112663151	937
1112663151	953
1112663151	953
1112663151	968
1112663151	968
1112663151	984
1112663152	15
1112663152	15
1112663152	15
1112663152	15
1112663152	15
1112663152	31
1112663152	31
1112663152	46
1112663152	46
1112663152	62
1112663152	62
1112663152	78
1112663152	78
1112663152	93
1112663152	93
1112663152	109
1112663152	109
1112663152	125
1112663152	125
1112663152	140
1112663152	140
1112663152	156
1112663152	156
1112663152	171
1112663152	171
1112663152	187
1112663152	187
1112663152	203
1112663152	234
1112663152	234
1112663152	234
1112663152	234
1112663152	234
1112663152	250
1112663152	250
1112663152	265
1112663152	265
1112663152	281
1112663152	281
1112663152	296
1112663152	296
1112663152	312
1112663152	312
1112663152	328
1112663152	328
1112663152	343
1112663152	343
1112663152	359
1112663152	359
1112663152	375
1112663152	375
1112663152	390
1112663152	390
1112663152	406
1112663152	406
1112663152	421
1112663152	421
1112663152	437
1112663152	437
1112663152	453
1112663152	453
1112663152	468
1112663152	468
1112663152	484
1112663152	484
1112663152	500
1112663152	500
1112663152	515
1112663152	515
1112663152	531
1112663152	562
1112663152	562
1112663152	562
1112663152	562
1112663152	562
1112663152	578
1112663152	578
1112663152	593
1112663152	593
1112663152	609
1112663152	609
1112663152	625
1112663152	625
1112663152	640
1112663152	640
1112663152	656
1112663152	656
1112663152	671
1112663152	671
1112663152	687
1112663152	687
1112663152	703
1112663152	703
1112663152	718
1112663152	718
1112663152	734
1112663152	734
1112663152	750
1112663152	781
1112663152	781
1112663152	781
1112663152	781
1112663152	781
1112663152	796
1112663152	796
1112663152	812
1112663152	812
1112663152	828
1112663152	828
1112663152	843
1112663152	843
1112663152	859
1112663152	859
1112663152	875
1112663152	875
1112663152	890
1112663152	890
1112663152	906
1112663152	906
1112663152	921
1112663152	921
1112663152	937
1112663152	937
1112663152	953
1112663152	953
1112663152	968
1112663153	0
1112663153	0
1112663153	0
1112663153	0
1112663153	0
1112663153	15
1112663153	15
1112663153	31
1112663153	31
1112663153	46
1112663153	46
1112663153	62
1112663153	62
1112663153	78
1112663153	78
1112663153	93
1112663153	93
1112663153	109
1112663153	109
1112663153	125
1112663153	125
1112663153	140
1112663153	140
1112663153	156
1112663153	156
1112663153	171
1112663153	171
1112663153	187
1112663153	218
1112663153	218
1112663153	218
1112663153	218
1112663153	218
1112663153	234
1112663153	234
1112663153	250
1112663153	250
1112663153	265
1112663153	265
1112663153	281
1112663153	281
1112663153	296
1112663153	296
1112663153	312
1112663153	312
1112663153	328
1112663153	328
1112663153	343
1112663153	343
1112663153	359
1112663153	359
1112663153	375
1112663153	375
1112663153	390
1112663153	390
1112663153	406
1112663153	437
1112663153	437
1112663153	437
1112663153	437
1112663153	437
1112663153	453
1112663153	453
1112663153	468
1112663153	468
1112663153	484
1112663153	484
1112663153	500
1112663153	500
1112663153	515
1112663153	515
1112663153	531
1112663153	531
1112663153	546
1112663153	546
1112663153	562
1112663153	562
1112663153	578
1112663153	578
1112663153	593
1112663153	593
1112663153	609
1112663153	609
1112663153	625
1112663153	625
1112663153	640
1112663153	640
1112663153	656
1112663153	656
1112663153	671
1112663153	671
1112663153	687
1112663153	687
1112663153	703
1112663153	703
1112663153	718
1112663153	718
1112663153	734
1112663153	765
1112663153	765
1112663153	765
1112663153	765
1112663153	765
1112663153	781
1112663153	781
1112663153	796
1112663153	796
1112663153	812
1112663153	812
1112663153	828
1112663153	828
1112663153	843
1112663153	843
1112663153	859
1112663153	859
1112663153	875
1112663153	875
1112663153	890
1112663153	890
1112663153	906
1112663153	906
1112663153	921
1112663153	921
1112663153	937
1112663153	937
1112663153	953
1112663153	984
1112663153	984
1112663153	984
1112663153	984
1112663153	984
1112663154	0
1112663154	0
1112663154	15
1112663154	15
1112663154	31
1112663154	31
1112663154	46
1112663154	46
1112663154	62
1112663154	62
1112663154	78
1112663154	78
1112663154	93
1112663154	93
1112663154	109
1112663154	109
1112663154	125
1112663154	125
1112663154	140
1112663154	140
1112663154	156
1112663154	156
1112663154	171
1112663154	203
1112663154	203
1112663154	203
1112663154	203
1112663154	203
1112663154	218
1112663154	218
1112663154	234
1112663154	234
1112663154	250
1112663154	250
1112663154	265
1112663154	265
1112663154	281
1112663154	281
1112663154	296
1112663154	296
1112663154	312
1112663154	312
1112663154	328
1112663154	328
1112663154	343
1112663154	343
1112663154	359
1112663154	359
1112663154	375
1112663154	375
1112663154	390
1112663154	421
1112663154	421
1112663154	421
1112663154	421
1112663154	421
1112663154	437
1112663154	437
1112663154	453
1112663154	453
1112663154	468
1112663154	468
1112663154	484
1112663154	484
1112663154	500
1112663154	500
1112663154	515
1112663154	515
1112663154	531
1112663154	531
1112663154	546
1112663154	546
1112663154	562
1112663154	562
1112663154	578
1112663154	578
1112663154	593
1112663154	593
1112663154	609
1112663154	640
1112663154	640
1112663154	640
1112663154	640
1112663154	640
1112663154	656
1112663154	656
1112663154	671
1112663154	671
1112663154	687
1112663154	687
1112663154	703
1112663154	703
1112663154	718
1112663154	718
1112663154	734
1112663154	734
1112663154	750
1112663154	750
1112663154	765
1112663154	765
1112663154	781
1112663154	781
1112663154	796
1112663154	796
1112663154	812
1112663154	812
1112663154	828
1112663154	859
1112663154	859
1112663154	859
1112663154	859
1112663154	859
1112663154	875
1112663154	875
1112663154	890
1112663154	890
1112663154	906
1112663154	906
1112663154	921
1112663154	921
1112663154	937
1112663154	937
1112663154	953
1112663154	953
1112663154	968
1112663154	968
1112663154	984
1112663154	984
1112663155	0
1112663155	0
1112663155	15
1112663155	15
1112663155	31
1112663155	31
1112663155	46
1112663155	78
1112663155	78
1112663155	78
1112663155	78
1112663155	78
1112663155	93
1112663155	93
1112663155	109
1112663155	109
1112663155	125
1112663155	125
1112663155	140
1112663155	140
1112663155	156
1112663155	156
1112663155	171
1112663155	171
1112663155	187
1112663155	187
1112663155	203
1112663155	203
1112663155	218
1112663155	218
1112663155	234
1112663155	234
1112663155	250
1112663155	250
1112663155	265
1112663155	296
1112663155	296
1112663155	296
1112663155	296
1112663155	296
1112663155	312
1112663155	312
1112663155	328
1112663155	328
1112663155	343
1112663155	343
1112663155	359
1112663155	359
1112663155	375
1112663155	375
1112663155	390
1112663155	390
1112663155	406
1112663155	406
1112663155	421
1112663155	421
1112663155	437
1112663155	437
1112663155	453
1112663155	453
1112663155	468
1112663155	468
1112663155	484
1112663155	515
1112663155	515
1112663155	515
1112663155	515
1112663155	515
1112663155	531
1112663155	531
1112663155	546
1112663155	546
1112663155	562
1112663155	562
1112663155	578
1112663155	578
1112663155	593
1112663155	593
1112663155	609
1112663155	609
1112663155	625
1112663155	625
1112663155	640
1112663155	640
1112663155	656
1112663155	656
1112663155	671
1112663155	671
1112663155	687
1112663155	687
1112663155	703
1112663155	734
1112663155	734
1112663155	734
1112663155	734
1112663155	734
1112663155	750
1112663155	750
1112663155	765
1112663155	765
1112663155	781
1112663155	781
1112663155	796
1112663155	796
1112663155	812
1112663155	812
1112663155	828
1112663155	828
1112663155	843
1112663155	843
1112663155	859
1112663155	859
1112663155	875
1112663155	875
1112663155	890
1112663155	890
1112663155	906
1112663155	906
1112663155	921
1112663155	921
1112663155	937
1112663155	937
1112663155	953
1112663155	953
1112663155	968
1112663155	968
1112663155	984
1112663155	984
1112663156	0
1112663156	0
1112663156	15
1112663156	15
1112663156	31
1112663156	62
1112663156	62
1112663156	62
1112663156	62
1112663156	62
1112663156	78
1112663156	78
1112663156	93
1112663156	93
1112663156	109
1112663156	109
1112663156	125
1112663156	125
1112663156	140
1112663156	140
1112663156	156
1112663156	156
1112663156	171
1112663156	171
1112663156	187
1112663156	187
1112663156	203
1112663156	203
1112663156	218
1112663156	218
1112663156	234
1112663156	234
1112663156	250
1112663156	281
1112663156	281
1112663156	281
1112663156	281
1112663156	281
1112663156	296
1112663156	296
1112663156	312
1112663156	312
1112663156	328
1112663156	328
1112663156	343
1112663156	343
1112663156	359
1112663156	359
1112663156	375
1112663156	375
1112663156	390
1112663156	390
1112663156	406
1112663156	406
1112663156	421
1112663156	421
1112663156	437
1112663156	437
1112663156	453
1112663156	453
1112663156	468
1112663156	500
1112663156	500
1112663156	500
1112663156	500
1112663156	500
1112663156	515
1112663156	515
1112663156	531
1112663156	531
1112663156	546
1112663156	546
1112663156	562
1112663156	562
1112663156	578
1112663156	578
1112663156	593
1112663156	593
1112663156	609
1112663156	609
1112663156	625
1112663156	625
1112663156	640
1112663156	640
1112663156	656
1112663156	656
1112663156	671
1112663156	671
1112663156	687
1112663156	718
1112663156	718
1112663156	718
1112663156	718
1112663156	718
1112663156	734
1112663156	734
1112663156	750
1112663156	750
1112663156	765
1112663156	765
1112663156	781
1112663156	781
1112663156	796
1112663156	796
1112663156	812
1112663156	812
1112663156	828
1112663156	828
1112663156	843
1112663156	843
1112663156	859
1112663156	859
1112663156	875
1112663156	875
1112663156	890
1112663156	890
1112663156	906
1112663156	937
1112663156	937
1112663156	937
1112663156	937
1112663156	937
1112663156	953
1112663156	953
1112663156	968
1112663156	968
1112663156	984
1112663156	984
1112663157	0
1112663157	0
1112663157	15
1112663157	15
1112663157	31
1112663157	31
1112663157	46
1112663157	46
1112663157	62
1112663157	62
1112663157	78
1112663157	78
1112663157	93
1112663157	93
1112663157	109
1112663157	109
1112663157	125
1112663157	125
1112663157	140
1112663157	140
1112663157	156
1112663157	156
1112663157	171
1112663157	171
1112663157	187
1112663157	187
1112663157	203
1112663157	203
1112663157	218
1112663157	218
1112663157	234
1112663157	265
1112663157	265
1112663157	265
1112663157	265
1112663157	265
1112663157	281
1112663157	281
1112663157	296
1112663157	296
1112663157	312
1112663157	312
1112663157	328
1112663157	328
1112663157	343
1112663157	343
1112663157	359
1112663157	359
1112663157	375
1112663157	375
1112663157	390
1112663157	390
1112663157	406
1112663157	406
1112663157	421
1112663157	421
1112663157	437
1112663157	437
1112663157	453
1112663157	484
1112663157	484
1112663157	484
1112663157	484
1112663157	484
1112663157	500
1112663157	500
1112663157	515
1112663157	515
1112663157	531
1112663157	531
1112663157	546
1112663157	546
1112663157	562
1112663157	562
1112663157	578
1112663157	578
1112663157	593
1112663157	593
1112663157	609
1112663157	609
1112663157	625
1112663157	625
1112663157	640
1112663157	640
1112663157	656
1112663157	656
1112663157	671
1112663157	703
1112663157	703
1112663157	703
1112663157	703
1112663157	703
1112663157	718
1112663157	718
1112663157	734
1112663157	734
1112663157	750
1112663157	750
1112663157	765
1112663157	765
1112663157	781
1112663157	781
1112663157	796
1112663157	796
1112663157	812
1112663157	812
1112663157	828
1112663157	828
1112663157	843
1112663157	843
1112663157	859
1112663157	859
1112663157	875
1112663157	875
1112663157	890
1112663157	921
1112663157	921
1112663157	921
1112663157	921
1112663157	921
1112663157	937
1112663157	937
1112663157	953
1112663157	953
1112663157	968
1112663157	968
1112663157	984
1112663157	984
1112663158	0
1112663158	0
1112663158	15
1112663158	15
1112663158	31
1112663158	31
1112663158	46
1112663158	46
1112663158	62
1112663158	62
1112663158	78
1112663158	78
1112663158	93
1112663158	93
1112663158	109
1112663158	140
1112663158	140
1112663158	140
1112663158	140
1112663158	140
1112663158	156
1112663158	156
1112663158	171
1112663158	171
1112663158	187
1112663158	187
1112663158	203
1112663158	203
1112663158	218
1112663158	218
1112663158	234
1112663158	234
1112663158	250
1112663158	250
1112663158	265
1112663158	265
1112663158	281
1112663158	281
1112663158	296
1112663158	296
1112663158	312
1112663158	312
1112663158	328
1112663158	359
1112663158	359
1112663158	359
1112663158	359
1112663158	359
1112663158	375
1112663158	375
1112663158	390
1112663158	390
1112663158	406
1112663158	406
1112663158	421
1112663158	421
1112663158	437
1112663158	437
1112663158	453
1112663158	453
1112663158	468
1112663158	468
1112663158	484
1112663158	484
1112663158	500
1112663158	500
1112663158	515
1112663158	515
1112663158	531
1112663158	531
1112663158	546
1112663158	578
1112663158	578
1112663158	578
1112663158	578
1112663158	578
1112663158	593
1112663158	593
1112663158	609
1112663158	609
1112663158	625
1112663158	625
1112663158	640
1112663158	640
1112663158	656
1112663158	656
1112663158	671
1112663158	671
1112663158	687
1112663158	687
1112663158	703
1112663158	703
1112663158	718
1112663158	718
1112663158	734
1112663158	734
1112663158	750
1112663158	750
1112663158	765
1112663158	796
1112663158	796
1112663158	796
1112663158	796
1112663158	796
1112663158	812
1112663158	812
1112663158	828
1112663158	828
1112663158	843
1112663158	843
1112663158	859
1112663158	859
1112663158	875
1112663158	875
1112663158	890
1112663158	890
1112663158	906
1112663158	906
1112663158	921
1112663158	921
1112663158	937
1112663158	937
1112663158	953
1112663158	953
1112663158	968
1112663158	968
1112663158	984
1112663159	15
1112663159	15
1112663159	15
1112663159	15
1112663159	15
1112663159	31
1112663159	31
1112663159	46
1112663159	46
1112663159	62
1112663159	62
1112663159	78
1112663159	78
1112663159	93
1112663159	93
1112663159	109
1112663159	109
1112663159	125
1112663159	125
1112663159	140
1112663159	140
1112663159	156
1112663159	156
1112663159	171
1112663159	171
1112663159	187
1112663159	187
1112663159	203
1112663159	234
1112663159	234
1112663159	234
1112663159	234
1112663159	234
1112663159	250
1112663159	250
1112663159	265
1112663159	265
1112663159	281
1112663159	281
1112663159	296
1112663159	296
1112663159	312
1112663159	312
1112663159	328
1112663159	328
1112663159	343
1112663159	343
1112663159	359
1112663159	359
1112663159	375
1112663159	375
1112663159	390
1112663159	390
1112663159	406
1112663159	406
1112663159	421
1112663159	421
1112663159	437
1112663159	437
1112663159	453
1112663159	453
1112663159	468
1112663159	468
1112663159	484
1112663159	484
1112663159	500
1112663159	500
1112663159	515
1112663159	515
1112663159	531
1112663159	562
1112663159	562
1112663159	562
1112663159	562
1112663159	562
1112663159	578
1112663159	578
1112663159	593
1112663159	593
1112663159	609
1112663159	609
1112663159	625
1112663159	625
1112663159	640
1112663159	640
1112663159	656
1112663159	656
1112663159	671
1112663159	671
1112663159	687
1112663159	687
1112663159	703
1112663159	703
1112663159	718
1112663159	718
1112663159	734
1112663159	734
1112663159	750
1112663159	781
1112663159	781
1112663159	781
1112663159	781
1112663159	781
1112663159	796
1112663159	796
1112663159	812
1112663159	812
1112663159	828
1112663159	828
1112663159	843
1112663159	843
1112663159	859
1112663159	859
1112663159	875
1112663159	875
1112663159	890
1112663159	890
1112663159	906
1112663159	906
1112663159	921
1112663159	921
1112663159	937
1112663159	937
1112663159	953
1112663159	953
1112663159	968
1112663160	0
1112663160	0
1112663160	0
1112663160	0
1112663160	0
1112663160	15
1112663160	15
1112663160	31
1112663160	31
1112663160	46
1112663160	46
1112663160	62
1112663160	62
1112663160	78
1112663160	78
1112663160	93
1112663160	93
1112663160	109
1112663160	109
1112663160	125
1112663160	125
1112663160	140
1112663160	140
1112663160	156
1112663160	156
1112663160	171
1112663160	171
1112663160	187
1112663160	218
1112663160	218
1112663160	218
1112663160	218
1112663160	218
1112663160	234
1112663160	234
1112663160	250
1112663160	250
1112663160	265
1112663160	265
1112663160	281
1112663160	281
1112663160	296
1112663160	296
1112663160	312
1112663160	312
1112663160	328
1112663160	328
1112663160	343
1112663160	343
1112663160	359
1112663160	359
1112663160	375
1112663160	375
1112663160	390
1112663160	390
1112663160	406
1112663160	437
1112663160	437
1112663160	437
1112663160	437
1112663160	437
1112663160	453
1112663160	453
1112663160	468
1112663160	468
1112663160	484
1112663160	484
1112663160	500
1112663160	500
1112663160	515
1112663160	515
1112663160	531
1112663160	531
1112663160	546
1112663160	546
1112663160	562
1112663160	562
1112663160	578
1112663160	578
1112663160	593
1112663160	593
1112663160	609
1112663160	609
1112663160	625
1112663160	625
1112663160	640
1112663160	640
1112663160	656
1112663160	656
1112663160	671
1112663160	671
1112663160	687
1112663160	687
1112663160	703
1112663160	703
1112663160	718
1112663160	718
1112663160	734
1112663160	765
1112663160	765
1112663160	765
1112663160	765
1112663160	765
1112663160	781
1112663160	781
1112663160	796
1112663160	796
1112663160	812
1112663160	812
1112663160	828
1112663160	828
1112663160	843
1112663160	843
1112663160	859
1112663160	859
1112663160	875
1112663160	875
1112663160	890
1112663160	890
1112663160	906
1112663160	906
1112663160	921
1112663160	921
1112663160	937
1112663160	937
1112663160	953
1112663160	984
1112663160	984
1112663160	984
1112663160	984
1112663160	984
1112663161	0
1112663161	0
1112663161	15
1112663161	15
1112663161	31
1112663161	31
1112663161	46
1112663161	46
1112663161	62
1112663161	62
1112663161	78
1112663161	78
1112663161	93
1112663161	93
1112663161	109
1112663161	109
1112663161	125
1112663161	125
1112663161	140
1112663161	140
1112663161	156
1112663161	156
1112663161	171
1112663161	203
1112663161	203
1112663161	203
1112663161	203
1112663161	203
1112663161	218
1112663161	218
1112663161	234
1112663161	234
1112663161	250
1112663161	250
1112663161	265
1112663161	265
1112663161	281
1112663161	281
1112663161	296
1112663161	296
1112663161	312
1112663161	312
1112663161	328
1112663161	328
1112663161	343
1112663161	343
1112663161	359
1112663161	359
1112663161	375
1112663161	375
1112663161	390
1112663161	421
1112663161	421
1112663161	421
1112663161	421
1112663161	421
1112663161	437
1112663161	437
1112663161	453
1112663161	453
1112663161	468
1112663161	468
1112663161	484
1112663161	484
1112663161	500
1112663161	500
1112663161	515
1112663161	515
1112663161	531
1112663161	531
1112663161	546
1112663161	546
1112663161	562
1112663161	562
1112663161	578
1112663161	578
1112663161	593
1112663161	593
1112663161	609
1112663161	640
1112663161	640
1112663161	640
1112663161	640
1112663161	640
1112663161	656
1112663161	656
1112663161	671
1112663161	671
1112663161	687
1112663161	687
1112663161	703
1112663161	703
1112663161	718
1112663161	718
1112663161	734
1112663161	734
1112663161	750
1112663161	750
1112663161	765
1112663161	765
1112663161	781
1112663161	781
1112663161	796
1112663161	796
1112663161	812
1112663161	812
1112663161	828
1112663161	859
1112663161	859
1112663161	859
1112663161	859
1112663161	859
1112663161	875
1112663161	875
1112663161	890
1112663161	890
1112663161	906
1112663161	906
1112663161	921
1112663161	921
1112663161	937
1112663161	937
1112663161	953
1112663161	953
1112663161	968
1112663161	968
1112663161	984
1112663161	984
1112663162	0
1112663162	0
1112663162	15
1112663162	15
1112663162	31
1112663162	31
1112663162	46
1112663162	78
1112663162	78
1112663162	78
1112663162	78
1112663162	78
1112663162	93
1112663162	93
1112663162	109
1112663162	109
1112663162	125
1112663162	125
1112663162	140
1112663162	140
1112663162	156
1112663162	156
1112663162	171
1112663162	171
1112663162	187
1112663162	187
1112663162	203
1112663162	203
1112663162	218
1112663162	218
1112663162	234
1112663162	234
1112663162	250
1112663162	250
1112663162	265
1112663162	296
1112663162	296
1112663162	296
1112663162	296
1112663162	296
1112663162	312
1112663162	312
1112663162	328
1112663162	328
1112663162	343
1112663162	343
1112663162	359
1112663162	359
1112663162	375
1112663162	375
1112663162	390
1112663162	390
1112663162	406
1112663162	406
1112663162	421
1112663162	421
1112663162	437
1112663162	437
1112663162	453
1112663162	453
1112663162	468
1112663162	468
1112663162	484
1112663162	515
1112663162	515
1112663162	515
1112663162	515
1112663162	515
1112663162	531
1112663162	531
1112663162	546
1112663162	546
1112663162	562
1112663162	562
1112663162	578
1112663162	578
1112663162	593
1112663162	593
1112663162	609
1112663162	609
1112663162	625
1112663162	625
1112663162	640
1112663162	640
1112663162	656
1112663162	656
1112663162	671
1112663162	671
1112663162	687
1112663162	687
1112663162	703
1112663162	734
1112663162	734
1112663162	734
1112663162	734
1112663162	734
1112663162	750
1112663162	750
1112663162	765
1112663162	765
1112663162	781
1112663162	781
1112663162	796
1112663162	796
1112663162	812
1112663162	812
1112663162	828
1112663162	828
1112663162	843
1112663162	843
1112663162	859
1112663162	859
1112663162	875
1112663162	875
1112663162	890
1112663162	890
1112663162	906
1112663162	906
1112663162	921
1112663162	921
1112663162	937
1112663162	937
1112663162	953
1112663162	953
1112663162	968
1112663162	968
1112663162	984
1112663162	984
1112663163	0
1112663163	0
1112663163	15
1112663163	15
1112663163	31
1112663163	62
1112663163	62
1112663163	62
1112663163	62
1112663163	62
1112663163	78
1112663163	78
1112663163	93
1112663163	93
1112663163	109
1112663163	109
1112663163	125
1112663163	125
1112663163	140
1112663163	140
1112663163	156
1112663163	156
1112663163	171
1112663163	171
1112663163	187
1112663163	187
1112663163	203
1112663163	203
1112663163	218
1112663163	218
1112663163	234
1112663163	234
1112663163	250
1112663163	281
1112663163	281
1112663163	281
1112663163	281
1112663163	281
1112663163	296
1112663163	296
1112663163	312
1112663163	312
1112663163	328
1112663163	328
1112663163	343
1112663163	343
1112663163	359
1112663163	359
1112663163	375
1112663163	375
1112663163	390
1112663163	390
1112663163	406
1112663163	406
1112663163	421
1112663163	421
1112663163	437
1112663163	437
1112663163	453
1112663163	453
1112663163	468
1112663163	500
1112663163	500
1112663163	500
1112663163	500
1112663163	500
1112663163	515
1112663163	515
1112663163	531
1112663163	531
1112663163	546
1112663163	546
1112663163	562
1112663163	562
1112663163	578
1112663163	578
1112663163	593
1112663163	593
1112663163	609
1112663163	609
1112663163	625
1112663163	625
1112663163	640
1112663163	640
1112663163	656
1112663163	656
1112663163	671
1112663163	671
1112663163	687
1112663163	718
1112663163	718
1112663163	718
1112663163	718
1112663163	718
1112663163	734
1112663163	734
1112663163	750
1112663163	750
1112663163	765
1112663163	765
1112663163	781
1112663163	781
1112663163	796
1112663163	796
1112663163	812
1112663163	812
1112663163	828
1112663163	828
1112663163	843
1112663163	843
1112663163	859
1112663163	859
1112663163	875
1112663163	875
1112663163	890
1112663163	890
1112663163	906
1112663163	937
1112663163	937
1112663163	937
1112663163	937
1112663163	937
1112663163	953
1112663163	953
1112663163	968
1112663163	968
1112663163	984
1112663163	984
1112663164	0
1112663164	0
1112663164	15
1112663164	15
1112663164	31
1112663164	31
1112663164	46
1112663164	46
1112663164	62
1112663164	62
1112663164	78
1112663164	78
1112663164	93
1112663164	93
1112663164	109
1112663164	109
1112663164	125
1112663164	125
1112663164	140
1112663164	140
1112663164	156
1112663164	156
1112663164	171
1112663164	171
1112663164	187
1112663164	187
1112663164	203
1112663164	203
1112663164	218
1112663164	218
1112663164	234
1112663164	265
1112663164	265
1112663164	265
1112663164	265
1112663164	265
1112663164	281
1112663164	281
1112663164	296
1112663164	296
1112663164	312
1112663164	312
1112663164	328
1112663164	328
1112663164	343
1112663164	343
1112663164	359
1112663164	359
1112663164	375
1112663164	375
1112663164	390
1112663164	390
1112663164	406
1112663164	406
1112663164	421
1112663164	421
1112663164	437
1112663164	437
1112663164	453
1112663164	484
1112663164	484
1112663164	484
1112663164	484
1112663164	484
1112663164	500
1112663164	500
1112663164	515
1112663164	515
1112663164	531
1112663164	531
1112663164	546
1112663164	546
1112663164	562
1112663164	562
1112663164	578
1112663164	578
1112663164	593
1112663164	593
1112663164	609
1112663164	609
1112663164	625
1112663164	625
1112663164	640
1112663164	640
1112663164	656
1112663164	656
1112663164	671
1112663164	703
1112663164	703
1112663164	703
1112663164	703
1112663164	703
1112663164	718
1112663164	718
1112663164	734
1112663164	734
1112663164	750
1112663164	750
1112663164	765
1112663164	765
1112663164	781
1112663164	781
1112663164	796
1112663164	796
1112663164	812
1112663164	812
1112663164	828
1112663164	828
1112663164	843
1112663164	843
1112663164	859
1112663164	859
1112663164	875
1112663164	875
1112663164	890
1112663164	921
1112663164	921
1112663164	921
1112663164	921
1112663164	921
1112663164	937
1112663164	937
1112663164	953
1112663164	953
1112663164	968
1112663164	968
1112663164	984
1112663164	984
1112663165	0
1112663165	0
1112663165	15
1112663165	15
1112663165	31
1112663165	31
1112663165	46
1112663165	46
1112663165	62
1112663165	62
1112663165	78
1112663165	78
1112663165	93
1112663165	93
1112663165	109
1112663165	140
1112663165	140
1112663165	140
1112663165	140
1112663165	140
1112663165	156
1112663165	156
1112663165	171
1112663165	171
1112663165	187
1112663165	187
1112663165	203
1112663165	203
1112663165	218
1112663165	218
1112663165	234
1112663165	234
1112663165	250
1112663165	250
1112663165	265
1112663165	265
1112663165	281
1112663165	281
1112663165	296
1112663165	296
1112663165	312
1112663165	312
1112663165	328
1112663165	359
1112663165	359
1112663165	359
1112663165	359
1112663165	359
1112663165	375
1112663165	375
1112663165	390
1112663165	390
1112663165	406
1112663165	406
1112663165	421
1112663165	421
1112663165	437
1112663165	437
1112663165	453
1112663165	453
1112663165	468
1112663165	468
1112663165	484
1112663165	484
1112663165	500
1112663165	500
1112663165	515
1112663165	515
1112663165	531
1112663165	531
1112663165	546
1112663165	578
1112663165	578
1112663165	578
1112663165	578
1112663165	578
1112663165	593
1112663165	593
1112663165	609
1112663165	609
1112663165	625
1112663165	625
1112663165	640
1112663165	640
1112663165	656
1112663165	656
1112663165	671
1112663165	671
1112663165	687
1112663165	687
1112663165	703
1112663165	703
1112663165	718
1112663165	718
1112663165	734
1112663165	734
1112663165	750
1112663165	750
1112663165	765
1112663165	796
1112663165	796
1112663165	796
1112663165	796
1112663165	796
1112663165	812
1112663165	812
1112663165	828
1112663165	828
1112663165	843
1112663165	843
1112663165	859
1112663165	859
1112663165	875
1112663165	875
1112663165	890
1112663165	890
1112663165	906
1112663165	906
1112663165	921
1112663165	921
1112663165	937
1112663165	937
1112663165	953
1112663165	953
1112663165	968
1112663165	968
1112663165	984
1112663166	15
1112663166	15
1112663166	15
1112663166	15
1112663166	15
1112663166	31
1112663166	31
1112663166	46
1112663166	46
1112663166	62
1112663166	62
1112663166	78
1112663166	78
1112663166	93
1112663166	93
1112663166	109
1112663166	109
1112663166	125
1112663166	125
1112663166	140
1112663166	140
1112663166	156
1112663166	156
1112663166	171
1112663166	171
1112663166	187
1112663166	187
1112663166	203
1112663166	234
1112663166	234
1112663166	234
1112663166	234
1112663166	234
1112663166	250
1112663166	250
1112663166	265
1112663166	265
1112663166	281
1112663166	281
1112663166	296
1112663166	296
1112663166	312
1112663166	312
1112663166	328
1112663166	328
1112663166	343
1112663166	343
1112663166	359
1112663166	359
1112663166	375
1112663166	375
1112663166	390
1112663166	390
1112663166	406
1112663166	406
1112663166	421
1112663166	421
1112663166	437
1112663166	437
1112663166	453
1112663166	453
1112663166	468
1112663166	468
1112663166	484
1112663166	484
1112663166	500
1112663166	500
1112663166	515
1112663166	515
1112663166	531
1112663166	562
1112663166	562
1112663166	562
1112663166	562
1112663166	562
1112663166	578
1112663166	578
1112663166	593
1112663166	593
1112663166	609
1112663166	609
1112663166	625
1112663166	625
1112663166	640
1112663166	640
1112663166	656
1112663166	656
1112663166	671
1112663166	671
1112663166	687
1112663166	687
1112663166	703
1112663166	703
1112663166	718
1112663166	718
1112663166	734
1112663166	734
1112663166	750
1112663166	781
1112663166	781
1112663166	781
1112663166	781
1112663166	781
1112663166	796
1112663166	796
1112663166	812
1112663166	812
1112663166	828
1112663166	828
1112663166	843
1112663166	843
1112663166	859
1112663166	859
1112663166	875
1112663166	875
1112663166	890
1112663166	890
1112663166	906
1112663166	906
1112663166	921
1112663166	921
1112663166	937
1112663166	937
1112663166	953
1112663166	953
1112663166	968
1112663167	0
1112663167	0
1112663167	0
1112663167	0
1112663167	0
1112663167	15
1112663167	15
1112663167	31
1112663167	31
1112663167	46
1112663167	46
1112663167	62
1112663167	62
1112663167	78
1112663167	78
1112663167	93
1112663167	93
1112663167	109
1112663167	109
1112663167	125
1112663167	125
1112663167	140
1112663167	140
1112663167	156
1112663167	156
1112663167	171
1112663167	171
1112663167	187
1112663167	218
1112663167	218
1112663167	218
1112663167	218
1112663167	218
1112663167	234
1112663167	234
1112663167	250
1112663167	250
1112663167	265
1112663167	265
1112663167	281
1112663167	281
1112663167	296
1112663167	296
1112663167	312
1112663167	312
1112663167	328
1112663167	328
1112663167	343
1112663167	343
1112663167	359
1112663167	359
1112663167	375
1112663167	375
1112663167	390
1112663167	390
1112663167	406
1112663167	437
1112663167	437
1112663167	437
1112663167	437
1112663167	437
1112663167	453
1112663167	453
1112663167	468
1112663167	468
1112663167	484
1112663167	484
1112663167	500
1112663167	500
1112663167	515
1112663167	515
1112663167	531
1112663167	531
1112663167	546
1112663167	546
1112663167	562
1112663167	562
1112663167	578
1112663167	578
1112663167	593
1112663167	593
1112663167	609
1112663167	609
1112663167	625
1112663167	625
1112663167	640
1112663167	640
1112663167	656
1112663167	656
1112663167	671
1112663167	671
1112663167	687
1112663167	687
1112663167	703
1112663167	703
1112663167	718
1112663167	718
1112663167	734
1112663167	765
1112663167	765
1112663167	765
1112663167	765
1112663167	765
1112663167	781
1112663167	781
1112663167	796
1112663167	796
1112663167	812
1112663167	812
1112663167	828
1112663167	828
1112663167	843
1112663167	843
1112663167	859
1112663167	859
1112663167	875
1112663167	875
1112663167	890
1112663167	890
1112663167	906
1112663167	906
1112663167	921
1112663167	921
1112663167	937
1112663167	937
1112663167	953
1112663167	984
1112663167	984
1112663167	984
1112663167	984
1112663167	984
1112663168	0
1112663168	0
1112663168	15
1112663168	15
1112663168	31
1112663168	31
1112663168	46
1112663168	46
1112663168	62
1112663168	62
1112663168	78
1112663168	78
1112663168	93
1112663168	93
1112663168	109
1112663168	109
1112663168	125
1112663168	125
1112663168	140
1112663168	140
1112663168	156
1112663168	156
1112663168	171
1112663168	203
1112663168	203
1112663168	203
1112663168	203
1112663168	203
1112663168	218
1112663168	218
1112663168	234
1112663168	234
1112663168	250
1112663168	250
1112663168	265
1112663168	265
1112663168	281
1112663168	281
1112663168	296
1112663168	296
1112663168	312
1112663168	312
1112663168	328
1112663168	328
1112663168	343
1112663168	343
1112663168	359
1112663168	359
1112663168	375
1112663168	375
1112663168	390
1112663168	421
1112663168	421
1112663168	421
1112663168	421
1112663168	421
1112663168	437
1112663168	437
1112663168	453
1112663168	453
1112663168	468
1112663168	468
1112663168	484
1112663168	484
1112663168	500
1112663168	500
1112663168	515
1112663168	515
1112663168	531
1112663168	531
1112663168	546
1112663168	546
1112663168	562
1112663168	562
1112663168	578
1112663168	578
1112663168	593
1112663168	593
1112663168	609
1112663168	640
1112663168	640
1112663168	640
1112663168	640
1112663168	640
1112663168	656
1112663168	656
1112663168	671
1112663168	671
1112663168	687
1112663168	687
1112663168	703
1112663168	703
1112663168	718
1112663168	718
1112663168	734
1112663168	734
1112663168	750
1112663168	750
1112663168	765
1112663168	765
1112663168	781
1112663168	781
1112663168	796
1112663168	796
1112663168	812
1112663168	812
1112663168	828
1112663168	859
1112663168	859
1112663168	859
1112663168	859
1112663168	859
1112663168	875
1112663168	875
1112663168	890
1112663168	890
1112663168	906
1112663168	906
1112663168	921
1112663168	921
1112663168	937
1112663168	937
1112663168	953
1112663168	953
1112663168	968
1112663168	968
1112663168	984
1112663168	984
1112663169	0
1112663169	0
1112663169	15
1112663169	15
1112663169	31
1112663169	31
1112663169	46
1112663169	78
1112663169	78
1112663169	78
1112663169	78
1112663169	78
1112663169	93
1112663169	93
1112663169	109
1112663169	109
1112663169	125
1112663169	125
1112663169	140
1112663169	140
1112663169	156
1112663169	156
1112663169	171
1112663169	171
1112663169	187
1112663169	187
1112663169	203
1112663169	203
1112663169	218
1112663169	218
1112663169	234
1112663169	234
1112663169	250
1112663169	250
1112663169	265
1112663169	296
1112663169	296
1112663169	296
1112663169	296
1112663169	296
1112663169	312
1112663169	312
1112663169	328
1112663169	328
1112663169	343
1112663169	343
1112663169	359
1112663169	359
1112663169	375
1112663169	375
1112663169	390
1112663169	390
1112663169	406
1112663169	406
1112663169	421
1112663169	421
1112663169	437
1112663169	437
1112663169	453
1112663169	453
1112663169	468
1112663169	468
1112663169	484
1112663169	515
1112663169	515
1112663169	515
1112663169	515
1112663169	515
1112663169	531
1112663169	531
1112663169	546
1112663169	546
1112663169	562
1112663169	562
1112663169	578
1112663169	578
1112663169	593
1112663169	593
1112663169	609
1112663169	609
1112663169	625
1112663169	625
1112663169	640
1112663169	640
1112663169	656
1112663169	656
1112663169	671
1112663169	671
1112663169	687
1112663169	687
1112663169	703
1112663169	734
1112663169	734
1112663169	734
1112663169	734
1112663169	734
1112663169	750
1112663169	750
1112663169	765
1112663169	765
1112663169	781
1112663169	781
1112663169	796
1112663169	796
1112663169	812
1112663169	812
1112663169	828
1112663169	828
1112663169	843
1112663169	843
1112663169	859
1112663169	859
1112663169	875
1112663169	875
1112663169	890
1112663169	890
1112663169	906
1112663169	906
1112663169	921
1112663169	921
1112663169	937
1112663169	937
1112663169	953
1112663169	953
1112663169	968
1112663169	968
1112663169	984
1112663169	984
1112663170	0
1112663170	0
1112663170	15
1112663170	15
1112663170	31
1112663170	62
1112663170	62
1112663170	62
1112663170	62
1112663170	62
1112663170	78
1112663170	78
1112663170	93
1112663170	93
1112663170	109
1112663170	109
1112663170	125
1112663170	125
1112663170	140
1112663170	140
1112663170	156
1112663170	156
1112663170	171
1112663170	171
1112663170	187
1112663170	187
1112663170	203
1112663170	203
1112663170	218
1112663170	218
1112663170	234
1112663170	234
1112663170	250
1112663170	281
1112663170	281
1112663170	281
1112663170	281
1112663170	281
1112663170	296
1112663170	296
1112663170	312
1112663170	312
1112663170	328
1112663170	328
1112663170	343
1112663170	343
1112663170	359
1112663170	359
1112663170	375
1112663170	375
1112663170	390
1112663170	390
1112663170	406
1112663170	406
1112663170	421
1112663170	421
1112663170	437
1112663170	437
1112663170	453
1112663170	453
1112663170	468
1112663170	500
1112663170	500
1112663170	500
1112663170	500
1112663170	500
1112663170	515
1112663170	515
1112663170	531
1112663170	531
1112663170	546
1112663170	546
1112663170	562
1112663170	562
1112663170	578
1112663170	578
1112663170	593
1112663170	593
1112663170	609
1112663170	609
1112663170	625
1112663170	625
1112663170	640
1112663170	640
1112663170	656
1112663170	656
1112663170	671
1112663170	671
1112663170	687
1112663170	718
1112663170	718
1112663170	718
1112663170	718
1112663170	718
1112663170	734
1112663170	734
1112663170	750
1112663170	750
1112663170	765
1112663170	765
1112663170	781
1112663170	781
1112663170	796
1112663170	796
1112663170	812
1112663170	812
1112663170	828
1112663170	828
1112663170	843
1112663170	843
1112663170	859
1112663170	859
1112663170	875
1112663170	875
1112663170	890
1112663170	890
1112663170	906
1112663170	937
1112663170	937
1112663170	937
1112663170	937
1112663170	937
1112663170	953
1112663170	953
1112663170	968
1112663170	968
1112663170	984
1112663170	984
1112663171	0
1112663171	0
1112663171	15
1112663171	15
1112663171	31
1112663171	31
1112663171	46
1112663171	46
1112663171	62
1112663171	62
1112663171	78
1112663171	78
1112663171	93
1112663171	93
1112663171	109
1112663171	109
1112663171	125
1112663171	125
1112663171	140
1112663171	140
1112663171	156
1112663171	156
1112663171	171
1112663171	171
1112663171	187
1112663171	187
1112663171	203
1112663171	203
1112663171	218
1112663171	218
1112663171	234
1112663171	265
1112663171	265
1112663171	265
1112663171	265
1112663171	265
1112663171	281
1112663171	281
1112663171	296
1112663171	296
1112663171	312
1112663171	312
1112663171	328
1112663171	328
1112663171	343
1112663171	343
1112663171	359
1112663171	359
1112663171	375
1112663171	375
1112663171	390
1112663171	390
1112663171	406
1112663171	406
1112663171	421
1112663171	421
1112663171	437
1112663171	437
1112663171	453
1112663171	484
1112663171	484
1112663171	484
1112663171	484
1112663171	484
1112663171	500
1112663171	500
1112663171	515
1112663171	515
1112663171	531
1112663171	531
1112663171	546
1112663171	546
1112663171	562
1112663171	562
1112663171	578
1112663171	578
1112663171	593
1112663171	593
1112663171	609
1112663171	609
1112663171	625
1112663171	625
1112663171	640
1112663171	640
1112663171	656
1112663171	656
1112663171	671
1112663171	703
1112663171	703
1112663171	703
1112663171	703
1112663171	703
1112663171	718
1112663171	718
1112663171	734
1112663171	734
1112663171	750
1112663171	750
1112663171	765
1112663171	765
1112663171	781
1112663171	781
1112663171	796
1112663171	796
1112663171	812
1112663171	812
1112663171	828
1112663171	828
1112663171	843
1112663171	843
1112663171	859
1112663171	859
1112663171	875
1112663171	875
1112663171	890
1112663171	921
1112663171	921
1112663171	921
1112663171	921
1112663171	921
1112663171	937
1112663171	937
1112663171	953
1112663171	953
1112663171	968
1112663171	968
1112663171	984
1112663171	984
1112663172	0
1112663172	0
1112663172	15
1112663172	15
1112663172	31
1112663172	31
1112663172	46
1112663172	46
1112663172	62
1112663172	62
1112663172	78
1112663172	78
1112663172	93
1112663172	93
1112663172	109
1112663172	140
1112663172	140
1112663172	140
1112663172	140
1112663172	140
1112663172	156
1112663172	156
1112663172	171
1112663172	171
1112663172	187
1112663172	187
1112663172	203
1112663172	203
1112663172	218
1112663172	218
1112663172	234
1112663172	234
1112663172	250
1112663172	250
1112663172	265
1112663172	265
1112663172	281
1112663172	281
1112663172	296
1112663172	296
1112663172	312
1112663172	312
1112663172	328
1112663172	359
1112663172	359
1112663172	359
1112663172	359
1112663172	359
1112663172	375
1112663172	375
1112663172	390
1112663172	390
1112663172	406
1112663172	406
1112663172	421
1112663172	421
1112663172	437
1112663172	437
1112663172	453
1112663172	453
1112663172	468
1112663172	468
1112663172	484
1112663172	484
1112663172	500
1112663172	500
1112663172	515
1112663172	515
1112663172	531
1112663172	531
1112663172	546
1112663172	578
1112663172	578
1112663172	578
1112663172	578
1112663172	578
1112663172	593
1112663172	593
1112663172	609
1112663172	609
1112663172	625
1112663172	625
1112663172	640
1112663172	640
1112663172	656
1112663172	656
1112663172	671
1112663172	671
1112663172	687
1112663172	687
1112663172	703
1112663172	703
1112663172	718
1112663172	718
1112663172	734
1112663172	734
1112663172	750
1112663172	750
1112663172	765
1112663172	796
1112663172	796
1112663172	796
1112663172	796
1112663172	796
1112663172	812
1112663172	812
1112663172	828
1112663172	828
1112663172	843
1112663172	843
1112663172	859
1112663172	859
1112663172	875
1112663172	875
1112663172	890
1112663172	890
1112663172	906
1112663172	906
1112663172	921
1112663172	921
1112663172	937
1112663172	937
1112663172	953
1112663172	953
1112663172	968
1112663172	968
1112663172	984
1112663173	15
1112663173	15
1112663173	15
1112663173	15
1112663173	15
1112663173	31
1112663173	31
1112663173	46
1112663173	46
1112663173	62
1112663173	62
1112663173	78
1112663173	78
1112663173	93
1112663173	93
1112663173	109
1112663173	109
1112663173	125
1112663173	125
1112663173	140
1112663173	140
1112663173	156
1112663173	156
1112663173	171
1112663173	171
1112663173	187
1112663173	187
1112663173	203
1112663173	234
1112663173	234
1112663173	234
1112663173	234
1112663173	234
1112663173	250
1112663173	250
1112663173	265
1112663173	265
1112663173	281
1112663173	281
1112663173	296
1112663173	296
1112663173	312
1112663173	312
1112663173	328
1112663173	328
1112663173	343
1112663173	343
1112663173	359
1112663173	359
1112663173	375
1112663173	375
1112663173	390
1112663173	390
1112663173	406
1112663173	406
1112663173	421
1112663173	421
1112663173	437
1112663173	437
1112663173	453
1112663173	453
1112663173	468
1112663173	468
1112663173	484
1112663173	484
1112663173	500
1112663173	500
1112663173	515
1112663173	515
1112663173	531
1112663173	562
1112663173	562
1112663173	562
1112663173	562
1112663173	562
1112663173	578
1112663173	578
1112663173	593
1112663173	593
1112663173	609
1112663173	609
1112663173	625
1112663173	625
1112663173	640
1112663173	640
1112663173	656
1112663173	656
1112663173	671
1112663173	671
1112663173	687
1112663173	687
1112663173	703
1112663173	703
1112663173	718
1112663173	718
1112663173	734
1112663173	734
1112663173	750
1112663173	781
1112663173	781
1112663173	781
1112663173	781
1112663173	781
1112663173	796
1112663173	796
1112663173	812
1112663173	812
1112663173	828
1112663173	828
1112663173	843
1112663173	843
1112663173	859
1112663173	859
1112663173	875
1112663173	875
1112663173	890
1112663173	890
1112663173	906
1112663173	906
1112663173	921
1112663173	921
1112663173	937
1112663173	937
1112663173	953
1112663173	953
1112663173	968
1112663174	0
1112663174	0
1112663174	0
1112663174	0
1112663174	0
1112663174	15
1112663174	15
1112663174	31
1112663174	31
1112663174	46
1112663174	46
1112663174	62
1112663174	62
1112663174	78
1112663174	78
1112663174	93
1112663174	93
1112663174	109
1112663174	109
1112663174	125
1112663174	125
1112663174	140
1112663174	140
1112663174	156
1112663174	156
1112663174	171
1112663174	171
1112663174	187
1112663174	218
1112663174	218
1112663174	218
1112663174	218
1112663174	218
1112663174	234
1112663174	234
1112663174	250
1112663174	250
1112663174	265
1112663174	265
1112663174	281
1112663174	281
1112663174	296
1112663174	296
1112663174	312
1112663174	312
1112663174	328
1112663174	328
1112663174	343
1112663174	343
1112663174	359
1112663174	359
1112663174	375
1112663174	375
1112663174	390
1112663174	390
1112663174	406
1112663174	437
1112663174	437
1112663174	437
1112663174	437
1112663174	437
1112663174	453
1112663174	453
1112663174	468
1112663174	468
1112663174	484
1112663174	484
1112663174	500
1112663174	500
1112663174	515
1112663174	515
1112663174	531
1112663174	531
1112663174	546
1112663174	546
1112663174	562
1112663174	562
1112663174	578
1112663174	578
1112663174	593
1112663174	593
1112663174	609
1112663174	609
1112663174	625
1112663174	625
1112663174	640
1112663174	640
1112663174	656
1112663174	656
1112663174	671
1112663174	671
1112663174	687
1112663174	687
1112663174	703
1112663174	703
1112663174	718
1112663174	718
1112663174	734
1112663174	765
1112663174	765
1112663174	765
1112663174	765
1112663174	765
1112663174	781
1112663174	781
1112663174	796
1112663174	796
1112663174	812
1112663174	812
1112663174	828
1112663174	828
1112663174	843
1112663174	843
1112663174	859
1112663174	859
1112663174	875
1112663174	875
1112663174	890
1112663174	890
1112663174	906
1112663174	906
1112663174	921
1112663174	921
1112663174	937
1112663174	937
1112663174	953
1112663174	984
1112663174	984
1112663174	984
1112663174	984
1112663174	984
1112663175	0
1112663175	0
1112663175	15
1112663175	15
1112663175	31
1112663175	31
1112663175	46
1112663175	46
1112663175	62
1112663175	62
1112663175	78
1112663175	78
1112663175	93
1112663175	93
1112663175	109
1112663175	109
1112663175	125
1112663175	125
1112663175	140
1112663175	140
1112663175	156
1112663175	156
1112663175	171
1112663175	203
1112663175	203
1112663175	203
1112663175	203
1112663175	203
1112663175	218
1112663175	218
1112663175	234
1112663175	234
1112663175	250
1112663175	250
1112663175	265
1112663175	265
1112663175	281
1112663175	281
1112663175	296
1112663175	296
1112663175	312
1112663175	312
1112663175	328
1112663175	328
1112663175	343
1112663175	343
1112663175	359
1112663175	359
1112663175	375
1112663175	375
1112663175	390
1112663175	421
1112663175	421
1112663175	421
1112663175	421
1112663175	421
1112663175	437
1112663175	437
1112663175	453
1112663175	453
1112663175	468
1112663175	468
1112663175	484
1112663175	484
1112663175	500
1112663175	500
1112663175	515
1112663175	515
1112663175	531
1112663175	531
1112663175	546
1112663175	546
1112663175	562
1112663175	562
1112663175	578
1112663175	578
1112663175	593
1112663175	593
1112663175	609
1112663175	640
1112663175	640
1112663175	640
1112663175	640
1112663175	640
1112663175	656
1112663175	656
1112663175	671
1112663175	671
1112663175	687
1112663175	687
1112663175	703
1112663175	703
1112663175	718
1112663175	718
1112663175	734
1112663175	734
1112663175	750
1112663175	750
1112663175	765
1112663175	765
1112663175	781
1112663175	781
1112663175	796
1112663175	796
1112663175	812
1112663175	812
1112663175	828
1112663175	859
1112663175	859
1112663175	859
1112663175	859
1112663175	859
1112663175	875
1112663175	875
1112663175	890
1112663175	890
1112663175	906
1112663175	906
1112663175	921
1112663175	921
1112663175	937
1112663175	937
1112663175	953
1112663175	953
1112663175	968
1112663175	968
1112663175	984
1112663175	984
1112663176	0
1112663176	0
1112663176	15
1112663176	15
1112663176	31
1112663176	31
1112663176	46
1112663176	78
1112663176	78
1112663176	78
1112663176	78
1112663176	78
1112663176	93
1112663176	93
1112663176	109
1112663176	109
1112663176	125
1112663176	125
1112663176	140
1112663176	140
1112663176	156
1112663176	156
1112663176	171
1112663176	171
1112663176	187
1112663176	187
1112663176	203
1112663176	203
1112663176	218
1112663176	218
1112663176	234
1112663176	234
1112663176	250
1112663176	250
1112663176	265
1112663176	296
1112663176	296
1112663176	296
1112663176	296
1112663176	296
1112663176	312
1112663176	312
1112663176	328
1112663176	328
1112663176	343
1112663176	343
1112663176	359
1112663176	359
1112663176	375
1112663176	375
1112663176	390
1112663176	390
1112663176	406
1112663176	406
1112663176	421
1112663176	421
1112663176	437
1112663176	437
1112663176	453
1112663176	453
1112663176	468
1112663176	468
1112663176	484
1112663176	515
1112663176	515
1112663176	515
1112663176	515
1112663176	515
1112663176	531
1112663176	531
1112663176	546
1112663176	546
1112663176	562
1112663176	562
1112663176	578
1112663176	578
1112663176	593
1112663176	593
1112663176	609
1112663176	609
1112663176	625
1112663176	625
1112663176	640
1112663176	640
1112663176	656
1112663176	656
1112663176	671
1112663176	671
1112663176	687
1112663176	687
1112663176	703
1112663176	734
1112663176	734
1112663176	734
1112663176	734
1112663176	734
1112663176	750
1112663176	750
1112663176	765
1112663176	765
1112663176	781
1112663176	781
1112663176	796
1112663176	796
1112663176	812
1112663176	812
1112663176	828
1112663176	828
1112663176	843
1112663176	843
1112663176	859
1112663176	859
1112663176	875
1112663176	875
1112663176	890
1112663176	890
1112663176	906
1112663176	906
1112663176	921
1112663176	921
1112663176	937
1112663176	937
1112663176	953
1112663176	953
1112663176	968
1112663176	968
1112663176	984
1112663176	984
1112663177	0
1112663177	0
1112663177	15
1112663177	15
1112663177	31
1112663177	62
1112663177	62
1112663177	62
1112663177	62
1112663177	62
1112663177	78
1112663177	78
1112663177	93
1112663177	93
1112663177	109
1112663177	109
1112663177	125
1112663177	125
1112663177	140
1112663177	140
1112663177	156
1112663177	156
1112663177	171
1112663177	171
1112663177	187
1112663177	187
1112663177	203
1112663177	203
1112663177	218
1112663177	218
1112663177	234
1112663177	234
1112663177	250
1112663177	281
1112663177	281
1112663177	281
1112663177	281
1112663177	281
1112663177	296
1112663177	296
1112663177	312
1112663177	312
1112663177	328
1112663177	328
1112663177	343
1112663177	343
1112663177	359
1112663177	359
1112663177	375
1112663177	375
1112663177	390
1112663177	390
1112663177	406
1112663177	406
1112663177	421
1112663177	421
1112663177	437
1112663177	437
1112663177	453
1112663177	453
1112663177	468
1112663177	500
1112663177	500
1112663177	500
1112663177	500
1112663177	500
1112663177	515
1112663177	515
1112663177	531
1112663177	531
1112663177	546
1112663177	546
1112663177	562
1112663177	562
1112663177	578
1112663177	578
1112663177	593
1112663177	593
1112663177	609
1112663177	609
1112663177	625
1112663177	625
1112663177	640
1112663177	640
1112663177	656
1112663177	656
1112663177	671
1112663177	671
1112663177	687
1112663177	718
1112663177	718
1112663177	718
1112663177	718
1112663177	718
1112663177	734
1112663177	734
1112663177	750
1112663177	750
1112663177	765
1112663177	765
1112663177	781
1112663177	781
1112663177	796
1112663177	796
1112663177	812
1112663177	812
1112663177	828
1112663177	828
1112663177	843
1112663177	843
1112663177	859
1112663177	859
1112663177	875
1112663177	875
1112663177	890
1112663177	890
1112663177	906
1112663177	937
1112663177	937
1112663177	937
1112663177	937
1112663177	937
1112663177	953
1112663177	953
1112663177	968
1112663177	968
1112663177	984
1112663177	984
1112663178	0
1112663178	0
1112663178	15
1112663178	15
1112663178	31
1112663178	31
1112663178	46
1112663178	46
1112663178	62
1112663178	62
1112663178	78
1112663178	78
1112663178	93
1112663178	93
1112663178	109
1112663178	109
1112663178	125
1112663178	125
1112663178	140
1112663178	140
1112663178	156
1112663178	156
1112663178	171
1112663178	171
1112663178	187
1112663178	187
1112663178	203
1112663178	203
1112663178	218
1112663178	218
1112663178	234
1112663178	265
1112663178	265
1112663178	265
1112663178	265
1112663178	265
1112663178	281
1112663178	281
1112663178	296
1112663178	296
1112663178	312
1112663178	312
1112663178	328
1112663178	328
1112663178	343
1112663178	343
1112663178	359
1112663178	359
1112663178	375
1112663178	375
1112663178	390
1112663178	390
1112663178	406
1112663178	406
1112663178	421
1112663178	421
1112663178	437
1112663178	437
1112663178	453
1112663178	484
1112663178	484
1112663178	484
1112663178	484
1112663178	484
1112663178	500
1112663178	500
1112663178	515
1112663178	515
1112663178	531
1112663178	531
1112663178	546
1112663178	546
1112663178	562
1112663178	562
1112663178	578
1112663178	578
1112663178	593
1112663178	593
1112663178	609
1112663178	609
1112663178	625
1112663178	625
1112663178	640
1112663178	640
1112663178	656
1112663178	656
1112663178	671
1112663178	703
1112663178	703
1112663178	703
1112663178	703
1112663178	703
1112663178	718
1112663178	718
1112663178	734
1112663178	734
1112663178	750
1112663178	750
1112663178	765
1112663178	765
1112663178	781
1112663178	781
1112663178	796
1112663178	796
1112663178	812
1112663178	812
1112663178	828
1112663178	828
1112663178	843
1112663178	843
1112663178	859
1112663178	859
1112663178	875
1112663178	875
1112663178	890
1112663178	921
1112663178	921
1112663178	921
1112663178	921
1112663178	921
1112663178	937
1112663178	937
1112663178	953
1112663178	953
1112663178	968
1112663178	968
1112663178	984
1112663178	984
1112663179	0
1112663179	0
1112663179	15
1112663179	15
1112663179	31
1112663179	31
1112663179	46
1112663179	46
1112663179	62
1112663179	62
1112663179	78
1112663179	78
1112663179	93
1112663179	93
1112663179	109
1112663179	140
1112663179	140
1112663179	140
1112663179	140
1112663179	140
1112663179	156
1112663179	156
1112663179	171
1112663179	171
1112663179	187
1112663179	187
1112663179	203
1112663179	203
1112663179	218
1112663179	218
1112663179	234
1112663179	234
1112663179	250
1112663179	250
1112663179	265
1112663179	265
1112663179	281
1112663179	281
1112663179	296
1112663179	296
1112663179	312
1112663179	312
1112663179	328
1112663179	359
1112663179	359
1112663179	359
1112663179	359
1112663179	359
1112663179	375
1112663179	375
1112663179	390
1112663179	390
1112663179	406
1112663179	406
1112663179	421
1112663179	421
1112663179	437
1112663179	437
1112663179	453
1112663179	453
1112663179	468
1112663179	468
1112663179	484
1112663179	484
1112663179	500
1112663179	500
1112663179	515
1112663179	515
1112663179	531
1112663179	531
1112663179	546
1112663179	578
1112663179	578
1112663179	578
1112663179	578
1112663179	578
1112663179	593
1112663179	593
1112663179	609
1112663179	609
1112663179	625
1112663179	625
1112663179	640
1112663179	640
1112663179	656
1112663179	656
1112663179	671
1112663179	671
1112663179	687
1112663179	687
1112663179	703
1112663179	703
1112663179	718
1112663179	718
1112663179	734
1112663179	734
1112663179	750
1112663179	750
1112663179	765
1112663179	796
1112663179	796
1112663179	796
1112663179	796
1112663179	796
1112663179	812
1112663179	812
1112663179	828
1112663179	828
1112663179	843
1112663179	843
1112663179	859
1112663179	859
1112663179	875
1112663179	875
1112663179	890
1112663179	890
1112663179	906
1112663179	906
1112663179	921
1112663179	921
1112663179	937
1112663179	937
1112663179	953
1112663179	953
1112663179	968
1112663179	968
1112663179	984
1112663180	15
1112663180	15
1112663180	15
1112663180	15
1112663180	15
1112663180	31
1112663180	31
1112663180	46
1112663180	46
1112663180	62
1112663180	62
1112663180	78
1112663180	78
1112663180	93
1112663180	93
1112663180	109
1112663180	109
1112663180	125
1112663180	125
1112663180	140
1112663180	140
1112663180	156
1112663180	156
1112663180	171
1112663180	171
1112663180	187
1112663180	187
1112663180	203
1112663180	234
1112663180	234
1112663180	234
1112663180	234
1112663180	234
1112663180	250
1112663180	250
1112663180	265
1112663180	265
1112663180	281
1112663180	281
1112663180	296
1112663180	296
1112663180	312
1112663180	312
1112663180	328
1112663180	328
1112663180	343
1112663180	343
1112663180	359
1112663180	359
1112663180	375
1112663180	375
1112663180	390
1112663180	390
1112663180	406
1112663180	406
1112663180	421
1112663180	421
1112663180	437
1112663180	437
1112663180	453
1112663180	453
1112663180	468
1112663180	468
1112663180	484
1112663180	484
1112663180	500
1112663180	500
1112663180	515
1112663180	515
1112663180	531
1112663180	562
1112663180	562
1112663180	562
1112663180	562
1112663180	562
1112663180	578
1112663180	578
1112663180	593
1112663180	593
1112663180	609
1112663180	609
1112663180	625
1112663180	625
1112663180	640
1112663180	640
1112663180	656
1112663180	656
1112663180	671
1112663180	671
1112663180	687
1112663180	687
1112663180	703
1112663180	703
1112663180	718
1112663180	718
1112663180	734
1112663180	734
1112663180	750
1112663180	781
1112663180	781
1112663180	781
1112663180	781
1112663180	781
1112663180	796
1112663180	796
1112663180	812
1112663180	812
1112663180	828
1112663180	828
1112663180	843
1112663180	843
1112663180	859
1112663180	859
1112663180	875
1112663180	875
1112663180	890
1112663180	890
1112663180	906
1112663180	906
1112663180	921
1112663180	921
1112663180	937
1112663180	937
1112663180	953
1112663180	953
1112663180	968
1112663181	0
1112663181	0
1112663181	0
1112663181	0
1112663181	0
1112663181	15
1112663181	15
1112663181	31
1112663181	31
1112663181	46
1112663181	46
1112663181	62
1112663181	62
1112663181	78
1112663181	78
1112663181	93
1112663181	93
1112663181	109
1112663181	109
1112663181	125
1112663181	125
1112663181	140
1112663181	140
1112663181	156
1112663181	156
1112663181	171
1112663181	171
1112663181	187
1112663181	218
1112663181	218
1112663181	218
1112663181	218
1112663181	218
1112663181	234
1112663181	234
1112663181	250
1112663181	250
1112663181	265
1112663181	265
1112663181	281
1112663181	281
1112663181	296
1112663181	296
1112663181	312
1112663181	312
1112663181	328
1112663181	328
1112663181	343
1112663181	343
1112663181	359
1112663181	359
1112663181	375
1112663181	375
1112663181	390
1112663181	390
1112663181	406
1112663181	437
1112663181	437
1112663181	437
1112663181	437
1112663181	437
1112663181	453
1112663181	453
1112663181	468
1112663181	468
1112663181	484
1112663181	484
1112663181	500
1112663181	500
1112663181	515
1112663181	515
1112663181	531
1112663181	531
1112663181	546
1112663181	546
1112663181	562
1112663181	562
1112663181	578
1112663181	578
1112663181	593
1112663181	593
1112663181	609
1112663181	609
1112663181	625
1112663181	625
1112663181	640
1112663181	640
1112663181	656
1112663181	656
1112663181	671
1112663181	671
1112663181	687
1112663181	687
1112663181	703
1112663181	703
1112663181	718
1112663181	718
1112663181	734
1112663181	765
1112663181	765
1112663181	765
1112663181	765
1112663181	765
1112663181	781
1112663181	781
1112663181	796
1112663181	796
1112663181	812
1112663181	812
1112663181	828
1112663181	828
1112663181	843
1112663181	843
1112663181	859
1112663181	859
1112663181	875
1112663181	875
1112663181	890
1112663181	890
1112663181	906
1112663181	906
1112663181	921
1112663181	921
1112663181	937
1112663181	937
1112663181	953
1112663181	984
1112663181	984
1112663181	984
1112663181	984
1112663181	984
1112663182	0
1112663182	0
1112663182	15
1112663182	15
1112663182	31
1112663182	31
1112663182	46
1112663182	46
1112663182	62
1112663182	62
1112663182	78
1112663182	78
1112663182	93
1112663182	93
1112663182	109
1112663182	109
1112663182	125
1112663182	125
1112663182	140
1112663182	140
1112663182	156
1112663182	156
1112663182	171
1112663182	203
1112663182	203
1112663182	203
1112663182	203
1112663182	203
1112663182	218
1112663182	218
1112663182	234
1112663182	234
1112663182	250
1112663182	250
1112663182	265
1112663182	265
1112663182	281
1112663182	281
1112663182	296
1112663182	296
1112663182	312
1112663182	312
1112663182	328
1112663182	328
1112663182	343
1112663182	343
1112663182	359
1112663182	359
1112663182	375
1112663182	375
1112663182	390
1112663182	421
1112663182	421
1112663182	421
1112663182	421
1112663182	421
1112663182	437
1112663182	437
1112663182	453
1112663182	453
1112663182	468
1112663182	468
1112663182	484
1112663182	484
1112663182	500
1112663182	500
1112663182	515
1112663182	515
1112663182	531
1112663182	531
1112663182	546
1112663182	546
1112663182	562
1112663182	562
1112663182	578
1112663182	578
1112663182	593
1112663182	593
1112663182	609
1112663182	640
1112663182	640
1112663182	640
1112663182	640
1112663182	640
1112663182	656
1112663182	656
1112663182	671
1112663182	671
1112663182	687
1112663182	687
1112663182	703
1112663182	703
1112663182	718
1112663182	718
1112663182	734
1112663182	734
1112663182	750
1112663182	750
1112663182	765
1112663182	765
1112663182	781
1112663182	781
1112663182	796
1112663182	796
1112663182	812
1112663182	812
1112663182	828
1112663182	859
1112663182	859
1112663182	859
1112663182	859
1112663182	859
1112663182	875
1112663182	875
1112663182	890
1112663182	890
1112663182	906
1112663182	906
1112663182	921
1112663182	921
1112663182	937
1112663182	937
1112663182	953
1112663182	953
1112663182	968
1112663182	968
1112663182	984
1112663182	984
1112663183	0
1112663183	0
1112663183	15
1112663183	15
1112663183	31
1112663183	31
1112663183	46
1112663183	78
1112663183	78
1112663183	78
1112663183	78
1112663183	78
1112663183	93
1112663183	93
1112663183	109
1112663183	109
1112663183	125
1112663183	125
1112663183	140
1112663183	140
1112663183	156
1112663183	156
1112663183	171
1112663183	171
1112663183	187
1112663183	187
1112663183	203
1112663183	203
1112663183	218
1112663183	218
1112663183	234
1112663183	234
1112663183	250
1112663183	250
1112663183	265
1112663183	296
1112663183	296
1112663183	296
1112663183	296
1112663183	296
1112663183	312
1112663183	312
1112663183	328
1112663183	328
1112663183	343
1112663183	343
1112663183	359
1112663183	359
1112663183	375
1112663183	375
1112663183	390
1112663183	390
1112663183	406
1112663183	406
1112663183	421
1112663183	421
1112663183	437
1112663183	437
1112663183	453
1112663183	453
1112663183	468
1112663183	468
1112663183	484
1112663183	515
1112663183	515
1112663183	515
1112663183	515
1112663183	515
1112663183	531
1112663183	531
1112663183	546
1112663183	546
1112663183	562
1112663183	562
1112663183	578
1112663183	578
1112663183	593
1112663183	593
1112663183	609
1112663183	609
1112663183	625
1112663183	625
1112663183	640
1112663183	640
1112663183	656
1112663183	656
1112663183	671
1112663183	671
1112663183	687
1112663183	687
1112663183	703
1112663183	734
1112663183	734
1112663183	734
1112663183	734
1112663183	734
1112663183	750
1112663183	750
1112663183	765
1112663183	765
1112663183	781
1112663183	781
1112663183	796
1112663183	796
1112663183	812
1112663183	812
1112663183	828
1112663183	828
1112663183	843
1112663183	843
1112663183	859
1112663183	859
1112663183	875
1112663183	875
1112663183	890
1112663183	890
1112663183	906
1112663183	906
1112663183	921
1112663183	921
1112663183	937
1112663183	937
1112663183	953
1112663183	953
1112663183	968
1112663183	968
1112663183	984
1112663183	984
1112663184	0
1112663184	0
1112663184	15
1112663184	15
1112663184	31
1112663184	62
1112663184	62
1112663184	62
1112663184	62
1112663184	62
1112663184	78
1112663184	78
1112663184	93
1112663184	93
1112663184	109
1112663184	109
1112663184	125
1112663184	125
1112663184	140
1112663184	140
1112663184	156
1112663184	156
1112663184	171
1112663184	171
1112663184	187
1112663184	187
1112663184	203
1112663184	203
1112663184	218
1112663184	218
1112663184	234
1112663184	234
1112663184	250
1112663184	281
1112663184	281
1112663184	281
1112663184	281
1112663184	281
1112663184	296
1112663184	296
1112663184	312
1112663184	312
1112663184	328
1112663184	328
1112663184	343
1112663184	343
1112663184	359
1112663184	359
1112663184	375
1112663184	375
1112663184	390
1112663184	390
1112663184	406
1112663184	406
1112663184	421
1112663184	421
1112663184	437
1112663184	437
1112663184	453
1112663184	453
1112663184	468
1112663184	500
1112663184	500
1112663184	500
1112663184	500
1112663184	500
1112663184	515
1112663184	515
1112663184	531
1112663184	531
1112663184	546
1112663184	546
1112663184	562
1112663184	562
1112663184	578
1112663184	578
1112663184	593
1112663184	593
1112663184	609
1112663184	609
1112663184	625
1112663184	625
1112663184	640
1112663184	640
1112663184	656
1112663184	656
1112663184	671
1112663184	671
1112663184	687
1112663184	718
1112663184	718
1112663184	718
1112663184	718
1112663184	718
1112663184	734
1112663184	734
1112663184	750
1112663184	750
1112663184	765
1112663184	765
1112663184	781
1112663184	781
1112663184	796
1112663184	796
1112663184	812
1112663184	812
1112663184	828
1112663184	828
1112663184	843
1112663184	843
1112663184	859
1112663184	859
1112663184	875
1112663184	875
1112663184	890
1112663184	890
1112663184	906
1112663184	937
1112663184	937
1112663184	937
1112663184	937
1112663184	937
1112663184	953
1112663184	953
1112663184	968
1112663184	968
1112663184	984
1112663184	984
1112663185	0
1112663185	0
1112663185	15
1112663185	15
1112663185	31
1112663185	31
1112663185	46
1112663185	46
1112663185	62
1112663185	62
1112663185	78
1112663185	78
1112663185	93
1112663185	93
1112663185	109
1112663185	109
1112663185	125
1112663185	125
1112663185	140
1112663185	140
1112663185	156
1112663185	156
1112663185	171
1112663185	171
1112663185	187
1112663185	187
1112663185	203
1112663185	203
1112663185	218
1112663185	218
1112663185	234
1112663185	265
1112663185	265
1112663185	265
1112663185	265
1112663185	265
1112663185	281
1112663185	281
1112663185	296
1112663185	296
1112663185	312
1112663185	312
1112663185	328
1112663185	328
1112663185	343
1112663185	343
1112663185	359
1112663185	359
1112663185	375
1112663185	375
1112663185	390
1112663185	390
1112663185	406
1112663185	406
1112663185	421
1112663185	421
1112663185	437
1112663185	437
1112663185	453
1112663185	484
1112663185	484
1112663185	484
1112663185	484
1112663185	484
1112663185	500
1112663185	500
1112663185	515
1112663185	515
1112663185	531
1112663185	531
1112663185	546
1112663185	546
1112663185	562
1112663185	562
1112663185	578
1112663185	578
1112663185	593
1112663185	593
1112663185	609
1112663185	609
1112663185	625
1112663185	625
1112663185	640
1112663185	640
1112663185	656
1112663185	656
1112663185	671
1112663185	703
1112663185	703
1112663185	703
1112663185	703
1112663185	703
1112663185	718
1112663185	718
1112663185	734
1112663185	734
1112663185	750
1112663185	750
1112663185	765
1112663185	765
1112663185	781
1112663185	781
1112663185	796
1112663185	796
1112663185	812
1112663185	812
1112663185	828
1112663185	828
1112663185	843
1112663185	843
1112663185	859
1112663185	859
1112663185	875
1112663185	875
1112663185	890
1112663185	921
1112663185	921
1112663185	921
1112663185	921
1112663185	921
1112663185	937
1112663185	937
1112663185	953
1112663185	953
1112663185	968
1112663185	968
1112663185	984
1112663185	984
1112663186	0
1112663186	0
1112663186	15
1112663186	15
1112663186	31
1112663186	31
1112663186	46
1112663186	46
1112663186	62
1112663186	62
1112663186	78
1112663186	78
1112663186	93
1112663186	93
1112663186	109
1112663186	140
1112663186	140
1112663186	140
1112663186	140
1112663186	140
1112663186	156
1112663186	156
1112663186	171
1112663186	171
1112663186	187
1112663186	187
1112663186	203
1112663186	203
1112663186	218
1112663186	218
1112663186	234
1112663186	234
1112663186	250
1112663186	250
1112663186	265
1112663186	265
1112663186	281
1112663186	281
1112663186	296
1112663186	296
1112663186	312
1112663186	312
1112663186	328
1112663186	359
1112663186	359
1112663186	359
1112663186	359
1112663186	359
1112663186	375
1112663186	375
1112663186	390
1112663186	390
1112663186	406
1112663186	406
1112663186	421
1112663186	421
1112663186	437
1112663186	437
1112663186	453
1112663186	453
1112663186	468
1112663186	468
1112663186	484
1112663186	484
1112663186	500
1112663186	500
1112663186	515
1112663186	515
1112663186	531
1112663186	531
1112663186	546
1112663186	578
1112663186	578
1112663186	578
1112663186	578
1112663186	578
1112663186	593
1112663186	593
1112663186	609
1112663186	609
1112663186	625
1112663186	625
1112663186	640
1112663186	640
1112663186	656
1112663186	656
1112663186	671
1112663186	671
1112663186	687
1112663186	687
1112663186	703
1112663186	703
1112663186	718
1112663186	718
1112663186	734
1112663186	734
1112663186	750
1112663186	750
1112663186	765
1112663186	796
1112663186	796
1112663186	796
1112663186	796
1112663186	796
1112663186	812
1112663186	812
1112663186	828
1112663186	828
1112663186	843
1112663186	843
1112663186	859
1112663186	859
1112663186	875
1112663186	875
1112663186	890
1112663186	890
1112663186	906
1112663186	906
1112663186	921
1112663186	921
1112663186	937
1112663186	937
1112663186	953
1112663186	953
1112663186	968
1112663186	968
1112663186	984
1112663187	15
1112663187	15
1112663187	15
1112663187	15
1112663187	15
1112663187	31
1112663187	31
1112663187	46
1112663187	46
1112663187	62
1112663187	62
1112663187	78
1112663187	78
1112663187	93
1112663187	93
1112663187	109
1112663187	109
1112663187	125
1112663187	125
1112663187	140
1112663187	140
1112663187	156
1112663187	156
1112663187	171
1112663187	171
1112663187	187
1112663187	187
1112663187	203
1112663187	234
1112663187	234
1112663187	234
1112663187	234
1112663187	234
1112663187	250
1112663187	250
1112663187	265
1112663187	265
1112663187	281
1112663187	281
1112663187	296
1112663187	296
1112663187	312
1112663187	312
1112663187	328
1112663187	328
1112663187	343
1112663187	343
1112663187	359
1112663187	359
1112663187	375
1112663187	375
1112663187	390
1112663187	390
1112663187	406
1112663187	406
1112663187	421
1112663187	421
1112663187	437
1112663187	437
1112663187	453
1112663187	453
1112663187	468
1112663187	468
1112663187	484
1112663187	484
1112663187	500
1112663187	500
1112663187	515
1112663187	515
1112663187	531
1112663187	562
1112663187	562
1112663187	562
1112663187	562
1112663187	562
1112663187	578
1112663187	578
1112663187	593
1112663187	593
1112663187	609
1112663187	609
1112663187	625
1112663187	625
1112663187	640
1112663187	640
1112663187	656
1112663187	656
1112663187	671
1112663187	671
1112663187	687
1112663187	687
1112663187	703
1112663187	703
1112663187	718
1112663187	718
1112663187	734
1112663187	734
1112663187	750
1112663187	781
1112663187	781
1112663187	781
1112663187	781
1112663187	781
1112663187	796
1112663187	796
1112663187	812
1112663187	812
1112663187	828
1112663187	828
1112663187	843
1112663187	843
1112663187	859
1112663187	859
1112663187	875
1112663187	875
1112663187	890
1112663187	890
1112663187	906
1112663187	906
1112663187	921
1112663187	921
1112663187	937
1112663187	937
1112663187	953
1112663187	953
1112663187	968
1112663188	0
1112663188	0
1112663188	0
1112663188	0
1112663188	0
1112663188	15
1112663188	15
1112663188	31
1112663188	31
1112663188	46
1112663188	46
1112663188	62
1112663188	62
1112663188	78
1112663188	78
1112663188	93
1112663188	93
1112663188	109
1112663188	109
1112663188	125
1112663188	125
1112663188	140
1112663188	140
1112663188	156
1112663188	156
1112663188	171
1112663188	171
1112663188	187
1112663188	218
1112663188	218
1112663188	218
1112663188	218
1112663188	218
1112663188	234
1112663188	234
1112663188	250
1112663188	250
1112663188	265
1112663188	265
1112663188	281
1112663188	281
1112663188	296
1112663188	296
1112663188	312
1112663188	312
1112663188	328
1112663188	328
1112663188	343
1112663188	343
1112663188	359
1112663188	359
1112663188	375
1112663188	375
1112663188	390
1112663188	390
1112663188	406
1112663188	437
1112663188	437
1112663188	437
1112663188	437
1112663188	437
1112663188	453
1112663188	453
1112663188	468
1112663188	468
1112663188	484
1112663188	484
1112663188	500
1112663188	500
1112663188	515
1112663188	515
1112663188	531
1112663188	531
1112663188	546
1112663188	546
1112663188	562
1112663188	562
1112663188	578
1112663188	578
1112663188	593
1112663188	593
1112663188	609
1112663188	609
1112663188	625
1112663188	625
1112663188	640
1112663188	640
1112663188	656
1112663188	656
1112663188	671
1112663188	671
1112663188	687
1112663188	687
1112663188	703
1112663188	703
1112663188	718
1112663188	718
1112663188	734
1112663188	765
1112663188	765
1112663188	765
1112663188	765
1112663188	765
1112663188	781
1112663188	781
1112663188	796
1112663188	796
1112663188	812
1112663188	812
1112663188	828
1112663188	828
1112663188	843
1112663188	843
1112663188	859
1112663188	859
1112663188	875
1112663188	875
1112663188	890
1112663188	890
1112663188	906
1112663188	906
1112663188	921
1112663188	921
1112663188	937
1112663188	937
1112663188	953
1112663188	984
1112663188	984
1112663188	984
1112663188	984
1112663188	984
1112663189	0
1112663189	0
1112663189	15
1112663189	15
1112663189	31
1112663189	31
1112663189	46
1112663189	46
1112663189	62
1112663189	62
1112663189	78
1112663189	78
1112663189	93
1112663189	93
1112663189	109
1112663189	109
1112663189	125
1112663189	125
1112663189	140
1112663189	140
1112663189	156
1112663189	156
1112663189	171
1112663189	203
1112663189	203
1112663189	203
1112663189	203
1112663189	203
1112663189	218
1112663189	218
1112663189	234
1112663189	234
1112663189	250
1112663189	250
1112663189	265
1112663189	265
1112663189	281
1112663189	281
1112663189	296
1112663189	296
1112663189	312
1112663189	312
1112663189	328
1112663189	328
1112663189	343
1112663189	343
1112663189	359
1112663189	359
1112663189	375
1112663189	375
1112663189	390
1112663189	421
1112663189	421
1112663189	421
1112663189	421
1112663189	421
1112663189	437
1112663189	437
1112663189	453
1112663189	453
1112663189	468
1112663189	468
1112663189	484
1112663189	484
1112663189	500
1112663189	500
1112663189	515
1112663189	515
1112663189	531
1112663189	531
1112663189	546
1112663189	546
1112663189	562
1112663189	562
1112663189	578
1112663189	578
1112663189	593
1112663189	593
1112663189	609
1112663189	640
1112663189	640
1112663189	640
1112663189	640
1112663189	640
1112663189	656
1112663189	656
1112663189	671
1112663189	671
1112663189	687
1112663189	687
1112663189	703
1112663189	703
1112663189	718
1112663189	718
1112663189	734
1112663189	734
1112663189	750
1112663189	750
1112663189	765
1112663189	765
1112663189	781
1112663189	781
1112663189	796
1112663189	796
1112663189	812
1112663189	812
1112663189	828
1112663189	859
1112663189	859
1112663189	859
1112663189	859
1112663189	859
1112663189	875
1112663189	875
1112663189	890
1112663189	890
1112663189	906
1112663189	906
1112663189	921
1112663189	921
1112663189	937
1112663189	937
1112663189	953
1112663189	953
1112663189	968
1112663189	968
1112663189	984
1112663189	984
1112663190	0
1112663190	0
1112663190	15
1112663190	15
1112663190	31
1112663190	31
1112663190	46
1112663190	78
1112663190	78
1112663190	78
1112663190	78
1112663190	78
1112663190	93
1112663190	93
1112663190	109
1112663190	109
1112663190	125
1112663190	125
1112663190	140
1112663190	140
1112663190	156
1112663190	156
1112663190	171
1112663190	171
1112663190	187
1112663190	187
1112663190	203
1112663190	203
1112663190	218
1112663190	218
1112663190	234
1112663190	234
1112663190	250
1112663190	250
1112663190	265
1112663190	296
1112663190	296
1112663190	296
1112663190	296
1112663190	296
1112663190	312
1112663190	312
1112663190	328
1112663190	328
1112663190	343
1112663190	343
1112663190	359
1112663190	359
1112663190	375
1112663190	375
1112663190	390
1112663190	390
1112663190	406
1112663190	406
1112663190	421
1112663190	421
1112663190	437
1112663190	437
1112663190	453
1112663190	453
1112663190	468
1112663190	468
1112663190	484
1112663190	515
1112663190	515
1112663190	515
1112663190	515
1112663190	515
1112663190	531
1112663190	531
1112663190	546
1112663190	546
1112663190	562
1112663190	562
1112663190	578
1112663190	578
1112663190	593
1112663190	593
1112663190	609
1112663190	609
1112663190	625
1112663190	625
1112663190	640
1112663190	640
1112663190	656
1112663190	656
1112663190	671
1112663190	671
1112663190	687
1112663190	687
1112663190	703
1112663190	734
1112663190	734
1112663190	734
1112663190	734
1112663190	734
1112663190	750
1112663190	750
1112663190	765
1112663190	765
1112663190	781
1112663190	781
1112663190	796
1112663190	796
1112663190	812
1112663190	812
1112663190	828
1112663190	828
1112663190	843
1112663190	843
1112663190	859
1112663190	859
1112663190	875
1112663190	875
1112663190	890
1112663190	890
1112663190	906
1112663190	906
1112663190	921
1112663190	921
1112663190	937
1112663190	937
1112663190	953
1112663190	953
1112663190	968
1112663190	968
1112663190	984
1112663190	984
1112663191	0
1112663191	0
1112663191	15
1112663191	15
1112663191	31
1112663191	62
1112663191	62
1112663191	62
1112663191	62
1112663191	62
1112663191	78
1112663191	78
1112663191	93
1112663191	93
1112663191	109
1112663191	109
1112663191	125
1112663191	125
1112663191	140
1112663191	140
1112663191	156
1112663191	156
1112663191	171
1112663191	171
1112663191	187
1112663191	187
1112663191	203
1112663191	203
1112663191	218
1112663191	218
1112663191	234
1112663191	234
1112663191	250
1112663191	281
1112663191	281
1112663191	281
1112663191	281
1112663191	281
1112663191	296
1112663191	296
1112663191	312
1112663191	312
1112663191	328
1112663191	328
1112663191	343
1112663191	343
1112663191	359
1112663191	359
1112663191	375
1112663191	375
1112663191	390
1112663191	390
1112663191	406
1112663191	406
1112663191	421
1112663191	421
1112663191	437
1112663191	437
1112663191	453
1112663191	453
1112663191	468
1112663191	500
1112663191	500
1112663191	500
1112663191	500
1112663191	500
1112663191	515
1112663191	515
1112663191	531
1112663191	531
1112663191	546
1112663191	546
1112663191	562
1112663191	562
1112663191	578
1112663191	578
1112663191	593
1112663191	593
1112663191	609
1112663191	609
1112663191	625
1112663191	625
1112663191	640
1112663191	640
1112663191	656
1112663191	656
1112663191	671
1112663191	671
1112663191	687
1112663191	718
1112663191	718
1112663191	718
1112663191	718
1112663191	718
1112663191	734
1112663191	734
1112663191	750
1112663191	750
1112663191	765
1112663191	765
1112663191	781
1112663191	781
1112663191	796
1112663191	796
1112663191	812
1112663191	812
1112663191	828
1112663191	828
1112663191	843
1112663191	843
1112663191	859
1112663191	859
1112663191	875
1112663191	875
1112663191	890
1112663191	890
1112663191	906
1112663191	937
1112663191	937
1112663191	937
1112663191	937
1112663191	937
1112663191	953
1112663191	953
1112663191	968
1112663191	968
1112663191	984
1112663191	984
1112663192	0
1112663192	0
1112663192	15
1112663192	15
1112663192	31
1112663192	31
1112663192	46
1112663192	46
1112663192	62
1112663192	62
1112663192	78
1112663192	78
1112663192	93
1112663192	93
1112663192	109
1112663192	109
1112663192	125
1112663192	125
1112663192	140
1112663192	140
1112663192	156
1112663192	156
1112663192	171
1112663192	171
1112663192	187
1112663192	187
1112663192	203
1112663192	203
1112663192	218
1112663192	218
1112663192	234
1112663192	265
1112663192	265
1112663192	265
1112663192	265
1112663192	265
1112663192	281
1112663192	281
1112663192	296
1112663192	296
1112663192	312
1112663192	312
1112663192	328
1112663192	328
1112663192	343
1112663192	343
1112663192	359
1112663192	359
1112663192	375
1112663192	375
1112663192	390
1112663192	390
1112663192	406
1112663192	406
1112663192	421
1112663192	421
1112663192	437
1112663192	437
1112663192	453
1112663192	484
1112663192	484
1112663192	484
1112663192	484
1112663192	484
1112663192	500
1112663192	500
1112663192	515
1112663192	515
1112663192	531
1112663192	531
1112663192	546
1112663192	546
1112663192	562
1112663192	562
1112663192	578
1112663192	578
1112663192	593
1112663192	593
1112663192	609
1112663192	609
1112663192	625
1112663192	625
1112663192	640
1112663192	640
1112663192	656
1112663192	656
1112663192	671
1112663192	703
1112663192	703
1112663192	703
1112663192	703
1112663192	703
1112663192	718
1112663192	718
1112663192	734
1112663192	734
1112663192	750
1112663192	750
1112663192	765
1112663192	765
1112663192	781
1112663192	781
1112663192	796
1112663192	796
1112663192	812
1112663192	812
1112663192	828
1112663192	828
1112663192	843
1112663192	843
1112663192	859
1112663192	859
1112663192	875
1112663192	875
1112663192	890
1112663192	921
1112663192	921
1112663192	921
1112663192	921
1112663192	921
1112663192	937
1112663192	937
1112663192	953
1112663192	953
1112663192	968
1112663192	968
1112663192	984
1112663192	984
1112663193	0
1112663193	0
1112663193	15
1112663193	15
1112663193	31
1112663193	31
1112663193	46
1112663193	46
1112663193	62
1112663193	62
1112663193	78
1112663193	78
1112663193	93
1112663193	93
1112663193	109
1112663193	140
1112663193	140
1112663193	140
1112663193	140
1112663193	140
1112663193	156
1112663193	156
1112663193	171
1112663193	171
1112663193	187
1112663193	187
1112663193	203
1112663193	203
1112663193	218
1112663193	218
1112663193	234
1112663193	234
1112663193	250
1112663193	250
1112663193	265
1112663193	265
1112663193	281
1112663193	281
1112663193	296
1112663193	296
1112663193	312
1112663193	312
1112663193	328
1112663193	359
1112663193	359
1112663193	359
1112663193	359
1112663193	359
1112663193	375
1112663193	375
1112663193	390
1112663193	390
1112663193	406
1112663193	406
1112663193	421
1112663193	421
1112663193	437
1112663193	437
1112663193	453
1112663193	453
1112663193	468
1112663193	468
1112663193	484
1112663193	484
1112663193	500
1112663193	500
1112663193	515
1112663193	515
1112663193	531
1112663193	531
1112663193	546
1112663193	578
1112663193	578
1112663193	578
1112663193	578
1112663193	578
1112663193	593
1112663193	593
1112663193	609
1112663193	609
1112663193	625
1112663193	625
1112663193	640
1112663193	640
1112663193	656
1112663193	656
1112663193	671
1112663193	671
1112663193	687
1112663193	687
1112663193	703
1112663193	703
1112663193	718
1112663193	718
1112663193	734
1112663193	734
1112663193	750
1112663193	750
1112663193	765
1112663193	796
1112663193	796
1112663193	796
1112663193	796
1112663193	796
1112663193	812
1112663193	812
1112663193	828
1112663193	828
1112663193	843
1112663193	843
1112663193	859
1112663193	859
1112663193	875
1112663193	875
1112663193	890
1112663193	890
1112663193	906
1112663193	906
1112663193	921
1112663193	921
1112663193	937
1112663193	937
1112663193	953
1112663193	953
1112663193	968
1112663193	968
1112663193	984
1112663194	15
1112663194	15
1112663194	15
1112663194	15
1112663194	15
1112663194	31
1112663194	31
1112663194	46
1112663194	46
1112663194	62
1112663194	62
1112663194	78
1112663194	78
1112663194	93
1112663194	93
1112663194	109
1112663194	109
1112663194	125
1112663194	125
1112663194	140
1112663194	140
1112663194	156
1112663194	156
1112663194	171
1112663194	171
1112663194	187
1112663194	187
1112663194	203
1112663194	234
1112663194	234
1112663194	234
1112663194	234
1112663194	234
1112663194	250
1112663194	250
1112663194	265
1112663194	265
1112663194	281
1112663194	281
1112663194	296
1112663194	296
1112663194	312
1112663194	312
1112663194	328
1112663194	328
1112663194	343
1112663194	343
1112663194	359
1112663194	359
1112663194	375
1112663194	375
1112663194	390
1112663194	390
1112663194	406
1112663194	406
1112663194	421
1112663194	421
1112663194	437
1112663194	437
1112663194	453
1112663194	453
1112663194	468
1112663194	468
1112663194	484
1112663194	484
1112663194	500
1112663194	500
1112663194	515
1112663194	515
1112663194	531
1112663194	562
1112663194	562
1112663194	562
1112663194	562
1112663194	562
1112663194	578
1112663194	578
1112663194	593
1112663194	593
1112663194	609
1112663194	609
1112663194	625
1112663194	625
1112663194	640
1112663194	640
1112663194	656
1112663194	656
1112663194	671
1112663194	671
1112663194	687
1112663194	687
1112663194	703
1112663194	703
1112663194	718
1112663194	718
1112663194	734
1112663194	734
1112663194	750
1112663194	781
1112663194	781
1112663194	781
1112663194	781
1112663194	781
1112663194	796
1112663194	796
1112663194	812
1112663194	812
1112663194	828
1112663194	828
1112663194	843
1112663194	843
1112663194	859
1112663194	859
1112663194	875
1112663194	875
1112663194	890
1112663194	890
1112663194	906
1112663194	906
1112663194	921
1112663194	921
1112663194	937
1112663194	937
1112663194	953
1112663194	953
1112663194	968
1112663195	0
1112663195	0
1112663195	0
1112663195	0
1112663195	0
1112663195	15
1112663195	15
1112663195	31
1112663195	31
1112663195	46
1112663195	46
1112663195	62
1112663195	62
1112663195	78
1112663195	78
1112663195	93
1112663195	93
1112663195	109
1112663195	109
1112663195	125
1112663195	125
1112663195	140
1112663195	140
1112663195	156
1112663195	156
1112663195	171
1112663195	171
1112663195	187
1112663195	218
1112663195	218
1112663195	218
1112663195	218
1112663195	218
1112663195	234
1112663195	234
1112663195	250
1112663195	250
1112663195	265
1112663195	265
1112663195	281
1112663195	281
1112663195	296
1112663195	296
1112663195	312
1112663195	312
1112663195	328
1112663195	328
1112663195	343
1112663195	343
1112663195	359
1112663195	359
1112663195	375
1112663195	375
1112663195	390
1112663195	390
1112663195	406
1112663195	437
1112663195	437
1112663195	437
1112663195	437
1112663195	437
1112663195	453
1112663195	453
1112663195	468
1112663195	468
1112663195	484
1112663195	484
1112663195	500
1112663195	500
1112663195	515
1112663195	515
1112663195	531
1112663195	531
1112663195	546
1112663195	546
1112663195	562
1112663195	562
1112663195	578
1112663195	578
1112663195	593
1112663195	593
1112663195	609
1112663195	609
1112663195	625
1112663195	625
1112663195	640
1112663195	640
1112663195	656
1112663195	656
1112663195	671
1112663195	671
1112663195	687
1112663195	687
1112663195	703
1112663195	703
1112663195	718
1112663195	718
1112663195	734
1112663195	765
1112663195	765
1112663195	765
1112663195	765
1112663195	765
1112663195	781
1112663195	781
1112663195	796
1112663195	796
1112663195	812
1112663195	812
1112663195	828
1112663195	828
1112663195	843
1112663195	843
1112663195	859
1112663195	859
1112663195	875
1112663195	875
1112663195	890
1112663195	890
1112663195	906
1112663195	906
1112663195	921
1112663195	921
1112663195	937
1112663195	937
1112663195	953
1112663195	984
1112663195	984
1112663195	984
1112663195	984
1112663195	984
1112663196	0
1112663196	0
1112663196	15
1112663196	15
1112663196	31
1112663196	31
1112663196	46
1112663196	46
1112663196	62
1112663196	62
1112663196	78
1112663196	78
1112663196	93
1112663196	93
1112663196	109
1112663196	109
1112663196	125
1112663196	125
1112663196	140
1112663196	140
1112663196	156
1112663196	156
1112663196	171
1112663196	203
1112663196	203
1112663196	203
1112663196	203
1112663196	203
1112663196	218
1112663196	218
1112663196	234
1112663196	234
1112663196	250
1112663196	250
1112663196	265
1112663196	265
1112663196	281
1112663196	281
1112663196	296
1112663196	296
1112663196	312
1112663196	312
1112663196	328
1112663196	328
1112663196	343
1112663196	343
1112663196	359
1112663196	359
1112663196	375
1112663196	375
1112663196	390
1112663196	421
1112663196	421
1112663196	421
1112663196	421
1112663196	421
1112663196	437
1112663196	437
1112663196	453
1112663196	453
1112663196	468
1112663196	468
1112663196	484
1112663196	484
1112663196	500
1112663196	500
1112663196	515
1112663196	515
1112663196	531
1112663196	531
1112663196	546
1112663196	546
1112663196	562
1112663196	562
1112663196	578
1112663196	578
1112663196	593
1112663196	593
1112663196	609
1112663196	640
1112663196	640
1112663196	640
1112663196	640
1112663196	640
1112663196	656
1112663196	656
1112663196	671
1112663196	671
1112663196	687
1112663196	687
1112663196	703
1112663196	703
1112663196	718
1112663196	718
1112663196	734
1112663196	734
1112663196	750
1112663196	750
1112663196	765
1112663196	765
1112663196	781
1112663196	781
1112663196	796
1112663196	796
1112663196	812
1112663196	812
1112663196	828
1112663196	859
1112663196	859
1112663196	859
1112663196	859
1112663196	859
1112663196	875
1112663196	875
1112663196	890
1112663196	890
1112663196	906
1112663196	906
1112663196	921
1112663196	921
1112663196	937
1112663196	937
1112663196	953
1112663196	953
1112663196	968
1112663196	968
1112663196	984
1112663196	984
1112663197	0
1112663197	0
1112663197	15
1112663197	15
1112663197	31
1112663197	31
1112663197	46
1112663197	78
1112663197	78
1112663197	78
1112663197	78
1112663197	78
1112663197	93
1112663197	93
1112663197	109
1112663197	109
1112663197	125
1112663197	125
1112663197	140
1112663197	140
1112663197	156
1112663197	156
1112663197	171
1112663197	171
1112663197	187
1112663197	187
1112663197	203
1112663197	203
1112663197	218
1112663197	218
1112663197	234
1112663197	234
1112663197	250
1112663197	250
1112663197	265
1112663197	296
1112663197	296
1112663197	296
1112663197	296
1112663197	296
1112663197	312
1112663197	312
1112663197	328
1112663197	328
1112663197	343
1112663197	343
1112663197	359
1112663197	359
1112663197	375
1112663197	375
1112663197	390
1112663197	390
1112663197	406
1112663197	406
1112663197	421
1112663197	421
1112663197	437
1112663197	437
1112663197	453
1112663197	453
1112663197	468
1112663197	468
1112663197	484
1112663197	515
1112663197	515
1112663197	515
1112663197	515
1112663197	515
1112663197	531
1112663197	531
1112663197	546
1112663197	546
1112663197	562
1112663197	562
1112663197	578
1112663197	578
1112663197	593
1112663197	593
1112663197	609
1112663197	609
1112663197	625
1112663197	625
1112663197	640
1112663197	640
1112663197	656
1112663197	656
1112663197	671
1112663197	671
1112663197	687
1112663197	687
1112663197	703
1112663197	734
1112663197	734
1112663197	734
1112663197	734
1112663197	734
1112663197	750
1112663197	750
1112663197	765
1112663197	765
1112663197	781
1112663197	781
1112663197	796
1112663197	796
1112663197	812
1112663197	812
1112663197	828
1112663197	828
1112663197	843
1112663197	843
1112663197	859
1112663197	859
1112663197	875
1112663197	875
1112663197	890
1112663197	890
1112663197	906
1112663197	906
1112663197	921
1112663197	921
1112663197	937
1112663197	937
1112663197	953
1112663197	953
1112663197	968
1112663197	968
1112663197	984
1112663197	984
1112663198	0
1112663198	0
1112663198	15
1112663198	15
1112663198	31
1112663198	62
1112663198	62
1112663198	62
1112663198	62
1112663198	62
1112663198	78
1112663198	78
1112663198	93
1112663198	93
