0.002363
0.005514
0.006778
0.007669
0.009973
0.009329
0.006924
0.006849
0.014547
0.028113
0.041634
0.051008
0.057976
0.064564
0.066366
0.064496
0.063563
0.060755
0.058088
0.056593
0.054715
0.053607
0.051611
0.048385
0.045500
0.045523
0.046641
0.049302
0.053542
0.056319
0.058229
0.056678
0.052648
0.047533
0.042910
0.038861
0.038813
0.044066
0.050789
0.051068
0.046689
0.047217
0.049107
0.047020
0.043074
0.039747
0.036765
0.035714
0.035555
0.036490
0.037651
0.038269
0.037720
0.032625
0.025890
0.021603
0.019835
0.020462
0.022462
0.024175
0.024554
0.023310
0.020485
0.018730
0.018075
0.014652
0.011597
0.011808
0.013795
0.014717
0.014256
0.012650
0.009543
0.004732
0.004447
0.007259
0.010473
0.012753
0.013423
0.012178
0.009130
0.006887
0.004307
0.001183
0.000004
-0.001080
-0.003178
-0.004499
-0.006390
-0.009487
-0.011629
-0.011534
-0.008629
-0.004708
-0.003780
-0.007876
-0.010928
-0.012273
-0.013211
-0.015000
-0.018762
-0.022930
-0.025372
-0.024759
-0.021282
-0.020463
-0.021229
-0.021411
-0.023576
-0.028760
-0.033743
-0.036297
-0.039297
-0.041495
-0.041327
-0.038682
-0.039068
-0.040325
-0.037405
-0.037128
-0.038574
-0.037739
-0.036565
-0.036529
-0.037401
-0.039315
-0.039198
-0.035191
-0.031465
-0.031229
-0.035998
-0.041842
-0.046526
-0.050785
-0.054129
-0.056415
-0.057540
-0.058681
-0.059094
-0.060169
-0.060950
-0.061985
-0.061715
-0.059804
-0.057209
-0.055468
-0.055065
-0.052987
-0.051582
-0.052346
-0.052994
-0.052770
-0.051387
-0.050790
-0.052367
-0.052258
-0.050722
-0.050130
-0.053142
-0.058238
-0.061161
-0.062783
-0.063343
-0.063026
-0.063123
-0.062698
-0.061112
-0.060626
-0.059432
-0.057223
-0.054903
-0.053716
-0.053473
-0.054305
-0.055142
-0.052898
-0.049644
-0.046771
-0.044536
-0.044291
-0.044689
-0.045170
-0.046501
-0.046770
-0.045105
-0.045224
-0.047672
-0.049724
-0.048652
-0.045601
-0.041473
-0.039319
-0.040893
-0.042377
-0.043353
-0.044672
-0.044041
-0.043300
-0.043448
-0.042856
-0.041719
-0.039206
-0.035649
-0.033259
-0.031121
-0.030252
-0.031942
-0.034174
-0.032653
-0.029532
-0.027932
-0.027145
-0.026602
-0.026497
-0.024235
-0.020580
-0.019290
-0.016841
-0.015402
-0.014944
-0.013098
-0.013213
-0.012496
-0.010118
-0.007535
-0.003540
0.000890
0.004129
0.005853
0.007718
0.007725
0.005056
0.003321
0.004416
0.008357
0.009539
0.009208
0.009643
0.011158
0.011988
0.011073
0.009695
0.010007
0.009762
0.011016
0.011283
0.012048
0.014188
0.015984
0.018377
0.019510
0.020058
0.019975
0.019330
0.018883
0.018366
0.018372
0.018175
0.016084
0.017915
0.022863
0.025138
0.026323
0.026760
0.026756
0.027679
0.029129
0.027109
0.022221
0.018465
0.018624
0.020711
0.022383
0.024270
0.027676
0.032762
0.039564
0.044009
0.048566
0.052693
0.054842
0.056360
0.056819
0.056273
0.056588
0.056188
0.056551
0.058225
0.054360
0.048091
0.045154
0.046619
0.048812
0.050633
0.052856
0.052380
0.049307
0.046501
0.046127
0.049307
0.054625
0.060201
0.062147
0.063789
0.065507
0.065986
0.066530
0.067150
0.069311
0.070857
0.070100
0.069205
0.067691
0.065897
0.064878
0.064352
0.060465
0.057743
0.055943
0.052675
0.051053
0.048769
0.046463
0.046598
0.048636
0.051503
0.052308
0.055781
0.058036
0.056649
0.055625
0.055137
0.053922
0.050516
0.047695
0.046888
0.047375
0.049407
0.050709
0.050720
0.049548
0.048556
0.048749
0.046593
0.044308
0.044037
0.044156
0.046162
0.047364
0.046566
0.043940
0.040784
0.037220
0.035170
0.034529
0.032550
0.032137
0.034010
0.034625
0.033022
0.029972
0.026212
0.021588
0.019366
0.022156
0.023914
0.023940
0.021789
0.019655
0.015528
0.011725
0.007714
0.004542
0.004888
0.007788
0.008697
0.008165
0.008725
0.008047
0.004630
0.001409
0.002776
0.003305
0.002813
0.000114
-0.002630
-0.003652
-0.004986
-0.006251
-0.007637
-0.008573
-0.009406
-0.010299
-0.010582
-0.010890
-0.010836
-0.011089
-0.011581
-0.013423
-0.014384
-0.014283
-0.014880
-0.015743
-0.018776
-0.020136
-0.018526
-0.017456
-0.018678
-0.019359
-0.017803
-0.016478
-0.016345
-0.019066
-0.025669
-0.028612
-0.028689
-0.032101
-0.037433
-0.041671
-0.040113
-0.035738
-0.034110
-0.034887
-0.036742
-0.040840
-0.045581
-0.050313
-0.051676
-0.050175
-0.046677
-0.043737
-0.044534
-0.046796
-0.048331
-0.049746
-0.050139
-0.048733
-0.047184
-0.045296
-0.045100
-0.048721
-0.052539
-0.053422
-0.054145
-0.056166
-0.056265
-0.054535
-0.052502
-0.050969
-0.051225
-0.052868
-0.054762
-0.052942
-0.048110
-0.045739
-0.047385
-0.050217
-0.050260
-0.048543
-0.046760
-0.047400
-0.049644
-0.051816
-0.054119
-0.055858
-0.055925
-0.056972
-0.058411
-0.058885
-0.058498
-0.058012
-0.058320
-0.058327
-0.057511
-0.056329
-0.056360
-0.056821
-0.055290
-0.052656
-0.051137
-0.049015
-0.045593
-0.043613
-0.044174
-0.045016
-0.045916
-0.044711
-0.042176
-0.040777
-0.040124
-0.038252
-0.036210
-0.035162
-0.034651
-0.035794
-0.038056
-0.037955
-0.034418
-0.031741
-0.030195
-0.029473
-0.029134
-0.030050
-0.029803
-0.029866
-0.027651
-0.021672
-0.015512
-0.012406
-0.012337
-0.013886
-0.014503
-0.016162
-0.016337
-0.014975
-0.013866
-0.011731
-0.010647
-0.009281
-0.009459
-0.012037
-0.013810
-0.012656
-0.012145
-0.010048
-0.007951
-0.005420
-0.002601
-0.000896
0.002653
0.005535
0.005020
0.001401
-0.003689
-0.007770
-0.009104
-0.007150
-0.004262
-0.001792
0.000673
0.002759
0.007658
0.014417
0.019640
0.019561
0.015172
0.011656
0.010882
0.011424
0.011489
0.010588
0.011352
0.012297
0.013884
0.015422
0.015655
0.016591
0.018125
0.020837
0.022214
0.022212
0.024284
0.025294
0.026821
0.026844
0.026734
0.027334
0.026456
0.028411
0.033496
0.038392
0.040188
0.039330
0.039864
0.040200
0.039613
0.038512
0.039076
0.040983
0.046776
0.055535
0.061339
0.063481
0.063555
0.063417
0.059832
0.055047
0.053604
0.055745
0.061161
0.064660
0.065828
0.064836
0.063537
0.064350
0.065450
0.064624
0.062379
0.061060
0.062027
0.062491
0.056954
0.058161
0.058336
0.057125
0.056441
0.056645
0.057803
0.056645
0.054499
0.055327
0.058859
0.063253
0.061817
0.056649
0.052826
0.051994
0.052269
0.050670
0.048819
0.047552
0.044836
0.042650
0.043455
0.045685
0.048051
0.050555
0.050512
0.047096
0.043408
0.042312
0.042697
0.040817
0.037274
0.034983
0.036181
0.037805
0.039525
0.039552
0.037420
0.037810
0.040017
0.041149
0.041221
0.041324
0.041237
0.041567
0.043374
0.044038
0.041540
0.037970
0.034147
0.030243
0.024193
0.021410
0.021744
0.019419
0.018904
0.020976
0.020806
0.017760
0.013164
0.011316
0.009034
0.006479
0.004652
0.005058
0.010145
0.013607
0.014973
0.015311
0.014025
0.012873
0.009984
0.004762
-0.000545
-0.002364
-0.001691
-0.001052
-0.002178
-0.003956
-0.005639
-0.007401
-0.006534
-0.004380
-0.000910
-0.000891
-0.004307
-0.006752
-0.007165
-0.008064
-0.009725
-0.011587
-0.011498
-0.013842
-0.018609
-0.022700
-0.025354
-0.026617
-0.027419
-0.026866
-0.025098
-0.023080
-0.021411
-0.020996
-0.020868
-0.019979
-0.019012
-0.019138
-0.021626
-0.023841
-0.025706
-0.027185
-0.028535
-0.029673
-0.030083
-0.030330
-0.030739
-0.033039
-0.034478
-0.036641
-0.039866
-0.039481
-0.039011
-0.041228
-0.043666
-0.047621
-0.053275
-0.057592
-0.059355
-0.059779
-0.060043
-0.059913
-0.059969
-0.060320
-0.060628
-0.063516
-0.065458
-0.065184
-0.060757
-0.056630
-0.053324
-0.052385
-0.052100
-0.049781
-0.047908
-0.049059
-0.052120
-0.055220
-0.061467
-0.066625
-0.065179
-0.061216
-0.058968
-0.057366
-0.055913
-0.054930
-0.055738
-0.058635
-0.061905
-0.062516
-0.059386
-0.056078
-0.055576
-0.056139
-0.055132
-0.053042
-0.050348
-0.050122
-0.052784
-0.056470
-0.060745
-0.065330
-0.069989
-0.071980
-0.068779
-0.063999
-0.059868
-0.059003
-0.058190
-0.055276
-0.052993
-0.049684
-0.047146
-0.045597
-0.044066
-0.043557
-0.045767
-0.049327
-0.050115
-0.050499
-0.048319
-0.045893
-0.046903
-0.049073
-0.048949
-0.045428
-0.041052
-0.038883
-0.034794
-0.032740
-0.033177
-0.034426
-0.034785
-0.032554
-0.030457
-0.027042
-0.021874
-0.017854
-0.017249
-0.018775
-0.018815
-0.018469
-0.017891
-0.018228
-0.017541
-0.016865
-0.016268
-0.014217
-0.014256
-0.014213
-0.011672
-0.007798
-0.004501
-0.005267
-0.006074
-0.004026
-0.002902
-0.001843
-0.001386
-0.002641
-0.005365
-0.004905
-0.000846
0.005099
0.011423
0.015394
0.014397
0.011014
0.009917
0.009580
0.009930
0.009093
0.004954
0.003612
0.007587
0.009960
0.012127
0.016183
0.019761
0.022573
0.021151
0.016658
0.011821
0.010176
0.010711
0.014117
0.016827
0.017802
0.017420
0.018728
0.021737
0.024164
0.027058
0.027639
0.025074
0.023885
0.024306
0.027066
0.029822
0.030328
0.029920
0.029762
0.031422
0.034476
0.036630
0.036942
0.037664
0.040630
0.044346
0.046454
0.046919
0.047154
0.047893
0.048985
0.049003
0.048971
0.048896
0.050111
0.050314
0.050251
0.052820
0.055355
0.055563
0.051999
0.050196
0.050456
0.054557
0.062914
0.070585
0.071321
0.072702
0.068869
0.066710
0.065658
0.062761
0.058402
0.054432
0.052433
0.051070
0.048855
0.049678
0.053602
0.057384
0.059163
0.057991
0.056206
0.055992
0.055025
0.051707
0.047161
0.043773
0.044708
0.047019
0.047165
0.046856
0.047298
0.049099
0.055265
0.061718
0.065114
0.064747
0.063528
0.060785
0.058563
0.058792
0.059402
0.058232
0.056804
0.054511
0.050910
0.047393
0.044073
0.040276
0.038531
0.039194
0.041386
0.043337
0.043253
0.044353
0.043291
0.039489
0.036532
0.035235
0.035376
0.036448
0.035703
0.033080
0.031521
0.031630
0.028474
0.024046
0.021843
0.020385
0.020563
0.020939
0.020928
0.018883
0.014531
0.009988
0.005571
0.005799
0.006670
0.008261
0.013737
0.018213
0.015785
0.011178
0.009933
0.011019
0.011611
0.012361
0.013195
0.012359
0.008737
0.004014
-0.000374
-0.001548
-0.002661
-0.004069
-0.004824
-0.005706
-0.007216
-0.010400
-0.013610
-0.014462
-0.013223
-0.012981
-0.013915
-0.014887
-0.016096
-0.016309
-0.018653
-0.020973
-0.021342
-0.020801
-0.022353
-0.026322
-0.026876
-0.025136
-0.024675
-0.024085
-0.021354
-0.019777
-0.019630
-0.019789
-0.019706
-0.018847
-0.018327
-0.019174
-0.019854
-0.021651
-0.024349
-0.028724
-0.034405
-0.037212
-0.038572
-0.040563
-0.044038
-0.047838
-0.051322
-0.053565
-0.053588
-0.054074
-0.057337
-0.058355
-0.056798
-0.057194
-0.057242
-0.056083
-0.052565
-0.051539
-0.053823
-0.055400
-0.058674
-0.063612
-0.067540
-0.067248
-0.064820
-0.062254
-0.056732
-0.049722
-0.046783
-0.046767
-0.045531
-0.044449
-0.043526
-0.044347
-0.048451
-0.053372
-0.056951
-0.056698
-0.052260
-0.045404
-0.042052
-0.041712
-0.042182
-0.042269
-0.043918
-0.047344
-0.048094
-0.047919
-0.047625
-0.046625
-0.045827
-0.047275
-0.050547
-0.053054
-0.056944
-0.060732
-0.061419
-0.060255
-0.056609
-0.051098
-0.046662
-0.045753
-0.044927
-0.044110
-0.043240
-0.040690
-0.040041
-0.039548
-0.038459
-0.035701
-0.030779
-0.026117
-0.023985
-0.023936
-0.026160
-0.028328
-0.027797
-0.026588
-0.026704
-0.026810
-0.025114
-0.024298
-0.025464
-0.023790
-0.019144
-0.015503
-0.014319
-0.017622
-0.020129
-0.020826
-0.017860
-0.011831
-0.010040
-0.011455
-0.010998
-0.010357
-0.011791
-0.011667
-0.008950
-0.005987
-0.003308
-0.004131
-0.004824
-0.004670
-0.003567
-0.002801
-0.000193
0.003033
0.004765
0.006266
0.006201
0.006383
0.007783
0.009398
0.008966
0.005939
0.004754
0.007468
0.009346
0.008742
0.008526
0.011604
0.015832
0.018904
0.023371
0.025949
0.024381
0.020272
0.016728
0.013671
0.010809
0.010710
0.010892
0.012302
0.013995
0.015959
0.018008
0.020997
0.024838
0.026473
0.025334
0.022390
0.021198
0.023502
0.025399
0.027581
0.034005
0.038471
0.040655
0.042972
0.045411
0.048790
0.049209
0.047031
0.045024
0.044172
0.047151
0.050025
0.052263
0.054879
0.057348
0.057862
0.061367
0.066373
0.066468
0.064771
0.062424
0.059255
0.056820
0.056137
0.057990
0.058189
0.057624
0.058204
0.062167
0.065759
0.065948
0.058328
0.056011
0.055618
0.054490
0.053001
0.052206
0.051254
0.049766
0.050113
0.054046
0.056967
0.054876
0.051544
0.053620
0.058238
0.062205
0.062505
0.059500
0.056187
0.052797
0.049272
0.046975
0.046790
0.047400
0.047111
0.047386
0.046090
0.045277
0.044588
0.042589
0.039956
0.039221
0.037715
0.036151
0.037424
0.038573
0.040326
0.041236
0.040433
0.041559
0.043991
0.045361
0.044967
0.042320
0.039931
0.039327
0.040247
0.041547
0.039838
0.037051
0.035902
0.037251
0.037418
0.033264
0.026887
0.020706
0.017362
0.018188
0.020333
0.021868
0.021762
0.019000
0.016557
0.016842
0.015158
0.011810
0.010101
0.010510
0.011876
0.012468
0.012996
0.011362
0.010093
0.011018
0.009132
0.005061
0.001759
-0.001062
-0.004194
-0.006570
-0.008012
-0.006982
-0.004235
-0.002054
-0.002012
-0.003459
-0.009678
-0.016664
-0.018748
-0.017270
-0.015728
-0.014463
-0.014448
-0.016810
-0.019017
-0.020632
-0.022022
-0.021412
-0.021061
-0.021595
-0.023778
-0.025145
-0.022972
-0.019956
-0.020658
-0.023616
-0.027095
-0.028753
-0.029270
-0.031897
-0.037259
-0.042621
-0.042511
-0.038015
-0.032447
-0.029265
-0.028628
-0.028232
-0.027597
-0.028848
-0.031534
-0.035647
-0.041388
-0.046982
-0.049329
-0.051108
-0.052786
-0.056074
-0.059029
-0.061847
-0.064868
-0.066228
-0.065945
-0.060804
-0.056585
-0.056020
-0.055334
-0.053844
-0.053561
-0.056375
-0.057659
-0.058506
-0.060594
-0.063120
-0.065495
-0.067083
-0.068175
-0.065817
-0.063351
-0.062779
-0.061446
-0.059582
-0.058688
-0.060967
-0.061110
-0.057196
-0.053970
-0.049193
-0.046467
-0.048471
-0.051868
-0.053070
-0.053224
-0.054080
-0.054647
-0.053182
-0.052148
-0.051722
-0.053184
-0.054410
-0.055397
-0.055606
-0.056066
-0.058020
-0.059234
-0.058433
-0.057979
-0.059423
-0.059654
-0.058826
-0.059344
-0.058822
-0.058668
-0.057149
-0.055396
-0.054680
-0.054415
-0.054601
-0.055181
-0.057050
-0.056788
-0.052392
-0.047786
-0.043800
-0.040340
-0.037503
-0.036092
-0.035901
-0.034688
-0.033238
-0.032108
-0.030732
-0.029278
-0.028245
-0.029411
-0.031048
-0.031011
-0.028903
-0.025744
-0.024290
-0.024391
-0.022965
-0.022074
-0.019672
-0.016884
-0.015947
-0.015367
-0.015294
-0.018102
-0.021445
-0.020293
-0.018942
-0.016197
-0.011583
-0.006974
-0.002875
-0.001767
-0.001138
0.001122
0.003487
0.004300
0.003022
0.001504
0.001530
0.001776
0.002683
0.003915
0.003458
0.004341
0.007242
0.009735
0.011037
0.010557
0.009849
0.010593
0.010924
0.013298
0.017113
0.018988
0.018679
0.016335
0.014184
0.014269
0.014700
0.013381
0.011620
0.012063
0.014056
0.016123
0.016252
0.015270
0.014770
0.015301
0.018485
0.023161
0.027418
0.029548
0.028403
0.025114
0.023537
0.021889
0.021797
0.023883
0.026621
0.030843
0.035863
0.042354
0.047241
0.048116
0.046904
0.045280
0.045746
0.049084
0.052201
0.054548
0.054454
0.052989
0.051843
0.051572
0.052081
0.053993
0.055246
0.054659
0.053565
0.052591
0.050634
0.048140
0.051259
0.056010
0.056347
0.060234
0.058968
0.061225
0.062334
0.062847
0.062684
0.060930
0.059682
0.058275
0.057838
0.055850
0.054582
0.055295
0.054878
0.052317
0.047661
0.045578
0.047139
0.049369
0.052115
0.054655
0.055028
0.052262
0.050203
0.047461
0.045845
0.044937
0.045691
0.048048
0.052702
0.056537
0.054791
0.051107
0.047818
0.047659
0.050841
0.055083
0.058794
0.060023
0.057879
0.057213
0.059192
0.060034
0.057904
0.053718
0.051457
0.048116
0.041221
0.037097
0.035799
0.035859
0.033090
0.029448
0.026125
0.025169
0.027624
0.030402
0.030388
0.030694
0.034109
0.034349
0.029674
0.025123
0.021760
0.019922
0.017557
0.013703
0.012351
0.012591
0.012433
0.012265
0.010021
0.008555
0.009412
0.009513
0.006593
0.004289
0.004819
0.005025
0.003680
0.001596
0.003125
0.005181
0.004839
0.003925
0.003105
0.001212
-0.002312
-0.005446
-0.003054
0.000588
0.000795
-0.000210
-0.002000
-0.004888
-0.008509
-0.011880
-0.015002
-0.018661
-0.021175
-0.020433
-0.020330
-0.019826
-0.018484
-0.018108
-0.016888
-0.017015
-0.018476
-0.021526
-0.023278
-0.018363
-0.009660
-0.002756
-0.003420
-0.010001
-0.018199
-0.026122
-0.030991
-0.031015
-0.031811
-0.032696
-0.032472
-0.032137
-0.033205
-0.035304
-0.036672
-0.036965
-0.038349
-0.040629
-0.042871
-0.048439
-0.053898
-0.054564
-0.052368
-0.053117
-0.052329
-0.049668
-0.047112
-0.047566
-0.052158
-0.057906
-0.062032
-0.061660
-0.058349
-0.054874
-0.055883
-0.056989
-0.054878
-0.052624
-0.052115
-0.053600
-0.056879
-0.057775
-0.055538
-0.052517
-0.048182
-0.045242
-0.043432
-0.045267
-0.048996
-0.048598
-0.046894
-0.045062
-0.044315
-0.046696
-0.051239
-0.054431
-0.054813
-0.053042
-0.050782
-0.050383
-0.051868
-0.054204
-0.056486
-0.057081
-0.057576
-0.055931
-0.050771
-0.045608
-0.043053
-0.044763
-0.044515
-0.044460
-0.044010
-0.040587
-0.038815
-0.039870
-0.041882
-0.043762
-0.045226
-0.044981
-0.039140
-0.032439
-0.030711
-0.028616
-0.027568
-0.030761
-0.032998
-0.034713
-0.035446
-0.030270
-0.023211
-0.018626
-0.016244
-0.015400
-0.015045
-0.014639
-0.013480
-0.011676
-0.010804
-0.009877
-0.008523
-0.006209
-0.008209
-0.012676
-0.013480
-0.011461
-0.008838
-0.007525
-0.008045
-0.007732
-0.008284
-0.010301
-0.011628
-0.011583
-0.007250
-0.001358
0.001462
0.001738
0.002878
0.005584
0.008057
0.009430
0.009102
0.009527
0.009020
0.008377
0.011150
0.014683
0.016516
0.016532
0.016789
0.017174
0.016569
0.015551
0.014896
0.014816
0.016084
0.016551
0.017793
0.019771
0.021701
0.021540
0.021981
0.026202
0.032601
0.037478
0.036505
0.032876
0.028432
0.025327
0.026169
0.027183
0.025956
0.023349
0.020446
0.018949
0.020472
0.025108
0.029456
0.032284
0.034670
0.034628
0.032256
0.030335
0.030526
0.032654
0.037369
0.041646
0.043626
0.044801
0.047127
0.051470
0.055461
0.058758
0.059260
0.058722
0.058453
0.057116
0.054566
0.052708
0.053580
0.057656
0.063574
0.069631
0.071355
0.071125
0.070177
0.065167
0.060715
0.051700
0.049304
0.046655
0.046802
0.048845
0.052171
0.054827
0.055556
0.055786
0.058067
0.057761
0.056907
0.057709
0.055591
0.053065
0.052678
0.054330
0.054707
0.051776
0.048521
0.046996
0.046508
0.046028
0.049200
0.050578
0.050411
0.050001
0.049865
0.051592
0.051712
0.049887
0.047773
0.045008
0.043394
0.043474
0.043808
0.043338
0.042467
0.043640
0.043786
0.039617
0.034774
0.032406
0.031649
0.032930
0.035128
0.036643
0.038337
0.038143
0.036162
0.034744
0.031439
0.028943
0.029566
0.030967
0.031890
0.030848
0.026563
0.021395
0.017038
0.016412
0.016025
0.013110
0.009369
0.004700
0.004500
0.004362
0.000903
-0.000463
0.000319
0.004013
0.007003
0.005800
0.001177
-0.005019
-0.006858
-0.004203
-0.000265
0.003755
0.005420
0.002836
0.000194
-0.000182
-0.000059
-0.003154
-0.009711
-0.014387
-0.016563
-0.015587
-0.011536
-0.007910
-0.006373
-0.006568
-0.010190
-0.014813
-0.018368
-0.019923
-0.021779
-0.022446
-0.022930
-0.022563
-0.021562
-0.020959
-0.023560
-0.028078
-0.029860
-0.029388
-0.025940
-0.022235
-0.020817
-0.019323
-0.018909
-0.020365
-0.022778
-0.025073
-0.026909
-0.026625
-0.027230
-0.031690
-0.037802
-0.042547
-0.047073
-0.050945
-0.053065
-0.057359
-0.061010
-0.061850
-0.062200
-0.061387
-0.060226
-0.060068
-0.059299
-0.057211
-0.055695
-0.057167
-0.056971
-0.055828
-0.058078
-0.061661
-0.063942
-0.064739
-0.064829
-0.062499
-0.058544
-0.055867
-0.056867
-0.056666
-0.057418
-0.059489
-0.061146
-0.060877
-0.058870
-0.056826
-0.053176
-0.048697
-0.044883
-0.043662
-0.044662
-0.045846
-0.047084
-0.049521
-0.051745
-0.052763
-0.052833
-0.054465
-0.057924
-0.061576
-0.063038
-0.062367
-0.062065
-0.062133
-0.062535
-0.064008
-0.065208
-0.063081
-0.060172
-0.059203
-0.057681
-0.056251
-0.057259
-0.059301
-0.059141
-0.058664
-0.057352
-0.055749
-0.054666
-0.052532
-0.051319
-0.050527
-0.048931
-0.047447
-0.046472
-0.045053
-0.044129
-0.044943
-0.042690
-0.040133
-0.040042
-0.040065
-0.038577
-0.038898
-0.041578
-0.043078
-0.043591
-0.043916
-0.041316
-0.035967
-0.032218
-0.031501
-0.029846
-0.028200
-0.027986
-0.027907
-0.026152
-0.021932
-0.017759
-0.015057
-0.013748
-0.014386
-0.015915
-0.015508
-0.015969
-0.017379
-0.018163
-0.018061
-0.017205
-0.019233
-0.018438
-0.014392
-0.011207
-0.006139
-0.000707
0.001135
0.000435
0.000504
0.000233
0.000921
0.004727
0.009383
0.011105
0.007945
0.004191
0.004801
0.008001
0.011106
0.013827
0.016292
0.016995
0.015427
0.012317
0.010680
0.012303
0.015677
0.018429
0.019623
0.021849
0.023927
0.022091
0.019819
0.019216
0.019053
0.019518
0.020044
0.021335
0.023634
0.023184
0.022583
0.024823
0.029268
0.033075
0.033567
0.030571
0.028778
0.030409
0.033954
0.035613
0.035221
0.035463
0.036612
0.035270
0.034364
0.036712
0.041508
0.044953
0.046706
0.047927
0.050862
0.056061
0.061327
0.060814
0.058263
0.057225
0.056378
0.055603
0.052676
0.049425
0.048185
0.052148
0.056323
0.056707
0.065726
0.068971
0.071427
0.069489
0.065814
0.063038
0.062858
0.065144
0.064419
0.061926
0.062293
0.064128
0.064866
0.064151
0.064621
0.066611
0.068331
0.067509
0.064688
0.063747
0.065955
0.066013
0.062296
0.058838
0.056557
0.054738
0.053258
0.051044
0.049899
0.052103
0.054780
0.054637
0.051615
0.048321
0.045740
0.046215
0.049467
0.052631
0.053028
0.050408
0.049224
0.047208
0.044563
0.042242
0.040584
0.040069
0.039847
0.040408
0.041773
0.041831
0.040471
0.039521
0.039343
0.038860
0.036227
0.035643
0.034583
0.032998
0.031885
0.029338
0.027153
0.025233
0.021623
0.016432
0.011748
0.008893
0.010620
0.014434
0.016784
0.017392
0.016954
0.018188
0.020644
0.020259
0.016193
0.012658
0.008457
0.004347
0.003050
0.004669
0.005820
0.007527
0.008254
0.007500
0.006165
0.002806
-0.001141
-0.003575
-0.005797
-0.007647
-0.009254
-0.010135
-0.010037
-0.010445
-0.010717
-0.009214
-0.009014
-0.010894
-0.010924
-0.009449
-0.010935
-0.015770
-0.020221
-0.020462
-0.019438
-0.019122
-0.019051
-0.020668
-0.023920
-0.027052
-0.028980
-0.031660
-0.033678
-0.033142
-0.032037
-0.031831
-0.034487
-0.037725
-0.038203
-0.035694
-0.032634
-0.033829
-0.035715
-0.037709
-0.038441
-0.039849
-0.043446
-0.047527
-0.051867
-0.057878
-0.060428
