0.107785	0.038693	0.096898
0.110765	-0.041820	0.086737
0.122883	-0.074597	0.079104
0.165697	-0.096669	0.106058
0.224275	-0.112607	0.151443
0.271895	-0.128405	0.212870
0.303478	-0.138709	0.260184
0.329885	-0.153627	0.280541
0.351718	-0.177233	0.279536
0.363544	-0.192258	0.263989
0.368786	-0.197689	0.230768
0.374102	-0.192928	0.175335
0.382618	-0.183116	0.109824
0.395655	-0.175337	0.087724
0.411025	-0.167527	0.056680
0.425373	-0.159076	0.033166
0.435509	-0.151514	0.016486
0.440735	-0.148621	0.001772
0.442219	-0.148029	-0.013323
0.441302	-0.147808	-0.028625
0.441072	-0.146971	-0.043598
0.442982	-0.145757	-0.057220
0.447359	-0.144740	-0.068464
0.453115	-0.143476	-0.076631
0.456743	-0.141060	-0.082248
0.457855	-0.137773	-0.087181
0.457782	-0.134143	-0.092286
0.456514	-0.132878	-0.097305
0.453855	-0.133631	-0.102272
0.451884	-0.133656	-0.107612
0.450522	-0.133226	-0.114262
0.448969	-0.132572	-0.120496
0.448527	-0.132345	-0.126301
0.447061	-0.132663	-0.131462
0.440423	-0.131423	-0.135727
0.429278	-0.128689	-0.139891
0.416397	-0.126110	-0.146418
0.407108	-0.125514	-0.157248
0.404771	-0.125922	-0.173840
0.405997	-0.126168	-0.194447
0.406116	-0.125455	-0.217213
0.404977	-0.124055	-0.242773
0.402442	-0.121232	-0.271455
0.398722	-0.117423	-0.304418
0.395031	-0.114451	-0.340940
0.391167	-0.112819	-0.382841
0.383574	-0.111868	-0.433108
0.371563	-0.110921	-0.492586
0.359739	-0.109074	-0.530111
0.350203	-0.106048	-0.536364
0.343588	-0.102615	-0.536364
0.343470	-0.099305	-0.536364
0.349129	-0.098229	-0.536364
0.356493	-0.098140	-0.536364
0.366348	-0.097037	-0.536364
0.378606	-0.097373	-0.536364
0.389487	-0.098564	-0.536364
0.397333	-0.098781	-0.536364
0.404547	-0.098581	-0.536364
0.412768	-0.098178	-0.536364
0.421860	-0.097955	-0.536364
0.429970	-0.097251	-0.536364
0.436318	-0.096592	-0.536364
0.440989	-0.095505	-0.536364
0.444914	-0.092877	-0.536364
0.446189	-0.090463	-0.536364
0.443470	-0.088574	-0.536364
0.435891	-0.084937	-0.536364
0.425993	-0.080264	-0.536364
0.417411	-0.076443	-0.536364
0.412380	-0.074162	-0.536364
0.410078	-0.071462	-0.536364
0.407314	-0.067767	-0.536364
0.401490	-0.063997	-0.536364
0.391502	-0.060232	-0.536364
0.379597	-0.053150	-0.536364
0.368726	-0.043473	-0.536364
0.359205	-0.034944	-0.536364
0.354143	-0.025791	-0.536364
0.353705	-0.012286	-0.536364
0.354078	0.006659	-0.536364
0.353871	0.032374	-0.536364
0.350873	0.063201	-0.536364
0.345016	0.087520	-0.536364
0.335763	0.106567	-0.536364
0.320868	0.144543	-0.536364
0.301443	0.200778	-0.536364
0.281340	0.248657	-0.536364
0.264001	0.280356	-0.536364
0.253050	0.304871	-0.536364
0.247836	0.329306	-0.536364
0.234603	0.348824	-0.536364
0.213546	0.364234	-0.536364
0.189827	0.383373	-0.536364
0.160235	0.409904	-0.536364
0.122758	0.441450	-0.536364
0.097690	0.469613	-0.536364
0.086188	0.489569	-0.536364
0.067592	0.506233	-0.536364
0.053324	0.516192	-0.536364
0.043244	0.524534	-0.536364
0.034013	0.534364	-0.536364
0.025155	0.544164	-0.536364
0.017644	0.553053	-0.536364
0.011090	0.561402	-0.536364
0.005271	0.569691	-0.536364
0.001380	0.578333	-0.536364
0.002603	0.588735	-0.536364
0.009169	0.601789	-0.536364
0.017688	0.616808	-0.536364
0.016540	0.632319	-0.536364
0.012758	0.647735	-0.536364
0.004308	0.659977	-0.536364
-0.007418	0.659643	-0.521860
-0.018127	0.658386	-0.452784
-0.026428	0.657508	-0.376510
-0.034141	0.657143	-0.318689
-0.043893	0.657143	-0.278890
-0.055006	0.657143	-0.259576
-0.064780	0.657143	-0.258788
-0.072206	0.657143	-0.273457
-0.077556	0.657143	-0.311869
-0.081545	0.657143	-0.377499
-0.084694	0.657143	-0.473389
-0.087510	0.657143	-0.528221
-0.089921	0.657143	-0.536364
-0.092123	0.657143	-0.536364
-0.094619	0.657205	-0.536364
-0.096966	0.659205	-0.536364
-0.098868	0.660086	-0.536364
-0.100667	0.659786	-0.536364
-0.102550	0.659122	-0.536364
-0.104670	0.658491	-0.536364
-0.107383	0.658167	-0.536364
-0.110597	0.657812	-0.536364
-0.113719	0.658217	-0.536364
-0.116453	0.659352	-0.536364
-0.118835	0.659915	-0.536364
-0.121337	0.659331	-0.536364
-0.124378	0.658329	-0.536364
-0.127888	0.657143	-0.536364
-0.131316	0.657143	-0.536364
-0.134268	0.657143	-0.536364
-0.136584	0.657143	-0.536364
-0.139039	0.657143	-0.536364
-0.141908	0.657143	-0.536364
-0.144085	0.657143	-0.536364
-0.146240	0.657143	-0.536364
-0.149168	0.657143	-0.536364
-0.156079	0.657143	-0.536364
-0.165609	0.657143	-0.525829
-0.174800	0.657143	-0.476012
-0.185259	0.657257	-0.417996
-0.196521	0.657143	-0.364680
-0.208402	0.657143	-0.312453
-0.221025	0.657143	-0.264340
-0.236353	0.657143	-0.226753
-0.255997	0.658092	-0.199847
-0.281874	0.659410	-0.182126
-0.312952	0.660393	-0.173569
-0.346442	0.661061	-0.170798
-0.380584	0.661240	-0.172973
-0.411518	0.661241	-0.183544
-0.436301	0.661206	-0.203339
-0.453966	0.660871	-0.227591
-0.466475	0.661070	-0.252787
-0.479060	0.661369	-0.277072
-0.493996	0.661585	-0.298340
-0.509851	0.662196	-0.314903
-0.525775	0.662603	-0.328097
-0.534878	0.660153	-0.338415
-0.536364	0.656494	-0.344464
-0.536364	0.651556	-0.345459
-0.536364	0.645597	-0.343044
-0.536364	0.638999	-0.339973
-0.536364	0.632209	-0.335931
-0.536364	0.626099	-0.333039
-0.536364	0.620780	-0.333936
-0.536364	0.615092	-0.337695
-0.536364	0.607952	-0.343764
-0.536364	0.600813	-0.348225
-0.536364	0.595541	-0.346999
-0.536364	0.591250	-0.341825
-0.536364	0.585986	-0.338388
-0.536364	0.579050	-0.337426
-0.536364	0.570798	-0.335884
-0.536364	0.561938	-0.332849
-0.536364	0.552196	-0.332834
-0.536364	0.540369	-0.338869
-0.536364	0.526019	-0.346515
-0.536364	0.510234	-0.352100
-0.536364	0.491944	-0.358888
-0.536364	0.469708	-0.369107
-0.536364	0.449591	-0.381847
-0.536364	0.427683	-0.393945
-0.536364	0.406633	-0.404067
-0.536364	0.390504	-0.410770
-0.536364	0.380975	-0.414519
-0.536364	0.377875	-0.418505
-0.536364	0.378440	-0.425524
-0.536364	0.379299	-0.436689
-0.536364	0.379222	-0.450628
-0.536364	0.374002	-0.464109
-0.536364	0.362062	-0.474764
-0.536364	0.347446	-0.483844
-0.536364	0.332118	-0.494320
-0.536364	0.316530	-0.505104
-0.536364	0.298902	-0.509718
-0.536364	0.277296	-0.511074
-0.536364	0.251267	-0.515854
-0.536364	0.223674	-0.524024
-0.536364	0.191026	-0.533228
-0.536364	0.152043	-0.536113
-0.536364	0.108634	-0.536364
-0.536364	0.090210	-0.536364
-0.536364	0.062128	-0.532913
-0.536364	0.037324	-0.526159
-0.536364	0.021901	-0.517493
-0.536364	0.010439	-0.510449
-0.536364	-0.001914	-0.505485
-0.536364	-0.015371	-0.501716
-0.536364	-0.028275	-0.499940
-0.536364	-0.040009	-0.500585
-0.536364	-0.050258	-0.503325
-0.536364	-0.059002	-0.507574
-0.536364	-0.066053	-0.513346
-0.536364	-0.071163	-0.521504
-0.536364	-0.074925	-0.532354
-0.536364	-0.078277	-0.536024
-0.536364	-0.081612	-0.536364
-0.536364	-0.084646	-0.536364
-0.536364	-0.088068	-0.536364
-0.536364	-0.091821	-0.536364
-0.536364	-0.095281	-0.536364
-0.536364	-0.098428	-0.536364
-0.536364	-0.101338	-0.536364
-0.536364	-0.103727	-0.536364
-0.536364	-0.105714	-0.536364
-0.536364	-0.107765	-0.536364
-0.536364	-0.109594	-0.536364
-0.536364	-0.112062	-0.535851
-0.536364	-0.115809	-0.532687
-0.536364	-0.120661	-0.526296
-0.536364	-0.126350	-0.517083
-0.536364	-0.132290	-0.506611
-0.536364	-0.137377	-0.496158
-0.536364	-0.144347	-0.486295
-0.536364	-0.153111	-0.477109
-0.536364	-0.165476	-0.467775
-0.536364	-0.173975	-0.462832
-0.536364	-0.180322	-0.469592
-0.536364	-0.186133	-0.488868
-0.536364	-0.191848	-0.519690
-0.536364	-0.198806	-0.534391
-0.536364	-0.208044	-0.536364
-0.536364	-0.220472	-0.536364
-0.536364	-0.236221	-0.536364
-0.536364	-0.253017	-0.536364
-0.536364	-0.272156	-0.536364
-0.536364	-0.297692	-0.536364
-0.536364	-0.327419	-0.536364
-0.536364	-0.361639	-0.536364
-0.536364	-0.400532	-0.536364
-0.536364	-0.437969	-0.536364
-0.536364	-0.469817	-0.536364
-0.536364	-0.497518	-0.536364
-0.536364	-0.528267	-0.536364
-0.536364	-0.536055	-0.536364
-0.536364	-0.536364	-0.536364
-0.536364	-0.536364	-0.536364
-0.536364	-0.536364	-0.536364
-0.536364	-0.536364	-0.536364
-0.536364	-0.536364	-0.536364
-0.536364	-0.536364	-0.536364
-0.536364	-0.536364	-0.536364
-0.536364	-0.536364	-0.536364
-0.536364	-0.536364	-0.536364
-0.536364	-0.536364	-0.536364
-0.536364	-0.536364	-0.536364
-0.536364	-0.536364	-0.536364
-0.536364	-0.536364	-0.536364
-0.536364	-0.536364	-0.536364
-0.536364	-0.536364	-0.536364
-0.536364	-0.536364	-0.536364
-0.536364	-0.536364	-0.536364
-0.536364	-0.536364	-0.536364
-0.536364	-0.536364	-0.536364
-0.536364	-0.536364	-0.536364
-0.536364	-0.536364	-0.536364
-0.536364	-0.536364	-0.536364
-0.536364	-0.536364	-0.536364
-0.536364	-0.536364	-0.536364
-0.536364	-0.536364	-0.536364
-0.536364	-0.536364	-0.536364
-0.536364	-0.536364	-0.536364
-0.536364	-0.536364	-0.536364
-0.536364	-0.536364	-0.536364
-0.536364	-0.536364	-0.536364
-0.536364	-0.536364	-0.536364
-0.536364	-0.536364	-0.536364
-0.536364	-0.536364	-0.536364
-0.295458	-0.536364	-0.432589
-0.237394	-0.536364	-0.383059
-0.228714	-0.536364	-0.368320
-0.223356	-0.536364	-0.358948
-0.220403	-0.536364	-0.351115
-0.218056	-0.536364	-0.342602
-0.213523	-0.536364	-0.333798
-0.205995	-0.536364	-0.326413
-0.195078	-0.536364	-0.321589
-0.183856	-0.536364	-0.319633
-0.176705	-0.536364	-0.319799
-0.171186	-0.536364	-0.320344
-0.166689	-0.536364	-0.321319
-0.162916	-0.536364	-0.325547
-0.158139	-0.536364	-0.332746
-0.150253	-0.536364	-0.338898
-0.145201	-0.536364	-0.341101
-0.140872	-0.536364	-0.338960
-0.136480	-0.534110	-0.333791
-0.131412	-0.520567	-0.325345
-0.126786	-0.504307	-0.312227
-0.123408	-0.490485	-0.294286
-0.119694	-0.475236	-0.276552
-0.115302	-0.457321	-0.262792
-0.112794	-0.438495	-0.248922
-0.110560	-0.420619	-0.232808
-0.109348	-0.403814	-0.217295
-0.108465	-0.389477	-0.203904
-0.104762	-0.378352	-0.194086
-0.098922	-0.367577	-0.189354
-0.093190	-0.355929	-0.188869
-0.088868	-0.344011	-0.190321
-0.085348	-0.331582	-0.194398
-0.080715	-0.318026	-0.199634
-0.076123	-0.302017	-0.203525
-0.073925	-0.285417	-0.204130
-0.070970	-0.271331	-0.201405
-0.066558	-0.260664	-0.198774
-0.065013	-0.251563	-0.195622
-0.062682	-0.243474	-0.190858
-0.053651	-0.234682	-0.185668
-0.040323	-0.224281	-0.178967
-0.025549	-0.211154	-0.170678
-0.013876	-0.194240	-0.162390
-0.004942	-0.176351	-0.156163
0.006545	-0.158915	-0.152900
0.024930	-0.143332	-0.152146
0.049413	-0.135851	-0.150951
0.088738	-0.128366	-0.148334
0.145949	-0.121578	-0.144706
0.203549	-0.115664	-0.141370
0.248088	-0.111515	-0.138379
0.283513	-0.106968	-0.135522
0.313324	-0.103789	-0.132635
0.335166	-0.103721	-0.131518
0.350209	-0.102029	-0.130905
0.359039	-0.099946	-0.129333
0.362453	-0.097892	-0.125520
0.365286	-0.095770	-0.122352
0.368814	-0.095750	-0.121672
0.370424	-0.097353	-0.122033
0.371628	-0.097731	-0.121604
0.374306	-0.095343	-0.120160
0.379429	-0.090421	-0.119356
0.388629	-0.084420	-0.120103
0.398360	-0.079793	-0.119116
0.407372	-0.077272	-0.117598
0.420364	-0.075000	-0.117227
0.438309	-0.071911	-0.116442
0.455032	-0.067473	-0.113314
0.466165	-0.064253	-0.109503
0.473236	-0.060725	-0.106230
0.479012	-0.054305	-0.103571
0.484815	-0.050317	-0.100938
0.490871	-0.051801	-0.096545
0.496285	-0.051744	-0.093545
0.498246	-0.041977	-0.091836
0.500936	-0.028559	-0.088343
0.504372	-0.014560	-0.082267
0.509739	0.001292	-0.076404
0.520299	0.016966	-0.072784
0.534992	0.027760	-0.068353
0.549179	0.032315	-0.061612
0.559691	0.037339	-0.054989
0.568147	0.050802	-0.051771
0.575339	0.072669	-0.048956
0.580385	0.095092	-0.044615
0.582222	0.125693	-0.039549
0.581721	0.164689	-0.033540
0.580207	0.196914	-0.027354
0.578630	0.225169	-0.018756
0.578737	0.255395	-0.005136
0.580658	0.289525	0.019796
0.582663	0.322902	0.069175
0.583388	0.352740	0.157031
0.582281	0.380451	0.255193
0.578838	0.408456	0.331749
0.573394	0.435722	0.388496
0.567161	0.457862	0.434575
0.560637	0.474780	0.472582
0.555338	0.487514	0.509009
0.553864	0.502786	0.543705
0.558818	0.519987	0.569154
0.565852	0.537512	0.587452
0.574018	0.554250	0.599630
0.581788	0.567632	0.606007
0.587671	0.576138	0.608444
0.592195	0.582015	0.607408
0.597226	0.588517	0.602675
0.604584	0.597009	0.592922
0.613690	0.606237	0.578587
0.621575	0.613377	0.560462
0.627056	0.618400	0.540022
0.631122	0.621730	0.520402
0.636390	0.624962	0.504358
0.641329	0.629019	0.493209
0.644067	0.635175	0.487353
0.645046	0.643173	0.484910
0.644989	0.649793	0.482606
0.644689	0.654237	0.481625
0.646387	0.655862	0.481827
0.650212	0.656991	0.482548
0.653249	0.660637	0.482797
0.654312	0.660217	0.480413
0.654931	0.659090	0.478903
0.655697	0.657860	0.478325
0.656083	0.657143	0.477678
0.656522	0.657143	0.479061
0.656537	0.657143	0.484537
0.657053	0.657143	0.497376
0.658319	0.657143	0.518619
0.659417	0.657143	0.541955
0.659418	0.657214	0.563392
0.658679	0.657763	0.582989
0.656944	0.657592	0.601151
0.654180	0.657143	0.618065
0.649269	0.657143	0.634196
0.642225	0.657143	0.650710
0.634537	0.657143	0.660455
0.627496	0.657143	0.657768
0.620606	0.657143	0.657143
0.613541	0.657143	0.657143
0.605751	0.657143	0.657143
0.598568	0.657143	0.657143
0.593439	0.657143	0.657143
0.590306	0.657143	0.657143
0.588079	0.657143	0.657143
0.585762	0.657143	0.100000
0.582864	0.657143	0.100000
0.579714	0.657143	0.100000
0.577461	0.657143	0.100000
0.576729	0.657143	0.100000
0.576102	0.657143	0.100000
0.573918	0.657143	0.100000
0.568772	0.657143	0.100000
0.560309	0.657485	0.100000
0.549531	0.657983	0.100000
0.538703	0.659209	0.100000
0.529621	0.661347	0.100000
0.523681	0.662979	0.100000
0.520582	0.663212	0.100000
0.518232	0.661980	0.100000
0.514769	0.660988	0.100000
0.511616	0.660484	0.100000
0.512375	0.659903	0.100000
0.517190	0.659361	0.100000
0.524506	0.658703	0.100000
0.532932	0.658549	0.100000
0.540332	0.658182	0.100000
0.543973	0.657873	0.100000
0.545627	0.658168	0.100000
0.548038	0.658956	0.100000
0.549372	0.659691	0.100000
0.548862	0.661386	0.100000
0.547548	0.663179	0.100000
0.546337	0.663852	0.100000
0.544291	0.659016	0.100000
0.541382	0.655152	0.100000
0.540420	0.651141	0.100000
0.544069	0.646237	0.100000
0.549814	0.641191	0.100000
0.555077	0.636931	0.100000
0.556886	0.633320	0.100000
0.555939	0.630057	0.100000
0.553897	0.626122	0.100000
0.552809	0.621981	0.100000
0.554513	0.618721	0.100000
0.555907	0.616025	0.100000
0.556339	0.612938	0.100000
0.556594	0.608984	0.100000
0.557038	0.604874	0.100000
0.556525	0.602024	0.100000
0.553862	0.600942	0.100000
0.548582	0.602607	0.100000
0.542481	0.606118	0.100000
0.536932	0.610003	0.100000
0.532305	0.612181	0.100000
0.529593	0.612556	0.100000
0.529342	0.611981	0.100000
0.529886	0.610468	0.100000
0.529786	0.607775	0.100000
0.530782	0.603646	0.100000
0.533521	0.599241	0.100000
0.534324	0.596218	0.100000
0.533696	0.595253	0.100000
0.534081	0.596249	0.100000
0.537655	0.596563	0.100000
0.544277	0.595578	0.100000
0.550633	0.593083	0.100000
0.553776	0.589708	0.100000
0.552999	0.586507	0.100000
0.550458	0.584261	0.100000
0.548708	0.583685	0.100000
0.552050	0.585107	0.100000
0.558692	0.586972	0.100000
0.565401	0.587946	0.100000
0.572024	0.587328	0.100000
0.578876	0.585119	0.100000
0.585281	0.581474	0.100000
0.590699	0.575905	0.100000
0.594624	0.568774	0.100000
0.596355	0.563135	0.100000
0.596684	0.560534	0.100000
0.597145	0.560286	0.100000
0.599047	0.561840	0.100000
0.602370	0.562804	0.100000
0.604854	0.562450	0.100000
0.605013	0.561040	0.100000
0.604057	0.557788	0.100000
0.602711	0.553121	0.100000
0.602880	0.546894	0.100000
0.605180	0.538080	0.100000
0.607259	0.527933	0.100000
0.608694	0.517563	0.100000
0.609886	0.508290	0.100000
0.610526	0.500239	0.100000
0.610996	0.491946	0.100000
0.612093	0.483699	0.100000
0.614261	0.476528	0.100000
0.617194	0.466337	0.100000
0.621010	0.456151	0.100000
0.625700	0.450636	0.100000
0.630471	0.450576	0.100000
0.635141	0.451979	0.100000
0.639113	0.453887	0.100000
0.642251	0.454810	0.100000
0.646226	0.448732	0.100000
0.650911	0.437030	0.100000
0.655934	0.424542	0.100000
0.660632	0.413248	0.100000
0.660503	0.399345	0.100000
0.659721	0.374481	0.100000
0.658774	0.343570	0.100000
0.657941	0.310597	0.100000
0.657208	0.273820	0.100000
0.657143	0.235946	0.100000
0.657143	0.200023	0.100000
0.657143	0.161959	0.100000
0.657143	0.104231	0.100000
0.657143	0.081981	0.100000
0.657143	0.041720	0.100000
0.657143	0.016440	0.100000
0.657143	-0.001031	0.100000
0.657143	-0.017772	0.100000
0.657143	-0.033938	0.100000
0.657143	-0.047757	0.100000
0.657143	-0.059639	0.100000
0.657143	-0.069622	0.100000
0.657143	-0.077277	0.100000
0.657143	-0.082535	0.100000
0.657143	-0.085756	0.100000
0.657143	-0.087776	0.100000
0.657143	-0.088862	0.100000
0.657143	-0.089608	0.100000
0.657143	-0.090307	0.100000
0.657143	-0.091100	0.100000
0.657143	-0.092070	0.100000
0.657143	-0.092998	0.100000
0.657143	-0.093616	0.100000
0.657143	-0.093621	0.100000
0.657143	-0.092535	0.100000
0.657143	-0.090620	0.100000
0.657143	-0.088709	0.100000
0.657143	-0.088069	0.100000
0.657143	-0.088548	0.100000
0.657143	-0.089742	0.100000
0.100000	-0.091348	0.100000
0.100000	-0.093629	0.100000
0.100000	-0.095200	0.100000
0.100000	-0.095735	0.100000
0.100000	-0.095678	0.100000
0.100000	-0.095366	0.100000
0.100000	-0.095699	0.100000
0.100000	-0.095990	0.100000
0.100000	-0.096418	0.100000
0.100000	-0.096030	0.100000
0.100000	-0.093280	0.100000
0.100000	-0.091261	0.100000
0.000000	-0.089242	0.752448
0.550000	-0.087268	0.657143
0.750000	-0.111649	0.750000
0.347036	-0.126987	0.604285
0.346570	-0.128190	0.588075
0.351333	-0.129820	0.567847
0.360641	-0.130930	0.543773
0.373042	-0.129723	0.517667
0.381588	-0.126284	0.490020
0.384371	-0.121598	0.459695
0.386317	-0.117338	0.428138
0.391433	-0.115810	0.387917
0.399633	-0.117799	0.334150
0.408084	-0.118989	0.259176
0.415306	-0.120286	0.145572
0.419747	-0.121831	0.072552
0.419243	-0.123075	0.012130
0.411500	-0.123563	-0.028252
0.397673	-0.123812	-0.052446
0.384201	-0.124877	-0.069555
0.376203	-0.126930	-0.083795
0.372960	-0.129270	-0.097895
0.372252	-0.131485	-0.110578
0.373100	-0.133676	-0.124424
0.373909	-0.135939	-0.135404
0.374260	-0.138068	-0.145936
0.377695	-0.141302	-0.179028
0.381954	-0.143246	-0.214334
0.386837	-0.143525	-0.245130
0.391610	-0.142492	-0.274462
0.395346	-0.142491	-0.300270
0.398618	-0.142623	-0.317486
0.401899	-0.142662	-0.324156
0.404696	-0.142233	-0.322005
0.406998	-0.140757	-0.315257
0.409792	-0.138646	-0.307416
0.410353	-0.135255	-0.298047
0.410269	-0.129719	-0.288167
0.412022	-0.125474	-0.281746
0.414071	-0.123486	-0.281283
0.414571	-0.121354	-0.285903
0.412295	-0.117529	-0.296664
0.411102	-0.113318	-0.315054
0.414812	-0.110310	-0.340112
0.418250	-0.110188	-0.368215
0.416335	-0.110694	-0.395754
0.409438	-0.111543	-0.421450
0.399556	-0.110111	-0.444927
0.389677	-0.103069	-0.466530
0.383985	-0.091042	-0.487517
0.383567	-0.077617	-0.505709
0.380963	-0.066460	-0.518417
0.377647	-0.060000	-0.527480
0.375664	-0.057544	-0.534908
0.375597	-0.052554	-0.536364
0.380822	-0.049290	-0.536364
0.389477	-0.049649	-0.536364
0.394115	-0.047526	-0.536364
0.392531	-0.043417	-0.536364
0.387428	-0.039612	-0.536364
0.379642	-0.035646	-0.536364
0.375029	-0.029121	-0.536364
0.379274	-0.018070	-0.536364
0.388885	-0.001529	-0.536364
0.399779	0.019100	-0.536364
0.408364	0.031910	-0.536364
0.411157	0.036138	-0.536364
0.412440	0.041540	-0.536364
0.415368	0.055774	-0.536364
0.420955	0.077657	-0.536364
0.426403	0.104823	-0.536364
0.428130	0.131141	-0.536364
0.423925	0.147045	-0.536364
0.412994	0.144161	-0.536364
0.396735	0.143561	-0.536364
0.384379	0.149532	-0.536364
0.385085	0.151701	-0.536364
0.396455	0.147004	-0.536364
0.407638	0.139416	-0.536364
0.415975	0.127972	-0.536364
0.420155	0.102513	-0.536364
0.420991	0.092429	-0.536364
0.421425	0.072704	-0.536364
0.423506	0.059077	-0.536364
0.425069	0.055963	-0.536364
0.421500	0.067019	-0.536364
0.412869	0.094147	-0.536364
0.400309	0.138783	-0.536364
0.387623	0.185569	-0.536364
0.376160	0.214156	-0.536364
0.364953	0.223948	-0.536364
0.355022	0.223666	-0.536364
0.345256	0.218026	-0.536364
0.342288	0.206293	-0.536364
0.349640	0.196196	-0.536364
0.359885	0.200489	-0.536364
0.367251	0.220048	-0.536364
0.369414	0.249487	-0.536364
0.364759	0.280510	-0.536364
0.352410	0.309581	-0.536364
0.333786	0.334079	-0.536364
0.310949	0.347967	-0.536364
0.289974	0.356153	-0.536364
0.274673	0.367674	-0.536364
0.262012	0.385524	-0.536364
0.248366	0.407822	-0.536364
0.238105	0.427830	-0.536364
0.230498	0.442531	-0.536364
0.224798	0.454069	-0.536364
0.226218	0.465329	-0.536364
0.234525	0.476263	-0.536364
0.243363	0.486530	-0.536364
0.256549	0.499087	-0.536364
0.269867	0.511320	-0.536364
0.273806	0.520762	-0.505914
0.264427	0.528477	-0.436669
0.251542	0.534801	-0.362242
0.240208	0.541607	-0.299876
0.222216	0.550512	-0.256442
0.186878	0.560185	-0.228856
0.148508	0.570222	-0.214376
0.117779	0.580923	-0.213685
0.095657	0.590436	-0.224996
0.075784	0.597343	-0.254082
0.044179	0.600976	-0.309744
0.016298	0.603092	-0.399695
-0.003440	0.604670	-0.511622
-0.015835	0.603570	-0.536364
-0.024331	0.599705	-0.536364
-0.032226	0.594059	-0.536364
-0.039388	0.588898	-0.536364
-0.044202	0.584967	-0.536364
-0.046560	0.582066	-0.536364
-0.044652	0.579779	-0.536364
-0.045832	0.577346	-0.536364
-0.046953	0.574397	-0.536364
-0.049807	0.570646	-0.536364
-0.052212	0.565964	-0.536364
-0.054263	0.561043	-0.536364
-0.057957	0.555331	-0.536364
-0.064122	0.548185	-0.536364
-0.071251	0.539938	-0.536364
-0.077935	0.531587	-0.536364
-0.083652	0.525015	-0.536364
-0.089221	0.521292	-0.536364
-0.093761	0.520054	-0.536364
-0.097321	0.518504	-0.536364
-0.100407	0.513228	-0.536364
-0.103677	0.504590	-0.536364
-0.107948	0.494303	-0.536364
-0.113653	0.485950	-0.536364
-0.118950	0.484815	-0.536364
-0.123393	0.485975	-0.536364
-0.127520	0.485197	-0.536364
-0.131840	0.481198	-0.536364
-0.136006	0.476131	-0.536364
-0.140448	0.471900	-0.536364
-0.146410	0.469413	-0.536364
-0.155903	0.465008	-0.536364
-0.172685	0.456335	-0.536364
-0.193523	0.446407	-0.536364
-0.214429	0.439101	-0.504984
-0.235097	0.432930	-0.457311
-0.254021	0.425282	-0.422788
-0.272418	0.418543	-0.410047
-0.291376	0.413794	-0.416478
-0.308049	0.407756	-0.437321
-0.320527	0.399602	-0.469830
-0.329318	0.392496	-0.512000
-0.339240	0.383104	-0.533307
-0.354715	0.368383	-0.536364
-0.374541	0.347851	-0.536364
-0.396817	0.320930	-0.536364
-0.420257	0.283301	-0.536364
-0.443936	0.232716	-0.536364
-0.465436	0.175305	-0.536364
-0.481406	0.116103	-0.536364
-0.494555	0.088517	-0.536364
-0.510068	0.056858	-0.536364
-0.528716	0.028197	-0.536364
-0.535618	0.006144	-0.536364
-0.536364	-0.010567	-0.536364
-0.536364	-0.023194	-0.536364
-0.536364	-0.033963	-0.536364
-0.536364	-0.043250	-0.536364
-0.536364	-0.049666	-0.536364
-0.536364	-0.054387	-0.536364
-0.536364	-0.058914	-0.536364
-0.536364	-0.063519	-0.536364
-0.536364	-0.068528	-0.536364
-0.536364	-0.073412	-0.536364
-0.536364	-0.077543	-0.536364
-0.536364	-0.080811	-0.536364
-0.536364	-0.083370	-0.536364
-0.536364	-0.085113	-0.536364
-0.536364	-0.085998	-0.536364
-0.536364	-0.086546	-0.536364
-0.536364	-0.088022	-0.536364
-0.536364	-0.090924	-0.536364
-0.536364	-0.094372	-0.536364
-0.536364	-0.097752	-0.536364
-0.536364	-0.100569	-0.536364
-0.536364	-0.102521	-0.536364
-0.536364	-0.103879	-0.536364
-0.536364	-0.105292	-0.536364
-0.536364	-0.107601	-0.536364
-0.536364	-0.111038	-0.536364
-0.536364	-0.115392	-0.536364
-0.536364	-0.119458	-0.536364
-0.536364	-0.122267	-0.536364
-0.536364	-0.123760	-0.536364
-0.536364	-0.124503	-0.536364
-0.536364	-0.125169	-0.536364
-0.536364	-0.126016	-0.536364
-0.536364	-0.126910	-0.536364
-0.536364	-0.127484	-0.536364
-0.536364	-0.127862	-0.536364
-0.536364	-0.128829	-0.536364
-0.536364	-0.130768	-0.536364
-0.536364	-0.133533	-0.536364
-0.536364	-0.136415	-0.536364
-0.536364	-0.139523	-0.536364
-0.536364	-0.142872	-0.536364
-0.536364	-0.145195	-0.536364
-0.536364	-0.147201	-0.536364
-0.536364	-0.149438	-0.536364
-0.536364	-0.153227	-0.536364
-0.536364	-0.159659	-0.536364
-0.536364	-0.164586	-0.536364
-0.536364	-0.167939	-0.536364
-0.536364	-0.171033	-0.536364
-0.536364	-0.174784	-0.536364
-0.536364	-0.179721	-0.536364
-0.536364	-0.188152	-0.536364
-0.536364	-0.200786	-0.536364
-0.536364	-0.217216	-0.536364
-0.536364	-0.234590	-0.536364
-0.536364	-0.249951	-0.536364
-0.536364	-0.263498	-0.536364
-0.536364	-0.277777	-0.536364
-0.536364	-0.292065	-0.536364
-0.536364	-0.305308	-0.536364
-0.536364	-0.319087	-0.536364
-0.536364	-0.336102	-0.536364
-0.536364	-0.357986	-0.536364
-0.536364	-0.384459	-0.536364
-0.536364	-0.412109	-0.536364
-0.536364	-0.438917	-0.536364
-0.536364	-0.465577	-0.536364
-0.536364	-0.495913	-0.536364
-0.536364	-0.529363	-0.536364
-0.536364	-0.536364	-0.536364
-0.536364	-0.536364	-0.536364
-0.536364	-0.536364	-0.536364
-0.536364	-0.536364	-0.536364
-0.536364	-0.536364	-0.536364
-0.536364	-0.536364	-0.536364
-0.536364	-0.536364	-0.536364
-0.536364	-0.536364	-0.536364
-0.536364	-0.536364	-0.536364
-0.536364	-0.536364	-0.536364
-0.536364	-0.536364	-0.536364
-0.536364	-0.536364	-0.536364
-0.536364	-0.536364	-0.536364
-0.536364	-0.536364	-0.536364
-0.536364	-0.536364	-0.536364
-0.536364	-0.536364	-0.536364
-0.536364	-0.536364	-0.536364
-0.536364	-0.536364	-0.536364
-0.536364	-0.536364	-0.536364
-0.536364	-0.536364	-0.536364
-0.536364	-0.536364	-0.536364
-0.536364	-0.536364	-0.536364
-0.536364	-0.536364	-0.536364
-0.536364	-0.536364	-0.536364
-0.536364	-0.536364	-0.536364
-0.536364	-0.536364	-0.536364
-0.536364	-0.536364	-0.536364
-0.536364	-0.536364	-0.536364
-0.536364	-0.536364	-0.536364
-0.536364	-0.536364	-0.536364
-0.536364	-0.536364	-0.536364
-0.536364	-0.536364	-0.536364
-0.536364	-0.536364	-0.536364
-0.536364	-0.536364	-0.536364
-0.536364	-0.536364	-0.536364
-0.536364	-0.536364	-0.536364
-0.536364	-0.536364	-0.536364
-0.536364	-0.536364	-0.536364
-0.536364	-0.536364	-0.536364
-0.536364	-0.536364	-0.536364
-0.536364	-0.536364	-0.536364
-0.536364	-0.536364	-0.536364
-0.536364	-0.536364	-0.536364
-0.536364	-0.536364	-0.536364
-0.536364	-0.536364	-0.536364
-0.536364	-0.536364	-0.536364
-0.536364	-0.536364	-0.536364
-0.536364	-0.536364	-0.536364
-0.536364	-0.536364	-0.536364
-0.536364	-0.536364	-0.536364
-0.536364	-0.536364	-0.536364
-0.281592	-0.536364	-0.536364
-0.225245	-0.536364	-0.536364
-0.215400	-0.536364	-0.536364
-0.205378	-0.536364	-0.536364
-0.195366	-0.536364	-0.536364
-0.186147	-0.536364	-0.536364
-0.176970	-0.536364	-0.536364
-0.167418	-0.536364	-0.536364
-0.159116	-0.536364	-0.536364
-0.151513	-0.536364	-0.536364
-0.146388	-0.536364	-0.536364
-0.142231	-0.536364	-0.536364
-0.138311	-0.536364	-0.536364
-0.134413	-0.536364	-0.536364
-0.130351	-0.536364	-0.536364
-0.127851	-0.536364	-0.536364
-0.124542	-0.536364	-0.536364
-0.121043	-0.536364	-0.536364
-0.117437	-0.536364	-0.536364
-0.112775	-0.536364	-0.536364
-0.107951	-0.536364	-0.536364
-0.101631	-0.536364	-0.536364
-0.095871	-0.536364	-0.536364
-0.092435	-0.536364	-0.536364
-0.090514	-0.536364	-0.536364
-0.089426	-0.536364	-0.536364
-0.087685	-0.536364	-0.536364
-0.084631	-0.536364	-0.536364
-0.082355	-0.536364	-0.536364
-0.080156	-0.536364	-0.536364
-0.080270	-0.536364	-0.536364
-0.081518	-0.536364	-0.536364
-0.079901	-0.536364	-0.536364
-0.078390	-0.536364	-0.536364
-0.075225	-0.536364	-0.536364
-0.072231	-0.536364	-0.536364
-0.070508	-0.536364	-0.536364
-0.067343	-0.536364	-0.536364
-0.063617	-0.536364	-0.536364
-0.060086	-0.536364	-0.536364
-0.057156	-0.536364	-0.536364
-0.054050	-0.536364	-0.536364
-0.046755	-0.536364	-0.536364
-0.034796	-0.514462	-0.536364
-0.023791	-0.488936	-0.536364
-0.014602	-0.468331	-0.536364
-0.004998	-0.451140	-0.536364
0.002039	-0.437648	-0.536364
0.006255	-0.426905	-0.536364
0.009296	-0.419775	-0.536364
0.008273	-0.414776	-0.536364
0.006346	-0.409451	-0.536364
0.008193	-0.403675	-0.536364
0.024484	-0.396097	-0.536364
0.046127	-0.384433	-0.536364
0.074641	-0.367782	-0.536364
0.114928	-0.346192	-0.536364
0.157209	-0.322897	-0.536364
0.196621	-0.300016	-0.536364
0.221891	-0.277547	-0.536364
0.240380	-0.256947	-0.536364
0.255945	-0.237862	-0.536364
0.264724	-0.219719	-0.536364
0.265155	-0.203426	-0.536364
0.265379	-0.189603	-0.536364
0.270819	-0.179877	-0.536364
0.280810	-0.176851	-0.536364
0.295616	-0.177201	-0.536364
0.311852	-0.178307	-0.536364
0.330148	-0.177981	-0.536364
0.354707	-0.174469	-0.536364
0.381072	-0.167210	-0.536364
0.405651	-0.156282	-0.536364
0.425931	-0.146813	-0.536364
0.438917	-0.143391	-0.536364
0.445487	-0.139882	-0.536364
0.449414	-0.136444	-0.536364
0.453742	-0.132208	-0.518082
0.460651	-0.128021	-0.486710
0.468385	-0.123942	-0.451519
0.476192	-0.121707	-0.418023
0.483265	-0.121434	-0.388252
0.488465	-0.119943	-0.362870
0.493839	-0.116570	-0.343925
0.498841	-0.111782	-0.329066
0.502841	-0.106669	-0.314224
0.504502	-0.101564	-0.301401
0.506488	-0.095891	-0.293797
0.511686	-0.091750	-0.289634
0.519928	-0.089766	-0.286147
0.530724	-0.089112	-0.281868
0.540764	-0.089139	-0.275648
0.548727	-0.087979	-0.266541
0.555167	-0.087380	-0.255353
0.559900	-0.085565	-0.244199
0.563054	-0.082201	-0.233427
0.566812	-0.078046	-0.222161
0.571611	-0.071789	-0.208981
0.576890	-0.064321	-0.192862
0.582017	-0.057157	-0.175985
0.587587	-0.048118	-0.160670
0.594722	-0.035876	-0.146629
0.602779	-0.025032	-0.139712
0.610388	-0.018023	-0.129384
0.616821	-0.012491	-0.116021
0.620500	-0.006074	-0.101410
0.620424	0.011372	-0.079628
0.619165	0.046921	-0.049985
0.617515	0.092440	-0.006872
0.618639	0.131758	0.090456
0.621226	0.167736	0.287278
0.623189	0.208420	0.432739
0.623438	0.252061	0.513677
0.623045	0.302756	0.577649
0.622387	0.352526	0.623196
0.621717	0.388146	0.660872
0.620262	0.410164	0.657143
0.617239	0.425375	0.657143
0.612871	0.439750	0.657143
0.608260	0.455350	0.657143
0.604836	0.468931	0.657143
0.603325	0.477115	0.657143
0.602834	0.484564	0.666615
0.602066	0.495036	0.679717
0.599905	0.506978	0.682850
0.596073	0.518563	0.680629
0.591084	0.527243	0.676950
0.585823	0.532754	0.672128
0.582017	0.535741	0.635577
0.580444	0.535719	0.594542
0.579870	0.535186	0.551996
0.579098	0.535540	0.522768
0.578052	0.537300	0.513628
0.575727	0.541633	0.526186
0.571453	0.546074	0.552164
0.566957	0.550564	0.584825
0.563967	0.555402	0.617028
0.562756	0.558160	0.647058
0.562398	0.558823	0.658552
0.562065	0.558777	0.657143
0.561439	0.559792	0.657143
0.560111	0.564415	0.657143
0.557885	0.571303	0.657143
0.556096	0.577959	0.657143
0.555751	0.585002	0.657143
0.556764	0.591959	0.657143
0.558640	0.598104	0.657143
0.558987	0.603313	0.100000
0.556703	0.606512	0.100000
0.551216	0.607845	0.100000
0.544595	0.609378	0.100000
0.538465	0.612755	0.100000
0.532871	0.618219	0.100000
0.527964	0.625432	0.100000
0.524112	0.632899	0.100000
0.521160	0.638853	0.100000
0.516324	0.641590	0.100000
0.507872	0.643117	0.100000
0.497627	0.643715	0.100000
0.488374	0.644780	0.100000
0.481519	0.647391	0.100000
0.477571	0.649940	0.100000
0.475501	0.652297	0.100000
0.474285	0.652158	0.100000
0.474556	0.649881	0.100000
0.475754	0.644951	0.100000
0.475851	0.639262	0.100000
0.474356	0.633413	0.100000
0.473455	0.628278	0.100000
0.475220	0.624033	0.100000
0.480415	0.620442	0.100000
0.487390	0.617748	0.100000
0.495342	0.615945	0.100000
0.501957	0.613736	0.100000
0.504016	0.610049	0.100000
0.502110	0.604297	0.100000
0.496130	0.597144	0.100000
0.485992	0.590984	0.100000
0.476018	0.586298	0.100000
0.468783	0.581972	0.100000
0.463677	0.577990	0.100000
0.459716	0.574743	0.100000
0.456806	0.572281	0.100000
0.457584	0.571209	0.100000
0.462588	0.570768	0.100000
0.469222	0.570140	0.100000
0.475133	0.569158	0.100000
0.479606	0.567235	0.100000
0.483602	0.563810	0.100000
0.487590	0.557387	0.100000
0.487419	0.547308	0.100000
0.483708	0.533266	0.100000
0.481433	0.517968	0.100000
0.482570	0.506362	0.100000
0.486653	0.498731	0.100000
0.492933	0.491944	0.100000
0.499522	0.486649	0.100000
0.504375	0.486449	0.100000
0.507179	0.487020	0.100000
0.505896	0.484324	0.100000
0.501005	0.479103	0.100000
0.495216	0.470763	0.100000
0.491673	0.460404	0.100000
0.492680	0.451163	0.100000
0.497420	0.443343	0.100000
0.501598	0.436671	0.100000
0.505103	0.432827	0.100000
0.509084	0.430429	0.100000
0.512670	0.425808	0.100000
0.513201	0.415798	0.100000
0.510950	0.404623	0.100000
0.506747	0.395267	0.100000
0.501874	0.386525	0.100000
0.497802	0.378270	0.100000
0.496227	0.367212	0.100000
0.496249	0.351445	0.100000
0.495952	0.327862	0.100000
0.495003	0.295088	0.100000
0.490672	0.258845	0.100000
0.482668	0.216323	0.100000
0.476918	0.162593	0.100000
0.475430	0.106347	0.100000
0.479739	0.091351	0.100000
0.488988	0.072689	0.100000
0.503046	0.066710	0.100000
0.514422	0.064305	0.100000
0.520110	0.055384	0.100000
0.520789	0.041285	0.100000
0.519965	0.028531	0.100000
0.518120	0.019280	0.100000
0.515721	0.008625	0.100000
0.514389	-0.004223	0.100000
0.516867	-0.016541	0.100000
0.522434	-0.026433	0.100000
0.528175	-0.034366	0.100000
0.535259	-0.040807	0.100000
0.545400	-0.046177	0.100000
0.557427	-0.050756	0.100000
0.567664	-0.054028	0.100000
0.575488	-0.055881	0.100000
0.580915	-0.057383	0.100000
0.585368	-0.059216	0.100000
0.590594	-0.061767	0.100000
0.596929	-0.065162	0.100000
0.603021	-0.068472	0.100000
0.608642	-0.071594	0.100000
0.614482	-0.074453	0.100000
0.619140	-0.076039	0.100000
0.622672	-0.076532	0.100000
0.626099	-0.077278	0.100000
0.629380	-0.079281	0.100000
0.631973	-0.082548	0.100000
0.634026	-0.086872	0.100000
0.636498	-0.091540	0.100000
0.640355	-0.095579	0.100000
0.645681	-0.099843	0.100000
0.651972	-0.104718	0.100000
0.658325	-0.110323	0.100000
0.660532	-0.116138	0.100000
0.659545	-0.121117	0.100000
0.658759	-0.125374	0.100000
0.658214	-0.129417	0.100000
0.657915	-0.133651	0.100000
0.657664	-0.137371	0.100000
0.657299	-0.142627	0.100000
0.657143	-0.148222	0.100000
0.657143	-0.159739	0.100000
0.657143	-0.174524	0.100000
0.657143	-0.189716	0.100000
0.657143	-0.201906	0.100000
0.657143	-0.212987	0.100000
0.657143	-0.223441	0.100000
0.657143	-0.233616	0.100000
0.657143	-0.245248	0.100000
0.657143	-0.258011	0.100000
0.657143	-0.269660	0.100000
0.657143	-0.277522	0.100000
0.657143	-0.279485	0.100000
0.657143	-0.276323	0.100000
0.657143	-0.271098	0.100000
0.657143	-0.264502	0.100000
0.657143	-0.257861	0.100000
0.657143	-0.253458	0.100000
0.657143	-0.251619	0.100000
0.657143	-0.250175	0.100000
0.657143	-0.247100	0.100000
0.657143	-0.242780	0.100000
0.657143	-0.236821	0.100000
0.657143	-0.229093	0.100000
0.657143	-0.221688	0.100000
0.657143	-0.216437	0.100000
0.657143	-0.212136	0.100000
0.657143	-0.207238	0.100000
0.657143	-0.202325	0.100000
0.657143	-0.198156	0.100000
0.657143	-0.195287	0.100000
0.657143	-0.193062	0.100000
0.657143	-0.191723	0.100000
-0.150000	-0.190952	0.000000
0.600000	-0.189848	0.550000
0.734732	-0.236969	0.750000
0.385251	-0.268651	0.662587
0.391320	-0.273627	0.663473
0.403687	-0.279549	0.666831
0.420113	-0.286390	0.661996
0.432997	-0.295679	0.641744
0.440622	-0.305925	0.621079
0.447218	-0.313085	0.596430
0.452221	-0.314249	0.564121
0.456193	-0.311546	0.520938
0.459108	-0.309401	0.464242
0.461939	-0.309791	0.398213
0.465424	-0.314424	0.301153
0.467523	-0.322979	0.117618
0.467155	-0.331976	0.047117
0.464294	-0.340748	-0.030246
0.459768	-0.351605	-0.064569
0.454821	-0.364588	-0.085021
0.454228	-0.376265	-0.101676
0.459014	-0.384802	-0.116003
0.466411	-0.392073	-0.129627
0.474746	-0.397682	-0.138296
0.482894	-0.400948	-0.148575
0.488357	-0.402012	-0.172670
0.491122	-0.397771	-0.195305
0.492550	-0.387530	-0.211392
0.493605	-0.372571	-0.222725
0.494850	-0.353585	-0.232006
0.496148	-0.331827	-0.240710
0.496197	-0.309958	-0.248651
0.494419	-0.288776	-0.256017
0.492173	-0.269283	-0.262895
0.493289	-0.254162	-0.267167
0.499531	-0.240572	-0.268585
0.506775	-0.227098	-0.270033
0.513049	-0.212856	-0.276545
0.517002	-0.197799	-0.288263
0.517973	-0.183285	-0.301523
0.518244	-0.172967	-0.314479
0.519298	-0.165082	-0.327927
0.518678	-0.158919	-0.342494
0.514646	-0.153258	-0.356548
0.506057	-0.149111	-0.368440
0.497324	-0.146228	-0.375937
0.490399	-0.142129	-0.379439
0.483947	-0.137621	-0.381858
0.478434	-0.133904	-0.386611
0.473671	-0.132271	-0.395101
0.472405	-0.132201	-0.405753
0.476442	-0.131475	-0.415871
0.483046	-0.130518	-0.426638
0.488033	-0.129766	-0.440957
0.491137	-0.128479	-0.456339
0.494461	-0.125605	-0.470976
0.496224	-0.123065	-0.488127
0.493896	-0.122075	-0.511355
0.486618	-0.121543	-0.532299
0.476703	-0.120751	-0.536364
0.464425	-0.119324	-0.536364
0.449912	-0.116942	-0.536364
0.438957	-0.114404	-0.536364
0.430138	-0.109639	-0.536364
0.422496	-0.104441	-0.536364
0.416313	-0.100207	-0.536364
0.409168	-0.097443	-0.536364
0.402329	-0.097803	-0.536364
0.396806	-0.097415	-0.536364
0.393477	-0.094015	-0.536364
0.390228	-0.089649	-0.536364
0.384851	-0.086106	-0.536364
0.372111	-0.084995	-0.536364
0.351880	-0.085687	-0.536364
0.330562	-0.086921	-0.536364
0.312082	-0.086592	-0.536364
0.298697	-0.082130	-0.536364
0.287256	-0.078006	-0.536364
0.272274	-0.077158	-0.536364
0.251801	-0.077683	-0.536364
0.233300	-0.077046	-0.536364
0.221924	-0.075563	-0.536364
0.217098	-0.071659	-0.536364
0.215490	-0.068435	-0.536364
0.211393	-0.065260	-0.536364
0.199349	-0.061748	-0.536364
0.170927	-0.059906	-0.536364
0.121421	-0.055037	-0.536364
0.090966	-0.048343	-0.536364
0.064390	-0.043788	-0.536364
0.040243	-0.044329	-0.536364
0.027222	-0.047076	-0.536364
0.032420	-0.047608	-0.536364
0.052369	-0.044918	-0.536364
0.070744	-0.040182	-0.536364
0.083000	-0.034533	-0.536364
0.087108	-0.029353	-0.536364
0.081574	-0.022562	-0.536364
0.070314	-0.012898	-0.536364
0.050436	0.003323	-0.536364
0.026903	0.024887	-0.536364
0.006396	0.047032	-0.536364
-0.008115	0.068682	-0.536364
-0.016938	0.099150	-0.536364
-0.021485	0.143028	-0.536364
-0.024831	0.188499	-0.536364
-0.029024	0.215426	-0.536364
-0.033240	0.225788	-0.536364
-0.036354	0.233857	-0.536364
-0.039291	0.244800	-0.536364
-0.042248	0.255336	-0.536364
-0.044059	0.269376	-0.536364
-0.044464	0.292599	-0.536364
-0.043978	0.324797	-0.536364
-0.040885	0.360858	-0.536364
-0.035858	0.397782	-0.536364
-0.033865	0.430858	-0.487404
-0.037201	0.456027	-0.408704
-0.039242	0.474100	-0.341758
-0.044589	0.486143	-0.301787
-0.051707	0.493726	-0.293387
-0.059532	0.496484	-0.310393
-0.067535	0.494443	-0.355556
-0.075262	0.489766	-0.428872
-0.082228	0.485206	-0.517212
-0.089131	0.483549	-0.536364
-0.094765	0.484749	-0.536364
-0.099232	0.486827	-0.536364
-0.102887	0.488336	-0.536364
-0.106170	0.491504	-0.536364
-0.109931	0.499590	-0.536364
-0.112942	0.508083	-0.536364
-0.114916	0.512858	-0.536364
-0.116770	0.513437	-0.536364
-0.119294	0.511226	-0.536364
-0.122300	0.506406	-0.536364
-0.125436	0.502220	-0.536364
-0.128695	0.502395	-0.536364
-0.132193	0.505164	-0.536364
-0.135696	0.507510	-0.536364
-0.138968	0.508046	-0.536364
-0.143707	0.509776	-0.536364
-0.147650	0.515762	-0.536364
-0.150756	0.523677	-0.536364
-0.155310	0.530240	-0.536364
-0.158307	0.534739	-0.536364
-0.161949	0.538002	-0.536364
-0.168485	0.539647	-0.536364
-0.177738	0.539909	-0.536364
-0.190000	0.540116	-0.536364
-0.203019	0.539831	-0.536364
-0.218146	0.540624	-0.536364
-0.235249	0.544797	-0.536364
-0.253926	0.550743	-0.536364
-0.275352	0.556944	-0.536364
-0.298675	0.561852	-0.536364
-0.319771	0.564541	-0.536364
-0.340700	0.565441	-0.536364
-0.365880	0.564504	-0.536364
-0.393894	0.562124	-0.536364
-0.421087	0.557840	-0.536364
-0.447091	0.551303	-0.536364
-0.473805	0.543824	-0.536364
-0.502162	0.536562	-0.536364
-0.530558	0.530799	-0.536364
-0.536364	0.526800	-0.536364
-0.536364	0.522872	-0.536364
-0.536364	0.518058	-0.536364
-0.536364	0.511550	-0.536364
-0.536364	0.502103	-0.536364
-0.536364	0.490453	-0.536364
-0.536364	0.476894	-0.536364
-0.536364	0.462849	-0.536364
-0.536364	0.445013	-0.536364
-0.536364	0.423832	-0.536364
-0.536364	0.400575	-0.536364
-0.536364	0.374115	-0.536364
-0.536364	0.342490	-0.536364
-0.536364	0.308834	-0.536364
-0.536364	0.273222	-0.536364
-0.536364	0.233484	-0.536364
-0.536364	0.195998	-0.536364
-0.536364	0.161193	-0.536364
-0.536364	0.122228	-0.536364
-0.536364	0.093643	-0.536364
-0.536364	0.068809	-0.536364
-0.536364	0.036715	-0.536364
-0.536364	0.014040	-0.536364
-0.536364	0.000741	-0.536364
-0.536364	-0.007997	-0.536364
-0.536364	-0.015009	-0.536364
-0.536364	-0.021094	-0.536364
-0.536364	-0.026543	-0.536364
-0.536364	-0.031917	-0.536364
-0.536364	-0.037605	-0.536364
-0.536364	-0.044507	-0.536364
-0.536364	-0.052595	-0.536364
-0.536364	-0.060505	-0.536364
-0.536364	-0.067230	-0.536364
-0.536364	-0.072430	-0.536364
-0.536364	-0.075960	-0.536364
-0.536364	-0.078133	-0.536364
-0.536364	-0.079610	-0.536364
-0.536364	-0.080771	-0.536364
-0.536364	-0.082246	-0.536364
-0.536364	-0.084480	-0.536364
-0.536364	-0.087737	-0.536364
-0.536364	-0.091269	-0.536364
-0.536364	-0.094600	-0.536364
-0.536364	-0.097723	-0.536364
-0.536364	-0.100176	-0.536364
-0.536364	-0.102255	-0.536364
-0.536364	-0.104968	-0.536364
-0.536364	-0.109112	-0.536364
-0.536364	-0.114244	-0.536364
-0.536364	-0.119148	-0.536364
-0.536364	-0.123226	-0.536364
-0.536364	-0.126531	-0.536364
-0.536364	-0.129488	-0.536364
-0.536364	-0.131945	-0.536364
-0.536364	-0.133520	-0.536364
-0.536364	-0.134650	-0.536364
-0.536364	-0.136082	-0.536364
-0.536364	-0.137491	-0.536364
-0.536364	-0.139924	-0.536364
-0.536364	-0.142252	-0.536364
-0.536364	-0.145011	-0.536364
-0.536364	-0.148461	-0.536364
-0.536364	-0.155574	-0.536364
-0.536364	-0.166493	-0.536364
-0.536364	-0.176456	-0.536364
-0.536364	-0.188034	-0.536364
-0.536364	-0.200060	-0.536364
-0.536364	-0.213394	-0.536364
-0.536364	-0.230009	-0.536364
-0.536364	-0.249614	-0.536364
-0.536364	-0.270770	-0.536364
-0.536364	-0.294128	-0.536364
-0.536364	-0.317850	-0.536364
-0.536364	-0.340747	-0.536364
-0.536364	-0.364965	-0.536364
-0.536364	-0.390097	-0.536364
-0.536364	-0.415193	-0.536364
-0.536364	-0.439615	-0.536364
-0.536364	-0.464122	-0.536364
-0.536364	-0.492530	-0.536364
-0.536364	-0.527689	-0.536364
-0.536364	-0.536146	-0.536364
-0.536364	-0.536364	-0.536364
-0.536364	-0.536364	-0.536364
-0.536364	-0.536364	-0.536364
-0.536364	-0.536364	-0.536364
-0.536364	-0.536364	-0.536364
-0.536364	-0.536364	-0.536364
-0.536364	-0.536364	-0.536364
-0.536364	-0.536364	-0.536364
-0.536364	-0.536364	-0.536364
-0.536364	-0.536364	-0.536364
-0.536364	-0.536364	-0.536364
-0.536364	-0.536364	-0.536364
-0.536364	-0.536364	-0.536364
-0.536364	-0.536364	-0.536364
-0.536364	-0.536364	-0.536364
-0.536364	-0.536364	-0.536364
-0.536364	-0.536364	-0.536364
-0.536364	-0.536364	-0.536364
-0.536364	-0.536364	-0.536364
-0.536364	-0.536364	-0.536364
-0.536364	-0.536364	-0.536364
-0.536364	-0.536364	-0.536364
-0.536364	-0.536364	-0.536364
-0.536364	-0.536364	-0.536364
-0.536364	-0.536364	-0.536364
-0.536364	-0.536364	-0.536364
-0.536364	-0.536364	-0.536364
-0.536364	-0.536364	-0.536364
-0.536364	-0.536364	-0.536364
-0.536364	-0.536364	-0.536364
-0.536364	-0.536364	-0.536364
-0.536364	-0.536364	-0.536364
-0.536364	-0.536364	-0.536364
-0.536364	-0.536364	-0.536364
-0.536364	-0.536364	-0.536364
-0.536364	-0.536364	-0.536364
-0.536364	-0.536364	-0.536364
-0.536364	-0.536364	-0.536364
-0.536364	-0.536364	-0.536364
-0.536364	-0.536364	-0.536364
-0.536364	-0.536364	-0.536364
-0.536364	-0.536364	-0.536364
-0.536364	-0.536364	-0.536364
-0.536364	-0.536364	-0.536364
-0.536364	-0.536364	-0.536364
-0.536364	-0.536364	-0.536364
-0.536364	-0.536364	-0.536364
-0.536364	-0.536364	-0.536364
-0.536364	-0.536364	-0.536364
-0.536364	-0.536364	-0.536364
-0.536364	-0.536364	-0.536364
-0.536364	-0.536364	-0.536364
-0.536364	-0.536364	-0.536364
-0.536364	-0.536364	-0.536364
-0.353634	-0.536364	-0.536364
-0.300630	-0.536364	-0.536364
-0.290228	-0.536364	-0.536364
-0.276146	-0.536364	-0.536364
-0.259762	-0.536364	-0.536364
-0.242377	-0.536364	-0.536364
-0.226299	-0.536364	-0.536364
-0.211889	-0.536364	-0.536364
-0.199338	-0.536364	-0.536364
-0.189293	-0.536364	-0.536364
-0.179144	-0.536364	-0.536364
-0.168026	-0.536364	-0.536364
-0.155644	-0.536364	-0.536364
-0.145808	-0.536364	-0.536364
-0.141235	-0.536364	-0.536364
-0.137066	-0.536364	-0.536364
-0.132885	-0.536364	-0.536364
-0.130188	-0.536364	-0.536364
-0.128173	-0.536364	-0.536364
-0.124569	-0.536364	-0.536364
-0.119454	-0.536364	-0.536364
-0.113064	-0.536364	-0.536364
-0.105419	-0.536364	-0.536364
-0.098232	-0.536364	-0.536364
-0.092405	-0.536364	-0.536364
-0.086945	-0.536364	-0.536364
-0.082235	-0.536364	-0.536364
-0.077209	-0.536364	-0.536364
-0.069727	-0.536364	-0.536364
-0.059020	-0.536364	-0.536364
-0.048487	-0.536364	-0.536364
-0.037661	-0.536364	-0.536364
-0.021927	-0.536364	-0.536364
-0.002162	-0.536364	-0.536364
0.019389	-0.536364	-0.536364
0.036932	-0.536364	-0.536364
0.046918	-0.536364	-0.536364
0.054943	-0.536364	-0.536364
0.057692	-0.536364	-0.536364
0.064713	-0.536364	-0.536364
0.078391	-0.536364	-0.536364
0.113380	-0.536364	-0.536364
0.175563	-0.536364	-0.536364
0.248501	-0.536364	-0.536364
0.304202	-0.536364	-0.536364
0.344769	-0.536364	-0.536364
0.374426	-0.536364	-0.536364
0.397467	-0.536364	-0.536364
0.414648	-0.536364	-0.536364
0.427850	-0.536364	-0.536364
0.438335	-0.536364	-0.536364
0.447083	-0.536364	-0.536364
0.454236	-0.536364	-0.536364
0.460382	-0.536364	-0.536364
0.468131	-0.536364	-0.536364
0.476481	-0.536364	-0.536364
0.483071	-0.515499	-0.536364
0.487210	-0.475404	-0.536364
0.490022	-0.437143	-0.536364
0.493986	-0.410021	-0.536364
0.501318	-0.391121	-0.536364
0.512641	-0.376632	-0.536364
0.525996	-0.362000	-0.536364
0.540323	-0.346723	-0.536364
0.554449	-0.331525	-0.536364
0.565743	-0.314770	-0.536364
0.573391	-0.296763	-0.536364
0.579445	-0.278454	-0.536364
0.585313	-0.261240	-0.536364
0.589554	-0.245384	-0.536364
0.590544	-0.230651	-0.533923
0.589603	-0.216751	-0.499574
0.588384	-0.202841	-0.453516
0.590525	-0.187353	-0.415796
0.595218	-0.173618	-0.388055
0.598983	-0.160883	-0.367235
0.601478	-0.147064	-0.350340
0.603736	-0.141321	-0.336078
0.606929	-0.135393	-0.325633
0.611641	-0.128953	-0.315614
0.615969	-0.124571	-0.303239
0.619051	-0.120407	-0.290923
0.622373	-0.116770	-0.278244
0.626775	-0.114680	-0.263272
0.631922	-0.113673	-0.245598
0.637756	-0.112498	-0.226395
0.642896	-0.109536	-0.207331
0.647156	-0.105400	-0.191179
0.650965	-0.102228	-0.179421
0.653929	-0.101423	-0.171408
0.656353	-0.101818	-0.163987
0.659022	-0.100481	-0.155346
0.660942	-0.096714	-0.147732
0.660268	-0.091245	-0.144608
0.659460	-0.086494	-0.140626
0.658768	-0.081701	-0.135335
0.658372	-0.076977	-0.129104
0.658316	-0.074919	-0.124872
0.659399	-0.073861	-0.121060
0.660750	-0.072284	-0.117210
0.661974	-0.068112	-0.111433
0.662048	-0.060786	-0.103147
0.661022	-0.048110	-0.092239
0.660373	-0.035200	-0.077131
0.659739	-0.023049	-0.055028
0.658684	-0.007319	-0.019114
0.657724	0.013881	0.052243
0.657143	0.052848	0.219029
0.657143	0.118290	0.380984
0.657143	0.190403	0.476692
0.657143	0.258947	0.551786
0.657143	0.309018	0.607657
0.657143	0.348842	0.650376
0.657143	0.380027	0.657143
0.657143	0.405527	0.657143
0.657143	0.428232	0.657143
0.657143	0.446407	0.657143
0.657143	0.464594	0.657143
0.657143	0.481780	0.100000
0.657263	0.497813	0.100000
0.657878	0.513753	0.100000
0.658724	0.526895	0.100000
0.658443	0.536407	0.100000
0.657754	0.542309	0.100000
0.657686	0.545521	0.100000
0.657848	0.546126	0.100000
0.658008	0.545309	0.750000
0.657743	0.544573	0.701573
0.657143	0.544836	0.684355
0.657143	0.547724	0.675149
0.657143	0.554395	0.667906
0.657143	0.561094	0.661755
0.657143	0.564396	0.657143
0.657143	0.564272	0.657143
0.657143	0.563375	0.657143
0.657143	0.561445	0.657143
0.657143	0.559600	0.657143
0.657143	0.558584	0.657143
0.657143	0.558042	0.657143
0.657143	0.560496	0.100000
0.657602	0.565155	0.100000
0.657654	0.568267	0.100000
0.657711	0.569542	0.100000
0.657674	0.570163	0.100000
0.657143	0.571208	0.100000
0.657143	0.574690	0.100000
0.657688	0.581425	0.100000
0.659138	0.589740	0.100000
0.660600	0.597844	0.100000
0.661277	0.604294	0.100000
0.661429	0.608380	0.100000
0.661467	0.610725	0.100000
0.660286	0.613218	0.100000
0.658488	0.616250	0.100000
0.657143	0.619313	0.100000
0.657143	0.621382	0.100000
0.657143	0.623340	0.100000
0.657200	0.625939	0.100000
0.657143	0.627168	0.100000
0.657143	0.627643	0.100000
0.657143	0.628795	0.100000
0.657184	0.629786	0.100000
0.657331	0.629510	0.100000
0.657275	0.628023	0.100000
0.657470	0.624073	0.100000
0.658119	0.616750	0.100000
0.658638	0.607423	0.100000
0.658950	0.598673	0.100000
0.659120	0.590393	0.100000
0.658539	0.582283	0.100000
0.657398	0.575483	0.100000
0.657143	0.569276	0.100000
0.657143	0.562654	0.100000
0.657143	0.555989	0.100000
0.657143	0.550160	0.100000
0.657143	0.545953	0.100000
0.657143	0.542842	0.100000
0.657143	0.540690	0.100000
0.657143	0.541014	0.100000
0.657143	0.542560	0.100000
0.657143	0.544146	0.100000
0.657143	0.546120	0.100000
0.657143	0.546917	0.100000
0.657143	0.545850	0.100000
0.657143	0.542905	0.100000
0.657143	0.538424	0.100000
0.658079	0.532343	0.100000
0.659203	0.524419	0.100000
0.659665	0.515135	0.100000
0.659500	0.505290	0.100000
0.658821	0.495404	0.100000
0.657506	0.488536	0.100000
0.657143	0.484408	0.100000
0.657153	0.478374	0.100000
0.657143	0.470768	0.100000
0.657143	0.462929	0.100000
0.657143	0.456225	0.100000
0.657143	0.449425	0.100000
0.657143	0.442752	0.100000
0.657143	0.435736	0.100000
0.657143	0.426110	0.100000
0.657143	0.415418	0.100000
0.657143	0.405744	0.100000
0.657966	0.396828	0.100000
0.658188	0.387155	0.100000
0.657831	0.374798	0.100000
0.657143	0.358274	0.100000
0.657143	0.338194	0.100000
0.657143	0.315048	0.100000
0.657218	0.288469	0.100000
0.658082	0.259487	0.100000
0.659188	0.231164	0.100000
0.660459	0.205924	0.100000
0.661069	0.179479	0.100000
0.660129	0.151687	0.100000
0.658287	0.120511	0.100000
0.657143	0.096952	0.100000
0.657143	0.082868	0.100000
0.657143	0.060384	0.100000
0.657143	0.040680	0.100000
0.657143	0.026052	0.100000
0.657143	0.016981	0.100000
0.657143	0.012812	0.100000
0.657143	0.015077	0.100000
0.657143	0.017344	0.100000
0.657143	0.015425	0.100000
0.657143	0.012610	0.100000
0.657143	0.005351	0.100000
0.657143	-0.005674	0.100000
0.657143	-0.017028	0.100000
0.657143	-0.027951	0.100000
0.657143	-0.038123	0.100000
0.657143	-0.046362	0.100000
0.657143	-0.052635	0.100000
0.657143	-0.057407	0.100000
0.657143	-0.061328	0.100000
0.657143	-0.065637	0.100000
0.657856	-0.070633	0.100000
0.657430	-0.075057	0.100000
0.657143	-0.078096	0.100000
0.657143	-0.080078	0.100000
0.657143	-0.081661	0.100000
0.657717	-0.082930	0.100000
0.659403	-0.084221	0.100000
0.659640	-0.086097	0.100000
0.658050	-0.089018	0.100000
0.657143	-0.091878	0.100000
0.657143	-0.094997	0.100000
0.657143	-0.098572	0.100000
0.657143	-0.102661	0.100000
0.657143	-0.107738	0.100000
0.657143	-0.114065	0.100000
0.657143	-0.118844	0.100000
0.657143	-0.121831	0.100000
0.657143	-0.123600	0.100000
0.657143	-0.124981	0.100000
0.657143	-0.126774	0.100000
0.657143	-0.129292	0.100000
0.657143	-0.132355	0.100000
0.657143	-0.135607	0.100000
0.657143	-0.138565	0.100000
0.657143	-0.143230	0.100000
0.657143	-0.147897	0.100000
0.657143	-0.158499	0.100000
0.657143	-0.176085	0.100000
0.657143	-0.197565	0.100000
0.100000	-0.219401	0.100000
0.100000	-0.240563	0.100000
0.100000	-0.258088	0.100000
0.100000	-0.273783	0.100000
0.100000	-0.291125	0.100000
0.100000	-0.310803	0.100000
0.100000	-0.332308	0.100000
0.100000	-0.350765	0.100000
0.100000	-0.364397	0.100000
0.100000	-0.374785	0.100000
0.100000	-0.380739	0.100000
0.100000	-0.380118	0.100000
0.100000	-0.374158	0.100000
0.100000	-0.366310	0.100000
0.100000	-0.359200	0.100000
0.100000	-0.354999	0.100000
0.100000	-0.353263	0.100000
0.100000	-0.352353	0.100000
0.100000	-0.351024	0.100000
0.100000	-0.349873	0.100000
0.100000	-0.350581	0.100000
0.100000	-0.353444	0.100000
0.100000	-0.356478	0.100000
0.100000	-0.359543	0.100000
0.100000	-0.365424	0.100000
0.100000	-0.372056	0.100000
0.100000	-0.374455	0.100000
0.100000	-0.371469	0.100000
0.100000	-0.366894	0.100000
0.100000	-0.365054	0.100000
0.100000	-0.367922	0.100000
0.100000	-0.372919	0.100000
0.000000	-0.377120	0.000000
0.300000	-0.377139	0.550000
0.750000	-0.453734	0.750000
0.248872	-0.484362	0.675875
0.236016	-0.491816	0.674002
0.234492	-0.498057	0.673111
0.229004	-0.499930	0.671868
0.219555	-0.502196	0.670641
0.215290	-0.509832	0.669273
0.220635	-0.517852	0.668433
0.237113	-0.517659	0.672140
0.260419	-0.507254	0.650089
0.277510	-0.491885	0.623644
0.287877	-0.479968	0.593434
0.297792	-0.475967	0.557969
0.306803	-0.479396	0.513638
0.319361	-0.486762	0.456111
0.334922	-0.495559	0.390609
0.347275	-0.502213	0.296866
0.354361	-0.505428	0.141754
0.361059	-0.504664	0.058175
0.370306	-0.500870	-0.016062
0.381583	-0.498434	-0.056639
0.394989	-0.501999	-0.079689
0.409988	-0.510387	-0.097123
0.425964	-0.517945	-0.109801
0.441786	-0.520860	-0.121955
0.453725	-0.518421	-0.130928
0.461254	-0.514125	-0.136527
0.465375	-0.512591	-0.141707
0.466094	-0.514312	-0.147192
0.464050	-0.516444	-0.155434
0.460650	-0.515080	-0.168814
0.459627	-0.510962	-0.183033
0.460621	-0.506081	-0.196167
0.461028	-0.497531	-0.205136
0.460684	-0.484821	-0.210092
0.459471	-0.469023	-0.213395
0.457557	-0.450103	-0.218111
0.456047	-0.430202	-0.225751
0.455462	-0.414047	-0.236343
0.455503	-0.402248	-0.246867
0.455730	-0.392607	-0.254710
0.458075	-0.384876	-0.260715
0.463127	-0.378652	-0.265534
0.468134	-0.370936	-0.270065
0.473465	-0.362086	-0.276291
0.479669	-0.354391	-0.283701
0.485133	-0.346634	-0.290974
0.489111	-0.336991	-0.299559
0.491266	-0.326677	-0.310643
0.491547	-0.317649	-0.321423
0.491320	-0.310153	-0.327758
0.491302	-0.304230	-0.327534
0.494143	-0.299044	-0.325172
0.500461	-0.288729	-0.325484
0.510574	-0.271849	-0.329834
0.521933	-0.254812	-0.341341
0.531145	-0.241263	-0.361403
0.537429	-0.231263	-0.388048
0.540657	-0.225396	-0.416896
0.539820	-0.223514	-0.443279
0.536589	-0.221624	-0.465950
0.531086	-0.215223	-0.488022
0.524779	-0.206599	-0.510069
0.518853	-0.199266	-0.530641
0.512830	-0.193755	-0.536043
0.507519	-0.189938	-0.536364
0.503538	-0.187335	-0.536364
0.500063	-0.185427	-0.536364
0.495598	-0.181309	-0.536364
0.488351	-0.175376	-0.536364
0.479557	-0.169109	-0.536364
0.471650	-0.163654	-0.536364
0.463792	-0.158980	-0.536364
0.455997	-0.155998	-0.536364
0.450760	-0.153315	-0.536364
0.448724	-0.150171	-0.536364
0.445790	-0.147324	-0.536364
0.442425	-0.143013	-0.536364
0.436662	-0.138575	-0.536364
0.426138	-0.134357	-0.536364
0.412653	-0.130640	-0.536364
0.396786	-0.128291	-0.536364
0.378635	-0.124775	-0.536364
0.357490	-0.121417	-0.536364
0.336929	-0.120134	-0.536364
0.322309	-0.120903	-0.536364
0.314721	-0.121911	-0.536364
0.314017	-0.120826	-0.536364
0.317250	-0.118159	-0.536364
0.318523	-0.116188	-0.536364
0.316240	-0.113564	-0.536364
0.313966	-0.110329	-0.536364
0.310926	-0.107988	-0.536364
0.303247	-0.105836	-0.536364
0.298900	-0.104631	-0.536364
0.298741	-0.103189	-0.536364
0.296899	-0.099643	-0.536364
0.279650	-0.094865	-0.536364
0.243235	-0.090392	-0.536364
0.194458	-0.086291	-0.536364
0.137907	-0.081608	-0.536364
0.094691	-0.074902	-0.536364
0.074064	-0.066910	-0.536364
0.049448	-0.060254	-0.536364
0.035474	-0.056609	-0.536364
0.027977	-0.052838	-0.536364
0.023228	-0.048070	-0.536364
0.019098	-0.043461	-0.536364
0.015223	-0.039071	-0.536364
0.010606	-0.033117	-0.536364
0.001785	-0.025375	-0.536364
-0.011393	-0.017389	-0.536364
-0.024568	-0.004611	-0.536364
-0.033964	0.018803	-0.520909
-0.039433	0.056676	-0.463452
-0.042757	0.119399	-0.396074
-0.045404	0.180532	-0.336897
-0.048026	0.233973	-0.290061
-0.050182	0.280690	-0.261513
-0.052305	0.321830	-0.254273
-0.055473	0.350537	-0.263264
-0.059479	0.366540	-0.292705
-0.063836	0.378146	-0.346562
-0.068802	0.389639	-0.427818
-0.074297	0.395652	-0.517464
-0.079779	0.394217	-0.536364
-0.084764	0.386647	-0.536364
-0.089915	0.374708	-0.536364
-0.093852	0.362320	-0.536364
-0.096861	0.358794	-0.536364
-0.099580	0.361588	-0.536364
-0.102440	0.361223	-0.536364
-0.105300	0.358789	-0.536364
-0.108286	0.354017	-0.536364
-0.110758	0.350476	-0.536364
-0.112669	0.350820	-0.536364
-0.114299	0.352047	-0.536364
-0.115996	0.352652	-0.536364
-0.118430	0.348327	-0.536364
-0.121780	0.339531	-0.536364
-0.125950	0.330863	-0.536364
-0.130680	0.317092	-0.536364
-0.135242	0.298555	-0.536364
-0.139071	0.284853	-0.536364
-0.144712	0.279225	-0.536364
-0.149910	0.272470	-0.536364
-0.165328	0.259762	-0.536364
-0.183535	0.249534	-0.536364
-0.200250	0.248133	-0.536364
-0.211282	0.251644	-0.536364
-0.217333	0.258394	-0.536364
-0.223098	0.267107	-0.536364
-0.232923	0.271584	-0.536364
-0.247374	0.270143	-0.536364
-0.265418	0.263168	-0.536364
-0.287581	0.255995	-0.536364
-0.312592	0.247981	-0.536364
-0.338652	0.236219	-0.536364
-0.363605	0.223365	-0.536364
-0.388583	0.210246	-0.515142
-0.415858	0.202521	-0.468080
-0.444764	0.204012	-0.426900
-0.472653	0.212718	-0.404334
-0.496827	0.222569	-0.398389
-0.516863	0.225146	-0.408340
-0.531946	0.213486	-0.437845
-0.536048	0.182680	-0.485107
-0.536364	0.138841	-0.528032
-0.536364	0.094153	-0.536364
-0.536364	0.066207	-0.536364
-0.536364	0.025358	-0.536364
-0.536364	-0.005874	-0.536364
-0.536364	-0.027735	-0.536364
-0.536364	-0.041326	-0.536364
-0.536364	-0.049438	-0.536364
-0.536364	-0.055005	-0.536364
-0.536364	-0.059482	-0.536364
-0.536364	-0.062741	-0.536364
-0.536364	-0.064360	-0.536364
-0.536364	-0.065278	-0.536364
-0.536364	-0.067060	-0.536364
-0.536364	-0.069486	-0.536364
-0.536364	-0.071823	-0.536364
-0.536364	-0.074337	-0.536364
-0.536364	-0.077564	-0.536364
-0.536364	-0.080807	-0.536364
-0.536364	-0.083093	-0.536364
-0.536364	-0.084744	-0.536364
-0.536364	-0.086073	-0.536364
-0.536364	-0.087814	-0.536364
-0.536364	-0.090284	-0.536364
-0.536364	-0.093155	-0.536364
-0.536364	-0.096151	-0.536364
-0.536364	-0.098856	-0.536364
-0.536364	-0.101088	-0.536364
-0.536364	-0.102766	-0.536364
-0.536364	-0.103955	-0.536364
-0.536364	-0.105411	-0.536364
-0.536364	-0.107639	-0.536364
-0.536364	-0.110177	-0.536364
-0.536364	-0.113284	-0.536364
-0.536364	-0.117049	-0.536364
-0.536364	-0.121295	-0.536364
-0.536364	-0.125555	-0.536364
-0.536364	-0.129203	-0.536364
-0.536364	-0.131915	-0.536364
-0.536364	-0.134071	-0.536364
-0.536364	-0.136231	-0.536364
-0.536364	-0.138814	-0.536364
-0.536364	-0.143282	-0.536364
-0.536364	-0.147996	-0.536364
-0.536364	-0.153232	-0.536364
-0.536364	-0.160125	-0.536364
-0.536364	-0.165917	-0.536364
-0.536364	-0.171512	-0.536364
-0.536364	-0.177168	-0.536364
-0.536364	-0.186665	-0.536364
-0.536364	-0.199275	-0.536364
-0.536364	-0.211426	-0.536364
-0.536364	-0.221666	-0.536364
-0.536364	-0.231400	-0.536364
-0.536364	-0.241159	-0.536364
-0.536364	-0.249352	-0.536364
-0.536364	-0.256365	-0.536364
-0.536364	-0.262443	-0.536364
-0.536364	-0.268154	-0.536364
-0.536364	-0.278047	-0.536364
-0.536364	-0.294390	-0.536364
-0.536364	-0.314933	-0.536364
-0.536364	-0.336619	-0.536364
-0.536364	-0.359257	-0.536364
-0.536364	-0.383257	-0.536364
-0.536364	-0.408401	-0.536364
-0.536364	-0.435225	-0.536364
-0.536364	-0.464645	-0.536364
-0.536364	-0.496530	-0.536364
-0.536364	-0.529540	-0.536364
-0.536364	-0.536364	-0.536364
-0.536364	-0.536364	-0.536364
-0.536364	-0.536364	-0.536364
-0.536364	-0.536364	-0.536364
-0.536364	-0.536364	-0.536364
-0.536364	-0.536364	-0.536364
-0.536364	-0.536364	-0.536364
-0.536364	-0.536364	-0.536364
-0.536364	-0.536364	-0.536364
-0.536364	-0.536364	-0.536364
-0.536364	-0.536364	-0.536364
-0.536364	-0.536364	-0.536364
-0.536364	-0.536364	-0.536364
-0.536364	-0.536364	-0.536364
-0.536364	-0.536364	-0.536364
-0.536364	-0.536364	-0.536364
-0.536364	-0.536364	-0.536364
-0.536364	-0.536364	-0.536364
-0.536364	-0.536364	-0.536364
-0.536364	-0.536364	-0.536364
-0.536364	-0.536364	-0.536364
-0.536364	-0.536364	-0.536364
-0.536364	-0.536364	-0.536364
-0.536364	-0.536364	-0.536364
-0.536364	-0.536364	-0.536364
-0.536364	-0.536364	-0.536364
-0.536364	-0.536364	-0.536364
-0.536364	-0.536364	-0.536364
-0.536364	-0.536364	-0.536364
-0.536364	-0.536364	-0.536364
-0.536364	-0.536364	-0.536364
-0.536364	-0.536364	-0.536364
-0.536364	-0.536364	-0.536364
-0.536364	-0.536364	-0.536364
-0.536364	-0.536364	-0.536364
-0.536364	-0.536364	-0.536364
-0.536364	-0.536364	-0.536364
-0.536364	-0.536364	-0.536364
-0.536364	-0.536364	-0.536364
-0.536364	-0.536364	-0.536364
-0.536364	-0.536364	-0.536364
-0.536364	-0.536364	-0.536364
-0.536364	-0.536364	-0.536364
-0.536364	-0.536364	-0.536364
-0.536364	-0.536364	-0.536364
-0.536364	-0.536364	-0.536364
-0.536364	-0.536364	-0.536364
-0.536364	-0.536364	-0.536364
-0.536364	-0.536364	-0.536364
-0.536364	-0.536364	-0.536364
-0.536364	-0.536364	-0.536364
-0.536364	-0.536364	-0.536364
-0.536364	-0.536364	-0.536364
-0.536364	-0.536364	-0.536364
-0.536364	-0.536364	-0.536364
-0.536364	-0.536364	-0.536364
-0.536364	-0.536364	-0.536364
-0.536364	-0.536364	-0.536364
-0.536364	-0.536364	-0.536364
-0.536364	-0.536364	-0.536364
-0.536364	-0.536364	-0.536364
-0.536364	-0.536364	-0.536364
-0.536364	-0.536364	-0.536364
-0.260431	-0.536364	-0.536364
-0.204822	-0.536364	-0.536364
-0.196608	-0.536364	-0.536364
-0.187259	-0.536364	-0.536364
-0.177328	-0.536364	-0.536364
-0.167399	-0.536364	-0.536364
-0.156268	-0.536364	-0.536364
-0.146694	-0.536364	-0.536364
-0.142847	-0.536364	-0.536364
-0.139330	-0.536364	-0.536364
-0.135698	-0.536364	-0.536364
-0.130957	-0.536364	-0.536364
-0.127318	-0.536364	-0.536364
-0.124268	-0.536364	-0.536364
-0.121031	-0.536364	-0.536364
-0.117367	-0.536364	-0.536364
-0.114209	-0.536364	-0.536364
-0.112083	-0.536364	-0.536364
-0.109651	-0.536364	-0.536364
-0.105547	-0.536364	-0.536364
-0.100502	-0.536364	-0.536364
-0.095359	-0.536364	-0.536364
-0.092758	-0.536364	-0.536364
-0.092564	-0.536364	-0.536364
-0.093441	-0.536364	-0.536364
-0.094497	-0.536364	-0.536364
-0.093603	-0.536364	-0.536364
-0.091391	-0.536364	-0.536364
-0.089072	-0.536364	-0.536364
-0.086608	-0.536364	-0.536364
-0.083650	-0.536364	-0.536364
-0.082415	-0.536364	-0.536364
-0.083747	-0.536364	-0.536364
-0.083751	-0.536364	-0.536364
-0.083623	-0.536364	-0.536364
-0.080858	-0.536364	-0.536364
-0.076620	-0.536364	-0.536364
-0.073437	-0.536364	-0.536364
-0.070061	-0.536364	-0.536364
-0.067041	-0.536364	-0.536364
-0.063634	-0.536364	-0.536364
-0.059740	-0.536364	-0.536364
-0.057218	-0.536364	-0.536364
-0.051887	-0.536364	-0.536364
-0.044721	-0.536364	-0.536364
-0.036470	-0.536364	-0.536364
-0.025200	-0.536364	-0.536364
-0.012431	-0.536364	-0.536364
0.001645	-0.536364	-0.536364
0.018320	-0.536364	-0.536364
0.042832	-0.536364	-0.536364
0.084435	-0.536364	-0.536364
0.144052	-0.536364	-0.536364
0.204781	-0.536364	-0.536364
0.250095	-0.536364	-0.536364
0.281988	-0.536364	-0.536364
0.308638	-0.536364	-0.536364
0.329693	-0.536364	-0.536364
0.345375	-0.536364	-0.536364
0.360438	-0.536364	-0.536364
0.371927	-0.536364	-0.536364
0.376105	-0.536364	-0.536364
0.377313	-0.536364	-0.536364
0.382688	-0.536364	-0.536364
0.395810	-0.536364	-0.536364
0.410170	-0.536364	-0.536364
0.422795	-0.536364	-0.536364
0.435600	-0.536364	-0.536364
0.447764	-0.536364	-0.536364
0.457742	-0.536364	-0.536364
0.466212	-0.536364	-0.536364
0.475316	-0.536364	-0.536364
0.486186	-0.525349	-0.536364
0.500765	-0.505429	-0.536364
0.512612	-0.483697	-0.536364
0.518764	-0.464955	-0.536364
0.521563	-0.448502	-0.536364
0.523614	-0.429955	-0.536364
0.526152	-0.407803	-0.536364
0.529592	-0.382222	-0.536364
0.534876	-0.353855	-0.536364
0.542863	-0.324397	-0.536364
0.550477	-0.297615	-0.536364
0.555807	-0.275534	-0.532384
0.560150	-0.258802	-0.511656
0.562887	-0.247522	-0.485340
0.563330	-0.242564	-0.459934
0.563280	-0.242735	-0.437394
0.564990	-0.244239	-0.418591
0.568195	-0.242510	-0.401262
0.573322	-0.233906	-0.384339
0.579798	-0.219649	-0.367317
0.585488	-0.203481	-0.351722
0.590186	-0.187247	-0.338116
0.593778	-0.172031	-0.323493
0.594956	-0.155805	-0.304751
0.594602	-0.144498	-0.280750
0.593369	-0.139848	-0.256170
0.592356	-0.135979	-0.232598
0.595184	-0.130354	-0.209285
0.601730	-0.122473	-0.187001
0.609889	-0.113438	-0.169783
0.616580	-0.103506	-0.153949
0.620318	-0.094307	-0.143556
0.621869	-0.089539	-0.137455
0.623014	-0.087934	-0.128995
0.624952	-0.085331	-0.116839
0.627316	-0.082790	-0.101095
0.629308	-0.078838	-0.081432
0.631520	-0.072144	-0.055739
0.635649	-0.062590	-0.019748
0.641645	-0.053654	0.040363
0.647333	-0.045528	0.190445
0.650423	-0.037626	0.355032
0.650420	-0.031082	0.460605
0.649221	-0.026617	0.536482
0.646896	-0.018230	0.597420
0.644484	-0.005427	0.641100
0.641785	0.013259	0.658229
0.638818	0.035154	0.657143
0.635424	0.070196	0.657143
0.632436	0.122905	0.657143
0.630842	0.167797	0.658809
0.629898	0.199628	0.665753
0.629211	0.219964	0.669603
0.628422	0.236842	0.671769
0.626654	0.247110	0.661179
0.624711	0.254305	0.630754
0.624718	0.262516	0.596496
0.626930	0.272581	0.557824
0.629498	0.281310	0.516008
0.632767	0.290604	0.479029
0.636361	0.303988	0.465436
0.638818	0.323646	0.477018
0.639888	0.341751	0.509704
0.639596	0.356008	0.554089
0.638954	0.372425	0.596017
0.638527	0.387741	0.631018
0.638372	0.399079	0.660840
0.638451	0.408447	0.657143
0.639111	0.417232	0.657143
0.638860	0.423484	0.657143
0.636793	0.424695	0.657143
0.631861	0.420394	0.657143
0.625204	0.418734	0.657143
0.618168	0.428145	0.657143
0.611168	0.443338	0.657143
0.603668	0.458289	0.657143
0.595829	0.470358	0.657143
0.589167	0.479514	0.100000
0.585176	0.488270	0.100000
0.583278	0.497947	0.100000
0.582090	0.507293	0.100000
0.580736	0.516962	0.100000
0.577612	0.525789	0.100000
0.571781	0.533220	0.100000
0.564189	0.539155	0.100000
0.556406	0.543943	0.100000
0.550046	0.546194	0.100000
0.546231	0.546976	0.100000
0.545048	0.548189	0.100000
0.544840	0.547668	0.100000
0.543972	0.544804	0.100000
0.542366	0.539541	0.100000
0.539696	0.531890	0.100000
0.535772	0.521372	0.100000
0.532455	0.507397	0.100000
0.531165	0.491312	0.100000
0.531739	0.476763	0.100000
0.529822	0.466023	0.100000
0.521234	0.454102	0.100000
0.504150	0.439176	0.100000
0.485134	0.419581	0.100000
0.473394	0.400335	0.100000
0.465413	0.385914	0.100000
0.457452	0.372840	0.100000
0.450024	0.353311	0.100000
0.445789	0.328784	0.100000
0.443985	0.307178	0.100000
0.442780	0.288553	0.100000
0.442041	0.271903	0.100000
0.439609	0.253386	0.100000
0.435960	0.225996	0.100000
0.431160	0.186380	0.100000
0.424571	0.132855	0.100000
0.418681	0.091517	0.100000
0.413309	0.063461	0.100000
0.409492	0.033596	0.100000
0.407374	0.014023	0.100000
0.404951	0.002107	0.100000
0.400588	-0.005779	0.100000
0.395809	-0.012898	0.100000
0.392057	-0.019497	0.100000
0.387240	-0.026091	0.100000
0.381144	-0.033417	0.100000
0.377901	-0.040778	0.100000
0.380707	-0.046604	0.100000
0.387816	-0.050418	0.100000
0.397439	-0.052049	0.100000
0.409989	-0.052261	0.100000
0.424233	-0.052406	0.100000
0.437225	-0.052553	0.100000
0.447855	-0.052754	0.100000
0.456963	-0.051364	0.100000
0.465470	-0.051170	0.100000
0.472396	-0.051807	0.100000
0.477710	-0.049903	0.100000
0.481000	-0.049972	0.100000
0.481221	-0.050746	0.100000
0.478950	-0.051841	0.100000
0.476541	-0.055038	0.100000
0.477740	-0.060720	0.100000
0.483455	-0.067053	0.100000
0.490313	-0.071886	0.100000
0.497395	-0.074585	0.100000
0.503445	-0.076276	0.100000
0.509283	-0.077898	0.100000
0.516120	-0.079083	0.100000
0.523867	-0.079845	0.100000
0.531241	-0.080809	0.100000
0.537264	-0.082119	0.100000
0.541973	-0.083468	0.100000
0.545838	-0.084811	0.100000
0.549616	-0.086547	0.100000
0.554212	-0.089108	0.100000
0.560945	-0.092040	0.100000
0.568583	-0.095335	0.100000
0.576782	-0.098387	0.100000
0.584857	-0.100647	0.100000
0.589209	-0.102140	0.100000
0.589816	-0.103222	0.100000
0.588883	-0.104003	0.100000
0.586993	-0.104917	0.100000
0.585431	-0.107001	0.100000
0.584958	-0.110782	0.100000
0.586685	-0.115689	0.100000
0.590218	-0.120773	0.100000
0.594972	-0.125231	0.100000
0.601510	-0.128437	0.100000
0.608533	-0.130661	0.100000
0.613883	-0.132729	0.100000
0.616502	-0.135209	0.100000
0.618947	-0.137755	0.100000
0.622925	-0.142438	0.100000
0.627808	-0.147131	0.100000
0.632696	-0.151576	0.100000
0.637256	-0.159998	0.100000
0.641314	-0.168144	0.100000
0.645431	-0.176870	0.100000
0.649355	-0.188181	0.100000
0.652236	-0.199795	0.100000
0.654291	-0.213417	0.100000
0.655141	-0.230507	0.100000
0.655385	-0.249371	0.100000
0.657032	-0.270170	0.100000
0.660313	-0.294450	0.100000
0.660491	-0.318858	0.100000
0.659522	-0.341399	0.100000
0.658297	-0.363531	0.100000
0.657143	-0.386238	0.100000
0.657143	-0.407690	0.100000
0.657143	-0.425842	0.100000
0.657143	-0.441429	0.100000
0.657143	-0.458167	0.100000
0.657143	-0.480106	0.100000
0.657143	-0.505375	0.100000
0.657143	-0.531097	0.100000
0.657143	-0.536364	0.100000
0.657143	-0.536364	0.100000
0.657143	-0.536364	0.100000
0.657143	-0.536364	0.100000
0.657143	-0.536364	0.100000
0.657143	-0.536364	0.100000
0.657143	-0.536364	0.100000
0.657143	-0.536364	0.100000
0.657143	-0.536364	0.100000
0.657143	-0.536364	0.100000
0.657143	-0.536364	0.100000
0.657143	-0.536364	0.100000
0.657143	-0.536364	0.100000
0.657474	-0.536364	0.100000
0.657143	-0.536364	0.100000
0.657143	-0.536364	0.100000
0.658729	-0.536364	0.100000
0.658977	-0.536364	0.100000
0.657143	-0.536364	0.100000
0.657143	-0.536364	0.100000
0.657143	-0.536364	0.100000
0.657143	-0.536364	0.100000
0.657143	-0.536364	0.100000
0.657143	-0.536364	0.100000
0.657143	-0.536364	0.100000
0.657143	-0.536364	0.100000
0.657143	-0.536364	0.100000
0.657143	-0.536364	0.100000
0.657143	-0.536364	0.100000
0.657143	-0.536364	0.100000
0.100000	-0.536364	0.100000
0.000000	-0.536364	0.000000
0.300000	-0.536364	0.300000
0.750000	-0.536364	0.750000
0.254495	-0.536364	0.680997
0.240542	-0.536364	0.675710
0.224071	-0.536364	0.672555
0.215379	-0.536364	0.669755
0.214026	-0.536364	0.667413
0.225431	-0.536364	0.665706
0.248333	-0.536364	0.666618
0.271370	-0.536364	0.665815
0.290594	-0.536364	0.648359
0.306264	-0.536364	0.629390
0.320207	-0.536364	0.607344
0.330198	-0.536364	0.579118
0.336248	-0.536364	0.540440
0.346133	-0.536364	0.483681
0.361894	-0.536364	0.402587
0.375561	-0.536364	0.277097
0.385141	-0.536364	0.081123
0.395748	-0.536364	0.009669
0.408060	-0.536364	-0.050911
0.419359	-0.536364	-0.078294
0.428453	-0.536364	-0.097913
0.437480	-0.536364	-0.112358
0.448153	-0.536364	-0.125693
0.460314	-0.536364	-0.133424
0.474122	-0.536364	-0.136632
0.487660	-0.536364	-0.136115
0.504170	-0.536364	-0.130304
0.519643	-0.536364	-0.125254
0.532852	-0.536364	-0.121521
0.543934	-0.536364	-0.118618
0.550387	-0.536364	-0.117604
0.551582	-0.536364	-0.118342
0.550292	-0.536364	-0.119694
0.548071	-0.536364	-0.120650
0.546821	-0.536364	-0.122927
0.546644	-0.536364	-0.126941
0.546189	-0.536364	-0.132075
0.545163	-0.536364	-0.136582
0.544022	-0.536364	-0.141451
0.542880	-0.536364	-0.146540
0.541714	-0.536364	-0.150244
0.542805	-0.536364	-0.155693
0.546559	-0.536364	-0.159446
0.550885	-0.536364	-0.160996
0.553620	-0.536364	-0.162527
0.554152	-0.536364	-0.166205
0.553630	-0.536364	-0.171822
0.551843	-0.536364	-0.179107
0.549386	-0.536364	-0.191385
0.548006	-0.536364	-0.208263
0.547253	-0.536364	-0.227213
0.545208	-0.536364	-0.244144
0.541286	-0.536364	-0.256865
0.537277	-0.536364	-0.265635
0.535268	-0.536364	-0.271958
0.534809	-0.536364	-0.277047
0.535615	-0.536364	-0.281771
0.537932	-0.536364	-0.287077
0.540112	-0.536364	-0.296950
0.541176	-0.536364	-0.313359
0.540962	-0.536364	-0.333423
0.539567	-0.536364	-0.353709
0.536746	-0.527965	-0.371424
0.532738	-0.509091	-0.385105
0.528899	-0.486932	-0.394627
0.526962	-0.465872	-0.400830
0.527684	-0.446172	-0.405096
0.530507	-0.427568	-0.411709
0.533740	-0.410673	-0.422288
0.536174	-0.396566	-0.436547
0.536642	-0.384766	-0.454725
0.535563	-0.375602	-0.471630
0.531837	-0.367342	-0.483585
0.524668	-0.358178	-0.493061
0.513425	-0.349249	-0.500602
0.500305	-0.342854	-0.508000
0.488278	-0.340017	-0.519655
0.481296	-0.341336	-0.533488
0.478764	-0.344456	-0.536364
0.474912	-0.344216	-0.536364
0.467125	-0.336855	-0.536364
0.455962	-0.324973	-0.536364
0.446993	-0.313803	-0.536364
0.441986	-0.304495	-0.536364
0.439629	-0.295065	-0.536364
0.440584	-0.285250	-0.536364
0.441304	-0.275037	-0.536364
0.440599	-0.262929	-0.536364
0.439375	-0.247710	-0.536364
0.437804	-0.231482	-0.536364
0.436311	-0.216082	-0.536364
0.435567	-0.200621	-0.536364
0.436016	-0.184691	-0.536364
0.437486	-0.171017	-0.536364
0.440427	-0.155932	-0.536364
0.444168	-0.144486	-0.536364
0.447518	-0.140901	-0.536364
0.447374	-0.138362	-0.536364
0.441696	-0.135933	-0.536364
0.435038	-0.133152	-0.536364
0.428824	-0.131301	-0.536364
0.421087	-0.129886	-0.536364
0.412768	-0.128931	-0.536364
0.404436	-0.128710	-0.536364
0.394051	-0.128324	-0.536364
0.380784	-0.126508	-0.536364
0.360451	-0.122589	-0.536364
0.324089	-0.116512	-0.536364
0.259953	-0.108192	-0.536364
0.176720	-0.099908	-0.504806
0.104463	-0.092415	-0.441365
0.089132	-0.085652	-0.377512
0.062044	-0.079476	-0.321087
0.038739	-0.073063	-0.269612
0.014665	-0.064110	-0.224220
-0.005189	-0.055415	-0.182457
-0.018140	-0.053236	-0.149085
-0.026826	-0.053490	-0.133603
-0.034328	-0.051640	-0.125699
-0.041719	-0.046896	-0.125256
-0.048689	-0.036533	-0.130025
-0.054984	-0.017770	-0.134080
-0.060772	0.013046	-0.140945
-0.065907	0.050418	-0.179400
-0.069677	0.080619	-0.250521
-0.072522	0.089315	-0.344597
-0.075985	0.080258	-0.464648
-0.080166	0.073234	-0.527506
-0.084152	0.060958	-0.536364
-0.087881	0.062362	-0.536364
-0.090829	0.075049	-0.536364
-0.092741	0.087551	-0.536364
-0.093860	0.108080	-0.536364
-0.094775	0.122509	-0.536364
-0.095870	0.133815	-0.536364
-0.097309	0.142323	-0.536364
-0.099324	0.147554	-0.536364
-0.101744	0.140912	-0.536364
-0.104412	0.131548	-0.536364
-0.107534	0.125068	-0.536364
-0.110934	0.109514	-0.536364
-0.113819	0.095333	-0.536364
-0.116102	0.078828	-0.536364
-0.118023	0.058756	-0.536364
-0.120176	0.044313	-0.536364
-0.122991	0.037726	-0.536364
-0.126208	0.037934	-0.536364
-0.128991	0.037484	-0.536364
-0.131012	0.036427	-0.536364
-0.132764	0.033081	-0.536364
-0.134756	0.028200	-0.536364
-0.136852	0.021473	-0.536364
-0.139750	0.016716	-0.536364
-0.142978	0.015686	-0.536364
-0.146000	0.014749	-0.518509
-0.149702	0.012497	-0.479217
-0.158969	0.009117	-0.430598
-0.168898	0.005433	-0.379897
-0.178245	0.003075	-0.331809
-0.188751	0.002165	-0.286437
-0.201324	-0.000870	-0.246657
-0.218375	-0.009097	-0.213647
-0.239085	-0.018983	-0.190422
-0.260020	-0.028259	-0.180813
-0.280299	-0.036161	-0.181428
-0.299476	-0.042682	-0.188837
-0.317491	-0.047809	-0.201757
-0.335723	-0.051526	-0.220071
-0.355198	-0.055404	-0.244437
-0.375074	-0.061015	-0.273521
-0.393935	-0.067869	-0.305813
-0.412123	-0.074601	-0.339250
-0.429633	-0.080533	-0.371855
-0.446894	-0.085854	-0.403281
-0.462643	-0.091285	-0.430041
-0.474316	-0.096004	-0.450165
-0.481218	-0.100116	-0.467430
-0.487741	-0.103890	-0.481752
-0.498486	-0.107926	-0.490670
-0.512201	-0.112470	-0.498754
-0.526978	-0.117041	-0.511260
-0.535081	-0.121957	-0.527908
-0.536364	-0.126336	-0.535377
-0.536364	-0.129166	-0.536364
-0.536364	-0.130245	-0.536364
-0.536364	-0.129444	-0.536364
-0.536364	-0.128789	-0.536364
-0.536364	-0.129576	-0.536364
-0.536364	-0.130305	-0.536364
-0.536364	-0.131545	-0.536364
-0.536364	-0.132836	-0.536364
-0.536364	-0.134186	-0.536364
-0.536364	-0.135733	-0.536364
-0.536364	-0.137247	-0.536364
-0.536364	-0.139841	-0.536364
-0.536364	-0.142992	-0.536364
-0.536364	-0.147235	-0.536364
-0.536364	-0.156998	-0.536364
-0.536364	-0.174129	-0.536364
-0.536364	-0.196528	-0.536364
-0.536364	-0.219206	-0.536364
-0.536364	-0.240060	-0.536364
-0.536364	-0.258897	-0.536364
-0.536364	-0.276138	-0.536364
-0.536364	-0.290155	-0.536364
-0.536364	-0.301961	-0.536364
-0.536364	-0.314184	-0.536364
-0.536364	-0.327965	-0.536364
-0.536364	-0.342655	-0.536364
-0.536364	-0.359962	-0.536364
-0.536364	-0.382010	-0.536364
-0.536364	-0.405940	-0.536364
-0.536364	-0.430015	-0.536364
-0.536364	-0.454236	-0.536364
-0.536364	-0.477824	-0.536364
-0.536364	-0.500959	-0.536364
-0.536364	-0.522697	-0.536364
-0.536364	-0.534484	-0.536364
-0.536364	-0.536364	-0.536364
-0.536364	-0.536364	-0.536364
-0.536364	-0.536364	-0.536364
-0.536364	-0.536364	-0.536364
-0.536364	-0.536364	-0.536364
-0.536364	-0.536364	-0.536364
-0.536364	-0.536364	-0.536364
-0.536364	-0.536364	-0.536364
-0.536364	-0.536364	-0.536364
-0.536364	-0.536364	-0.536364
-0.536364	-0.536364	-0.536364
-0.536364	-0.536364	-0.536364
-0.536364	-0.536364	-0.536364
-0.536364	-0.536364	-0.536364
-0.536364	-0.536364	-0.536364
-0.536364	-0.536364	-0.536364
-0.536364	-0.536364	-0.536364
-0.536364	-0.536364	-0.536364
-0.536364	-0.536364	-0.536364
-0.536364	-0.536364	-0.536364
-0.536364	-0.536364	-0.536364
-0.536364	-0.536364	-0.536364
-0.536364	-0.536364	-0.536364
-0.536364	-0.536364	-0.536364
-0.536364	-0.536364	-0.536364
-0.536364	-0.536364	-0.536364
-0.536364	-0.536364	-0.536364
-0.536364	-0.536364	-0.536364
-0.536364	-0.536364	-0.536364
-0.536364	-0.536364	-0.536364
-0.536364	-0.536364	-0.536364
-0.536364	-0.536364	-0.536364
-0.536364	-0.536364	-0.536364
-0.536364	-0.536364	-0.536364
-0.536364	-0.536364	-0.536364
-0.536364	-0.536364	-0.536364
-0.536364	-0.536364	-0.536364
-0.536364	-0.536364	-0.536364
-0.536364	-0.536364	-0.536364
-0.536364	-0.536364	-0.536364
-0.536364	-0.536364	-0.536364
-0.536364	-0.536364	-0.536364
-0.536364	-0.536364	-0.536364
-0.536364	-0.536364	-0.536364
-0.536364	-0.536364	-0.536364
-0.536364	-0.536364	-0.536364
-0.536364	-0.536364	-0.536364
-0.536364	-0.536364	-0.536364
-0.536364	-0.536364	-0.536364
-0.536364	-0.536364	-0.536364
-0.536364	-0.536364	-0.536364
-0.536364	-0.536364	-0.536364
-0.536364	-0.536364	-0.536364
-0.536364	-0.536364	-0.536364
-0.536364	-0.536364	-0.536364
-0.536364	-0.536364	-0.536364
-0.536364	-0.536364	-0.536364
-0.536364	-0.536364	-0.536364
-0.536364	-0.536364	-0.536364
-0.536364	-0.536364	-0.536364
-0.536364	-0.536364	-0.536364
-0.536364	-0.536364	-0.536364
-0.536364	-0.536364	-0.536364
-0.536364	-0.536364	-0.536364
-0.536364	-0.536364	-0.536364
-0.536364	-0.536364	-0.536364
-0.536364	-0.536364	-0.536364
-0.536364	-0.536364	-0.536364
-0.536364	-0.536364	-0.536364
-0.536364	-0.536364	-0.536364
-0.536364	-0.536364	-0.536364
-0.536364	-0.536364	-0.536364
-0.536364	-0.536364	-0.536364
-0.536364	-0.536364	-0.536364
-0.536364	-0.536364	-0.536364
-0.536364	-0.536364	-0.536364
-0.536364	-0.536364	-0.536364
-0.536364	-0.536364	-0.536364
-0.536364	-0.536364	-0.536364
-0.536364	-0.536364	-0.536364
-0.536364	-0.536364	-0.536364
-0.263945	-0.536364	-0.536364
-0.206147	-0.536364	-0.536364
-0.196385	-0.536364	-0.536364
-0.189376	-0.536364	-0.536364
-0.182470	-0.536364	-0.536364
-0.175209	-0.536364	-0.536364
-0.166708	-0.536364	-0.536364
-0.157054	-0.536364	-0.536364
-0.147937	-0.536364	-0.536364
-0.144140	-0.536364	-0.536364
-0.139916	-0.536364	-0.536364
-0.136243	-0.536364	-0.536364
-0.131367	-0.536364	-0.536364
-0.125717	-0.536364	-0.536364
-0.119147	-0.536364	-0.536364
-0.112807	-0.536364	-0.536364
-0.107003	-0.536364	-0.536364
-0.101414	-0.536364	-0.536364
-0.096869	-0.536364	-0.536364
-0.094112	-0.536364	-0.536364
-0.092440	-0.536364	-0.536364
-0.090815	-0.536364	-0.536364
-0.088066	-0.536364	-0.536364
-0.083451	-0.536364	-0.536364
-0.078506	-0.536364	-0.536364
-0.073495	-0.536364	-0.536364
-0.070195	-0.536364	-0.536364
-0.070968	-0.536364	-0.536364
-0.073424	-0.536364	-0.536364
-0.074471	-0.536364	-0.536364
-0.074228	-0.536364	-0.536364
-0.072278	-0.536364	-0.536364
-0.067431	-0.536364	-0.536364
-0.059471	-0.536364	-0.536364
-0.052233	-0.536364	-0.536364
-0.047619	-0.536364	-0.536364
-0.048933	-0.536364	-0.536364
-0.053167	-0.536364	-0.536364
-0.053424	-0.536364	-0.536364
-0.047739	-0.536364	-0.536364
-0.042502	-0.536364	-0.536364
-0.036059	-0.536364	-0.536364
-0.025656	-0.536364	-0.536364
-0.012463	-0.536364	-0.536364
-0.002851	-0.536364	-0.536364
0.005111	-0.536364	-0.536364
0.014945	-0.536364	-0.536364
0.024515	-0.536364	-0.536364
0.028890	-0.536364	-0.536364
0.034245	-0.536364	-0.536364
0.053795	-0.536364	-0.536364
0.082998	-0.536364	-0.536364
0.109902	-0.536364	-0.536364
0.137482	-0.536364	-0.536364
0.171264	-0.536364	-0.536364
0.196438	-0.536364	-0.536364
0.217595	-0.536364	-0.536364
0.240009	-0.536364	-0.536364
0.262194	-0.536364	-0.536364
0.276821	-0.536364	-0.536364
0.284765	-0.536364	-0.536364
0.293643	-0.536364	-0.536364
0.306264	-0.536364	-0.536364
0.322327	-0.536364	-0.536364
0.341326	-0.536364	-0.536364
0.360052	-0.536364	-0.536364
0.371954	-0.536364	-0.536364
0.374043	-0.536364	-0.536364
0.368174	-0.536364	-0.536364
0.360683	-0.536364	-0.536364
0.349280	-0.536364	-0.536364
0.335914	-0.536364	-0.536364
0.329233	-0.536364	-0.536364
0.335631	-0.536364	-0.536364
0.352662	-0.536364	-0.536364
0.369429	-0.536364	-0.536364
0.381233	-0.536364	-0.536364
0.391980	-0.536364	-0.536364
0.403374	-0.536364	-0.536364
0.412448	-0.536364	-0.536364
0.420103	-0.536364	-0.536364
0.428183	-0.536364	-0.536364
0.435780	-0.536364	-0.536364
0.442634	-0.536364	-0.536364
0.446064	-0.536364	-0.536364
0.447573	-0.536364	-0.536364
0.454490	-0.536364	-0.536364
0.464283	-0.536364	-0.536364
0.471479	-0.536364	-0.536364
0.475544	-0.536364	-0.536364
0.477721	-0.536364	-0.536364
0.481496	-0.536364	-0.536364
0.486984	-0.536364	-0.536364
0.492865	-0.536364	-0.536364
0.498525	-0.536364	-0.536364
0.502502	-0.536364	-0.521920
0.504286	-0.526427	-0.489627
0.503769	-0.495339	-0.450567
0.502558	-0.464678	-0.411877
0.502113	-0.441718	-0.378478
0.505000	-0.422741	-0.351406
0.509001	-0.404970	-0.326852
0.509265	-0.386227	-0.303128
0.506822	-0.366226	-0.276993
0.501582	-0.345232	-0.247037
0.496115	-0.326273	-0.211980
0.493780	-0.309956	-0.175328
0.496881	-0.293056	-0.141384
0.503583	-0.277126	-0.124889
0.511323	-0.266080	-0.104502
0.519173	-0.258366	-0.083591
0.525923	-0.248985	-0.056712
0.531459	-0.236075	-0.018928
0.536138	-0.221852	0.054337
0.541844	-0.210747	0.232144
0.547464	-0.203298	0.397069
0.551296	-0.193674	0.486738
0.553357	-0.181916	0.556275
0.553781	-0.172311	0.603193
0.554175	-0.162622	0.634396
0.553581	-0.154492	0.655953
0.550832	-0.148963	0.659866
0.546330	-0.147779	0.659160
0.541357	-0.148569	0.662306
0.535463	-0.149045	0.661665
0.529606	-0.150947	0.645764
0.524727	-0.156124	0.623061
0.519618	-0.159041	0.589261
0.513459	-0.160638	0.539337
0.508894	-0.162009	0.471723
0.507128	-0.163154	0.399022
0.507999	-0.163073	0.324289
0.511849	-0.160091	0.255579
0.517119	-0.156230	0.225662
0.522256	-0.152835	0.250906
0.524859	-0.150445	0.314654
0.524890	-0.148590	0.388745
0.524189	-0.146423	0.452204
0.522673	-0.144954	0.501474
0.520206	-0.143461	0.546407
0.516158	-0.140308	0.579368
0.510730	-0.135778	0.604057
0.505322	-0.131710	0.624009
0.501746	-0.130546	0.641998
0.500673	-0.130794	0.659505
0.500486	-0.131763	0.658003
0.501272	-0.132007	0.657143
0.501474	-0.132282	0.657143
0.499670	-0.132247	0.657143
0.496532	-0.129976	0.657143
0.493489	-0.127774	0.657143
0.489847	-0.123995	0.657143
0.485018	-0.120460	0.657143
0.478782	-0.118867	0.657143
0.474307	-0.117492	0.100000
0.472465	-0.116159	0.100000
0.471131	-0.114725	0.100000
0.470689	-0.113154	0.100000
0.471010	-0.112222	0.100000
0.470659	-0.112636	0.100000
0.466786	-0.112575	0.100000
0.459838	-0.111226	0.100000
0.450721	-0.109697	0.100000
0.439424	-0.109765	0.100000
0.428201	-0.110382	0.100000
0.421577	-0.110749	0.100000
0.420385	-0.112150	0.100000
0.422646	-0.114709	0.100000
0.425148	-0.117700	0.100000
0.423723	-0.120618	0.100000
0.416320	-0.123635	0.100000
0.405531	-0.126566	0.100000
0.395353	-0.128602	0.100000
0.387871	-0.128704	0.100000
0.381826	-0.126726	0.100000
0.377022	-0.127296	0.100000
0.374153	-0.128033	0.100000
0.375244	-0.128701	0.100000
0.383134	-0.129402	0.100000
0.392774	-0.130408	0.100000
0.401073	-0.131797	0.100000
0.408453	-0.133154	0.100000
0.415124	-0.134241	0.100000
0.418678	-0.135334	0.100000
0.417619	-0.136522	0.100000
0.415554	-0.137849	0.100000
0.415455	-0.140074	0.100000
0.415711	-0.142836	0.100000
0.415065	-0.145989	0.100000
0.415913	-0.149145	0.100000
0.416983	-0.152804	0.100000
0.417973	-0.158121	0.100000
0.417342	-0.164815	0.100000
0.415094	-0.174788	0.100000
0.414392	-0.189178	0.100000
0.415271	-0.202702	0.100000
0.412295	-0.214037	0.100000
0.407809	-0.224827	0.100000
0.407150	-0.235934	0.100000
0.409464	-0.245482	0.100000
0.413705	-0.251811	0.100000
0.419595	-0.254291	0.100000
0.425091	-0.253760	0.100000
0.430359	-0.254477	0.100000
0.431613	-0.258807	0.100000
0.428050	-0.268162	0.100000
0.422739	-0.283007	0.100000
0.417019	-0.300578	0.100000
0.411377	-0.318140	0.100000
0.408133	-0.334211	0.100000
0.409141	-0.347497	0.100000
0.412617	-0.358833	0.100000
0.415712	-0.368597	0.100000
0.416370	-0.376707	0.100000
0.413375	-0.384649	0.100000
0.406889	-0.394406	0.100000
0.400628	-0.406456	0.100000
0.399223	-0.419794	0.100000
0.403429	-0.432852	0.100000
0.404725	-0.446015	0.100000
0.398544	-0.462669	0.100000
0.389344	-0.482058	0.100000
0.384446	-0.499932	0.100000
0.383525	-0.511515	0.100000
0.385539	-0.516171	0.100000
0.389700	-0.518028	0.100000
0.395035	-0.520109	0.100000
0.398816	-0.528984	0.100000
0.397612	-0.535308	0.100000
0.391400	-0.536364	0.100000
0.382146	-0.536364	0.100000
0.373716	-0.536364	0.100000
0.371643	-0.536364	0.100000
0.375377	-0.536364	0.100000
0.378720	-0.536364	0.100000
0.378243	-0.536364	0.100000
0.377153	-0.536364	0.100000
0.379905	-0.536364	0.100000
0.386261	-0.536364	0.100000
0.392331	-0.536364	0.100000
0.397408	-0.536364	0.100000
0.402715	-0.536364	0.100000
0.411073	-0.536364	0.100000
0.424876	-0.536364	0.100000
0.440215	-0.536364	0.100000
0.450444	-0.536364	0.100000
0.453999	-0.536364	0.100000
0.452923	-0.536364	0.100000
0.451425	-0.536364	0.100000
0.452444	-0.536364	0.100000
0.457144	-0.536364	0.100000
0.464942	-0.536364	0.100000
0.474166	-0.536364	0.100000
0.483891	-0.536364	0.100000
0.493454	-0.536364	0.100000
0.501054	-0.536364	0.100000
0.503966	-0.536364	0.100000
0.503692	-0.536364	0.100000
0.501928	-0.536364	0.100000
0.500743	-0.536364	0.100000
0.504642	-0.536364	0.100000
0.512260	-0.536364	0.100000
0.519688	-0.536364	0.100000
0.526211	-0.536364	0.100000
0.534028	-0.536364	0.100000
0.542955	-0.536364	0.100000
0.550547	-0.536364	0.100000
0.556718	-0.536364	0.100000
0.563451	-0.536364	0.100000
0.570393	-0.536364	0.100000
0.576375	-0.536364	0.100000
0.581526	-0.536364	0.100000
0.587873	-0.536364	0.100000
0.595919	-0.536364	0.100000
0.604125	-0.536364	0.100000
0.609769	-0.536364	0.100000
0.613159	-0.536364	0.100000
0.616648	-0.536364	0.100000
0.620741	-0.536364	0.100000
0.624821	-0.536364	0.100000
0.628557	-0.536364	0.100000
0.632017	-0.536364	0.100000
0.634920	-0.536364	0.100000
0.636135	-0.536364	0.100000
0.636971	-0.536364	0.100000
0.638154	-0.536364	0.100000
0.640501	-0.536364	0.100000
0.643274	-0.536364	0.100000
0.645973	-0.536364	0.100000
0.649478	-0.536364	0.100000
0.654657	-0.536364	0.100000
0.660995	-0.536364	0.100000
0.659468	-0.536364	0.100000
0.657564	-0.536364	0.100000
0.657143	-0.536364	0.100000
0.657143	-0.536364	0.100000
0.657143	-0.536364	0.100000
0.657143	-0.536364	0.100000
-0.152118	-0.536364	0.000000
0.600000	-0.536364	0.300000
0.359385	-0.536364	0.100000
0.214696	-0.536364	0.100000
0.212125	-0.536364	0.750000
0.212774	-0.536364	0.712162
0.224600	-0.536364	0.692613
0.245097	-0.536364	0.682521
0.264683	-0.536364	0.676520
0.283556	-0.536364	0.672889
0.302294	-0.536364	0.670129
0.316294	-0.536364	0.667491
0.328002	-0.536364	0.667712
0.341577	-0.536364	0.665918
0.353918	-0.536364	0.646021
0.368009	-0.536364	0.626262
0.386173	-0.536364	0.605083
0.400300	-0.536364	0.583257
0.408979	-0.536364	0.561488
0.414764	-0.536364	0.538400
0.419130	-0.536364	0.512935
0.423155	-0.536364	0.484682
0.426089	-0.536364	0.455769
0.425612	-0.536364	0.424181
0.423708	-0.536364	0.378198
0.421104	-0.536364	0.305718
0.419378	-0.536364	0.186312
0.420291	-0.536364	0.073343
0.421689	-0.536364	0.006054
0.424181	-0.536364	-0.043975
0.430752	-0.536364	-0.071237
0.439303	-0.536364	-0.090405
0.444480	-0.536364	-0.104142
0.444135	-0.536364	-0.115357
0.440790	-0.536364	-0.124954
0.436961	-0.536364	-0.131150
0.432393	-0.536364	-0.134787
0.431143	-0.536364	-0.136722
0.432153	-0.536364	-0.138191
0.431448	-0.536364	-0.139330
0.428231	-0.536364	-0.140221
0.422711	-0.536364	-0.140752
0.415307	-0.536364	-0.141289
0.408531	-0.536364	-0.142853
0.404552	-0.536364	-0.145277
0.403175	-0.536364	-0.148037
0.400843	-0.536364	-0.151363
0.399100	-0.536364	-0.158748
0.401032	-0.536364	-0.165487
0.406907	-0.536364	-0.172076
0.416679	-0.536364	-0.179673
0.425569	-0.536364	-0.190165
0.432267	-0.536364	-0.201103
0.435788	-0.536364	-0.211633
0.436823	-0.536364	-0.222197
0.438786	-0.536364	-0.232530
0.440878	-0.536364	-0.243121
0.440237	-0.536364	-0.254643
0.434619	-0.536364	-0.265654
0.429652	-0.536364	-0.275601
0.424032	-0.536364	-0.286435
0.416174	-0.536364	-0.299802
0.410568	-0.536364	-0.316707
0.407963	-0.536364	-0.338116
0.407177	-0.536364	-0.362016
0.406056	-0.536364	-0.386669
0.402358	-0.536364	-0.411276
0.396196	-0.536364	-0.435342
0.391798	-0.536364	-0.459451
0.389953	-0.536364	-0.484745
0.389305	-0.536364	-0.512161
0.391530	-0.536364	-0.532608
0.391640	-0.536364	-0.536364
0.384822	-0.536364	-0.536364
0.375635	-0.536364	-0.536364
0.363404	-0.536364	-0.536364
0.349641	-0.536364	-0.536364
0.338306	-0.536364	-0.536364
0.331742	-0.526749	-0.536364
0.329524	-0.513798	-0.536364
0.326609	-0.500977	-0.536364
0.324113	-0.486982	-0.536364
0.320475	-0.472018	-0.536364
0.311124	-0.458890	-0.536364
0.296559	-0.450226	-0.536364
0.281328	-0.444535	-0.536364
0.270703	-0.440148	-0.536364
0.263323	-0.437526	-0.536364
0.245211	-0.435581	-0.536364
0.219373	-0.432038	-0.536364
0.201793	-0.425693	-0.536364
0.195732	-0.415112	-0.536364
0.198925	-0.399498	-0.536364
0.201482	-0.380325	-0.536364
0.198003	-0.361064	-0.536364
0.180532	-0.344930	-0.536364
0.139583	-0.331411	-0.536364
0.095552	-0.317375	-0.536364
0.075012	-0.300653	-0.536364
0.046547	-0.281715	-0.536364
0.027046	-0.265057	-0.536364
0.010862	-0.251347	-0.536364
-0.003309	-0.239073	-0.536364
-0.013784	-0.229248	-0.536364
-0.021708	-0.222637	-0.536364
-0.027987	-0.215254	-0.536364
-0.029822	-0.202832	-0.536364
-0.025984	-0.187910	-0.536364
-0.028117	-0.175174	-0.536364
-0.028800	-0.164142	-0.536364
-0.031020	-0.155526	-0.536364
-0.033333	-0.149055	-0.489814
-0.027200	-0.145582	-0.419906
-0.015410	-0.140712	-0.353783
-0.008397	-0.135226	-0.294480
-0.007966	-0.129466	-0.245284
-0.011572	-0.125916	-0.203229
-0.012956	-0.122436	-0.168402
-0.017781	-0.120014	-0.143793
-0.024626	-0.117875	-0.142057
-0.031774	-0.114847	-0.144499
-0.038410	-0.111392	-0.147800
-0.044884	-0.109160	-0.170494
-0.051427	-0.110375	-0.218358
-0.057625	-0.111830	-0.289471
-0.063620	-0.113422	-0.393191
-0.069622	-0.115785	-0.511077
-0.075566	-0.118158	-0.536364
-0.080985	-0.120328	-0.536364
-0.085424	-0.122342	-0.536364
-0.089154	-0.123835	-0.536364
-0.090595	-0.124554	-0.536364
-0.089179	-0.123888	-0.536364
-0.089688	-0.123253	-0.536364
-0.090671	-0.123872	-0.536364
-0.092691	-0.124361	-0.536364
-0.095699	-0.125666	-0.536364
-0.099071	-0.127067	-0.536364
-0.102112	-0.127503	-0.536364
-0.105027	-0.126311	-0.536364
-0.108866	-0.125632	-0.536364
-0.113515	-0.124193	-0.536364
-0.117521	-0.122124	-0.536364
-0.120272	-0.120139	-0.536364
-0.122543	-0.120287	-0.536364
-0.124740	-0.120564	-0.536364
-0.126657	-0.118270	-0.536364
-0.128813	-0.115273	-0.536364
-0.131664	-0.112995	-0.536364
-0.134819	-0.112472	-0.536364
-0.137374	-0.114154	-0.536364
-0.140883	-0.114791	-0.536364
-0.144046	-0.115693	-0.511573
-0.147001	-0.116306	-0.465430
-0.151661	-0.116907	-0.409587
-0.167090	-0.117604	-0.347904
-0.189005	-0.118107	-0.285548
-0.212819	-0.117853	-0.230622
-0.235496	-0.117053	-0.185053
-0.255798	-0.116569	-0.157141
-0.274648	-0.116772	-0.143325
-0.293018	-0.117522	-0.141645
-0.310618	-0.119192	-0.143289
-0.327289	-0.121363	-0.144576
-0.343498	-0.123269	-0.149615
-0.359424	-0.124855	-0.172961
-0.375384	-0.126812	-0.206080
-0.393091	-0.129350	-0.240131
-0.413963	-0.131697	-0.276161
-0.437630	-0.133384	-0.315511
-0.461269	-0.134610	-0.353283
-0.479524	-0.135646	-0.384365
-0.492332	-0.136773	-0.408997
-0.507051	-0.138777	-0.427524
-0.528772	-0.142172	-0.441608
-0.535803	-0.145797	-0.453084
-0.536364	-0.149215	-0.457719
-0.536364	-0.156005	-0.454515
-0.536364	-0.165533	-0.447412
-0.536364	-0.174131	-0.439329
-0.536364	-0.183568	-0.434436
-0.536364	-0.194561	-0.435263
-0.536364	-0.204424	-0.438935
-0.536364	-0.213525	-0.441210
-0.536364	-0.222834	-0.441019
-0.536364	-0.232855	-0.439934
-0.536364	-0.243838	-0.441415
-0.536364	-0.255712	-0.449205
-0.536364	-0.270388	-0.462702
-0.536364	-0.287989	-0.475901
-0.536364	-0.304773	-0.482556
-0.536364	-0.320192	-0.486465
-0.536364	-0.337317	-0.493134
-0.536364	-0.356543	-0.501754
-0.536364	-0.375591	-0.512372
-0.536364	-0.394940	-0.527788
-0.536364	-0.417852	-0.535316
-0.536364	-0.447324	-0.536364
-0.536364	-0.485022	-0.536364
-0.536364	-0.527331	-0.536364
-0.536364	-0.536337	-0.536364
-0.536364	-0.536364	-0.536364
-0.536364	-0.536364	-0.536364
-0.536364	-0.536364	-0.536364
-0.536364	-0.536364	-0.536364
-0.536364	-0.536364	-0.536364
-0.536364	-0.536364	-0.536364
-0.536364	-0.536364	-0.536364
-0.536364	-0.536364	-0.536364
-0.536364	-0.536364	-0.536364
-0.536364	-0.536364	-0.536364
-0.536364	-0.536364	-0.536364
-0.536364	-0.536364	-0.536364
-0.536364	-0.536364	-0.536364
-0.536364	-0.536364	-0.536364
-0.536364	-0.536364	-0.536364
-0.536364	-0.536364	-0.536364
-0.536364	-0.536364	-0.536364
-0.536364	-0.536364	-0.536364
-0.536364	-0.536364	-0.536364
-0.536364	-0.536364	-0.536364
-0.536364	-0.536364	-0.536364
-0.536364	-0.536364	-0.536364
-0.536364	-0.536364	-0.536364
-0.536364	-0.536364	-0.536364
-0.536364	-0.536364	-0.536364
-0.536364	-0.536364	-0.536364
-0.536364	-0.536364	-0.536364
-0.536364	-0.536364	-0.536364
-0.536364	-0.536364	-0.536364
-0.536364	-0.536364	-0.536364
-0.536364	-0.536364	-0.536364
-0.536364	-0.536364	-0.536364
-0.536364	-0.536364	-0.536364
-0.536364	-0.536364	-0.536364
-0.536364	-0.536364	-0.536364
-0.536364	-0.536364	-0.536364
-0.536364	-0.536364	-0.536364
-0.536364	-0.536364	-0.536364
-0.536364	-0.536364	-0.536364
-0.536364	-0.536364	-0.536364
-0.536364	-0.536364	-0.536364
-0.536364	-0.536364	-0.536364
-0.536364	-0.536364	-0.536364
-0.536364	-0.536364	-0.536364
-0.536364	-0.536364	-0.536364
-0.536364	-0.536364	-0.536364
-0.536364	-0.536364	-0.536364
-0.536364	-0.536364	-0.536364
-0.536364	-0.536364	-0.536364
-0.536364	-0.536364	-0.536364
-0.536364	-0.536364	-0.536364
-0.536364	-0.536364	-0.536364
-0.536364	-0.536364	-0.536364
-0.536364	-0.536364	-0.536364
-0.536364	-0.536364	-0.536364
-0.536364	-0.536364	-0.536364
-0.536364	-0.536364	-0.536364
-0.536364	-0.536364	-0.536364
-0.536364	-0.536364	-0.536364
-0.536364	-0.536364	-0.536364
-0.536364	-0.536364	-0.536364
-0.536364	-0.536364	-0.536364
-0.536364	-0.536364	-0.536364
-0.536364	-0.536364	-0.536364
-0.536364	-0.536364	-0.536364
-0.536364	-0.536364	-0.536364
-0.536364	-0.536364	-0.536364
-0.536364	-0.536364	-0.536364
-0.536364	-0.536364	-0.536364
-0.536364	-0.536364	-0.536364
-0.536364	-0.536364	-0.536364
-0.536364	-0.536364	-0.536364
-0.536364	-0.536364	-0.536364
-0.536364	-0.536364	-0.536364
-0.536364	-0.536364	-0.536364
-0.536364	-0.536364	-0.536364
-0.536364	-0.536364	-0.536364
-0.536364	-0.536364	-0.536364
-0.536364	-0.536364	-0.536364
-0.536364	-0.536364	-0.536364
-0.536364	-0.536364	-0.536364
-0.536364	-0.536364	-0.536364
-0.536364	-0.536364	-0.536364
-0.536364	-0.536364	-0.536364
-0.536364	-0.536364	-0.536364
-0.536364	-0.536364	-0.536364
-0.536364	-0.536364	-0.536364
-0.536364	-0.536364	-0.536364
-0.536364	-0.536364	-0.536364
-0.536364	-0.536364	-0.536364
-0.536364	-0.536364	-0.536364
-0.536364	-0.536364	-0.536364
-0.536364	-0.536364	-0.536364
-0.536364	-0.536364	-0.536364
-0.536364	-0.536364	-0.536364
-0.536364	-0.536364	-0.536364
-0.536364	-0.536364	-0.536364
-0.536364	-0.536364	-0.536364
-0.536364	-0.536364	-0.536364
-0.536364	-0.536364	-0.536364
-0.536364	-0.536364	-0.536364
-0.183760	-0.536364	-0.536364
-0.146318	-0.536364	-0.536364
-0.146163	-0.536364	-0.536364
-0.145816	-0.536364	-0.536364
-0.143919	-0.536364	-0.536364
-0.140541	-0.536364	-0.536364
-0.136680	-0.536364	-0.536364
-0.132853	-0.536364	-0.536364
-0.129378	-0.536364	-0.536364
-0.126650	-0.536364	-0.536364
-0.125434	-0.536364	-0.536364
-0.125144	-0.536364	-0.536364
-0.124258	-0.536364	-0.536364
-0.121687	-0.536364	-0.536364
-0.119926	-0.536364	-0.536364
-0.118268	-0.536364	-0.536364
-0.115345	-0.536364	-0.536364
-0.112802	-0.536364	-0.536364
-0.110112	-0.536364	-0.536364
-0.106550	-0.536364	-0.536364
-0.102591	-0.536364	-0.536364
-0.098967	-0.536364	-0.536364
-0.095795	-0.536364	-0.536364
-0.094522	-0.536364	-0.536364
-0.093768	-0.536364	-0.536364
-0.092506	-0.536364	-0.536364
-0.090375	-0.536364	-0.536364
-0.085913	-0.536364	-0.536364
-0.081713	-0.536364	-0.536364
-0.079890	-0.536364	-0.536364
-0.076999	-0.536364	-0.536364
-0.071996	-0.536364	-0.536364
-0.071542	-0.536364	-0.536364
-0.072605	-0.536364	-0.536364
-0.071318	-0.536364	-0.536364
-0.068518	-0.536364	-0.536364
-0.063283	-0.536364	-0.536364
-0.056283	-0.536364	-0.536364
-0.052189	-0.536364	-0.536364
-0.046370	-0.536364	-0.536364
-0.036352	-0.536364	-0.536364
-0.022537	-0.536364	-0.536364
-0.007186	-0.536364	-0.536364
0.005767	-0.536364	-0.536364
0.016580	-0.536364	-0.536364
0.035879	-0.536364	-0.536364
0.059397	-0.536364	-0.536364
0.079588	-0.536364	-0.536364
0.102007	-0.536364	-0.536364
0.128450	-0.536364	-0.536364
0.165163	-0.536364	-0.536364
0.214212	-0.536364	-0.536364
