0.170931
0.676642
0.427377
1.412029
0.636558
2.152078
0.883288
2.856339
1.312094
3.519212
1.874659
4.117815
2.543668
4.696198
3.213886
5.269319
3.875722
5.843444
4.494095
6.419140
5.080713
6.981568
5.667902
7.531337
6.254248
8.059689
6.859278
8.575669
7.412243
9.089502
7.928722
9.586550
8.433923
10.069426
8.918337
10.526935
9.427008
10.964444
9.893731
11.392373
10.322252
11.797790
10.756593
12.172476
11.204607
12.527169
11.608004
12.866916
11.975435
13.181534
12.341574
13.469326
12.686527
13.740409
12.982670
13.990929
13.231402
14.223630
13.448842
14.429112
13.648462
14.608747
13.828175
14.761324
13.996331
14.882534
14.154628
14.975785
14.305447
15.038302
14.435977
15.077413
14.532619
15.089937
14.603197
15.074885
14.667258
15.029313
14.707595
14.958568
14.729610
14.858953
14.734581
14.738471
14.670665
14.598660
14.597777
14.405798
14.523810
14.167543
14.438084
13.918633
14.289825
13.630471
14.181623
13.272388
14.128729
12.808120
14.070477
12.990381
12.830464
12.664918
12.493818
12.317238
12.135255
11.947948
11.755402
11.557698
11.354926
11.147172
10.934529
10.717091
10.494950
10.268207
10.036959
9.801309
9.561359
9.317217
9.068987
8.816779
8.560703
8.300873
8.037402
7.770405
7.500000
7.226305
6.949440
6.669528
6.386689
6.101049
5.812734
5.521868
5.228580
4.933000
4.635255
4.335477
4.033797
3.730348
3.425263
3.118675
2.810720
2.501531
2.191245
1.879998
1.567927
1.255168
0.941858
0.628135
0.314136
-0.000000
-0.314136
-0.628135
-0.941858
-1.255168
-1.567927
-1.879998
-2.191245
-2.501531
-2.810720
-3.118675
-3.425263
-3.730348
-4.033797
-4.335477
-4.635255
-4.933000
-5.228580
-5.521868
-5.812734
-6.101049
-6.386689
-6.669528
-6.949440
-7.226305
-7.500000
-7.770405
-8.037402
-8.300873
-8.560703
-8.816779
-9.068987
-9.317217
-9.561359
-9.801309
-10.036959
-10.268207
-10.494950
-10.717091
-10.934529
-11.147172
-11.354926
-11.557698
-11.644887
-11.999184
-11.951096
-12.458280
-12.183306
-12.897622
-12.398232
-13.114839
-12.836577
-13.518756
-13.017866
-13.690419
-13.440881
-13.980433
-13.667269
-14.126509
-14.007851
-14.331792
-14.237861
-14.468718
-14.491151
-14.605305
-14.699737
-14.723219
-14.873000
-14.818005
-15.007928
-14.884784
-15.142566
-14.919244
-15.270235
-14.923993
-15.379149
-14.903158
-15.439668
-14.862427
-15.462961
-14.793909
-15.464080
-14.698581
-15.446691
-14.575608
-15.402203
-14.427217
-15.323152
-14.258635
-15.193568
-14.067731
-15.051023
-13.840097
-14.943880
-13.571848
-14.863532
-13.271229
-14.772285
-12.948286
-14.584208
-12.619019
-14.323700
-12.278744
-14.024497
-11.912358
-13.724964
-11.507006
-13.446070
-11.063329
-13.161824
-10.572999
-12.889211
-10.020370
-12.627316
-9.401188
-12.337414
-8.789684
-11.977159
-8.194349
-11.666152
-7.637724
-11.325077
-7.027667
-11.002378
-6.419341
-10.618171
-5.816568
-10.166622
-5.234634
-9.639078
-4.652644
-9.087778
-4.066064
-8.518892
-3.472266
-7.924649
-2.880744
-7.313389
-2.272912
-6.718379
-1.653164
-6.130750
-1.025488
-5.526629
-0.398496
-4.903038
0.218975
-4.260791
0.843782
-3.629478
1.466650
-2.990452
1.948745
-2.033123
2.572041
-1.390848
3.185382
-0.730272
3.781572
-0.033996
4.360665
0.669797
4.934123
1.354194
5.506611
2.042954
6.059928
2.727279
6.619538
3.360587
7.164395
3.981452
7.610862
4.653108
8.097378
5.268047
8.549672
5.897922
9.012089
6.492744
9.487388
7.047343
9.946754
7.597268
10.388855
8.138369
10.805424
8.683584
11.210961
9.193973
11.614843
9.666989
12.000590
10.129992
12.354465
10.612487
12.673279
11.115486
12.971384
11.618858
13.257644
12.080412
13.522395
12.507898
13.773000
12.874114
14.013794
13.158034
14.234808
13.420676
14.429950
13.654280
14.608546
13.823981
14.761484
14.005448
14.874239
14.206430
14.961609
14.362122
15.026322
14.489868
15.064323
14.587013
15.076046
14.662589
15.067401
14.669836
15.032420
14.695781
14.960529
14.718432
14.863879
14.692942
14.750655
14.600130
14.614593
14.494934
14.449579
14.374553
14.256300
14.233851
14.025116
14.084723
13.749516
13.952132
13.423100
13.822703
13.057337
13.704246
12.627854
13.578301
12.223973
13.361096
11.748959
12.135255
11.947948
11.755402
11.557698
11.354926
11.147172
10.934529
10.717091
10.494950
10.268207
10.036959
9.801309
9.561359
9.317217
9.068987
8.816779
8.560703
8.300873
8.037402
7.770405
7.500000
7.226305
6.949440
6.669528
6.386689
6.101049
5.812734
5.521868
5.228580
4.933000
4.635255
4.335477
4.033797
3.730348
3.425263
3.118675
2.810720
2.501531
2.191245
1.879998
1.567927
1.255168
0.941858
0.628135
0.314136
-0.000000
-0.314136
-0.628135
-0.941858
-1.255168
-1.567927
-1.879998
-2.191245
-2.501531
-2.810720
-3.118675
-3.425263
-3.730348
-4.033797
-4.335477
-4.635255
-4.933000
-5.228580
-5.521868
-5.812734
-6.101049
-6.386689
-6.669528
-6.949440
-7.226305
-7.500000
-7.770405
-8.037402
-8.300873
-8.560703
-8.816779
-9.068987
-9.317217
-9.561359
-9.801309
-10.036959
-10.268207
-10.494950
-10.717091
-10.934529
-11.147172
-11.354926
-11.557698
-11.755402
-11.947948
-12.135255
-12.317238
-12.493818
-12.664918
-12.830464
-12.990381
-13.144600
-13.293054
-13.435677
-13.572406
-13.703182
-13.827948
-13.946648
-14.059230
-14.165646
-14.265848
-14.359793
-14.447438
-14.528749
-14.603683
-14.672213
-14.734309
-14.789942
-14.839085
-14.881721
-14.917829
-14.947392
-14.970400
-14.986842
-14.996710
-15.000000
-14.996710
-14.986842
-14.970400
-14.947392
-14.917829
-14.881721
-14.839085
-14.789942
-14.734309
-14.672213
-14.603683
-14.528749
-14.328362
-14.432198
-14.027821
-14.402877
-13.577707
-14.375607
-13.104713
-13.854766
-13.190933
-13.827077
-12.621077
-13.384392
-12.527555
-13.140220
-12.155410
-12.600995
-12.089190
-12.263311
-11.744845
-11.788451
-11.483693
-11.371427
-11.144138
-10.926439
-10.803137
-10.470017
-10.427898
-9.991919
-10.067910
-9.489079
-9.713911
-8.964680
-9.340261
-8.432672
-8.892450
-7.900168
-8.382609
-7.359397
-7.852262
-6.804957
-7.315500
-6.237389
-6.760602
-5.662658
-6.175743
-5.082942
-5.561411
-4.495572
-4.947753
-3.892670
-4.375082
-3.272327
-3.798920
-2.654860
-3.182984
-2.036139
-2.561322
-1.411133
-1.946458
-0.784582
-1.303886
-0.164783
-0.640162
0.454363
-0.404632
1.194540
0.177494
1.829059
0.774539
2.450893
1.431954
3.050753
2.139524
3.645864
2.792016
4.257249
3.365244
4.868447
3.931781
5.464814
4.514384
6.055923
5.040284
6.646556
5.545908
7.225939
6.032757
7.795998
6.513745
8.343750
7.035886
8.862741
7.564908
9.370805
8.063959
9.862130
8.563478
10.328223
9.080807
10.763889
9.628743
11.180904
10.133128
11.581719
10.628004
11.961414
11.078286
12.335549
11.454215
12.691991
11.846153
12.996461
12.348307
13.263554
12.825029
13.526406
13.200641
13.776330
13.508231
14.012534
13.771155
14.223610
14.011651
14.409045
14.242699
14.562428
14.480598
14.690401
14.657660
14.802977
14.788692
14.887014
14.913794
14.943940
15.000157
14.979037
15.027019
14.991130
15.033063
14.977857
14.998219
14.942616
14.919491
14.885409
14.802970
14.798878
14.690843
14.678750
14.591290
14.524661
14.504937
14.331718
14.366657
14.125523
14.164229
13.916229
13.907886
13.677297
13.673495
13.387520
13.467608
13.045369
13.267366
12.684343
12.998862
12.326620
12.716651
11.895855
12.487140
11.440162
12.202330
10.976059
11.897822
10.487395
11.580273
9.970531
10.268207
10.036959
9.801309
9.561359
9.317217
9.068987
8.816779
8.560703
8.300873
8.037402
7.770405
7.500000
7.226305
6.949440
6.669528
6.386689
6.101049
5.812734
5.521868
5.228580
4.933000
4.635255
4.335477
4.033797
3.730348
3.425263
3.118675
2.810720
2.501531
2.191245
1.879998
1.567927
1.255168
0.941858
0.628135
0.431607
-0.070205
-0.069214
-0.896050
-0.376265
-1.808485
-0.702285
-2.023032
-1.829628
-2.886711
-2.141113
-3.438987
-2.842278
-4.034201
-3.484620
-4.584287
-4.152511
-5.190786
-4.756394
-5.710930
-5.433801
-6.299911
-6.042569
-6.762629
-6.772797
-7.283224
-7.430698
-7.772666
-8.066648
-8.287258
-8.667450
-8.786184
-9.250754
-9.270951
-9.817101
-9.738592
-10.349239
-10.194303
-10.858955
-10.629194
-11.370744
-11.040989
-11.863482
-11.436617
-12.316929
-11.818293
-12.715464
-12.184344
-13.104606
-12.518041
-13.514008
-12.824609
-13.898233
-13.114706
-14.226802
-13.385453
-14.540380
-13.622944
-14.877089
-13.830396
-15.163999
-14.027802
-15.376764
-14.205215
-15.567410
-14.355328
-15.726480
-14.483410
-15.870049
-14.574051
-16.041557
-14.628116
-16.195673
-14.661934
-16.285662
-14.675426
-16.352144
-14.658323
-16.392557
-14.616712
-16.383299
-14.555405
-16.348661
-14.461656
-16.311253
-14.321267
-16.301313
-14.137486
-16.265045
-13.939252
-16.177862
-13.713006
-16.055008
-13.462827
-15.913326
-13.153038
-15.790682
-12.779757
-15.655596
-12.372194
-15.486942
-11.861422
-15.401333
-11.545738
-15.069304
-11.149113
-14.809876
-10.742195
-14.532539
-10.292339
-14.293854
-9.804168
-14.060122
-9.281536
-13.842958
-8.738813
-13.572461
-8.201637
-13.230547
-7.660927
-12.869717
-7.099381
-12.507733
-6.514237
-12.145043
-5.914469
-11.753354
-5.313665
-11.302866
-4.725523
-10.789753
-4.138809
-10.257427
-3.541533
-9.707676
-2.937778
-9.144702
-2.336519
-8.522074
-1.747069
-7.891397
-1.138375
-7.269256
-0.522838
-6.657248
0.103551
-6.041325
0.729543
-5.412146
1.351584
-4.761173
1.962968
-4.074284
2.079262
-2.284078
2.678458
-1.637095
3.304206
-1.032016
3.937587
-0.434714
4.560085
0.174002
5.174593
0.775885
5.780478
1.384339
6.371523
1.986668
6.961787
2.564151
7.545495
3.116971
8.127494
3.649852
8.689560
4.215455
9.222304
4.773611
9.744905
5.315024
10.246519
5.890805
10.700871
6.502175
11.134827
7.079514
11.558982
7.630224
11.968292
8.166983
12.347376
8.714858
12.698317
9.254805
13.025146
9.726254
13.196535
10.264729
13.476142
10.651416
13.758483
11.000795
14.044185
11.308226
14.299425
11.607078
14.509043
11.921914
14.660309
12.261758
14.793249
12.574848
14.913782
12.866820
15.018227
13.122595
15.111172
13.320109
15.204653
13.413815
15.288565
13.476513
15.332305
13.564505
15.327798
13.677977
15.303818
13.746598
15.256400
13.785219
15.180565
13.815920
15.079239
13.788671
14.963707
13.720914
14.813628
13.666828
14.632896
13.598150
14.426973
13.490769
14.206106
13.312589
13.967938
13.093737
13.706491
12.859743
13.414772
12.637174
13.090487
12.422029
12.741201
12.193950
12.369211
11.923673
11.986358
11.591527
11.583949
11.274783
11.151731
10.950577
10.706874
10.573177
10.222278
10.236498
9.656517
9.961301
9.066292
9.609457
8.521871
9.192425
7.888307
8.819475
7.373754
8.291437
6.643359
6.949440
6.669528
6.386689
6.101049
5.812734
5.521868
5.228580
4.933000
4.635255
4.335477
4.033797
3.730348
3.425263
3.118675
2.810720
2.501531
2.191245
1.879998
1.567927
1.255168
0.941858
0.628135
0.314136
-0.000000
-0.314136
-0.628135
-0.941858
-1.255168
-1.567927
-1.879998
-2.191245
-2.501531
-2.810720
-3.118675
-3.425263
-3.730348
-4.033797
-4.335477
-4.635255
-4.933000
-5.228580
-5.521868
-5.812734
-6.101049
-6.386689
-6.669528
-6.949440
-7.226305
-7.500000
-7.770405
-8.037402
-8.300873
-8.560703
-8.816779
-9.068987
-9.317217
-9.561359
-9.801309
-10.036959
-10.268207
-10.494950
-10.717091
-10.934529
-11.147172
-11.354926
-11.557698
-11.755402
-11.947948
-12.135255
-12.317238
-12.373380
-12.740314
-12.575831
-13.272293
-12.564928
-13.842039
-12.596468
-13.692635
-13.393867
-14.134823
-13.379748
-14.369059
-13.591981
-14.520194
-13.880205
-14.710291
-14.058411
-14.766735
-14.326688
-14.939133
-14.430511
-14.927695
-14.699631
-14.993259
-14.831021
-14.982351
-14.982719
-14.992267
-15.031019
-14.990651
-15.024684
-14.959691
-15.022149
-14.899694
-14.987844
-14.811862
-14.953242
-14.693077
-14.894504
-14.550140
-14.800785
-14.383206
-14.674746
-14.194413
-14.499804
-13.983800
-14.303250
-13.744461
-14.105515
-13.477755
-13.887774
-13.187703
-13.620481
-12.883190
-13.323545
-12.547372
-13.058980
-12.177783
-12.791755
-11.787223
-12.512026
-11.367081
-12.239282
-10.924765
-11.934313
-10.467514
-11.602270
-9.987267
-11.274648
-9.485359
-10.926702
-8.960279
-10.556869
-8.417379
-10.135725
-7.871505
-9.681155
-7.311497
-9.216561
-6.726939
-8.744041
-6.145091
-8.200872
-5.588748
-7.596409
-5.030790
-6.966691
-4.457380
-6.353744
-3.862646
-5.739999
-3.270860
-5.096032
-2.682001
-4.428893
-2.081261
-3.778686
-1.472429
-3.122707
-0.859558
-2.473109
-0.238258
-1.834314
0.387961
-1.200602
1.138545
-0.857044
1.772120
-0.246929
2.417455
0.332212
3.073134
0.905284
3.693561
1.530752
4.294392
2.147832
4.915039
2.709383
5.546369
3.254168
6.172449
3.778976
6.798411
4.301852
7.392351
4.838162
7.961375
5.381357
8.488243
5.957221
8.956552
6.573391
9.395112
7.197984
9.830442
7.798905
10.268780
8.362068
10.697233
8.910086
11.104776
9.450076
11.503106
9.945246
11.895598
10.393475
12.271399
10.827778
12.620693
11.274456
12.944737
11.678445
13.261230
12.019361
13.556858
12.336372
13.829026
12.643887
14.069709
12.939125
14.292541
13.184689
14.491990
13.414247
14.661389
13.645352
14.795553
13.877737
14.907435
14.051090
15.004721
14.180254
15.068332
14.314840
15.107246
14.391446
15.130889
14.409471
15.124481
14.442690
15.087214
14.436455
15.029661
14.392110
14.942948
14.342568
14.827551
14.271699
14.687094
14.170989
14.517926
14.058701
14.327921
13.879972
14.121124
13.666009
13.885165
13.452724
13.621346
13.224574
13.331374
12.993342
13.012034
12.757912
12.672746
12.482928
12.312615
12.194715
11.919106
11.858595
11.513335
11.489986
11.092115
11.099859
10.635114
10.749376
10.111734
10.465040
9.512286
10.212811
8.913820
9.868456
8.337852
9.425330
7.838593
8.850892
7.309366
8.312126
6.815620
7.722745
6.163314
7.275095
5.722399
6.578827
5.521868
5.228580
4.933000
4.635255
4.335477
4.159264
3.642064
3.425263
3.118675
2.810720
2.501531
2.191245
1.879998
1.567927
1.255168
0.941858
0.628135
0.314136
-0.000000
-0.314136
-0.628135
-0.941858
-1.255168
-1.567927
-1.879998
-2.191245
-2.501531
-2.810720
-3.118675
-3.425263
-3.730348
-4.033797
-4.335477
-4.635255
-4.933000
-5.228580
-5.521868
-5.812734
-5.984086
-6.453372
-6.450531
-7.146291
-6.837511
-7.790779
-7.329891
-8.103108
-8.139303
-8.641310
-8.683056
-9.093471
-9.270914
-9.565822
-9.818736
-10.026770
-10.361320
-10.469409
-10.862035
-10.900321
-11.328132
-11.313104
-11.772928
-11.705216
-12.207546
-12.070967
-12.657543
-12.408325
-13.094479
-12.726797
-13.476864
-13.032065
-13.806736
-13.317595
-14.120152
-13.572507
-14.442749
-13.798934
-14.744925
-14.000486
-15.012321
-14.181609
-15.261401
-14.327567
-15.524692
-14.442613
-15.754018
-14.538698
-15.938482
-14.612514
-16.064215
-14.669632
-16.160007
-14.695349
-16.237335
-14.693632
-16.304674
-14.657251
-16.370890
-14.584239
-16.404959
-14.487738
-16.406590
-14.358507
-16.406788
-14.180017
-16.408970
-13.962771
-16.376808
-13.715512
-16.310080
-13.423429
-16.222803
-13.094875
-16.102688
-12.703543
-15.981177
-12.307629
-15.898462
-11.970052
-15.714196
-11.588118
-15.524463
-11.205674
-15.256877
-10.816324
-14.951934
-10.406144
-14.644056
-9.961508
-14.354031
-9.479267
-14.072231
-8.969034
-13.803959
-8.420952
-13.544789
-7.859362
-13.237878
-7.292257
-12.900775
-6.711849
-12.544792
-6.122612
-12.161228
-5.513442
-11.774380
-4.909885
-11.300022
-4.317913
-10.786477
-3.725899
-10.229176
-3.139614
-9.637387
-2.547638
-9.045166
-1.935135
-8.480129
-1.306638
-7.922743
-0.661577
-7.372380
-0.021889
-6.778119
0.608788
-6.162061
1.236966
-5.540574
1.873717
-4.959318
2.530044
-3.875098
2.934968
-3.210885
3.539937
-2.543827
4.143257
-1.868072
4.738476
-1.197562
5.331436
-0.539885
5.920491
0.096301
6.514082
0.703533
7.103337
1.302644
7.682581
1.898481
8.248623
2.477787
8.808209
3.054095
9.337294
3.680141
9.828775
4.317132
10.306742
4.924957
10.778690
5.504986
11.233438
6.077302
11.672070
6.621917
12.093102
7.170015
12.476715
7.757591
12.824059
8.310546
13.169768
8.820719
13.497064
9.302768
13.806022
9.760859
14.097687
10.176389
14.371522
10.574426
14.623583
10.938787
14.847858
11.310216
15.032329
11.649212
14.981781
12.120046
15.068429
12.389210
15.191656
12.598433
15.281687
12.804361
15.345919
12.998529
15.382049
13.178307
15.400339
13.328974
15.400240
13.446342
15.372842
13.554855
15.323034
13.640309
15.249611
13.715167
15.149719
13.756824
15.029432
13.758322
14.890145
13.691204
14.735989
13.578737
14.551224
13.463358
14.344995
13.286520
14.120550
13.092629
13.859693
12.922154
13.570710
12.731159
13.261716
12.489421
12.936632
12.212220
12.584002
11.957061
12.198357
11.702589
11.794667
11.417467
11.369298
11.140599
10.924308
10.830765
10.411305
10.548833
9.835371
10.279084
9.304176
9.895399
8.656606
9.636743
8.159134
9.126884
8.037402
7.770405
7.500000
7.226305
6.949440
6.669528
6.386689
6.101049
5.812734
5.521868
5.228580
4.933000
4.635255
4.335477
4.033797
3.730348
3.425263
3.118675
2.810720
2.501531
2.191245
1.879998
1.567927
1.255168
0.941858
0.628135
0.314136
-0.000000
-0.314136
-0.628135
-0.941858
-1.255168
-1.567927
-1.879998
-2.191245
-2.501531
-2.810720
-3.118675
-3.425263
-3.730348
-4.033797
-4.335477
-4.635255
-4.933000
-5.228580
-5.521868
-5.812734
-6.101049
-6.386689
-6.669528
-6.949440
-7.226305
-7.500000
-7.770405
-8.037402
-8.300873
-8.560703
-8.816779
-9.068987
-9.317217
-9.561359
-9.801309
-10.036959
-10.268207
-10.494950
-10.717091
-10.934529
-11.147172
-11.354926
-11.439748
-11.826977
-11.705194
-12.388821
-11.799484
-12.971437
-11.907768
-12.961176
-12.661584
-13.461832
-12.733533
-13.670118
-13.123415
-13.947560
-13.385118
-14.100275
-13.749756
-14.324177
-13.990408
-14.423524
-14.307872
-14.580035
-14.504667
-14.689697
-14.697090
-14.793812
-14.847248
-14.876209
-14.971447
-14.931767
-15.065825
-14.965195
-15.104743
-14.978810
-15.097347
-14.965801
-15.083899
-14.919257
-15.081998
-14.840095
-15.072111
-14.731401
-15.036533
-14.599804
-14.956738
-14.445260
-14.860972
-14.258551
-14.750646
-14.052046
-14.582070
-13.825605
-14.377344
-13.574766
-14.168249
-13.293741
-13.946630
-12.986334
-13.726340
-12.646830
-13.525599
-12.276775
-13.284922
-11.900342
-12.959228
-11.511767
-12.615199
-11.093561
-12.291216
-10.647141
-11.964530
-10.179372
-11.626194
-9.681214
-11.298599
-9.144648
-10.963131
-8.588644
-10.584143
-8.033081
-10.157537
-7.446985
-9.733825
-6.841876
-9.268346
-6.255968
-8.744576
-5.697706
-8.151998
-5.158358
-7.527434
-4.589857
-6.926049
-3.997410
-6.326847
-3.400499
-5.720002
-2.780629
-5.126559
-2.154852
-4.531152
-1.507637
-3.936395
-0.897947
-3.284791
-0.281902
-2.658667
0.369040
-2.060239
0.998581
-1.541210
1.914247
-1.120003
2.538727
-0.468852
3.169963
0.143318
3.848912
0.713031
4.388849
1.412204
4.924622
2.068713
5.554822
2.622670
6.201835
3.163526
6.802160
3.739192
7.348404
4.336199
7.930917
4.864301
8.537039
5.363764
9.051931
5.926058
9.561763
6.447670
10.089803
6.931094
10.550728
7.448225
10.979752
7.963510
11.350095
8.502325
11.695592
9.024865
12.071582
9.476857
12.443817
9.896372
12.797407
10.304298
13.126490
10.690485
13.430852
11.067056
13.714155
11.412061
13.987099
11.717720
14.226450
12.047792
14.413723
12.383195
14.602926
12.638275
14.791761
12.826989
14.945796
13.035483
15.066646
13.210527
15.173779
13.335461
15.260664
13.434107
15.309255
13.541161
15.331598
13.610267
15.334993
13.633045
15.312739
13.651273
15.253027
13.688691
15.162338
13.694251
15.051443
13.667203
14.911588
13.610667
14.759176
13.466451
14.587978
13.309276
14.383357
13.148188
14.149960
12.974135
13.893861
12.761029
13.618131
12.522143
13.310398
12.300858
12.975471
12.062075
12.615919
11.822152
12.230677
11.552860
11.833313
11.228865
11.419339
10.870469
10.987846
10.491182
10.536358
10.099956
10.061340
9.733251
9.562008
9.373010
9.035787
8.977530
8.450830
8.609999
7.863402
8.162303
7.301226
7.654264
6.722239
7.097962
6.215429
6.439890
5.642860
5.881151
5.078176
5.259164
4.468740
4.672673
3.902357
4.033228
3.258523
3.453266
2.691574
2.763351
2.067162
2.115107
1.499426
1.428035
0.865315
0.793505
0.264029
0.136147
-0.369856
-0.473406
-1.004999
-1.085206
-1.637981
-1.715392
-2.248695
-2.361040
-2.858056
-3.006433
-3.457525
-3.643642
-4.061728
-4.240716
-4.671727
-4.823888
-5.264105
-5.452859
-5.821264
-6.117007
-6.374571
-6.791853
-6.909473
-7.470979
-7.437954
-8.085551
-7.962572
-8.666122
-8.477221
-9.200262
-8.982347
-9.728111
-9.466166
-10.249101
-9.931245
-10.777052
-10.374588
-11.272946
-10.805701
-11.734195
-11.217443
-12.192740
-11.603407
-12.649264
-11.967581
-13.075040
-12.315237
-13.455774
-12.643193
-13.825271
-12.944156
-14.193487
-13.213834
-14.572257
-13.453780
-14.925632
-13.677508
-15.220440
-13.878766
-15.511355
-14.044748
-15.797670
-14.189512
-16.011471
-14.315241
-16.190296
-14.415812
-16.357649
-14.471617
-16.521952
-14.507592
-16.638807
-14.517990
-16.721638
-14.510126
-16.761629
-14.479294
-16.782457
-14.388412
-16.833591
-14.246505
-16.868322
-14.063312
-16.880548
-13.827261
-16.877783
-13.510874
-16.874798
-13.240627
-16.832104
-13.017455
-16.691086
-12.759035
-16.542086
-12.482235
-16.364202
-12.179284
-16.165974
-11.850832
-15.957070
-11.488790
-15.747937
-11.102627
-15.496560
-10.702343
-15.235891
-10.267076
-14.983694
-9.798814
-14.727037
-9.317726
-14.417534
-8.825081
-14.102125
-8.296538
-13.817362
-7.732670
-13.540492
-7.152065
-13.215887
-6.575356
-12.836935
-5.994559
-12.437710
-5.401036
-12.005857
-4.808414
-11.531674
-4.212491
-11.018607
-3.622713
-10.460260
-3.037024
-9.860062
-2.451653
-9.241035
-1.861263
-8.615503
-1.254598
-8.014808
-0.632357
-7.417840
-0.002808
-6.823733
0.637625
-6.247100
1.287767
-5.682858
1.945900
-5.110552
2.589598
-3.794104
2.907196
-3.183504
3.546473
-2.585696
4.178996
-1.991070
4.811952
-1.385767
5.417916
-0.732079
6.005235
-0.085627
6.593614
0.527273
7.185630
1.105367
7.777753
1.670820
8.350412
2.269737
8.891093
2.879481
9.419521
3.468281
9.935143
4.068268
10.416973
4.700422
10.862932
5.350091
11.294489
5.945262
11.731463
6.481810
12.164246
6.980844
12.584350
7.440230
12.995424
7.878591
13.379462
8.311584
13.739326
8.730330
14.067797
9.168266
14.357201
9.603968
14.624186
10.007835
14.873212
10.376839
15.100967
10.721548
15.304482
11.051074
15.477387
11.347426
15.643942
11.566635
15.803951
11.741991
15.928240
11.943344
16.005257
12.151488
16.049404
12.340118
16.066818
12.492692
16.067036
12.578341
15.935225
12.715057
15.826205
12.768115
15.708466
12.804715
15.539213
12.862384
15.346543
12.903381
15.164107
12.876114
14.987738
12.765705
14.820933
12.569075
14.624827
12.397202
14.363636
12.275232
14.074968
12.138215
13.762159
11.993795
13.441177
11.790791
13.100613
11.589860
12.719478
11.434776
12.312494
11.229216
11.906532
10.925685
11.488847
10.582200
11.048825
10.256006
10.581059
9.923073
10.099924
9.542291
9.609980
9.113457
9.103829
8.684694
8.578510
8.254772
8.036714
7.816442
7.478137
7.321504
6.905227
6.805264
6.330393
6.259933
5.744949
5.706989
5.144794
5.157307
4.523772
4.627134
3.875651
4.105027
3.229123
3.556190
2.561275
3.017477
1.932951
2.397350
1.281093
1.792395
0.700712
1.173441
-0.097658
0.781097
-0.622197
0.032179
-1.555892
-0.226827
-1.567927
-1.879998
-2.191245
-2.501531
-2.810720
-3.118675
-3.425263
-3.730348
-4.033797
-4.335477
-4.635255
-4.933000
-5.228580
-5.521868
-5.698707
-6.163026
-6.170114
-6.871013
-6.535162
-7.562495
-6.977247
-7.862852
-7.796047
-8.472059
-8.263680
-8.901981
-8.881886
-9.396195
-9.401860
-9.839048
-9.967302
-10.275955
-10.519358
-10.706615
-11.026623
-11.122555
-11.493891
-11.524947
-11.930632
-11.906934
-12.352416
-12.264346
-12.767770
-12.600684
-13.137993
-12.923233
-13.454042
-13.225675
-13.746531
-13.504491
-14.012210
-13.761434
-14.253072
-13.993840
-14.465614
-14.200071
-14.673923
-14.372429
-14.913853
-14.508582
-15.126667
-14.629527
-15.274856
-14.727447
-15.387401
-14.802588
-15.474274
-14.848399
-15.542926
-14.867063
-15.597551
-14.855154
-15.643496
-14.811424
-15.675453
-14.744961
-15.649422
-14.659119
-15.579562
-14.548772
-15.504750
-14.398266
-15.466488
-14.211644
-15.408636
-14.008170
-15.276512
-13.786360
-15.130788
-13.530354
-14.994727
-13.245306
-14.816093
-12.941212
-14.594854
-12.612187
-14.356118
-12.253743
-14.108915
-11.855751
-13.873661
-11.420805
-13.625679
-10.948980
-13.344864
-10.460163
-13.029742
-9.941341
-12.684517
-9.424562
-12.292942
-8.846987
-11.924893
-8.193348
-11.643101
-7.676949
-11.201798
-7.092162
-10.810200
-6.525235
-10.322248
-5.971422
-9.763581
-5.431022
-9.144867
-4.888494
-8.517001
-4.330389
-7.889662
-3.759601
-7.264415
-3.169874
-6.658542
-2.564424
-6.057449
-1.941573
-5.480083
-1.309456
-4.880697
-0.685454
-4.259619
-0.051911
-3.670898
0.586971
-3.037951
1.198442
-2.360256
1.868632
-1.854569
2.500462
-1.247141
3.138926
-0.663942
3.780867
-0.091781
4.416019
0.488721
5.038748
1.088433
5.643305
1.678285
6.259000
2.201199
6.890214
2.676895
7.515399
3.158696
8.120871
3.652417
8.700924
4.160890
9.256237
4.697795
9.774436
5.279203
10.254693
5.874792
10.716480
6.443395
11.174013
6.978157
11.606368
7.531029
12.015026
8.032364
12.435602
8.429505
12.868607
8.797719
13.248960
9.249385
13.575575
9.705582
13.889662
10.084264
14.206648
10.412151
14.500181
10.726499
14.768690
11.028431
15.003834
11.313507
15.221437
11.564393
15.407969
11.820633
15.555645
12.063061
15.685267
12.251195
15.682789
12.496281
15.676458
12.686123
15.674488
12.831001
15.671314
12.927673
15.664534
12.977671
15.632881
13.008219
15.583364
12.990762
15.537064
12.907097
15.460962
12.832477
15.311241
12.784566
15.150784
12.687888
14.964850
12.572156
14.747778
12.465391
14.491206
12.353853
14.217601
12.215403
13.922057
12.068270
13.602189
11.893889
13.280823
11.639212
12.940605
11.355850
12.580491
11.040086
12.203815
10.681152
11.806458
10.328350
11.372359
10.031847
10.903706
9.744329
10.419943
9.423158
9.922949
9.075284
9.407633
8.694439
8.892749
8.229456
8.367270
7.760856
7.816316
7.345781
7.241999
6.914342
6.672439
6.368031
6.107367
5.769356
5.529100
5.202294
4.935684
4.637074
4.332769
4.055487
3.723526
3.458021
3.111059
2.833019
2.497451
2.197880
1.882322
1.534941
1.265678
0.876762
0.641508
0.248186
0.013048
-0.384389
-0.612979
-1.028599
-1.235335
-1.668301
-1.859521
-2.295790
-2.479109
-2.928902
-3.093139
-3.551908
-3.704025
-4.178473
-4.299893
-4.834209
-4.884336
-5.483646
-5.461287
-6.112030
-6.032278
-6.730694
-6.584234
-7.389467
-7.115297
-8.052786
-7.633316
-8.694304
-8.139135
-9.315878
-8.631570
-9.919478
-9.108484
-10.511962
-9.562989
-11.098284
-10.010361
-11.587221
-10.460697
-12.012741
-10.891193
-12.453402
-11.292561
-12.891519
-11.672351
-13.318398
-12.027221
-13.738053
-12.353916
-14.179871
-12.639402
-14.633295
-12.878966
-15.079535
-13.095576
-15.472696
-13.297775
-15.798073
-13.494211
-16.075005
-13.655495
-16.341394
-13.775509
-16.606405
-13.830778
-16.867805
-13.847803
-17.095566
-13.825798
-17.291359
-13.815084
-17.449770
-13.864347
-17.509920
-13.861055
-17.601200
-13.826620
-17.666307
-13.760056
-17.728104
-13.664709
-17.750969
-13.547774
-17.739017
-13.406590
-17.725010
-13.218497
-17.723381
-13.000624
-17.679987
-12.771482
-17.573280
-12.532446
-17.421177
-12.272671
-17.236862
-11.989014
-17.038645
-11.680557
-16.808489
-11.348467
-16.567213
-10.990568
-16.298679
-10.612353
-16.020174
-10.200005
-15.756097
-9.752859
-15.485847
-9.281930
-15.202668
-8.785797
-14.935390
-8.260497
-14.625834
-7.736992
-14.267900
-7.198822
-13.905875
-6.635517
-13.547249
-6.055135
-13.161895
-5.465829
-12.748215
-4.874004
-12.272361
-4.298129
-11.739300
-3.717376
-11.182384
-3.140400
-10.575596
-2.561284
-9.967488
-1.966569
-9.371204
-1.351952
-8.814722
-0.703526
-8.284212
-0.059834
-7.695893
0.565270
-7.064156
1.185297
-6.439190
1.821074
-5.848408
2.471587
-5.277471
2.797686
-3.946739
3.428176
-3.326763
4.057158
-2.709610
4.680529
-2.106173
5.314271
-1.545602
5.949615
-0.979659
6.569646
-0.406980
7.180229
0.161081
7.769883
0.772078
8.328077
1.406923
8.868751
2.012833
9.415359
2.582686
9.946969
3.158084
10.458137
3.730444
10.948621
4.294818
11.425557
4.846781
11.878479
5.404175
12.302234
5.965205
12.710146
6.485596
13.105423
6.983365
13.481635
7.464524
13.832991
7.930747
14.166456
8.360529
14.487434
8.752666
14.786581
9.125968
15.063721
9.469870
15.322053
9.795227
15.539442
10.147575
15.715996
10.500055
15.864032
10.806433
16.009457
11.031334
16.145424
11.214928
16.258024
11.381680
16.336832
11.539967
16.381271
11.688110
16.405062
11.759956
16.423088
11.803391
16.401564
11.853344
16.338415
11.915476
16.238401
11.951620
16.119873
11.927018
15.998148
11.820131
15.869345
11.674525
15.706770
11.537389
15.507221
11.383479
15.280495
11.233018
15.007325
11.090858
14.704830
10.952631
14.311750
10.795854
13.801901
10.667949
13.409273
10.392327
12.990243
10.124044
12.546316
9.845527
12.104872
9.525683
11.646069
9.179946
11.194498
8.789261
10.708324
8.423481
10.206950
8.009560
9.700397
7.589061
9.170115
7.162929
8.629346
6.702008
8.087980
6.181672
7.550331
5.581386
7.009280
4.992519
6.444528
4.408069
5.868425
3.822538
5.272282
3.260613
4.664088
2.686893
4.050235
2.120191
3.427188
1.542465
2.796413
0.994997
2.152137
0.440783
1.518557
-0.170573
0.892155
-0.806538
0.264993
-1.419160
-0.373910
-1.989442
-1.020896
-2.544377
-1.658537
-3.124712
-2.289512
-3.708469
-2.914452
-4.303454
-3.527731
-4.901269
-4.138534
-5.484092
-4.736712
-6.086017
-5.317939
-6.725364
-5.879792
-7.367989
-6.429266
-8.006188
-6.971942
-8.572797
-7.521925
-9.090237
-8.050133
-9.632668
-8.560961
-10.168951
-9.051046
-10.701385
-9.526644
-11.210128
-9.983495
-11.710731
-10.418433
-12.214395
-10.828326
-12.706985
-11.221974
-13.152197
-11.591524
-13.616629
-11.920679
-14.070236
-12.236265
-14.477949
-12.529196
-14.857616
-12.812454
-15.169725
-13.095078
-15.433505
-13.337454
-15.729557
-13.520714
-16.042398
-13.668264
-16.323830
-13.803710
-16.550240
-13.925249
-16.733889
-14.027104
-16.890741
-14.081484
-17.045065
-14.100472
-17.173088
-14.074366
-17.293659
-13.995944
-17.390490
-13.975686
-17.376705
-13.941320
-17.344477
-13.812094
-17.433863
-13.683380
-17.464214
-13.521852
-17.460720
-13.344143
-17.406519
-13.157486
-17.292776
-12.953499
-17.152298
-12.723181
-16.973907
-12.477376
-16.767639
-12.201898
-16.556269
-11.888937
-16.347630
-11.550695
-16.118267
-11.183676
-15.886003
-10.786095
-15.643377
-10.366316
-15.367838
-9.927415
-15.093591
-9.456908
-14.804863
-8.971362
-14.479635
-8.477680
-14.118763
-7.961527
-13.772065
-7.416965
-13.412205
-6.858110
-13.030840
-6.292508
-12.594964
-5.734538
-12.106047
-5.169281
-11.594577
-4.603088
-11.032908
-4.042893
-10.425914
-3.481471
-9.796464
-2.913226
-9.159375
-2.335242
-8.521478
-1.738631
-7.895643
-1.135732
-7.273911
-0.516822
-6.654390
0.098228
-5.998161
0.704608
-5.343743
1.326173
-4.701777
1.944192
-4.041114
2.297852
-2.815868
2.930093
-2.215337
3.566916
-1.618521
4.203175
-1.039844
4.834553
-0.424400
5.432184
0.216217
6.028078
0.836626
6.618375
1.435883
7.210421
1.989870
7.811157
2.528921
8.377715
3.136170
8.905022
3.732108
9.450826
4.228793
10.007925
4.686555
10.550297
5.139090
11.075261
5.584848
11.564119
6.110508
11.977242
6.736932
12.352732
7.309108
12.735397
7.819919
13.111391
8.290748
13.468575
8.749735
13.807123
9.158219
14.138369
9.530806
14.443316
9.913908
14.704065
10.306079
14.941536
10.652574
15.171959
10.927847
15.397285
11.156866
15.593729
11.391106
15.749765
11.632816
15.869901
11.857235
15.967284
12.035996
16.051931
12.169437
16.105236
12.317425
16.115644
12.440481
16.111250
12.518207
16.084156
12.560167
15.992012
12.577983
15.858919
12.582499
15.701582
12.559940
15.556778
12.470016
15.409839
12.337729
15.247032
12.176827
15.036319
12.024410
14.762088
11.896978
14.455772
11.745688
14.156950
11.541303
13.826004
11.344467
13.470998
11.123070
13.109956
10.856229
12.742767
10.540256
12.342043
10.255150
11.913623
9.952451
11.476910
9.596860
11.029068
9.241936
10.550762
8.895354
10.056879
8.518488
9.550720
8.099939
9.032990
7.662026
8.500647
7.179080
7.972017
6.606256
7.441209
6.001956
6.897419
5.390398
6.338378
4.798065
5.758366
4.225412
5.168500
3.619487
4.579574
2.981071
3.978083
2.380389
3.361853
1.787341
2.735780
1.208916
2.106821
0.600482
1.476301
0.013521
0.836654
-0.573231
0.206751
-1.216829
-0.416535
-1.858021
-1.040186
-2.499815
-1.662089
-3.124672
-2.286016
-3.732777
-2.904686
-4.358917
-3.506226
-5.019329
-4.099202
-5.661290
-4.683667
-6.322921
-5.255229
-6.957245
-5.825018
-7.562886
-6.383558
-8.184615
-6.919122
-8.816808
-7.441049
-9.434500
-7.942316
-10.032471
-8.432240
-10.613832
-8.904428
-11.168191
-9.362088
-11.708378
-9.795725
-12.242969
-10.198878
-12.778738
-10.573752
-13.282574
-10.928228
-13.772457
-11.245392
-14.245462
-11.520454
-14.720922
-11.672698
-15.243191
-11.864874
-15.724113
-12.145343
-16.069504
-12.389765
-16.400814
-12.620273
-16.694359
-12.834979
-16.940796
-13.026973
-17.198414
-13.165520
-17.472435
-13.279793
-17.696613
-13.378885
-17.883127
-13.450799
-18.047737
-13.505259
-18.154110
-13.535564
-18.258410
-13.530497
-18.340113
-13.498541
-18.410278
-13.434081
-18.457325
-13.339573
-18.481413
-13.228973
-18.450949
-13.095228
-18.398935
-12.934240
-18.332373
-12.739136
-18.269085
-12.501690
-18.211241
-12.233726
-18.123547
-11.947990
-17.990517
-11.651480
-17.795347
-11.346038
-17.554853
-11.019787
-17.300962
-10.663963
-17.047802
-10.270262
-16.806969
-9.843935
-16.569515
-9.381212
-16.347075
-8.888642
-16.102501
-8.387108
-15.820154
-7.866170
-15.521453
-7.333226
-15.179477
-6.796243
-14.801742
-6.242120
-14.416012
-5.671282
-14.026203
-5.074382
-13.649764
-4.457611
-13.252509
-3.840898
-12.801004
-3.235252
-12.282412
-2.642250
-11.701530
-2.064355
-11.062698
-1.490296
-10.417711
-0.896854
-9.790502
-0.294333
-9.153378
0.315429
-8.529734
0.940022
-7.915980
1.567449
-7.287277
2.192487
-6.667570
2.829100
-6.063172
3.399643
-5.292417
4.025125
-4.657953
4.643012
-4.008476
5.248893
-3.345765
5.843483
-2.676048
6.429897
-2.018629
7.016509
-1.369860
7.586904
-0.706185
8.145554
-0.062732
8.703275
0.544003
9.262478
1.116454
9.819014
1.674340
10.349195
2.257770
10.862690
2.802362
11.374741
3.317196
11.864445
3.859218
12.313951
4.437407
12.730114
5.002681
13.135817
5.536066
13.526775
6.028581
13.911555
6.486862
14.270561
6.946401
14.598436
7.408805
14.903255
7.829606
15.190931
8.231514
15.454678
8.610358
