-0.005652
0.001654
-0.015818
0.000118
0.032512
-0.021304
0.127595
-0.074841
0.184496
-0.067578
0.124498
-0.020884
0.007242
0.005760
-0.062774
0.018468
-0.117613
0.031560
-0.192719
0.053191
-0.311816
0.085813
-0.458843
0.116587
-0.568459
0.140191
-0.668436
0.167108
-0.791115
0.199891
-0.928448
0.236374
-1.073349
0.272777
-1.205179
0.308141
-1.350485
0.352829
-1.487372
0.410455
-1.638943
0.487047
-1.813789
0.592555
-1.993483
0.748695
-2.205993
1.054569
-2.538779
1.160554
-2.713762
1.238022
-2.876868
1.310918
-3.035986
1.384912
-3.213599
1.463934
-3.389871
1.541565
-3.563133
1.621131
-3.750956
1.702766
-3.922840
1.770208
-4.056995
1.823942
-4.160244
1.859156
-4.213564
1.870722
-4.213434
1.867998
-4.220575
1.873122
-4.229176
1.875732
-4.232701
1.879412
-4.246180
1.884048
-4.250347
1.882884
-4.241107
1.878982
-4.235423
1.876937
-4.235335
1.884287
-4.278303
1.910536
-4.326664
1.916449
-4.304147
1.898573
-4.260281
1.876232
-4.189967
0.000000
0.000000
0.000000
0.000000
0.000000
0.000000
0.000000
0.000000
0.000000
0.000000
0.000000
0.000000
0.000000
0.000000
0.000000
0.000000
0.000000
0.000000
0.000000
0.000000
0.000000
0.000000
0.000000
0.000000
0.000000
0.000000
0.000000
0.000000
0.000000
0.000000
0.000000
0.000000
0.000000
0.000000
0.000000
0.000000
0.000000
0.000000
0.000000
0.000000
0.000000
0.000000
0.000000
0.000000
0.000000
0.000000
0.000000
0.000000
0.000000
0.000000
0.000000
0.000000
0.000000
0.000000
0.000000
0.000000
0.000000
0.000000
0.000000
0.000000
0.000000
0.000000
0.000000
0.000000
0.000000
0.000000
0.000000
0.000000
0.000000
0.000000
0.000000
0.000000
0.000000
0.000000
0.000000
0.000000
0.000000
0.000000
0.000000
0.000000
0.000000
0.000000
0.000000
0.000000
0.000000
0.000000
0.000000
0.000000
0.000000
0.000000
0.000000
0.000000
0.000000
-1.132915
0.241652
-1.460510
0.517299
-1.828499
0.708914
-2.083003
0.789616
-2.193192
0.861577
-2.268793
0.916823
-2.313465
0.970133
-2.359396
1.002928
-2.376116
1.021564
-2.393481
1.087216
-2.455553
1.078036
-2.424480
1.056372
-2.404997
0.996677
-2.353908
0.971651
-2.339598
0.962443
-2.337735
0.981293
-2.358882
1.016786
-2.391423
1.087754
-2.471122
1.095240
-2.489531
1.107187
-2.491116
1.101460
-2.478845
1.095034
-2.460937
1.084977
-2.435612
1.077520
-2.426297
1.056108
-2.404907
0.994212
-2.348584
0.933775
-2.298797
0.886777
-2.258576
0.859414
-2.252934
0.972672
-2.379107
1.133895
-2.634541
1.189787
-2.786456
1.281666
-2.985025
1.368476
-3.199073
1.466846
-3.411197
1.554505
-3.584453
1.614594
-3.689707
1.658200
-3.801779
1.719917
-3.970426
1.802775
-4.158177
1.886208
-4.358104
1.977705
-4.553871
2.054853
-4.699273
2.107864
-4.792197
2.126617
-4.771244
2.095445
-4.670661
2.045440
-4.569847
2.011751
-4.520664
2.001962
-4.525695
2.018957
-4.596335
2.063107
-4.719749
2.121902
-4.841545
2.161061
-4.889220
2.168387
-4.861638
0.608577
-1.917620
0.634534
-1.978134
0.624552
-1.962315
0.594986
-1.921661
0.579325
-1.907047
0.581696
-1.913409
0.585184
-1.928138
0.611534
-1.966708
0.619720
-1.963942
0.599140
-1.923616
0.555652
-1.837852
0.498169
-1.744626
0.459501
-1.650103
0.413120
-1.552863
0.385213
-1.506410
0.383977
-1.517840
0.396025
-1.554575
0.407862
-1.564922
0.400110
-1.543383
0.391757
-1.516247
0.377187
-1.471529
0.353266
-1.399082
0.333415
-1.360169
0.330602
-1.352717
0.321018
-1.293232
0.300519
-1.221038
0.282908
-1.161106
0.270035
-1.121100
0.260608
-1.068389
0.241274
-1.005058
0.233830
-0.986680
0.227956
-0.962292
0.225444
-0.954720
0.219971
-0.933806
0.215873
-0.905020
0.201524
-0.841576
0.186413
-0.785530
0.170313
-0.713779
0.155165
-0.652467
0.135829
-0.561760
0.115172
-0.479060
0.094489
-0.387886
0.076583
-0.327055
0.065000
-0.278768
0.053886
-0.230426
0.042477
-0.171208
0.024404
-0.056961
-0.004640
0.117474
-0.099736
0.358413
-0.318279
0.752912
-0.453936
0.994878
-0.858182
0.000000
0.000000
0.000000
0.000000
0.000000
0.000000
0.000000
0.000000
0.000000
0.000000
0.000000
0.000000
0.000000
0.000000
0.000000
0.000000
0.000000
0.000000
0.000000
0.000000
0.000000
0.000000
0.000000
0.000000
0.000000
0.000000
0.000000
0.000000
0.000000
0.000000
0.000000
0.000000
0.000000
0.000000
0.000000
0.000000
0.000000
0.000000
0.000000
0.000000
0.000000
0.000000
0.000000
0.000000
0.000000
0.000000
0.000000
0.000000
0.000000
0.000000
0.000000
0.000000
0.000000
0.000000
0.000000
0.000000
0.000000
0.000000
0.000000
0.000000
0.000000
0.000000
0.000000
0.000000
0.000000
0.000000
0.000000
0.000000
0.000000
0.000000
0.000000
0.000000
0.000000
0.000000
0.000000
0.000000
0.000000
0.000000
0.000000
0.000000
0.000000
0.000000
0.000000
0.000000
0.000000
0.000000
0.000000
0.000000
0.000000
0.000000
0.000000
0.000000
0.000000
0.000000
0.000000
0.000000
0.000000
0.000000
0.000000
0.000000
0.000000
0.000000
0.000000
0.000000
0.000000
0.000000
0.000000
0.000000
0.000000
0.000000
0.000000
0.000000
0.000000
0.000000
0.000000
0.000000
0.000000
0.000000
0.000000
0.000000
0.000000
0.000000
0.000000
0.000000
0.000000
0.000000
0.000000
0.000000
0.000000
0.000000
0.000000
0.000000
0.000000
-1.469854
1.358323
-4.011353
5.951107
-9.429937
10.650364
2.487926
-6.003359
8.802511
-8.414852
10.830446
-1.815331
1.879685
-4.981451
7.335023
-9.641537
10.751875
2.325639
-5.642626
8.224089
-8.407427
10.325568
-0.474735
-0.575366
-0.372889
-0.752836
-0.021389
-1.413531
1.249833
-3.730736
5.437330
-8.760618
9.824959
2.053497
-5.023105
7.294214
-7.729921
9.278607
0.112039
-1.526617
1.603233
-4.224629
6.323511
-8.256979
9.515734
1.918945
-4.884033
7.273016
-8.415859
10.047235
0.925604
-3.199195
4.561691
-8.424579
10.272346
0.179442
-1.835392
2.020414
-5.118388
7.555350
-8.817479
10.326591
0.401496
-3.112629
0.926518
-1.150147
1.527419
-0.079627
0.221037
-0.228110
0.447032
-0.429830
0.610621
-0.132452
0.226713
-0.087391
0.042909
0.002649
-0.137334
0.038324
-0.340628
0.100464
-0.610607
0.177158
-0.928080
0.261709
-1.254649
0.343779
-1.523139
0.450339
-1.740665
0.540509
-1.889838
0.596396
-1.939609
0.582930
-1.900992
0.553789
-1.850872
0.522297
-1.805281
0.520828
-1.825241
0.556400
-1.911420
0.645289
-2.051684
0.756519
-2.180325
0.862408
-2.281438
0.970389
-2.371671
1.045630
-2.420146
1.090060
-2.478450
1.102012
-2.497343
1.106118
-2.480960
1.094748
-2.475728
1.106569
-2.518216
1.125949
-2.555121
1.135802
-2.566954
1.141547
-2.590184
1.159661
-2.646878
1.188911
-2.719517
1.224688
-2.808681
1.264795
-2.888260
1.289313
-2.918048
1.296727
-2.937461
1.317959
-3.021671
1.361813
-3.119852
1.401743
-3.191364
1.424141
-3.238105
1.451015
-3.313986
1.492143
-3.431418
1.549442
-3.541529
1.584198
-3.591873
1.595960
-3.606643
1.602618
-3.615966
1.599174
-3.588510
1.576966
-3.510171
1.531017
-3.388309
1.467309
-3.209270
1.368418
-2.947105
1.240489
-2.646101
1.106712
0.000000
0.000000
0.000000
0.000000
0.000000
0.000000
0.000000
0.000000
0.000000
0.000000
0.000000
0.000000
0.000000
0.000000
0.000000
0.000000
0.000000
0.000000
0.000000
0.000000
0.000000
0.000000
0.000000
0.000000
0.000000
0.000000
0.000000
0.000000
0.000000
0.000000
0.000000
0.000000
0.000000
0.000000
0.000000
-1.208302
0.296784
-1.588730
0.688516
-2.094915
1.070736
-2.571237
1.241532
-2.738183
1.185184
-2.571762
1.088995
-2.398372
0.759533
-2.091855
0.729177
-2.121152
0.840493
-2.270399
1.085834
-2.536013
1.129922
-2.603696
1.173828
-2.686638
1.205932
-2.750319
1.234303
-2.825229
1.273612
-2.910207
1.300728
-2.952032
1.317609
-2.995492
1.340209
-3.048463
1.362001
-3.098160
1.386118
-3.153531
1.409077
-3.200817
1.428666
-3.249589
1.453876
-3.303554
1.472125
-3.335317
1.485508
-3.368414
1.503988
-3.421755
1.530497
-3.482311
1.558466
-3.552684
1.592858
-3.630242
1.621150
-3.667022
1.624535
-3.656112
1.618320
-3.652138
1.625974
-3.689537
1.644617
-3.735032
1.667172
-3.784698
1.692475
-3.858609
1.729612
-3.940939
1.763099
-4.003922
1.786860
-4.065327
1.817834
-4.135201
1.851921
-4.223724
1.894380
-4.324591
1.941265
-4.434895
1.986567
-4.511662
2.014206
-4.586918
2.055415
-4.677859
2.087848
-4.734421
2.110511
-4.794458
2.144018
-4.876723
2.179344
-4.959801
2.224406
-5.082938
2.285673
-5.235813
2.358693
-5.407932
2.438889
-5.594061
2.519873
-5.771800
2.597804
-5.945903
2.677102
-6.148432
2.781714
-6.396393
2.882771
-6.602844
2.973002
-6.821486
3.081079
-7.082186
3.201233
-7.361964
3.321659
-7.607717
3.416989
-7.778831
3.466474
-7.830548
3.468926
-7.806832
3.453568
-7.777928
3.448810
-7.804006
3.482727
-7.929149
3.546711
-8.055641
3.592787
-8.146774
3.626579
-8.206933
3.652897
-8.278028
3.690071
-8.377697
3.742805
-8.514381
4.434212
-8.633928
1.276597
-2.919654
1.319415
-3.034835
1.369462
-3.137143
1.411142
-3.232703
1.458006
-3.347054
1.511017
-3.477778
1.578618
-3.657539
1.668173
-3.869696
1.761839
-4.071262
1.850301
-4.286040
1.946257
-4.466142
1.999754
-4.528484
2.006933
-4.507393
1.984037
-4.434702
1.944058
-4.320538
1.882172
-4.165454
1.811552
-4.014189
1.753744
-3.911097
1.720151
-3.850731
1.691547
-3.773046
1.650190
-3.659811
1.590047
-3.504733
1.520262
-3.363718
1.466789
-3.271369
1.442382
-3.241240
1.430387
-3.198771
1.397659
-3.098366
1.351564
-3.004246
1.313457
-2.921466
1.275122
-2.829494
1.234301
-2.733113
1.188514
-2.633471
1.148349
-2.550757
1.115611
-2.493789
1.100095
-2.474288
1.099646
-2.493474
1.112041
-2.522979
1.118521
-2.494915
1.081651
-2.411845
0.860950
-2.194201
0.713458
-2.047464
0.624080
-1.948682
0.580149
-1.885711
0.539269
-1.834009
0.529618
-1.821051
0.518043
-1.793967
0.490786
-1.727739
0.455055
-1.653923
0.422895
-1.572821
0.379758
-1.451897
0.334528
-1.324867
0.297940
-1.158960
0.239005
-0.901115
0.159286
-0.535535
0.063817
-0.092330
-0.020408
0.305264
-0.465266
1.174011
-1.177231
2.170290
-0.860984
1.696338
-2.589891
3.494803
0.313835
-0.775759
1.252752
-2.183416
3.010204
0.000000
0.000000
0.000000
0.000000
0.000000
0.000000
0.000000
0.000000
0.000000
0.000000
0.000000
0.000000
0.000000
0.000000
0.000000
0.000000
0.000000
0.000000
0.000000
0.000000
0.000000
0.000000
0.000000
0.000000
0.000000
0.000000
0.000000
0.000000
0.000000
0.000000
0.000000
0.000000
0.000000
0.000000
0.000000
0.000000
0.000000
0.000000
0.000000
0.000000
0.000000
0.000000
0.000000
0.000000
0.000000
0.000000
0.000000
0.000000
0.000000
0.000000
0.000000
0.000000
0.000000
0.000000
0.000000
0.000000
0.000000
0.000000
0.000000
0.000000
0.000000
0.000000
0.000000
0.000000
0.000000
0.000000
0.000000
0.000000
0.000000
0.000000
-1.437384
1.325775
-3.900210
5.751740
-9.041835
10.126154
2.346126
-5.633073
8.262623
-7.937778
10.291739
-1.740924
1.822918
-4.895466
7.323899
-9.778118
11.060932
2.424910
-5.959511
8.802294
-9.129271
11.379872
-0.530983
-0.652619
-0.427855
-0.870639
-0.024870
-1.652177
1.469299
-4.414394
6.472649
-10.493631
11.855543
2.499747
-6.177561
9.079629
-9.758126
11.887004
0.145637
-2.008092
2.125484
-5.615104
8.360167
-10.790965
12.281454
2.454374
-6.214129
9.218500
-10.622324
12.620395
1.157703
-3.988927
5.671273
-10.432899
12.651769
0.219411
-2.226748
2.435275
-6.136900
9.018687
-10.487906
12.251902
1.376451
-4.293045
6.218942
-10.507677
12.045010
1.945782
-5.246243
7.726683
-10.546716
11.648052
2.726157
-6.421643
9.271673
-8.510067
10.996205
-2.382036
2.915617
-6.661869
9.553111
-7.420341
10.346006
-5.542546
8.301765
-10.066582
11.850760
1.652962
-4.806097
7.134839
-10.987200
12.276912
2.971650
-7.029888
10.202921
-9.123588
11.985184
-3.235109
4.350878
-8.930534
11.903637
-3.791552
5.354362
0.359609
11.071595
1.590338
-2.092268
2.552248
0.331261
-0.524745
0.895582
-1.151537
1.522120
-0.254912
0.447587
-0.413235
0.496768
-0.079913
0.012380
0.038911
-0.341972
0.113600
-0.661428
0.194735
-1.004402
0.279596
-1.296609
0.345457
-1.488984
0.411990
-1.611289
0.442547
-1.670839
0.467277
-1.722395
0.489663
-1.767222
0.503923
-1.780141
0.506235
-1.803798
0.544116
-1.876699
0.587223
-1.945252
0.637251
-2.016942
0.681369
-2.063004
0.691409
-2.069219
0.707421
-2.099163
0.754449
-2.154826
0.800065
-2.209471
0.877930
-2.285829
0.965343
-2.367928
1.119479
-2.559124
1.130984
-2.607187
1.181878
-2.714011
1.221632
-2.784300
1.244847
-2.838786
1.278403
-2.930869
1.318348
-3.016729
1.354922
-3.090442
1.387658
-3.173009
1.425912
-3.258025
1.462091
-3.336823
1.498308
-3.418977
1.530626
-3.482029
1.553027
-3.517147
1.565506
-3.550113
1.589766
-3.628604
1.627751
-3.718862
1.669767
-3.804198
1.696577
-3.842329
1.710192
-3.868287
1.718407
-3.881772
1.721549
-3.877890
1.717941
-3.878254
1.715038
-3.827833
1.665757
-3.662469
1.575291
-3.436357
1.469681
-3.179051
1.339587
-2.843901
1.179720
-2.476023
0.825846
-2.100871
0.539021
-1.799355
0.528633
-1.879368
0.697510
-2.179885
1.198080
-2.835232
1.236490
-3.061534
1.501906
-3.644416
1.719738
-4.088985
0.000000
0.000000
0.000000
0.000000
0.000000
-1.566458
0.378665
0.000000
0.000000
0.000000
0.000000
0.000000
0.000000
0.000000
0.000000
0.000000
0.000000
0.000000
0.000000
0.000000
0.000000
0.000000
0.000000
0.000000
0.000000
0.000000
0.000000
0.000000
0.000000
0.000000
0.000000
0.000000
0.000000
0.000000
0.000000
0.000000
0.000000
0.000000
-1.219918
0.311235
-1.724818
0.771244
-2.422617
1.281272
-3.187835
1.597485
-3.656954
1.648333
-3.752130
1.679199
-3.826198
1.708571
-3.862484
1.716297
-3.886940
1.732169
-3.931860
1.755628
-3.987252
1.777523
-4.032790
1.800148
-4.091165
1.829733
-4.168977
1.869669
-4.263662
1.906751
-4.331804
1.936105
-4.412422
1.983140
-4.548835
2.053898
-4.706711
2.112337
-4.807839
2.149705
-4.890448
2.186345
-4.964513
2.211537
-5.013063
2.234433
-5.063830
2.257176
-5.126101
2.289542
-5.200018
2.321082
-5.270254
2.352304
-5.340401
2.383228
-5.417001
2.421352
-5.498756
2.451786
-5.560141
2.478961
-5.628735
2.515167
-5.718322
2.550655
-5.778742
2.573439
-5.834356
2.601026
-5.893528
2.624655
-5.955403
2.657687
-6.036676
2.695233
-6.114171
2.727133
-6.199920
2.775581
-6.329110
2.839269
-6.487158
2.917668
-6.685773
3.012164
-6.905755
3.112037
-7.127070
3.207568
-7.352324
3.316690
-7.609098
3.423594
-7.821256
3.514732
-8.050299
3.629318
-8.329351
3.756113
-8.610687
3.875698
-8.864004
3.979010
-9.059568
4.040293
-9.143101
4.062860
-9.183085
4.075329
-9.185303
4.064646
-9.146479
4.046280
-9.112154
4.037725
-9.121744
4.059540
-9.195448
4.096066
-9.291388
4.148314
-9.433938
4.218462
-9.590759
4.285854
-9.737783
4.346779
-9.871968
4.405123
-13.743507
4.445642
-3.644470
1.628283
-3.710433
1.666087
-3.817477
1.724198
-3.963716
1.793990
-4.139883
1.876597
-4.320569
1.952740
-4.489182
2.031306
-4.682018
2.121947
-4.890090
2.208349
-5.042736
2.250824
-5.092360
2.258003
-5.079163
2.237163
-4.990833
2.178578
-4.817882
2.090567
-4.619479
2.013009
-4.475240
1.959824
-4.374849
1.922484
-4.298629
1.887510
-4.213309
1.852106
-4.153064
1.831271
-4.104205
1.807303
-4.049753
1.784147
-3.989549
1.746191
-3.874898
1.687667
-3.741603
1.633922
-3.634370
1.587489
-3.521581
1.535273
-3.405672
1.485697
-3.302544
1.446380
-3.220708
1.406401
-3.119816
1.359323
-3.000218
1.296198
-2.846168
1.226539
-2.688556
1.160492
-2.556641
1.106509
-2.424933
0.887786
-2.209465
0.702449
-2.038273
0.637166
-1.968795
0.592411
-1.914137
0.563965
-1.862337
0.524090
-1.794869
0.480462
-1.691873
0.423122
-1.562452
0.377394
-1.466374
0.354150
-1.405496
0.330789
-1.328531
0.310441
-1.249866
0.283780
-1.140524
0.254434
-1.031556
0.228243
-0.923862
0.193882
-0.764082
0.143237
-0.513114
0.068741
-0.144691
-0.009964
0.260248
-0.369771
1.034326
-1.044220
2.019462
-0.957521
1.923452
-2.721400
3.780756
0.444823
-1.571220
2.390401
-4.166838
0.000000
0.000000
0.000000
0.000000
0.000000
0.000000
0.000000
0.000000
0.000000
0.000000
0.000000
0.000000
0.000000
0.000000
0.000000
0.000000
0.000000
0.000000
0.000000
0.000000
0.000000
0.000000
0.000000
0.000000
0.000000
0.000000
0.000000
0.000000
0.000000
0.000000
0.000000
0.000000
0.000000
0.000000
0.000000
0.000000
0.000000
0.000000
0.000000
0.000000
0.000000
0.000000
0.000000
0.000000
0.000000
0.000000
0.000000
0.000000
0.000000
0.000000
0.000000
0.000000
0.000000
0.000000
0.000000
0.000000
0.000000
0.000000
0.000000
0.000000
0.000000
0.000000
0.000000
0.000000
0.000000
0.000000
0.000000
0.000000
0.000000
-1.659264
1.526454
-4.496102
6.650917
-10.477569
11.742479
2.720631
-6.532964
9.573981
-9.169670
11.833900
-1.992358
2.079355
-5.573952
8.326521
-11.102604
12.541030
2.745992
-6.748394
9.973404
-10.359920
12.953967
-0.606506
-0.747357
-0.490789
-1.000871
-0.028687
-1.912544
1.706685
-5.143564
7.557789
-12.260811
13.844222
2.917417
-7.219717
10.648436
-11.495008
14.047827
0.172349
-2.379599
2.522105
-6.671189
9.945686
-12.848618
14.613505
2.915089
-7.369043
10.925205
-12.590025
14.986190
1.378564
-4.766808
6.811403
-12.599100
15.371246
0.268544
-2.748510
3.031787
-7.699360
11.373832
-13.260500
15.493828
1.736192
-5.388823
7.773627
-13.109123
15.024751
2.428905
-6.563491
9.716642
-13.368149
14.892404
3.515097
-8.357185
12.161459
-11.226530
14.570666
-3.163472
3.873583
-8.837555
12.626910
-9.764439
13.528649
-7.183376
10.647653
-12.781552
14.919456
2.069834
-5.999611
8.890055
-13.673269
15.255652
3.686480
-8.728300
12.734942
-11.482204
15.229089
-4.142847
5.598737
-11.519070
15.344633
-4.879713
6.873825
-12.887285
15.902355
-0.484455
-1.382410
0.341664
0.690728
11.711826
-2.905223
3.554851
0.288071
-0.645433
1.036787
-1.720213
2.477318
-1.230727
1.855211
-1.353188
1.738649
-0.264268
0.475450
-0.505520
0.672529
-0.212701
0.229031
-0.013523
-0.158287
0.028421
-0.378223
0.114543
-0.729617
0.207677
-1.036162
0.274840
-1.226892
0.312218
-1.349167
0.347408
-1.460189
0.389382
-1.554290
0.414589
-1.591469
0.421829
-1.617293
0.444012
-1.684124
0.478087
-1.742447
0.495731
-1.773617
0.509245
-1.804574
0.532507
-1.845119
0.558628
-1.897833
0.596224
-1.942276
0.593969
-1.926824
0.591568
-1.938174
0.631920
-2.023794
0.739506
-2.165795
0.862948
-2.284020
0.973650
-2.377367
1.102527
-2.506332
1.106525
-2.545897
1.152299
-2.638603
1.187672
-2.729436
1.236750
-2.856178
1.296337
-2.986063
1.349634
-3.095052
1.391856
-3.181385
1.427035
-3.251709
1.457222
-3.320677
1.484198
-3.371355
1.507118
-3.435888
1.543541
-3.530813
1.587124
-3.621481
1.622516
-3.703618
1.663172
-3.793828
1.691505
-3.822137
1.695358
-3.814747
1.680487
-3.749227
1.638335
-3.636337
1.585227
-3.505090
1.516964
-3.331140
1.430104
-3.102114
1.314507
-2.815129
1.182187
-2.524472
0.990199
-2.289752
0.615448
-1.879733
0.486793
-1.711064
0.471491
-1.759257
0.570037
-2.000295
0.904480
-2.442339
1.261000
-3.062341
1.417587
-3.394899
1.584260
-3.708331
1.687305
-3.861939
1.714283
-3.825812
1.664432
-3.672400
1.593947
-3.527165
1.538561
-3.426498
1.503407
-3.363136
1.479768
-3.302851
1.445627
-3.217650
1.409241
-3.146720
1.384137
-3.100550
1.361380
-3.022590
1.312802
-2.889353
1.243247
-2.709012
1.152925
-2.484431
0.959918
-2.276113
0.716126
-2.062536
0.715223
-2.111585
0.855541
-2.299346
1.157306
-2.671446
1.168176
-2.738666
1.263198
-2.922516
1.325516
-3.049265
1.372853
-3.140364
1.413374
-3.238064
1.458498
-3.339256
1.499480
-3.423474
1.534583
-3.493506
1.562538
-3.568652
1.605588
-3.666601
1.640180
-3.722639
1.658978
-3.762376
1.677766
-3.811745
1.703040
-3.873079
1.733920
-3.944769
1.761482
-4.006599
1.791109
-4.072499
1.819903
-4.132700
1.843638
-4.187141
1.871120
-4.249656
1.895801
-4.301353
1.918305
-4.352338
1.939280
-4.390316
1.953790
-4.424365
1.969093
-4.460860
1.989207
-4.520556
2.019207
-4.582996
2.047743
-4.655522
2.075541
-4.703985
2.099703
-4.774503
2.135889
-4.860317
2.175551
-4.965288
2.230517
-5.102398
2.294638
-5.236694
2.344033
-5.335651
2.386562
-5.428443
2.422469
-5.487345
2.447261
-5.573707
2.503426
-5.736588
2.590688
-5.966247
2.704288
-6.241940
2.829124
-6.508267
2.937744
-6.732450
3.025853
-6.898828
3.088095
-7.032047
3.146502
-7.156210
3.193557
-7.237904
3.224032
-7.317940
3.275373
-7.476785
3.361975
-7.704138
3.475007
-7.986749
3.611544
-8.303804
3.741041
-8.535176
3.812630
-8.643740
3.842613
-8.667884
3.842342
-8.677811
3.858660
-8.743735
3.901892
-8.877028
3.974041
-9.048958
4.047197
-9.202022
4.108156
-9.323954
4.158787
-9.442649
4.222412
-9.624943
4.318207
-9.860216
4.425877
-16.213438
4.517767
-3.450855
1.551550
-3.545784
1.593668
-3.649421
1.647505
-3.787270
1.708643
-3.917440
1.765266
-4.048387
1.824214
-4.188456
1.895796
-4.372965
1.982422
-4.556743
2.052096
-4.686340
2.094678
-4.743639
2.102786
-4.716179
2.067842
-4.597805
2.004602
-4.445991
1.943028
-4.324159
1.891507
-4.220172
1.850938
-4.121142
1.802883
-4.009221
1.751591
-3.900587
1.713236
-3.840106
1.691536
-3.780826
1.659260
-3.700505
1.623118
-3.632894
1.603333
-3.612148
1.601800
-3.603881
1.587095
-3.546349
1.555295
-3.463315
1.516366
-3.379050
1.480454
-3.300039
1.446824
-3.233769
1.427183
-3.223021
1.436762
-3.254447
1.439772
-3.219587
1.413958
-3.163608
1.391521
-3.115528
1.368376
-3.049975
1.334992
-2.966581
1.290012
-2.846918
1.232059
-2.710102
1.175605
-2.611091
1.143737
-2.546669
1.111461
-2.464534
1.053158
-2.389767
0.869564
-2.215786
0.770967
-2.129117
0.705108
-2.056165
0.642528
-1.977500
0.596678
-1.911014
0.538243
-1.797720
0.461766
-1.642368
0.396472
-1.491476
0.346254
-1.357382
0.307362
-1.223763
0.268806
-1.041228
0.202396
-0.737825
0.118170
-0.365598
0.031135
0.035773
-0.060699
0.397348
-0.607500
1.420475
-1.105381
2.113833
-1.544889
2.600454
-1.666797
2.603295
-1.720416
2.449394
-1.112029
1.652337
-1.258698
1.530415
-0.080141
0.208334
-0.191282
0.418367
-0.468806
0.971977
-0.500854
1.156216
-1.366007
2.246609
-0.300485
0.599530
-1.138635
2.039285
-2.553862
3.358092
0.444612
-1.041897
1.845389
-3.339211
4.627892
-0.431730
0.112539
-1.026402
0.000000
0.000000
0.000000
0.000000
0.000000
0.000000
0.000000
0.000000
0.000000
0.000000
0.000000
0.000000
0.000000
0.000000
-1.314359
1.202263
-3.520509
5.198315
-8.219422
9.271766
2.159516
-5.194380
7.605884
-7.281876
9.405983
-1.586066
1.658682
-4.458415
6.677653
-8.934649
10.131563
2.222011
-5.452901
8.040361
-8.342321
10.422867
-0.487686
-0.600962
-0.394931
-0.806414
-0.023168
-1.550203
1.388011
-4.189568
6.159460
-10.000910
11.319201
2.390985
-5.923262
8.742756
-9.448878
11.568486
0.142169
-1.962818
2.077071
-5.482075
8.164850
-10.554193
12.026193
2.404646
-6.092533
9.053623
-10.460594
12.478800
1.150504
-3.985073
5.694025
-10.527855
12.845865
0.224638
-2.301234
2.541610
-6.471425
9.596185
-11.251668
13.257374
1.499892
-4.700422
6.844457
-11.655348
13.498781
2.204724
-6.007830
8.945816
-12.359224
13.820271
3.271724
-7.803250
11.411014
-10.596809
13.832359
-3.017095
3.710738
-8.503119
12.179756
-9.418751
13.019473
-6.878687
10.129457
-12.079958
13.987419
1.921508
-5.515116
8.101921
-12.374571
13.736288
3.310194
-7.817678
11.354304
-10.175282
13.402843
-3.621306
4.864071
-9.956806
13.203966
-4.175599
5.839017
-10.857042
13.274103
-0.400798
-1.135332
0.279668
-2.418959
2.759880
-6.897909
10.277355
-11.237562
13.831652
0.232146
-2.483830
2.728370
-6.971075
10.315084
-12.242335
14.273901
1.841578
-5.446117
8.011240
-12.753333
14.299804
3.195850
-7.722704
11.283251
-11.242329
14.162375
0.917705
8.760577
-2.930901
3.428722
0.497053
-0.955593
1.557294
-2.108682
2.580319
0.226286
-0.362239
0.643598
-0.914587
1.376088
-0.836805
1.099889
-0.262294
0.355006
-0.125331
-0.076058
-0.073416
-0.133737
-0.182203
-0.244914
-0.279232
-0.338814
-0.333313
-0.376765
-0.329929
-0.371896
-0.293846
-0.350832
-0.253915
-0.343304
-0.222409
-0.366506
-0.196706
-0.427759
-0.166550
-0.553558
-0.108788
-0.723207
-0.003142
-0.921640
0.135314
-1.124169
0.257807
-1.295853
0.334522
-1.429379
0.375545
-1.533422
0.426846
-1.664505
0.480001
-1.756558
0.506325
-1.795861
0.520174
-1.818798
0.535636
-1.860586
0.589573
-1.961214
0.664181
-2.057934
0.716016
-2.109488
0.737632
-2.127163
0.761366
-2.163355
0.828357
-2.242635
0.919846
-2.321731
0.963983
-2.351312
1.003578
-2.384124
1.101406
-2.496993
1.097016
-2.489099
1.114444
-2.551143
1.154963
-2.669946
1.213414
-2.804584
1.273630
-2.937860
1.327112
-3.038206
1.364360
-3.112838
1.393402
-3.161607
1.404483
-3.170246
1.408095
-3.179077
1.406241
-3.158005
1.389822
-3.090523
1.339941
-2.935033
1.258432
-2.732173
1.157704
-2.479073
0.907786
-2.204517
0.595010
-1.851762
0.454577
-1.593314
0.348378
-1.320405
0.281419
-1.117318
0.253528
-1.093678
0.285511
-1.358167
0.413959
-1.780406
0.731578
-2.264249
1.257879
-3.004257
1.327303
-3.215960
1.517287
-3.519982
1.579341
-3.559680
1.561163
-3.463997
1.508910
-3.352051
1.469282
-3.286823
1.443717
-3.209373
1.393404
-3.061444
1.321878
-2.910556
1.258708
-2.764102
1.195142
-2.633477
1.139143
-2.507340
1.085244
-2.412241
0.826292
-2.141820
0.618937
-1.896050
0.484715
-1.670310
0.394762
-1.495216
0.366753
-1.482122
0.391488
-1.571664
0.445810
-1.726946
0.538736
-1.904666
0.653186
-2.068166
0.778020
-2.204687
0.869594
-2.282796
0.941976
-2.336896
0.977465
-2.364377
1.086168
-2.475783
1.094945
-2.495709
1.120858
-2.550928
1.136004
-2.564487
1.137674
-2.577183
1.154247
-2.634327
1.182051
-2.704551
1.217912
-2.794025
1.260801
-2.891893
1.302088
-2.977121
1.334896
-3.037494
1.355996
-3.081450
1.379854
-3.143329
1.405607
-3.198381
1.433268
-3.274894
1.476091
-3.390841
1.531176
-3.514193
1.581402
-3.603727
1.610392
-3.661820
1.636845
-3.720052
1.661203
-3.775869
1.690195
-3.854984
1.728844
-3.947202
1.773035
-4.050951
1.820235
-4.163759
1.870582
-4.267972
1.912108
-4.358012
1.953971
-4.454035
1.991784
-4.528870
2.022699
-4.589928
2.050102
-4.677454
2.104115
-4.822643
2.176178
-5.012189
2.279445
-5.292798
2.416617
-5.608896
2.553094
-5.898277
2.671215
-6.132657
2.762297
-6.328088
2.850575
-6.532067
2.940123
-6.727945
3.025452
-6.927451
3.118797
-7.133057
3.203931
-7.320517
3.284193
-7.497094
3.370729
-7.720958
3.476284
-7.956324
3.572081
-8.122504
3.610600
-8.128185
3.586477
-8.045954
3.554235
-8.002074
3.549711
-8.032404
3.580868
-8.133881
3.634901
-8.260551
3.687542
-8.381609
3.752926
-8.571632
3.852692
-8.809558
3.957333
-9.036791
4.049368
-9.215849
7.815809
-9.343087
1.649638
-3.750335
1.683704
-3.869451
1.759981
-4.091135
1.869211
-4.330513
1.969470
-4.556735
2.071277
-4.785586
2.170610
-5.008757
2.272289
-5.241219
2.372119
-5.442080
2.443672
-5.559741
2.475344
-5.590428
2.474967
-5.554088
2.441772
-5.446931
2.384089
-5.312304
2.335404
-5.233931
2.303304
-5.147872
2.258381
-5.036155
2.206315
-4.919751
2.160389
-4.832717
2.129488
-4.782757
2.110531
-4.727085
2.074376
-4.626362
2.030192
-4.533483
1.987811
-4.423485
1.933330
-4.307441
1.890416
-4.225027
1.856170
-4.147862
1.819110
-4.049398
1.768705
-3.931871
1.720822
-3.837114
1.686272
-3.773735
1.657393
-3.701706
1.628458
-3.645268
1.600446
-3.568211
1.563087
-3.485733
1.525928
-3.392033
1.478916
-3.271595
1.425023
-3.167244
1.386874
-3.091299
1.353285
-3.015607
1.319986
-2.930553
1.276967
-2.832571
1.239506
-2.762109
1.210255
-2.697239
1.177587
-2.622870
1.154052
-2.576103
1.126383
-2.499535
1.085657
-2.415316
0.866497
-2.195332
0.693353
-2.018285
0.602535
-1.906255
0.530551
-1.782738
0.443856
-1.571743
0.342649
-1.293001
0.263071
-0.967575
0.170977
-0.583883
0.075365
-0.152963
-0.011606
0.279778
-0.406891
1.071959
-1.011071
1.868559
-0.831661
1.559131
-1.826684
2.361334
0.183545
-0.265486
0.475389
-0.598495
0.844407
-0.514947
0.548374
-0.000750
0.056633
-0.007513
0.086108
-0.062028
0.305530
-0.349957
0.874241
-0.615419
1.265722
-0.959740
1.719087
-0.937477
1.745019
-1.707522
2.610801
-0.413732
0.771878
-1.525799
2.675921
-2.927590
4.006362
0.009920
-0.682726
0.686738
-2.079019
3.247580
-5.187311
6.048518
1.545563
-3.786639
5.707160
-5.167555
7.052700
-2.228663
3.147347
-5.990878
7.450112
-0.502821
-0.116124
-0.852020
0.560832
-2.126278
2.954132
-5.817367
7.506950
-1.115924
1.037558
-3.076518
4.580543
-7.249511
8.174734
1.909002
-4.580477
6.702773
-6.386645
8.278376
-1.470827
1.605091
-4.195098
6.296515
-7.825619
9.128555
1.478892
-4.060276
6.059286
-8.477644
9.518627
2.294213
-5.457296
7.958657
-7.232141
9.511910
-2.397190
3.158259
-6.778436
9.351346
-4.431415
6.607167
-9.172371
10.299002
2.463489
-5.910509
8.695107
-8.089571
10.663470
-2.436131
3.074346
-6.951849
9.921397
-6.880982
9.859536
-7.336164
10.342375
-6.346109
9.300028
-8.966772
11.542448
-1.818261
1.787566
-5.000639
7.440429
-10.843922
12.088635
3.005731
-7.046737
10.224369
-8.808395
11.868292
-4.139832
5.981328
-10.707362
12.768036
1.119432
-3.948362
5.595200
-10.490050
12.923764
-0.260509
-1.371266
0.758286
-3.259101
4.315765
-8.910480
11.908616
-4.370242
6.306586
-10.691849
12.284549
1.908015
-5.227014
7.720112
-10.900824
12.064517
2.938144
-6.870154
9.913820
-8.643684
11.405396
-3.492724
4.827951
-9.098022
11.282610
-0.833086
-0.040505
-1.563569
1.368242
-4.231264
6.257206
-10.480070
12.052502
2.324208
-5.971178
8.874249
-10.639536
12.437514
1.682133
-4.901108
7.230820
-11.235577
12.513636
2.944446
-6.968943
10.100130
-9.299198
12.064374
-2.625851
-3.130311
2.153663
-1.965655
2.829302
-3.022486
3.756824
-0.026169
-0.107786
0.068950
-0.211421
0.309873
-0.559566
0.948016
-1.372355
1.913049
-0.614825
1.023278
-1.054966
1.351198
0.040768
0.040548
0.045108
0.040760
0.046361
0.033625
0.034597
0.010639
-0.026541
-0.053919
-0.145575
-0.114827
-0.295638
-0.137991
-0.460069
-0.104691
-0.630002
-0.017132
-0.796676
0.099320
-0.968981
0.209071
-1.120459
0.276777
-1.243281
0.312276
-1.336720
0.335533
-1.402779
0.357316
-1.461304
0.379743
-1.530576
0.411112
-1.603495
0.441298
-1.672369
0.472857
-1.745850
0.508668
-1.808215
0.540506
-1.872607
0.595601
-1.973643
0.684302
-2.095471
0.786086
-2.209397
0.900111
-2.319229
1.056765
-2.468090
1.115027
-2.559373
1.149975
-2.626260
1.175550
-2.679043
1.201542
-2.734737
1.222427
-2.785369
1.250846
-2.863367
1.289371
-2.951839
1.327927
-3.039974
1.368464
-3.132028
1.406022
-3.212631
1.446608
-3.319736
1.496941
-3.430887
1.539632
-3.490505
1.545141
-3.460812
1.515964
-3.364420
1.462940
-3.229556
1.397161
-3.062852
1.313783
-2.855005
1.210172
-2.588484
1.083766
-2.380860
0.645345
-1.910470
0.479717
-1.650953
0.374063
-1.400585
0.304912
-1.253728
0.310908
-1.372129
0.385372
-1.665964
0.606432
-2.121623
1.231923
-2.958146
1.264581
-3.111328
1.497372
-3.489739
1.564555
-3.511461
1.527343
-3.347694
1.438718
-3.159664
1.374195
-3.057559
1.341598
-3.004551
1.330358
-3.001484
1.325854
-2.962504
1.288756
-2.824594
1.209801
-2.628330
1.122971
-2.445559
0.941613
-2.260439
0.659965
-1.929986
0.466909
-1.606411
0.349355
-1.351274
0.304639
-1.250001
0.303826
-1.309995
0.340927
-1.494187
0.437659
-1.725896
0.549820
-1.935126
0.684018
-2.102937
0.780764
-2.196200
0.839277
-2.245434
0.862556
-2.247619
0.817902
-2.194730
0.793246
-2.182290
0.817168
-2.209559
0.815267
-2.202870
0.819273
-2.218524
0.891263
-2.295460
0.930108
-2.318668
0.959439
-2.346379
1.023928
-2.404482
1.104543
-2.525961
1.127822
-2.591054
1.172663
-2.702407
1.226002
-2.824208
1.273200
-2.902103
1.294545
-2.939407
1.315892
-2.996322
1.339753
-3.047130
1.363474
-3.111298
1.398359
-3.194144
1.433294
-3.277006
1.475415
-3.381521
1.522283
-3.482174
1.565255
-3.580869
1.608637
-3.668455
1.640340
-3.723743
1.660003
-3.769049
1.686823
-3.853223
1.734411
-3.974089
1.787416
-4.072960
1.819577
-4.136455
1.851922
-4.224037
1.893238
-4.310237
1.924463
-4.363105
1.943381
-4.406973
1.966381
-4.470432
1.999798
-4.547410
2.035617
-4.656533
2.101088
-4.829971
2.184212
-5.027987
2.274510
-5.230879
2.362535
-5.422775
2.443979
-5.590609
2.512770
-5.756395
2.592893
-5.926416
2.656932
-6.061661
2.722487
-6.231410
2.808555
-6.446565
2.911033
-6.691054
3.021913
-6.941668
3.129611
-7.148223
3.193947
-7.228953
3.204247
-7.208521
3.185375
-7.168859
3.178473
-7.176367
3.187284
-7.211038
3.209197
-7.274505
3.245386
-7.372252
3.295652
-7.508528
3.368881
-7.700765
3.459686
-7.897023
3.538472
-8.061180
8.427719
-8.148573
1.558359
-3.480435
1.529261
-3.418762
1.501162
-3.349661
1.467203
-3.271355
1.437496
-3.217633
1.417039
-3.187679
1.409792
-3.173381
1.407932
-3.182857
1.413890
-3.197723
1.420876
-3.210212
1.428804
-3.241553
1.446900
-3.290221
1.466896
-3.313274
1.467059
-3.299853
1.456642
-3.269405
1.436746
-3.191710
1.391276
-3.095671
1.362422
-3.067595
1.359146
-3.064779
1.357821
-3.053563
1.346657
-3.023728
1.333845
-2.984465
1.309470
-2.909698
1.264515
-2.801463
1.230485
-2.772262
1.231378
-2.773436
