0.003648
-0.000669
0.012732
-0.008082
0.087772
-0.056612
0.200806
-0.126420
0.323973
-0.160748
0.357372
-0.186736
0.406103
-0.205465
0.467722
-0.289827
0.587313
-0.289744
0.572941
-0.346016
0.630732
-0.260487
0.547176
-0.411332
0.730065
-0.224240
0.490275
-0.446893
0.738300
-0.154443
0.378072
-0.377619
0.673070
-0.249899
0.499795
-0.359893
0.577447
-0.114737
0.300024
-0.264169
0.501916
-0.191961
0.407971
-0.264272
0.481685
-0.145379
0.326411
-0.219119
0.386404
-0.093185
0.237082
-0.160020
0.341254
-0.124902
0.314579
-0.212499
0.447232
-0.180028
0.411870
-0.289417
0.566673
-0.210232
0.473779
-0.384265
0.683771
-0.183564
0.417298
-0.371837
0.608870
-0.139080
0.334792
-0.287763
0.521405
-0.160647
0.347013
-0.235592
0.412452
-0.097324
0.249573
-0.175843
0.355638
-0.121194
0.282917
-0.165040
0.315424
-0.090382
0.199188
-0.090640
0.178689
-0.045867
0.127914
-0.049859
0.104398
-0.022803
0.045732
-0.004458
-0.006268
0.004408
-0.040933
0.000000
0.000000
0.000000
0.000000
0.000000
0.000000
0.000000
0.000000
0.000000
0.000000
0.000000
0.000000
0.000000
0.000000
0.000000
0.000000
0.000000
0.000000
0.000000
0.000000
0.000000
0.000000
0.000000
0.000000
0.000000
0.000000
0.000000
0.000000
0.000000
0.000000
0.000000
0.000000
0.000000
0.000000
0.000000
0.000000
0.000000
0.000000
0.000000
0.000000
0.000000
0.000000
0.000000
0.000000
0.000000
0.000000
0.000000
0.000000
0.000000
0.000000
0.000000
0.000000
0.000000
0.000000
0.000000
0.000000
0.000000
0.000000
0.000000
0.000000
0.000000
0.000000
0.000000
0.000000
0.000000
0.000000
0.000000
0.000000
0.000000
0.000000
0.000000
0.000000
0.000000
0.000000
0.000000
0.000000
0.000000
0.000000
0.000000
0.000000
0.000000
0.000000
0.000000
0.000000
0.000000
0.000000
0.000000
0.000000
0.000000
0.000000
0.000000
0.000000
0.000000
-1.215143
0.303408
-1.642725
0.719772
-2.224954
1.162252
-2.861300
1.420227
-3.235698
1.454145
-3.288859
1.462289
-3.321866
1.484567
-3.372826
1.504104
-3.405599
1.516087
-3.447269
1.545468
-3.521883
1.573566
-3.566981
1.586689
-3.591284
1.598795
-3.623454
1.619561
-3.695304
1.658306
-3.783777
1.694479
-3.847234
1.714496
-3.882753
1.723523
-3.882634
1.716924
-3.864376
1.711967
-3.863040
1.716835
-3.893226
1.737962
-3.942442
1.754265
-3.965684
1.763721
-3.998539
1.783390
-4.041625
1.801543
-4.087914
1.819339
-4.116845
1.828630
-4.119003
1.821050
-4.093025
1.812812
-4.100831
1.828071
-4.146356
1.845415
-4.170704
1.847679
-4.160890
1.847100
-4.179366
1.861249
-4.219533
1.879263
-4.252481
1.885267
-4.235925
1.867383
-4.185705
1.842655
-4.119292
1.807803
-4.039875
1.779128
-3.995786
1.766182
-3.967359
1.751436
-3.936908
1.740983
-3.916976
1.732023
-3.899027
1.726652
-3.889786
1.722277
-3.874318
1.711533
-3.847441
1.698375
-3.804665
1.669327
-3.721781
1.636006
-3.672823
1.623505
-3.647903
1.607077
-3.592492
1.576182
-3.506910
0.254957
-1.396127
0.363521
-1.529929
0.412931
-1.590213
0.414035
-1.564993
0.386000
-1.488145
0.362870
-1.437002
0.349570
-1.403537
0.337019
-1.349331
0.312622
-1.254533
0.286817
-1.158226
0.259933
-1.056849
0.235375
-0.958871
0.213046
-0.886595
0.199810
-0.847778
0.188438
-0.780743
0.165231
-0.682089
0.143387
-0.595076
0.122810
-0.517783
0.107488
-0.452295
0.093952
-0.404560
0.079267
-0.315778
0.053675
-0.209045
0.035483
-0.141572
0.021035
-0.069259
0.004602
0.027028
-0.018500
0.114722
-0.071897
0.229142
-0.131095
0.319765
-0.156560
0.344651
-0.171801
0.368322
-0.172269
0.367460
-0.185713
0.396406
-0.196784
0.434372
-0.248197
0.526550
-0.283332
0.618924
-0.418235
0.777670
-0.349592
0.705608
-0.563588
0.953213
-0.261678
0.569975
-0.627110
1.034161
-0.241599
0.574144
-0.749472
1.279671
-0.486712
0.960108
-1.052307
1.538015
-0.075048
0.231847
-0.297325
0.626433
-0.857571
1.407164
-0.625075
1.122113
-1.008701
1.445230
-0.129647
0.326109
-0.423745
0.827220
-0.916515
0.000000
0.000000
0.000000
0.000000
0.000000
0.000000
0.000000
0.000000
0.000000
0.000000
0.000000
0.000000
0.000000
0.000000
0.000000
0.000000
0.000000
0.000000
0.000000
0.000000
0.000000
0.000000
0.000000
0.000000
0.000000
0.000000
0.000000
0.000000
0.000000
0.000000
0.000000
0.000000
0.000000
0.000000
0.000000
0.000000
0.000000
0.000000
0.000000
0.000000
0.000000
0.000000
0.000000
0.000000
0.000000
0.000000
0.000000
0.000000
0.000000
0.000000
0.000000
0.000000
0.000000
0.000000
0.000000
0.000000
0.000000
0.000000
0.000000
0.000000
0.000000
0.000000
0.000000
0.000000
0.000000
0.000000
0.000000
0.000000
0.000000
0.000000
0.000000
0.000000
0.000000
0.000000
0.000000
0.000000
0.000000
0.000000
0.000000
0.000000
0.000000
0.000000
0.000000
0.000000
0.000000
0.000000
0.000000
0.000000
0.000000
0.000000
0.000000
0.000000
0.000000
0.000000
0.000000
0.000000
0.000000
0.000000
0.000000
0.000000
0.000000
0.000000
0.000000
0.000000
0.000000
0.000000
0.000000
0.000000
0.000000
0.000000
0.000000
0.000000
0.000000
0.000000
0.000000
0.000000
0.000000
0.000000
0.000000
0.000000
0.000000
0.000000
0.000000
0.000000
0.000000
0.000000
0.000000
0.000000
0.000000
0.000000
0.000000
0.000000
0.000000
0.083744
-0.066699
0.205052
-0.285366
0.602972
-0.932111
1.616669
-1.248562
1.946244
-0.662747
1.239463
-1.605353
2.233494
0.050379
-0.054566
0.135312
-0.224507
0.440152
-0.778609
1.415482
-1.967569
2.642420
0.130187
-0.264007
0.474027
-0.909687
1.613394
-2.325120
3.022286
0.260421
-0.562389
0.970698
-1.749892
2.776989
-1.906837
2.995584
-1.831350
2.939274
-2.368369
3.449489
-1.198654
2.028141
-3.099669
3.827748
0.577955
-1.311863
2.185584
-3.351527
4.019734
0.712826
-1.953489
2.906295
-3.600657
4.157365
0.691818
-1.879763
2.821688
-3.879439
4.394544
1.021333
-2.474574
3.652435
1.073438
4.246818
0.224110
-0.170033
0.341522
-0.110515
0.289827
-0.204419
0.425933
-0.160948
0.364436
-0.242314
0.486630
-0.181723
0.421323
-0.318011
0.571005
-0.159802
0.342438
-0.246087
0.434910
-0.104903
0.274184
-0.208430
0.409838
-0.140110
0.333111
-0.226483
0.449256
-0.156049
0.366224
-0.265541
0.504236
-0.159185
0.374654
-0.295193
0.539015
-0.154775
0.369790
-0.305630
0.554679
-0.156841
0.366955
-0.305972
0.566292
-0.166098
0.368807
-0.279272
0.477774
-0.111081
0.288721
-0.224775
0.423834
-0.136646
0.321786
-0.224720
0.456857
-0.160057
0.361010
-0.246286
0.439485
-0.118501
0.304294
-0.238441
0.487627
-0.181079
0.409067
-0.301294
0.556599
-0.167239
0.402610
-0.345963
0.595636
-0.147348
0.321329
-0.241764
0.455582
-0.135966
0.356010
-0.304194
0.568875
-0.181311
0.410550
-0.333924
0.598864
-0.157881
0.355660
-0.279190
0.470336
-0.107879
0.261560
-0.182412
0.340417
-0.101174
0.267786
-0.182081
0.384920
-0.144499
0.319098
-0.178289
0.314791
-0.079405
0.178934
-0.082957
0.173315
-0.046006
0.119961
-0.045378
0.114757
-0.037157
0.117993
-0.049204
0.149479
-0.065204
0.000000
0.000000
0.000000
0.000000
0.000000
0.000000
0.000000
0.000000
0.000000
0.000000
0.000000
0.000000
0.000000
0.000000
0.000000
0.000000
0.000000
0.000000
0.000000
0.000000
0.000000
0.000000
0.000000
0.000000
0.000000
0.000000
0.000000
0.000000
0.000000
0.000000
0.000000
0.000000
0.000000
0.000000
0.000000
-0.594076
0.089915
-0.799398
0.185652
-1.002488
0.258353
-1.191562
0.306432
-1.341740
0.349930
-1.483660
0.409043
-1.627284
0.470103
-1.754174
0.526657
-1.857982
0.580514
-1.929828
0.607432
-1.970133
0.660782
-2.059177
0.751837
-2.171858
0.860509
-2.279422
0.943928
-2.343221
1.026106
-2.411321
1.101940
-2.505844
1.114367
-2.550465
1.151164
-2.636121
1.179610
-2.675362
1.193819
-2.724921
1.227590
-2.809735
1.262136
-2.883214
1.291954
-2.934451
1.305491
-2.953418
1.312346
-2.967693
1.325078
-3.020572
1.354376
-3.091484
1.385933
-3.154289
1.410759
-3.211149
1.435469
-3.262766
1.459557
-3.319969
1.480274
-3.355483
1.493700
-3.378722
1.503147
-3.403657
1.511494
-3.417186
1.523906
-3.465217
1.548843
-3.517852
1.569992
-3.564777
1.587422
-3.585137
1.589067
-3.581918
1.586565
-3.574889
1.583465
-3.563383
1.574550
-3.536405
1.564174
-3.532077
1.574424
-3.579277
1.597970
-3.625378
1.619249
-3.680600
1.640332
-3.709688
1.646300
-3.711401
1.643362
-3.703660
1.641675
-3.707695
1.649151
-3.727940
1.650881
-3.716507
1.645501
-3.713456
1.654124
-3.763236
1.685026
-3.830337
1.707069
-3.863865
1.714355
-3.853347
1.696419
-3.795994
1.670622
-3.748427
1.661200
-3.757673
1.670790
-3.772157
1.669750
-3.754776
1.659133
-3.733873
1.657951
-3.755400
1.671741
-3.788593
1.688622
-3.827077
1.706446
-3.873009
1.727359
-3.922838
1.751077
-3.973130
1.770516
-4.010951
1.784347
-4.022676
1.775159
-3.980886
1.756039
-3.948185
1.752860
-3.972414
2.886032
-3.982904
0.229616
-1.348727
0.338320
-1.464001
0.372167
-1.477407
0.360157
-1.417225
0.336245
-1.352607
0.315506
-1.268078
0.291832
-1.182891
0.269778
-1.103945
0.249497
-1.019983
0.227233
-0.928228
0.201844
-0.821705
0.173511
-0.718393
0.154272
-0.654782
0.142494
-0.605968
0.130469
-0.558844
0.121960
-0.537760
0.118199
-0.516813
0.110827
-0.477504
0.101564
-0.437522
0.090703
-0.389526
0.080148
-0.347190
0.068328
-0.277901
0.049207
-0.199898
0.034631
-0.145521
0.026570
-0.120173
0.023999
-0.122279
0.024123
-0.098621
0.013387
-0.036094
-0.000086
0.038270
-0.019579
0.094573
-0.045946
0.146280
-0.063665
0.163559
-0.064306
0.171569
-0.073715
0.206646
-0.102375
0.271332
-0.148455
0.384036
-0.236959
0.534506
-0.304571
0.607774
-0.339834
0.653298
-0.353610
0.698664
-0.431739
0.810097
-0.420364
0.801827
-0.544055
0.944864
-0.383615
0.751968
-0.669000
1.098743
-0.212845
0.511435
-0.678077
1.185034
-0.635030
1.136266
-0.828486
1.361206
-0.507237
0.985526
-1.100017
1.638985
-0.073558
0.230456
-0.331079
0.684282
-1.013515
1.633662
-0.908072
1.544686
-1.109645
1.760925
-0.718082
1.288781
-1.370590
1.890878
0.027453
0.026782
0.030614
0.027392
0.036550
0.022535
0.048019
0.002801
0.082829
0.000000
0.000000
0.000000
0.000000
0.000000
0.000000
0.000000
0.000000
0.000000
0.000000
0.000000
0.000000
0.000000
0.000000
0.000000
0.000000
0.000000
0.000000
0.000000
0.000000
0.000000
0.000000
0.000000
0.000000
0.000000
0.000000
0.000000
0.000000
0.000000
0.000000
0.000000
0.000000
0.000000
0.000000
0.000000
0.000000
0.000000
0.000000
0.000000
0.000000
0.000000
0.000000
0.000000
0.000000
0.000000
0.000000
0.000000
0.000000
0.000000
0.000000
0.000000
0.000000
0.000000
0.000000
0.000000
0.000000
0.000000
0.000000
0.000000
0.000000
0.000000
0.000000
0.000000
0.000000
0.000000
0.000000
0.000000
0.000000
0.000000
0.000000
0.131234
-0.097233
0.298873
-0.358077
0.704241
-0.641952
0.978096
-0.118642
0.330890
-0.395990
0.772100
-0.623434
1.026309
-0.249905
0.547905
-0.624736
0.997202
-0.271247
0.567503
-0.603045
0.971261
-0.197443
0.456811
-0.513192
0.843796
-0.319450
0.631568
-0.531246
0.926586
-0.232074
0.546350
-0.651929
1.067902
-0.328144
0.663902
-0.697401
1.079396
-0.149109
0.390010
-0.501520
0.950953
-0.761703
1.288791
-0.404811
0.832949
-1.024751
1.547297
-0.174600
0.421158
-0.632229
1.190560
-1.296030
1.863243
-0.028747
0.129226
-0.161896
0.367642
-0.579512
1.097092
-1.473781
2.115500
-0.102262
0.242606
-0.405471
0.789952
-1.300742
2.116687
-1.382974
2.197312
-1.272941
2.098277
-1.601270
2.461637
-0.944004
1.690201
-2.234927
2.880591
0.359123
-0.719346
1.276131
-2.105716
3.027573
-0.652295
1.126302
-1.982869
2.982532
-1.420478
2.360775
-2.604266
3.293699
0.333278
-0.740662
1.268054
-2.250038
3.326850
-1.229002
2.101746
-3.100372
3.773630
0.684720
-1.481106
2.457785
-3.350067
-5.707688
2.756829
-0.427776
0.510181
0.344054
-0.271333
0.560425
-0.212567
0.482924
-0.404139
0.718154
-0.194558
0.453471
-0.450382
0.782334
-0.215456
0.480198
-0.468350
0.763503
-0.170596
0.406087
-0.418335
0.765877
-0.284098
0.618135
-0.581341
0.950346
-0.179481
0.431890
-0.504303
0.886872
-0.423729
0.781984
-0.546950
0.923673
-0.308349
0.657093
-0.683842
1.090138
-0.170907
0.416685
-0.518980
0.926376
-0.581683
0.942419
-0.379718
0.710921
-0.555390
0.872160
-0.168186
0.405220
-0.451136
0.829026
-0.379564
0.740945
-0.577078
0.955065
-0.249154
0.519189
-0.520958
0.793547
-0.148909
0.347037
-0.323216
0.565319
-0.201829
0.416184
-0.279084
0.494479
-0.133331
0.319804
-0.240206
0.417545
-0.102153
0.226408
-0.126141
0.242073
-0.061309
0.152962
-0.064757
0.132469
-0.032437
0.095639
-0.035583
0.096889
-0.027493
0.056013
-0.004436
-0.025702
0.010112
-0.077422
0.017655
-0.078891
0.010990
-0.035468
0.003815
-0.013339
0.003967
-0.038895
0.013945
-0.107213
0.029829
-0.169874
0.039169
-0.194159
0.043837
-0.222506
0.050276
-0.245420
0.055681
-0.269060
0.058688
-0.272062
0.058398
-0.264319
0.053383
-0.240142
0.052278
-0.261962
0.063605
-0.333127
0.084824
-0.442765
0.114902
-0.579734
0.146578
-0.696429
0.171758
-0.790553
0.192142
-0.865880
0.207969
0.000000
0.000000
0.000000
0.000000
0.000000
-0.748794
0.111824
0.000000
0.000000
0.000000
0.000000
0.000000
0.000000
0.000000
0.000000
0.000000
0.000000
0.000000
0.000000
0.000000
0.000000
0.000000
0.000000
0.000000
0.000000
0.000000
0.000000
0.000000
0.000000
0.000000
0.000000
0.000000
0.000000
0.000000
0.000000
0.000000
0.000000
0.000000
-1.029233
0.260030
-1.431349
0.641217
-2.029758
1.084077
-2.724263
1.377019
-3.175669
1.439029
-3.283707
1.466681
-3.320679
1.478241
-3.353970
1.496395
-3.396581
1.516273
-3.445911
1.540478
-3.508484
1.574250
-3.603724
1.622015
-3.707597
1.660307
-3.769275
1.680675
-3.807547
1.691493
-3.825087
1.699993
-3.838860
1.701694
-3.832473
1.696724
-3.825771
1.697885
-3.834330
1.706698
-3.874992
1.730240
-3.929334
1.753804
-3.982620
1.774175
-4.008665
1.778389
-4.013633
1.780528
-4.021260
1.785821
-4.037714
1.794250
-4.052389
1.797372
-4.052070
1.796888
-4.048676
1.789527
-4.019969
1.775773
-4.000066
1.778411
-4.038776
1.806388
-4.111758
1.838605
-4.178367
1.864983
-4.233402
1.886388
-4.265057
1.891362
-4.260887
1.886752
-4.253028
1.888405
-4.276172
1.907497
-4.331992
1.934906
-4.396849
1.962327
-4.452776
1.980334
-4.474748
1.984955
-4.468637
1.973999
-4.433000
1.956350
-4.399755
1.949298
-4.404770
1.961022
-4.442599
1.975893
-4.463142
1.975567
-4.439250
1.962467
-4.413952
1.949074
-4.379795
1.937822
-4.374357
1.944797
-4.398729
1.953673
-4.413855
1.961905
-4.436703
1.967777
-4.441709
1.972573
-4.451110
1.972704
-4.439648
1.962089
-4.414602
1.954449
-4.403735
1.948822
-4.387548
1.943213
-4.376334
1.934845
-4.362429
1.943821
-9.283962
1.955995
-2.131029
0.464367
-1.728624
0.489000
-1.723777
0.446360
-1.624996
0.406169
-1.537872
0.378695
-1.468930
0.347532
-1.368471
0.313476
-1.258440
0.288373
-1.169187
0.268152
-1.101587
0.249129
-1.010495
0.218584
-0.874873
0.182235
-0.740352
0.152567
-0.624602
0.127502
-0.517843
0.097200
-0.380059
0.066933
-0.251794
0.037938
-0.131180
0.017546
-0.065734
0.009845
-0.043714
0.006928
-0.023725
-0.000492
0.052192
-0.036200
0.185130
-0.139451
0.371182
-0.217753
0.491108
-0.283798
0.584333
-0.323424
0.642488
-0.371905
0.720190
-0.398857
0.769861
-0.478410
0.857754
-0.419420
0.812172
-0.609671
1.079664
-0.413686
0.864480
-0.950179
1.460983
-0.140973
0.363275
-0.523956
0.995515
-1.119202
1.589803
-0.029604
0.152970
-0.179149
0.417101
-0.620620
1.159248
-1.278874
1.834333
-0.017026
0.110403
-0.125053
0.306496
-0.484471
0.948891
-1.395007
2.103021
-0.508003
0.969632
-1.458840
2.199530
-0.610763
1.147433
-1.692344
2.404810
-0.276804
0.522175
-0.882712
1.529628
-1.772378
2.326188
0.213228
-0.359009
0.699929
-1.189238
2.013629
-1.746185
2.553149
-0.530992
0.973866
-1.639912
2.528933
-1.262666
2.126412
-2.110131
2.834504
-0.048253
0.044945
-0.127169
0.000000
0.000000
0.000000
0.000000
0.000000
0.000000
0.000000
0.000000
0.000000
0.000000
0.000000
0.000000
0.000000
0.000000
0.000000
0.000000
0.000000
0.000000
0.000000
0.000000
0.000000
0.000000
0.000000
0.000000
0.000000
0.000000
0.000000
0.000000
0.000000
0.000000
0.000000
0.000000
0.000000
0.000000
0.000000
0.000000
0.000000
0.000000
0.000000
0.000000
0.000000
0.000000
0.000000
0.000000
0.000000
0.000000
0.000000
0.000000
0.000000
0.000000
0.000000
0.000000
0.000000
0.000000
0.000000
0.000000
0.000000
0.000000
0.000000
0.000000
0.000000
0.000000
0.000000
0.000000
0.000000
0.000000
0.000000
0.000000
0.000000
-0.042321
0.039536
-0.111757
0.168608
-0.350662
0.616226
-1.144706
1.975069
-2.356693
2.989534
0.387464
-0.774060
1.350777
-2.133461
2.927646
-0.353597
0.598569
-1.137852
1.947041
-2.424904
3.002177
0.471232
-0.899436
1.536372
-2.171541
2.805376
0.190144
-0.388333
0.683175
-1.238070
2.096725
-2.210149
2.906993
0.118819
-0.274436
0.460706
-0.898720
1.572754
-2.319447
3.026788
0.170891
-0.401055
0.674932
-1.311604
2.208987
-2.616622
3.240379
0.484809
-0.989093
1.694874
-2.548142
3.260036
0.249939
-0.570461
0.950866
-1.727346
2.733642
-2.030730
3.039670
-1.353961
2.270211
-2.712363
3.365356
0.524773
-1.103797
1.888649
-2.849785
3.575243
0.459721
-1.037254
1.747522
-2.884581
3.788984
-0.003750
-0.226100
0.189498
-0.974407
1.267322
-2.751709
3.818363
-2.056781
3.046007
-3.585862
4.240503
0.503784
-1.578102
2.334294
-3.950180
4.577413
0.844963
-2.232744
3.363308
-4.277935
4.957314
0.896128
-2.357550
3.507479
-4.469415
5.100163
0.976007
-2.519626
3.761954
-4.568112
5.389498
0.766060
-2.220329
3.305658
-5.054708
-8.925274
4.060523
-0.187474
0.195929
0.123702
-0.044640
0.116323
-0.037300
0.100920
-0.034960
0.121271
-0.056941
0.174777
-0.083077
0.215860
-0.096160
0.249320
-0.127935
0.309846
-0.153928
0.345198
-0.172535
0.392060
-0.216661
0.480694
-0.271888
0.586698
-0.353875
0.688784
-0.366507
0.689341
-0.397920
0.704122
-0.324355
0.632896
-0.420058
0.734868
-0.262834
0.540502
-0.445649
0.745886
-0.158703
0.389681
-0.404058
0.738904
-0.295979
0.619632
-0.529782
0.903007
-0.216927
0.495857
-0.551682
0.918800
-0.283579
0.602446
-0.627205
1.047891
-0.206178
0.497692
-0.641634
1.107856
-0.553778
0.975765
-0.682477
1.077653
-0.330242
0.653574
-0.664594
1.020229
-0.131845
0.342049
-0.388652
0.702839
-0.480918
0.773502
-0.202399
0.442084
-0.411356
0.692471
-0.167221
0.383931
-0.337732
0.552582
-0.132930
0.291665
-0.195442
0.330647
-0.072284
0.193949
-0.119056
0.266116
-0.096292
0.231535
-0.116968
0.252248
-0.087085
0.207864
-0.097178
0.221243
-0.074999
0.136846
-0.029710
0.030029
0.002991
-0.045317
0.013262
-0.078289
0.017412
-0.092834
0.020313
-0.106191
0.024492
-0.146674
0.039196
-0.221280
0.052938
-0.260841
0.058796
-0.284419
0.064238
-0.304564
0.069595
-0.340931
0.080757
-0.398520
0.098078
-0.489782
0.122735
-0.596427
0.146077
-0.678294
0.162404
-0.743107
0.180250
-0.816428
0.196178
-0.866086
0.206188
-0.900866
0.215716
-0.956331
0.236389
-1.061318
0.269740
-1.198209
0.303806
-1.320320
0.338427
-1.450951
0.393339
-1.572514
0.425007
-1.617926
0.438542
-1.672620
0.483450
-1.786315
0.554015
-1.915041
0.643706
-2.043202
0.738383
-2.163004
0.870793
-2.297111
1.003121
-2.401801
1.093921
-2.476992
1.093388
-2.498351
1.122802
-2.560904
1.148174
-2.623606
1.179616
-2.699235
1.214119
-2.775541
1.245203
-2.837819
1.269753
-2.886314
1.292791
-2.952324
1.325689
-3.032776
1.364121
-3.113595
1.394251
-3.179151
1.425102
-3.244598
1.450096
-3.291172
1.469867
-3.349308
1.501587
-3.424722
1.538067
-3.511925
1.569473
-3.551540
1.572269
-3.532311
1.559021
-3.500616
1.547121
-3.481046
1.543548
-3.492901
1.556243
-3.531849
1.580865
-3.604817
1.612665
-3.666801
1.636851
-3.718550
1.662203
-3.780671
1.690929
-3.843541
1.713547
-3.879219
1.724869
-3.904331
1.737490
-3.933818
1.750191
-3.962873
1.765821
-4.008133
1.791910
-4.083748
1.829944
-4.167666
1.860829
-4.213440
1.871959
-4.231303
1.882520
-4.268428
1.904848
-4.318135
1.918715
-4.332620
1.925829
-4.365300
1.947009
-4.421246
1.974819
-4.490450
2.005067
-4.546598
2.022341
-4.571610
2.031847
-4.589772
2.037646
-4.604578
2.045491
-4.623809
2.055312
-4.652167
2.072723
-4.697213
2.089376
-4.721914
2.095747
-4.725665
2.089874
-4.700859
2.081699
-4.696815
2.082337
-4.687660
2.071516
-4.658096
2.059566
-4.635412
2.053972
-4.641117
2.066681
-4.690129
2.094162
-4.752130
2.115434
-4.779769
2.120569
-4.786962
2.125683
-4.808022
2.135570
-4.814288
2.132923
-4.814340
2.139225
-4.838484
2.148725
-12.071136
2.137444
-1.866803
0.324283
-1.434596
0.361293
-1.442417
0.345539
-1.369563
0.315650
-1.272904
0.294470
-1.194633
0.271810
-1.105620
0.249327
-1.019529
0.227050
-0.935148
0.209261
-0.873891
0.192404
-0.796657
0.170151
-0.710607
0.155861
-0.674023
0.153131
-0.666311
0.147945
-0.636173
0.138719
-0.592900
0.128943
-0.566333
0.126360
-0.557393
0.121845
-0.521958
0.110061
-0.469213
0.097599
-0.417155
0.085328
-0.368405
0.074027
-0.311554
0.058776
-0.238291
0.040684
-0.158596
0.024043
-0.080498
0.005743
0.024106
-0.018046
0.115092
-0.071346
0.222341
-0.123962
0.307703
-0.156849
0.364487
-0.191244
0.394657
-0.184457
0.422441
-0.254967
0.536655
-0.278222
0.591934
-0.388784
0.738289
-0.344980
0.718771
-0.586627
1.024952
-0.323543
0.672657
-0.729368
1.143447
-0.169486
0.424217
-0.565140
1.051584
-0.791135
1.295143
-0.436227
0.850565
-0.947311
1.407059
-0.097481
0.287064
-0.395330
0.809938
-1.050694
1.598957
-0.264490
0.561872
-0.799746
1.357880
-0.925809
1.545791
-0.741842
1.360735
-1.292950
1.871572
-0.167231
0.380552
-0.593051
1.117615
-1.430529
2.027145
-0.023742
0.104915
-0.138723
0.302614
-0.484118
0.910902
-1.328947
1.978471
-0.571629
1.052791
-1.392697
1.963550
-0.124881
0.294564
-0.446889
0.855270
-1.206343
1.835348
-0.509678
0.984451
-1.362133
2.001778
-0.264219
0.542730
-0.858757
1.498498
-1.468445
2.048177
-0.063185
0.176431
-0.255646
0.516115
-0.788791
1.348229
-1.297579
1.760690
-0.019417
0.119561
-0.113969
0.296920
-0.406303
0.800553
0.000000
0.000000
0.000000
0.000000
0.000000
0.000000
0.000000
0.000000
0.000000
0.000000
0.000000
0.000000
0.000000
0.000000
0.118358
-0.084620
0.262537
-0.300738
0.572114
-0.563397
0.853116
-0.126351
0.322031
-0.326440
0.605037
-0.334346
0.618254
-0.293620
0.565028
-0.331432
0.591281
-0.228686
0.459482
-0.298629
0.532524
-0.159457
0.365429
-0.277795
0.493321
-0.127430
0.307623
-0.231407
0.430763
-0.129094
0.328627
-0.258528
0.525153
-0.195805
0.468367
-0.402383
0.736490
-0.219515
0.508790
-0.519852
0.877351
-0.209329
0.469038
-0.494812
0.842164
-0.261460
0.582674
-0.611533
1.008522
-0.204592
0.488622
-0.610858
1.072910
-0.504330
0.952458
-0.798600
1.266856
-0.273165
0.606559
-0.817984
1.379915
-0.583557
1.099487
-1.113343
1.587507
-0.061468
0.206511
-0.260740
0.565216
-0.809559
1.400495
-0.917637
1.559987
-0.869244
1.500712
-1.135082
1.790309
-0.622095
1.181080
-1.489985
2.086373
0.025553
0.008845
0.035334
-0.016617
0.076037
-0.093953
0.217833
-0.354295
0.697930
-1.164492
1.985494
-1.647953
2.497807
-0.716136
1.315874
-2.059303
2.900794
-0.276393
0.456102
-0.927641
1.628152
-2.522714
3.321661
0.124456
-0.369985
0.562065
-1.171485
1.976907
-2.838934
3.474933
0.579590
-1.211792
2.033260
-2.891173
3.505573
0.625314
-1.283660
2.157011
-2.950267
3.590865
0.708168
-1.469712
2.445889
-3.140849
3.795783
0.783248
-1.673985
2.777602
-3.483909
4.249973
-1.637478
1.393990
-0.121918
0.207086
0.056239
-0.011189
0.066016
-0.026021
0.099329
-0.050067
0.166203
-0.082412
0.225843
-0.111440
0.273590
-0.131099
0.309836
-0.158125
0.372403
-0.204871
0.443874
-0.228116
0.496555
-0.299238
0.598006
-0.298941
0.632612
-0.452864
0.863760
-0.393118
0.816744
-0.747608
1.233549
-0.258031
0.564692
-0.722186
1.179646
-0.497267
0.929193
-0.833449
1.258977
-0.160804
0.394146
-0.512186
0.951508
-0.806028
1.277665
-0.261359
0.568209
-0.734702
1.199710
-0.510638
0.944935
-0.833488
1.253697
-0.170139
0.405452
-0.520108
0.948338
-0.728159
1.176428
-0.323943
0.672300
-0.787133
1.209349
-0.216584
0.482089
-0.597748
1.023177
-0.533158
0.970186
-0.670218
1.123762
-0.447066
0.846282
-0.772936
1.132014
-0.108492
0.290391
-0.320544
0.624390
-0.544544
0.859230
-0.136688
0.331476
-0.331005
0.603808
-0.305362
0.588585
-0.320181
0.601267
-0.299782
0.572677
-0.315220
0.589629
-0.278795
0.554820
-0.340744
0.639677
-0.276853
0.556951
-0.379194
0.637275
-0.172546
0.381546
-0.309716
0.526802
-0.121264
0.283913
-0.197171
0.301083
-0.046410
0.055917
-0.000997
-0.032772
0.008489
-0.084265
0.026435
-0.167368
0.041590
-0.221168
0.053729
-0.280679
0.068349
-0.345895
0.084279
-0.412256
0.096470
-0.459128
0.111432
-0.541023
0.131689
-0.615380
0.145716
-0.655439
0.151425
-0.675314
0.157355
-0.708281
0.169168
-0.769547
0.186176
-0.841112
0.203626
-0.902008
0.216241
-0.945508
0.229107
-1.013829
0.250438
-1.089008
0.265009
-1.139556
0.280305
-1.211650
0.300565
-1.280360
0.320742
-1.370389
0.351100
-1.454688
0.379080
-1.525999
0.413573
-1.634368
0.476501
-1.774396
0.540461
-1.879842
0.597938
-1.969314
0.666238
-2.065191
0.741056
-2.152331
0.816987
-2.231194
0.894239
-2.297820
0.926720
-2.317804
0.982904
-2.371660
1.078650
-2.463927
1.097918
-2.510098
1.123961
-2.544098
1.127015
-2.537553
1.128863
-2.570564
1.155114
-2.642054
1.186175
-2.715410
1.225203
-2.813992
1.269952
-2.909953
1.307003
-2.982173
1.340596
-3.074430
1.385622
-3.174636
1.426867
-3.247494
1.448153
-3.282362
1.461625
-3.317240
1.485878
-3.386905
1.513412
-3.438432
1.535180
-3.479371
1.548343
-3.502322
1.555052
-3.507721
1.552238
-3.491969
1.550988
-3.520905
1.573953
-3.581426
1.600695
-3.630380
1.614647
-3.646394
1.617997
-3.657558
1.625170
-3.667905
1.625079
-3.663603
1.629635
-3.694408
1.645316
-3.726753
1.661666
-3.782251
1.695212
-3.871974
1.737713
-3.954622
1.761452
-3.973469
1.756423
-3.950302
1.749740
-3.951939
1.757186
-3.978950
1.770015
-3.996546
1.773332
-4.012578
1.785722
-4.042952
1.798013
-4.058999
1.797525
-4.057034
1.804964
-4.081754
1.813078
-4.101763
1.823048
-4.118217
1.829126
-4.131682
1.832504
-4.128818
1.826838
-4.111025
1.818235
-4.094909
1.815574
-4.096133
1.814778
-4.090634
1.812836
-4.079877
1.804076
-4.060314
1.797506
-4.049870
1.789506
-4.007784
1.760828
-3.936661
1.733456
-3.886877
1.715295
-3.860873
1.710059
-13.880029
1.704751
-1.877885
0.324840
-1.433169
0.365433
-1.465587
0.358607
-1.415386
0.332562
-1.332367
0.309426
-1.243522
0.285773
-1.156707
0.257504
-1.028187
0.220347
-0.886478
0.188025
-0.771799
0.165752
-0.697059
0.151706
-0.642429
0.135958
-0.568755
0.116588
-0.488829
0.103856
-0.460843
0.102626
-0.458798
0.100234
-0.433652
0.086867
-0.361261
0.070744
-0.312344
0.068984
-0.315638
0.065165
-0.284741
0.055686
-0.231663
0.040037
-0.163318
0.028311
-0.117290
0.019500
-0.085904
0.015129
-0.055417
0.004760
-0.000280
-0.004276
0.046675
-0.021107
0.093080
-0.044784
0.152710
-0.072287
0.192106
-0.085506
0.226946
-0.112184
0.293210
-0.159641
0.368790
-0.185122
0.368678
-0.160321
0.318253
-0.135232
0.281701
-0.121215
0.310779
-0.180252
0.402451
-0.200229
0.446264
-0.261863
0.530901
-0.259372
0.543836
-0.348339
0.649643
-0.274498
0.579017
-0.444322
0.800505
-0.266735
0.569711
-0.549644
0.923855
-0.187093
0.454813
-0.539798
0.936919
-0.416817
0.783281
-0.609553
1.003222
-0.252774
0.551250
-0.617547
0.976123
-0.243688
0.530093
-0.586623
0.991268
-0.271444
0.603518
-0.705717
1.150672
-0.273000
0.603002
-0.761423
1.244206
-0.395803
0.785677
-0.887241
1.321262
-0.125300
0.325471
-0.411228
0.778686
-0.770470
1.142405
-0.092922
0.273617
-0.316944
0.646903
-0.666487
1.063779
-0.163807
0.414719
-0.524984
0.944105
-0.634031
1.048452
-0.403609
0.764489
-0.677588
1.028342
-0.127149
0.341733
-0.407551
0.777111
-0.608657
0.975578
-0.230297
0.505126
-0.550470
0.889941
-0.241627
0.510595
-0.504672
0.826888
-0.177235
0.423330
-0.451257
0.765161
-0.266591
0.521705
-0.395814
0.628691
-0.112942
0.304482
-0.287992
0.554862
-0.246908
0.476832
-0.268097
0.473985
-0.158599
0.345441
-0.222128
0.418174
-0.127443
0.324900
-0.248004
0.494605
-0.176372
0.412406
-0.317483
0.566973
-0.158301
0.373180
-0.310903
0.557997
-0.156707
0.373747
-0.315818
0.565903
-0.157898
0.370963
-0.309167
0.547784
-0.149232
0.354996
-0.292434
0.548335
-0.170480
0.406922
-0.350367
0.623777
-0.169088
0.382111
-0.318213
0.549305
-0.138059
0.342325
-0.294894
0.551241
-0.177643
0.394250
-0.295881
0.513255
-0.124920
0.325265
-0.274794
0.491494
-0.147993
0.334653
-0.235614
0.452267
-0.140718
0.346718
-0.266785
0.491774
-0.142982
0.319885
-0.220882
0.415457
-0.118315
0.302438
-0.223435
0.425560
-0.134083
0.333945
-0.249826
0.486106
-0.162636
0.393207
-0.326182
0.646748
-0.228642
0.504356
-0.435338
0.726743
-0.153991
0.392405
-0.422066
0.790096
-0.343866
0.715588
-0.617522
1.006766
-0.216165
0.485309
-0.559579
0.963084
-0.373298
0.761770
-0.743704
1.190351
-0.174204
0.436117
-0.595498
1.102461
-0.886159
1.426918
-0.407363
0.832799
-1.092511
1.689076
-0.267581
0.573260
-0.870247
1.518520
-1.197472
1.861781
-0.571010
1.085643
-1.441534
2.031853
-0.092792
0.232846
-0.360438
0.717462
-1.135631
1.900756
-1.289011
2.123024
-1.223021
2.109533
-1.799271
2.727773
-0.774184
-6.620151
0.363529
-0.038099
0.107380
-0.028094
0.090653
-0.037930
0.132392
-0.060548
0.184833
-0.093303
0.245136
-0.120233
0.297320
-0.151046
0.357935
-0.197543
0.445346
-0.246361
0.502971
-0.256097
0.519208
-0.287372
0.547935
-0.259834
0.506884
-0.280634
0.537570
-0.240959
0.497861
-0.320651
0.623194
-0.262187
0.534620
-0.379898
0.647589
-0.171158
0.396955
-0.354668
0.623061
-0.169309
0.382003
-0.315011
0.540179
-0.132049
0.326785
-0.269175
0.494961
-0.154970
0.374966
-0.307222
0.589812
-0.194661
0.444249
-0.376153
0.660711
-0.165731
0.393709
-0.359195
0.614782
-0.167169
0.371596
-0.301660
0.535495
-0.140176
0.340450
-0.276581
0.490263
-0.136565
0.326480
-0.247545
0.471595
-0.142581
0.324470
-0.225312
0.395336
-0.095390
0.232317
-0.146526
0.299746
-0.094499
0.233403
-0.128987
0.258603
-0.077184
0.176425
-0.075957
0.170807
-0.048689
0.104055
-0.030041
0.081097
-0.024699
0.081512
-0.026938
0.064718
-0.008833
-0.012422
0.008162
-0.071635
0.020228
-0.130447
0.033270
-0.181141
0.043275
-0.218343
0.046098
-0.209325
0.044451
-0.215246
0.048112
-0.229631
0.045823
-0.192951
0.035214
-0.159593
0.033518
-0.170593
0.040005
-0.213007
0.051017
-0.263471
0.063951
-0.326845
0.079875
-0.403066
0.100524
-0.503539
0.125115
-0.598426
0.141912
-0.627627
0.140384
-0.618593
0.143721
-0.660299
0.159869
-0.739674
0.178977
-0.814212
0.200017
-0.910424
0.222654
-0.974805
0.236514
-1.029691
0.249318
-1.087408
0.270058
-1.180476
0.293763
-1.260165
0.312829
-1.332472
0.340273
-1.460436
0.404344
-1.624142
0.472410
-1.761874
0.530418
-1.862404
0.586018
-1.947929
0.640942
-2.025475
0.700104
-2.104512
0.786896
-2.209229
0.904111
-2.316197
0.968087
-2.362080
1.099544
-2.512842
1.113710
-2.574249
1.169545
-2.682410
1.204140
-2.748236
1.234004
-2.819114
1.263674
-2.878791
1.291296
-2.951276
1.326034
-3.026507
1.354368
-3.075262
1.372652
-3.122445
1.397818
-3.190319
1.435030
-3.285973
1.477516
-3.372693
1.510382
-3.440992
1.543867
-3.523741
1.578482
-3.596240
1.604580
-3.626126
1.608008
-3.631248
1.612972
-3.650711
1.627899
-3.694851
1.648772
-3.735595
1.658622
-3.736791
1.649717
-3.700070
1.634438
-3.689555
1.641695
-3.718345
1.655853
-3.752918
1.673171
-3.801950
1.699240
-3.865363
1.728004
-3.923778
1.749267
-3.954456
1.748621
-3.924254
1.731493
-3.899017
1.732368
-3.918548
1.741401
-3.947570
1.761659
-3.997366
1.781147
-4.026973
1.781729
-3.989203
1.749739
-3.902220
1.710516
-3.824785
1.688145
-3.809433
1.690294
-3.804126
1.685154
-3.806820
1.690741
-3.816388
1.690225
-3.801400
1.678694
-3.776486
1.671937
-3.756951
1.654019
-3.693238
1.621054
-3.627627
1.599308
-3.596519
1.593612
-3.599618
1.600334
-3.623243
1.610604
-3.631600
1.609026
-3.621156
1.598608
-3.596226
1.594956
-3.597817
1.590181
-3.567322
1.572962
-3.524470
1.547127
-3.458082
1.527653
-3.442016
1.523519
-3.425399
1.511369
-3.391480
1.497897
-3.372841
1.494635
-3.367462
7.198900
-3.343726
0.091972
-1.005719
0.207414
-1.152996
0.276425
-1.205937
0.281958
-1.161055
0.265541
-1.087716
0.249606
-1.042038
0.241807
-1.005086
0.229798
-0.960937
0.216967
-0.905789
0.202783
-0.845484
0.185272
-0.774447
0.168074
-0.711661
0.157278
-0.673884
0.147911
-0.624363
0.131924
-0.562995
0.119185
-0.500581
0.105807
-0.464189
0.100359
-0.437129
0.090249
-0.379106
0.075649
-0.319024
0.059431
-0.235380
0.038403
-0.148765
0.023876
-0.086890
0.010207
-0.027800
0.001039
0.017403
-0.009999
0.084108
