-0.023952
-0.011512
-0.003206
-0.008305
-0.014374
0.000425
0.038605
0.044155
0.050276
0.054661
0.059023
0.078908
0.047432
0.054500
0.070875
0.059480
0.049644
0.049572
0.045889
0.051407
0.059822
0.047824
0.047320
0.055181
0.064279
0.054203
0.053851
0.019313
0.051733
0.043227
0.045929
0.041103
0.035114
0.034189
0.060753
0.046122
0.040639
0.018925
0.038059
0.031097
0.044292
0.032911
0.053072
0.037086
0.029316
0.025333
0.029074
0.028239
0.035891
0.033609
0.028586
0.028353
0.009115
0.024142
0.024147
-0.000116
0.010198
0.020899
0.010506
0.008191
0.008112
0.012090
0.003747
0.012670
0.016649
0.000773
0.007571
0.019042
0.006605
0.004674
-0.002705
0.008229
0.001468
-0.000695
-0.002511
0.014795
-0.001815
-0.009113
-0.000348
0.002858
-0.001468
-0.002279
-0.014489
-0.030253
-0.012478
0.012208
-0.014872
-0.020786
-0.031968
-0.008037
-0.017959
-0.034920
-0.020403
-0.004675
-0.001121
0.001777
-0.029161
-0.034619
-0.037942
-0.037625
-0.019315
-0.027383
-0.040405
-0.034665
-0.036049
-0.034009
-0.033960
-0.019665
-0.018424
-0.017963
-0.022907
-0.041579
-0.043849
-0.044367
-0.056172
-0.049692
-0.032455
-0.068833
-0.041752
-0.043580
-0.040953
-0.048518
-0.056143
-0.063708
-0.049777
-0.063191
-0.074976
-0.069762
-0.085863
-0.064289
-0.072360
-0.067386
-0.072002
-0.071939
-0.068140
-0.085038
-0.084126
-0.074854
-0.065828
-0.070011
-0.059417
-0.075018
-0.067365
-0.076729
-0.072431
-0.067340
-0.069608
-0.052810
-0.085866
-0.055937
-0.077531
-0.084911
-0.056989
-0.069530
-0.063108
-0.078921
-0.075297
-0.082993
-0.082505
-0.083305
-0.085221
-0.080179
-0.085632
-0.082934
-0.072111
-0.072299
-0.078013
-0.068468
-0.082288
-0.062472
-0.079386
-0.080022
-0.080192
-0.069184
-0.083778
-0.068987
-0.062577
-0.074819
-0.084068
-0.070455
-0.048797
-0.064370
-0.073577
-0.071627
-0.066448
-0.066012
-0.061484
-0.073465
-0.070504
-0.067743
-0.058959
-0.081986
-0.068023
-0.054944
-0.068395
-0.041884
-0.046258
-0.038171
-0.038736
-0.039879
-0.041950
-0.037351
-0.055564
-0.042505
-0.035505
-0.039930
-0.036198
-0.042440
-0.037858
-0.037625
-0.029089
-0.042681
-0.028397
-0.032444
-0.031798
-0.036973
-0.003476
-0.035377
-0.027040
-0.035464
-0.020754
-0.033297
-0.021597
-0.028473
-0.019899
-0.008847
-0.013598
-0.017465
-0.021173
-0.003941
-0.014028
-0.016456
-0.006027
-0.005486
-0.011393
-0.000386
0.009387
-0.001777
0.010737
-0.007456
-0.012557
-0.011898
-0.009272
-0.027002
0.009618
-0.036151
0.024492
0.019896
0.009852
0.018890
0.016299
0.020936
0.012746
0.016268
0.008808
0.007996
0.009855
0.028750
-0.012672
0.013334
0.015374
-0.012441
0.022326
0.029127
0.024300
0.019585
-0.000811
0.022376
0.006491
0.003245
0.006181
0.026459
0.016501
0.031910
0.023600
0.036384
0.061676
0.038347
0.031090
0.057025
0.044003
0.045831
0.048400
0.055511
0.060203
0.049044
0.036246
0.054022
0.055070
0.035079
0.055853
0.061313
0.039436
0.062195
0.067695
0.048088
0.046241
0.055173
0.066550
0.052090
0.042914
0.050882
0.052445
0.058287
0.055760
0.055890
0.064324
0.073131
0.053643
0.067758
0.059298
0.054843
0.055662
0.075322
0.066498
0.055665
0.040030
0.051348
0.061015
0.066474
0.044152
0.049491
0.048791
0.070345
0.045474
0.056632
0.043914
0.056407
0.033570
0.047903
0.052685
0.042632
0.044616
0.047281
0.047176
0.055403
0.033114
0.037902
0.038909
0.039151
0.030361
0.049713
0.034468
0.054339
0.048135
0.045660
0.049433
0.052689
0.036232
0.034416
0.056122
0.026555
0.019858
0.041725
0.001275
0.004867
0.039632
0.001623
0.026429
0.004209
-0.002975
-0.004172
0.012440
0.020589
0.017694
0.014140
-0.003594
0.000850
0.007532
0.001932
0.008114
-0.013758
0.006799
0.003478
-0.022450
-0.024919
0.000077
0.019477
-0.016530
-0.004249
-0.012984
-0.016683
-0.028744
-0.025068
-0.018270
-0.012515
-0.021981
-0.031832
-0.008770
-0.033604
-0.028623
-0.023878
-0.020046
-0.018965
-0.028507
-0.025228
-0.021396
-0.013911
-0.022178
-0.039713
-0.030018
-0.041523
-0.015031
-0.032532
-0.025684
-0.035583
-0.050344
-0.056797
-0.038105
-0.034281
-0.033606
-0.047674
-0.064481
-0.048063
-0.063382
-0.039830
-0.054644
-0.032997
-0.054119
-0.069998
-0.060035
-0.081031
-0.040558
-0.044712
-0.059304
-0.058905
-0.055159
-0.055286
-0.063633
-0.056503
-0.065210
-0.095852
-0.060800
-0.071526
-0.084656
-0.059681
-0.065701
-0.070969
-0.079057
-0.069053
-0.076475
-0.068079
-0.078120
-0.064812
-0.064166
-0.075121
-0.065420
-0.071440
-0.073031
-0.080368
-0.069543
-0.068294
-0.059862
-0.079332
-0.072665
-0.081348
-0.079768
-0.070393
-0.096571
-0.093732
-0.094890
-0.082183
-0.073062
-0.088839
-0.080052
-0.077170
-0.076732
-0.069683
-0.083612
-0.060838
-0.078088
-0.077071
-0.074512
-0.071484
-0.094195
-0.072086
-0.067517
-0.063546
-0.079792
-0.075657
-0.075488
-0.054359
-0.072625
-0.061573
-0.075107
-0.066596
-0.052258
-0.058567
-0.068046
-0.060555
-0.066004
-0.042874
-0.050141
-0.045040
-0.035921
-0.041213
-0.043161
-0.057942
-0.041304
-0.052042
-0.040833
-0.059952
-0.043528
-0.034195
-0.032686
-0.030403
-0.036081
-0.042423
-0.043704
-0.032278
-0.035847
-0.023785
-0.029091
-0.013906
-0.027279
-0.017459
-0.032184
-0.027705
-0.028355
-0.021012
-0.043891
-0.008421
-0.005098
-0.013557
-0.009078
-0.005874
-0.018229
-0.009926
-0.012243
-0.018773
-0.002703
-0.025114
-0.014370
-0.000966
-0.014336
0.008655
-0.012363
-0.002628
0.003284
-0.009968
-0.009424
0.018002
0.020628
0.018927
0.004210
0.024874
0.004789
-0.016070
0.020269
0.015142
0.017847
-0.004058
-0.013212
0.032835
0.002704
0.016609
0.018971
0.023304
0.013288
0.002279
0.015950
0.039710
0.016996
0.007806
0.008344
0.025818
0.003515
0.016419
0.020598
0.034422
0.037554
0.039616
0.040022
0.037658
0.035575
0.045617
0.030859
0.047902
0.040376
0.051853
0.045433
0.051366
0.055313
0.049117
0.043617
0.045438
0.027432
0.037596
0.054891
0.062894
0.039528
0.052843
0.047596
0.042957
0.050946
0.047899
0.067108
0.056357
0.050689
0.060235
0.052817
0.048953
0.047871
0.036274
0.065786
0.069128
0.068062
0.073124
0.077645
0.058181
0.043160
0.033925
0.053190
0.051802
0.046399
0.064360
0.053974
0.027314
0.034120
0.041034
0.050136
0.030132
0.040488
0.026693
0.042454
0.058722
0.042892
0.058954
0.035302
0.035694
0.047876
0.039869
0.051232
0.050145
0.047059
0.062058
0.061121
0.045283
0.026383
0.061844
0.051914
0.045778
0.030716
0.016574
0.039750
0.016756
0.061533
0.067896
0.072760
0.050019
0.032220
0.026371
0.025934
0.047884
0.004712
0.020597
0.029440
0.019476
0.016153
0.018126
0.023988
0.025848
0.025537
0.016611
-0.010432
0.009463
0.010272
0.018426
0.004788
0.006836
0.001004
-0.020088
-0.006797
0.009619
-0.011628
-0.015146
-0.014642
-0.011164
-0.021169
-0.030871
-0.014025
-0.020198
-0.010971
-0.013597
-0.018330
0.002666
-0.009350
-0.026569
-0.032440
-0.032409
-0.026226
-0.034386
-0.038397
-0.024070
-0.018389
-0.024335
-0.020752
-0.030026
-0.023713
-0.035373
-0.051924
-0.026849
-0.023728
-0.022170
-0.024496
-0.045261
-0.040683
-0.035348
-0.030309
-0.041868
-0.036559
-0.035231
-0.049852
-0.048488
-0.044666
-0.052664
-0.035968
-0.039669
-0.048832
-0.038866
-0.040134
-0.057466
-0.057284
-0.068324
-0.047021
-0.064941
-0.094579
-0.065693
-0.065168
-0.063384
-0.070961
-0.066571
-0.071462
-0.074901
-0.070351
-0.079992
-0.072511
-0.071024
-0.089133
-0.073625
-0.082061
-0.070164
-0.066363
-0.068150
-0.068346
-0.088778
-0.088523
-0.071457
-0.082744
-0.053576
-0.060407
-0.079703
-0.082612
-0.081149
-0.065195
-0.071442
-0.064784
-0.096316
-0.079352
-0.068486
-0.062381
-0.082514
-0.075205
-0.060964
-0.069945
-0.079230
-0.068802
-0.060732
-0.086654
-0.073233
-0.079942
-0.075584
-0.088370
-0.074185
-0.066772
-0.069433
-0.075868
-0.069440
-0.074568
-0.065297
-0.064235
-0.070117
-0.074844
-0.040036
-0.067893
-0.064820
-0.057183
-0.073698
-0.056330
-0.058035
-0.050461
-0.057038
-0.042924
-0.039445
-0.046407
-0.054585
-0.064535
-0.048405
-0.047222
-0.050606
-0.028041
-0.043068
-0.037624
-0.047878
-0.047361
-0.059682
-0.033847
-0.024941
-0.023454
-0.024381
-0.034156
-0.027700
-0.025495
-0.018306
-0.009542
-0.037362
-0.033730
-0.030519
-0.035668
-0.014607
-0.014641
-0.008579
-0.023562
-0.020786
-0.010817
-0.017041
0.002318
-0.002357
-0.008307
-0.006718
-0.005835
-0.006876
-0.018855
-0.021202
-0.004945
-0.002126
0.007338
-0.013095
0.006683
0.005331
0.004288
-0.003474
-0.005949
-0.004789
-0.001043
0.014173
0.000657
0.006991
-0.012053
0.008653
0.023174
0.013908
0.022369
0.009119
0.017691
0.012557
-0.001352
0.001468
0.008769
0.012053
-0.012514
-0.000155
0.015729
0.022716
0.013559
0.039887
0.005718
0.025529
0.017774
0.021710
0.015954
0.020668
0.026188
0.027966
0.030208
0.044441
0.044616
0.045776
0.041441
0.041954
0.041916
0.055049
0.045424
0.040488
0.069088
0.067000
0.062845
0.047450
0.038288
0.080279
0.044727
0.050287
0.053709
0.062264
0.052070
0.062197
0.056292
0.067442
0.063629
0.070994
0.081076
0.058846
0.038521
0.038993
0.059413
0.040475
0.042153
0.054431
0.048467
0.051893
0.041147
0.047954
0.050049
0.051574
0.052734
0.046894
0.030213
0.056121
0.040199
0.036732
0.034681
0.042264
0.043182
0.063167
0.039831
0.032875
0.046748
0.040452
0.042956
0.068219
0.062434
0.053269
0.043003
0.045515
0.050685
0.048417
0.041139
0.048641
0.061664
0.045204
0.050161
0.049210
0.049101
0.046678
0.022358
0.032108
0.040536
0.019583
0.027050
0.022800
0.009467
0.028524
0.017034
0.016380
0.027281
0.028513
0.029750
0.033139
0.014870
0.028778
0.021906
0.028943
0.015417
0.020084
0.007187
0.009886
-0.005603
-0.029017
0.004714
0.000773
-0.003052
0.010388
0.007921
0.011555
-0.016805
-0.000580
-0.002935
-0.008344
0.001970
-0.002936
-0.003941
-0.034658
-0.022982
-0.002936
-0.009502
-0.006722
-0.019125
-0.014026
-0.011362
-0.029115
-0.030596
-0.035538
-0.034746
-0.025343
-0.047638
-0.019546
-0.036515
-0.023718
-0.024058
-0.028513
-0.036433
-0.022181
-0.029868
-0.049106
-0.048170
-0.044967
-0.044814
-0.019234
-0.029333
-0.058102
-0.057816
-0.048056
-0.031988
-0.044967
-0.017310
-0.045702
-0.065156
-0.057161
-0.049295
-0.042262
-0.045241
-0.065745
-0.073852
-0.033027
-0.056361
-0.060657
-0.051191
-0.078865
-0.060046
-0.075687
-0.076406
-0.063382
-0.066872
-0.070541
-0.053716
-0.086852
-0.054603
-0.075910
-0.082707
-0.074290
-0.072960
-0.064172
-0.051822
-0.072948
-0.070314
-0.056555
-0.072431
-0.066434
-0.071486
-0.082982
-0.073868
-0.061925
-0.059423
-0.058784
-0.055743
-0.069963
-0.081659
-0.080737
-0.060109
-0.086415
-0.052144
-0.068684
-0.077502
-0.063056
-0.106109
-0.084411
-0.072135
-0.080157
-0.085959
-0.060684
-0.084383
-0.068444
-0.064110
-0.077037
-0.081712
-0.076912
-0.087643
-0.060878
-0.059333
-0.080084
-0.064859
-0.064138
-0.062302
-0.061522
-0.048136
-0.073955
-0.047989
-0.066438
-0.059613
-0.066044
-0.079878
-0.062694
-0.082103
-0.036618
-0.049332
-0.056677
-0.061183
-0.031218
-0.038245
-0.053427
-0.062785
-0.039102
-0.065267
-0.036691
-0.040600
-0.041917
-0.038855
-0.026341
-0.041801
-0.043271
-0.050377
-0.017303
-0.036391
-0.030218
-0.029478
-0.040055
-0.031675
-0.044109
-0.031824
-0.021751
-0.040217
-0.027160
-0.014793
-0.009464
-0.003244
-0.016691
-0.026689
-0.013446
-0.011392
0.005950
-0.030862
-0.008344
-0.017351
0.003515
-0.014486
0.001429
-0.006375
-0.001352
0.005562
0.014289
-0.002472
0.007031
0.003398
-0.005717
0.018273
0.003362
0.002782
0.034573
0.018928
0.008615
0.001777
0.003631
0.005488
0.012939
0.023018
-0.002859
-0.004095
0.012827
0.014294
0.010739
0.020829
0.011550
0.003631
0.010589
0.018766
0.015377
0.015453
0.014180
0.030738
0.036786
0.020659
0.028000
0.035623
0.023331
0.020632
0.040035
0.040455
0.058610
0.047040
0.048785
0.050599
0.060635
0.042681
0.042698
0.047163
0.058432
0.057448
0.050374
0.065343
0.057125
0.048885
0.048304
0.062222
0.057058
0.051235
0.052733
0.048090
0.057140
0.043578
0.056122
0.052028
0.047717
0.056507
0.040919
0.057829
0.039157
0.040648
0.059311
0.062264
0.067568
0.043588
0.053150
0.042264
0.037322
0.049251
0.054342
0.035209
0.035531
0.044386
0.054816
0.043311
0.038242
0.056519
0.042222
0.052575
0.068603
0.052595
0.065162
0.062536
0.062690
0.052427
0.064200
0.051547
0.045099
0.065844
0.044104
0.065635
0.046026
0.049332
0.038749
0.035898
0.042633
0.040292
0.037514
0.052165
0.046237
0.038637
0.024259
0.019075
0.031702
0.029624
0.024880
0.021083
0.030983
0.038656
0.012280
0.013714
0.018195
0.018319
0.020783
0.022905
0.013288
0.044270
0.004598
0.018735
0.001777
-0.003245
0.017432
0.022754
0.006536
0.003477
-0.013137
-0.005486
-0.010433
0.005177
0.017117
-0.015760
-0.016109
-0.013444
-0.004558
-0.013755
0.004328
-0.026238
-0.002897
-0.020555
-0.021254
0.000309
-0.020552
-0.025496
-0.040683
-0.026114
-0.025234
-0.021011
-0.027428
-0.026186
-0.033558
-0.022603
-0.027967
-0.014410
-0.032887
-0.035505
-0.037044
-0.023102
-0.025734
-0.049259
-0.051106
-0.050757
-0.032764
-0.048844
-0.048600
-0.037941
-0.031677
-0.030328
-0.031300
-0.022979
-0.038484
-0.047930
-0.044766
-0.056639
-0.060077
-0.065830
-0.070261
-0.057969
-0.060467
-0.054232
-0.053643
-0.067847
-0.061973
-0.047555
-0.044730
-0.073517
-0.071590
-0.074109
-0.075456
-0.073594
-0.054187
-0.057893
-0.077660
-0.065323
-0.079634
-0.046706
-0.055489
-0.065770
-0.072367
-0.066862
-0.066943
-0.074868
-0.068647
-0.065983
-0.077864
-0.052334
-0.059336
-0.064863
-0.063571
-0.072534
-0.072159
-0.069965
-0.082839
-0.067002
-0.091411
-0.073667
-0.071810
-0.075186
-0.060859
-0.074479
-0.075935
-0.070084
-0.080947
-0.080346
-0.068852
-0.088581
-0.075395
-0.088586
-0.071641
-0.077280
-0.078701
-0.079108
-0.062652
-0.077101
-0.067338
-0.056593
-0.067831
-0.066939
-0.066766
-0.077809
-0.051908
-0.047272
-0.061305
-0.054120
-0.056175
-0.049421
-0.057462
-0.048903
-0.064017
-0.062268
-0.056110
-0.051233
-0.049759
-0.039405
-0.036624
-0.045859
-0.031908
-0.048280
-0.048285
-0.044194
-0.040318
-0.032291
-0.054592
-0.018428
-0.033616
-0.044193
-0.050984
-0.036316
-0.040453
-0.025108
-0.025340
-0.035010
-0.026465
-0.006452
-0.013012
-0.034076
-0.022452
-0.005716
-0.019233
-0.022164
-0.025960
-0.017227
-0.015997
-0.006414
-0.013715
-0.013137
-0.012557
-0.016919
-0.030327
-0.001507
-0.015161
-0.006373
-0.003863
-0.006761
-0.015031
0.008655
-0.007689
0.009422
-0.006605
-0.009775
-0.008885
0.005447
-0.010431
0.013754
-0.005293
0.011127
0.023718
0.021788
0.016611
0.020360
0.023643
0.008038
0.019124
0.009773
0.005832
0.020428
0.009621
0.001313
-0.001970
0.010129
0.022943
0.018003
0.015488
0.016153
0.022716
0.010702
0.036769
0.022676
0.004752
0.021170
0.057717
0.044721
0.030285
0.043097
0.047682
0.051566
0.058145
0.048747
0.051781
0.051799
0.039284
0.041264
0.056528
0.040096
0.036279
0.044188
0.067603
0.050803
0.049877
0.061170
0.049056
0.060584
0.044852
0.036193
0.040777
0.058880
0.062573
0.069411
0.051725
0.052194
0.052570
0.081176
0.038384
0.070535
0.050852
0.052573
0.068217
0.035775
0.054140
0.046552
0.049939
0.054857
0.038595
0.059013
0.044220
0.040409
0.043088
0.049567
0.065203
0.058724
0.067672
0.041030
0.060569
0.045570
0.047008
0.053012
0.050960
0.054610
0.039832
0.044044
0.048627
0.055983
0.053284
0.073263
0.053540
0.027551
0.045006
0.051720
0.045349
0.035108
0.041873
0.043870
0.026086
0.033689
0.027473
0.051195
0.008614
0.032140
0.036278
0.035680
0.036571
0.032520
0.041880
0.042341
-0.008113
0.016730
0.013983
0.011708
0.025571
0.000348
0.016612
0.016461
0.007495
0.011397
0.011983
0.003514
0.002937
0.003515
0.006490
0.012865
-0.006413
0.004483
0.013246
-0.004751
0.004017
-0.009038
-0.003980
-0.004442
-0.019129
-0.026535
-0.024490
-0.019585
-0.008152
-0.020977
-0.033213
-0.042154
-0.031050
-0.018774
-0.017732
-0.018475
-0.037779
-0.020550
-0.037119
-0.041795
-0.038321
-0.037900
-0.026501
-0.029006
-0.013137
-0.053193
-0.032746
-0.036697
-0.034768
-0.016037
-0.043834
-0.033879
-0.047718
-0.037370
-0.040776
-0.049598
-0.041921
-0.043156
-0.059900
-0.020013
-0.063165
-0.046431
-0.052718
-0.055327
-0.066246
-0.064261
-0.066797
-0.074250
-0.068658
-0.058666
-0.073026
-0.048939
-0.055889
-0.080413
-0.082114
-0.079379
-0.066891
-0.087262
-0.059949
-0.083876
-0.070852
-0.051706
-0.078385
-0.084177
-0.073548
-0.073252
-0.069314
-0.055923
-0.058448
-0.066302
-0.067133
-0.075591
-0.076867
-0.071793
-0.060335
-0.073536
-0.069616
-0.082240
-0.059099
-0.070495
-0.090796
-0.060657
-0.067810
-0.078342
-0.084813
-0.080615
-0.100921
-0.092369
-0.064293
-0.081702
-0.091076
-0.066597
-0.072906
-0.088541
-0.070137
-0.074905
-0.064051
-0.065695
-0.071217
-0.057485
-0.051485
-0.071945
-0.051979
-0.059649
-0.066747
-0.067449
-0.061967
-0.063401
-0.068601
-0.065077
-0.062118
-0.060469
-0.059809
-0.034032
-0.074381
-0.061045
-0.050945
-0.052452
-0.044350
-0.059334
-0.040483
-0.055161
-0.053821
-0.040475
-0.042344
-0.043587
-0.045471
-0.046512
-0.046310
-0.040834
-0.042957
-0.040328
-0.036236
-0.031398
-0.030213
-0.037074
-0.024805
-0.034110
-0.020586
-0.034763
-0.023945
-0.020127
-0.013524
-0.012858
-0.007031
-0.010702
-0.012208
-0.019624
-0.011049
-0.029745
-0.001004
-0.024844
-0.014136
-0.007185
-0.005873
-0.005639
-0.000155
-0.015377
-0.017070
0.004752
0.008462
0.008730
-0.003786
0.016108
0.003516
-0.003053
0.005021
0.016261
-0.002704
0.002705
-0.001391
-0.007568
-0.000232
0.024073
0.026464
0.021322
0.021740
0.009425
0.010350
0.012014
0.013828
0.012906
0.023484
0.007457
0.009733
-0.000155
0.025968
0.007648
0.015494
0.027274
0.040966
0.006103
0.030677
0.013792
0.030902
0.053372
0.024918
0.045036
0.051369
0.058619
0.047448
0.050063
0.045703
0.041253
0.051965
0.048266
0.052725
0.042715
0.041689
0.045973
0.055556
0.037896
0.034614
0.063572
0.060446
0.055513
0.044001
0.040819
0.038714
0.060753
0.045375
0.073080
0.039680
0.050175
0.046525
0.069608
0.057412
0.036198
0.042700
0.072897
0.077087
0.072320
0.048295
0.047138
0.041637
0.050782
0.048065
0.048576
0.060011
0.048744
0.062858
0.048486
0.037919
0.035234
0.046963
0.055865
0.051642
0.055743
0.033036
0.039427
0.043387
0.045972
0.057097
0.033482
0.047303
0.061609
0.040405
0.058272
0.051314
0.044131
0.028239
0.046492
0.036932
0.032618
0.035886
0.048244
0.023916
0.031379
0.039554
0.036927
0.025300
0.025733
0.026235
0.020398
0.027456
0.058894
0.029683
0.024687
0.012365
0.021827
0.002279
0.010050
0.028432
0.034042
-0.001738
0.009458
0.005794
0.004366
0.003207
0.001816
0.024254
0.003167
-0.002936
0.000502
-0.001275
-0.015261
0.009193
-0.005833
0.016222
0.004442
-0.006492
-0.003129
-0.013795
0.003013
-0.000464
-0.014487
-0.031752
-0.029478
-0.021671
-0.004017
-0.018462
-0.030977
-0.008535
-0.025383
-0.029662
-0.023255
-0.040154
-0.021017
-0.015610
-0.019819
-0.031527
-0.026966
-0.025767
-0.016841
-0.021362
-0.041133
-0.043762
-0.031841
-0.040292
-0.042914
-0.044630
-0.038637
-0.044114
-0.046910
-0.031820
-0.030091
-0.033850
-0.034070
-0.055070
-0.049179
-0.019666
-0.053284
-0.056745
-0.064517
-0.038162
-0.055849
-0.075062
-0.068595
-0.072530
-0.070369
-0.063388
-0.041332
-0.076401
-0.077689
-0.061509
-0.079693
-0.055008
-0.068971
-0.070276
-0.069741
-0.084960
-0.069102
-0.068894
-0.093202
-0.068027
-0.062875
-0.068954
-0.086900
-0.074992
-0.060706
-0.064457
-0.071709
-0.062854
-0.068881
-0.077835
-0.071711
-0.076715
-0.063071
-0.080144
-0.073519
-0.070356
-0.073199
-0.059654
-0.063037
-0.061183
-0.068037
-0.073976
-0.079190
-0.081647
-0.065567
-0.089789
-0.083711
-0.086740
-0.078731
-0.061579
-0.063574
-0.071627
-0.070005
-0.060680
-0.048794
-0.058208
-0.078247
-0.056368
-0.057065
-0.060640
-0.075744
-0.060806
-0.036819
-0.066741
-0.043725
-0.062617
-0.058375
-0.057602
-0.056706
-0.052498
-0.044532
-0.051456
-0.034325
-0.050674
-0.057259
-0.032372
-0.062193
-0.046431
-0.056853
-0.050532
-0.039178
-0.035783
-0.029311
-0.054308
-0.039441
-0.051337
-0.043255
-0.013287
-0.028426
-0.027231
-0.034989
-0.015104
-0.037462
-0.042722
-0.013752
-0.016069
-0.020974
-0.027276
-0.010278
-0.005795
-0.022400
0.003786
-0.023445
-0.028278
-0.019356
-0.010923
-0.010690
-0.020699
-0.008962
-0.013635
-0.013176
-0.014137
-0.008653
-0.011817
0.007339
-0.011317
0.017373
-0.005215
0.005292
0.012746
-0.000888
0.014329
0.007959
0.010162
0.011396
-0.003245
0.016496
0.005370
0.033957
0.008264
0.006026
0.006953
0.014755
0.001120
0.009927
0.031381
0.019436
0.016300
0.010350
0.005754
0.002897
0.015646
0.000000
0.023100
0.023804
0.029296
0.020175
0.037428
0.010158
0.038287
0.033603
0.037671
0.043499
0.026385
0.056675
0.050571
0.043353
0.062555
0.056107
0.055700
0.056390
0.061678
0.058362
0.044232
0.051104
0.054050
0.055054
0.047243
0.057347
0.039451
0.050087
0.048717
0.044937
0.039632
0.055981
0.066783
0.045154
0.040349
0.056878
0.024760
0.065590
0.047049
0.043201
0.035319
0.064392
0.063811
0.060791
0.052894
0.049827
0.052269
0.044808
0.048365
0.042797
0.036162
0.057092
0.039638
0.070839
0.049832
0.046773
0.048015
0.046542
0.046361
0.064863
0.061213
0.055466
0.074631
0.058172
0.049689
0.044697
0.038551
0.051270
0.031418
0.046014
0.036198
0.029984
0.023450
0.047879
0.030320
0.033258
0.034337
0.024298
0.048552
0.041071
0.040361
0.036969
0.026747
0.037437
0.026308
0.027700
0.030826
0.026341
0.023526
0.029207
0.034073
0.008035
0.007957
0.002975
0.012593
-0.006726
0.035989
0.009580
0.017925
0.016533
0.006567
0.017461
0.008229
0.005061
-0.001275
0.002859
0.002395
0.004365
-0.003670
-0.018580
0.005985
0.003553
0.000541
0.004481
0.002202
-0.001777
-0.018077
-0.012590
-0.012364
-0.037886
-0.039939
-0.036008
-0.020049
-0.012015
-0.009541
-0.017346
-0.028854
-0.018078
-0.008267
-0.018932
-0.038705
-0.022865
-0.043213
0.000386
-0.003940
-0.018157
-0.016954
-0.038017
-0.057723
-0.031412
-0.043776
-0.046932
-0.035698
-0.028312
-0.033643
-0.052460
-0.044824
-0.052998
-0.056280
-0.060996
-0.039593
-0.055411
-0.041836
-0.063328
-0.029945
-0.060273
-0.060810
-0.075832
-0.044730
-0.069532
-0.066672
-0.063234
-0.062312
-0.064517
-0.071766
-0.060993
-0.061878
-0.054628
-0.081774
-0.062258
-0.053742
-0.078168
-0.068601
-0.066225
-0.066778
-0.080810
-0.084944
-0.085770
-0.046459
-0.044479
-0.072925
-0.064156
-0.075385
-0.065966
-0.056672
-0.077003
-0.058859
-0.064907
-0.070870
-0.069785
-0.072841
-0.069852
-0.086638
-0.064453
-0.070007
-0.092063
-0.078729
-0.079279
-0.088514
-0.085006
-0.092830
-0.072890
-0.075282
-0.084257
-0.083471
-0.088655
-0.086961
-0.057211
-0.070349
-0.079708
-0.092143
-0.062357
-0.062500
-0.071899
-0.063599
-0.074229
-0.075418
-0.071610
-0.070998
-0.069040
-0.061121
-0.065931
-0.049324
-0.058637
-0.064939
-0.050825
-0.060442
-0.060046
-0.061565
-0.041764
-0.051022
-0.033609
-0.041451
-0.051356
-0.032603
-0.044273
-0.035353
-0.026766
-0.047362
-0.027432
-0.025411
-0.042623
-0.029902
-0.045470
-0.053626
-0.039089
-0.026075
-0.012821
-0.033544
-0.036273
-0.011359
-0.020699
-0.028280
-0.022599
-0.017197
-0.014562
-0.030632
-0.014525
-0.020475
-0.030945
-0.010161
-0.011859
0.001584
-0.013905
-0.001699
-0.000773
-0.019782
-0.021713
-0.022827
-0.008267
-0.012359
0.007688
0.010198
-0.013367
-0.002279
-0.017623
-0.003323
0.003168
0.008578
0.012985
0.001275
0.002897
0.010161
0.009041
0.010044
-0.011048
0.007149
0.013367
-0.006721
0.018391
0.015916
0.012941
0.010045
0.016071
0.028628
0.026122
0.022719
0.012357
0.011549
0.032789
-0.007611
0.022828
0.025887
0.019624
0.016767
0.056399
0.032101
0.048523
0.049330
0.055619
0.059775
0.045738
0.051916
0.054189
0.047785
0.061914
0.044434
0.049103
0.044318
0.049942
0.054707
0.029019
0.044430
0.049632
0.051766
0.055707
0.049910
0.039364
0.028164
0.064572
0.063297
0.065342
0.063195
0.038477
0.058524
0.051753
0.053936
0.045474
0.044028
0.054786
0.036281
0.063512
0.042648
0.054043
0.058326
0.059930
0.042228
0.031219
0.039640
0.030319
0.031441
0.043010
0.041253
0.035046
0.039296
0.054467
0.029945
0.050923
0.053106
0.052141
0.063144
0.060740
0.049671
0.055899
0.051632
0.035663
0.054467
0.063296
0.058328
0.048018
0.029854
0.028836
0.019044
0.011894
0.044381
0.061494
0.051711
0.039137
0.039862
0.032022
0.010047
0.034105
0.019319
0.041607
0.017038
0.022829
0.026844
0.034030
0.014019
0.009811
0.024529
0.025446
0.024837
0.026728
0.019850
-0.002009
0.026079
0.025694
0.017655
0.012282
0.010162
0.014683
0.008228
0.005061
-0.001198
0.004944
-0.011549
0.009732
-0.005254
-0.008731
-0.017962
-0.015486
-0.028465
-0.004984
-0.002589
0.000618
-0.018116
-0.023328
-0.011511
-0.010931
-0.020164
-0.013248
0.000850
-0.008576
-0.022716
-0.015728
-0.009658
-0.017386
-0.012208
-0.005870
-0.029979
-0.045294
-0.023646
-0.033763
-0.030200
-0.037376
-0.039713
-0.044973
-0.049942
-0.040076
-0.031802
-0.024725
-0.022678
-0.017652
-0.044166
-0.030563
-0.033873
-0.038288
-0.039794
-0.017966
-0.057243
-0.071468
-0.048473
-0.049630
-0.045279
-0.032834
-0.029027
-0.027702
-0.062662
-0.069217
-0.073653
-0.067131
-0.065444
-0.052266
-0.045037
-0.080643
-0.053242
-0.061499
-0.075711
-0.065428
-0.066575
-0.071592
-0.083205
-0.058287
-0.075748
-0.083429
-0.078024
-0.078040
-0.072998
-0.064301
-0.067248
-0.077019
-0.072157
-0.079536
-0.065602
-0.088333
-0.060380
-0.063774
-0.081717
-0.070104
-0.076216
-0.071998
-0.067591
-0.066190
-0.076553
-0.098674
-0.061777
-0.085040
-0.065567
-0.078048
-0.069021
-0.063152
-0.076179
-0.089813
-0.083592
-0.078716
-0.077034
-0.080177
-0.069766
-0.081951
-0.072548
-0.071479
-0.079471
-0.064877
-0.073969
-0.090065
-0.063986
-0.050831
-0.039360
-0.046705
-0.053629
-0.049950
-0.069936
-0.054161
-0.042074
-0.058328
-0.048665
-0.061405
-0.047267
-0.054161
-0.075856
-0.061343
-0.058995
-0.062110
-0.062468
-0.047747
-0.046963
-0.053981
-0.027395
-0.035864
-0.046534
-0.039096
-0.040177
-0.031019
-0.054314
-0.039534
-0.025337
-0.042117
-0.028393
-0.030509
-0.030277
-0.020626
-0.019543
-0.022422
-0.017349
-0.013983
-0.037242
-0.011201
-0.012205
-0.024834
-0.027861
-0.003284
-0.010355
-0.017535
-0.004518
-0.003207
-0.029046
-0.019538
-0.014483
-0.007492
-0.002589
-0.002898
0.008268
0.000888
0.009579
-0.003323
0.022754
0.001390
0.005214
0.018889
0.018263
0.008151
0.012784
0.018852
0.021363
0.019514
0.011239
0.009648
0.014099
-0.000232
0.031981
-0.000734
0.018389
0.021554
-0.022406
0.029557
0.028008
0.024844
0.021901
0.018775
0.015294
0.026352
0.006566
0.037143
0.025388
0.021344
0.037731
0.024565
0.057015
0.047888
0.041459
0.036937
0.052422
0.061042
0.062600
0.046663
0.049061
0.060578
0.040526
0.057011
0.030863
0.026308
0.051074
0.061260
0.057640
0.057279
0.061430
0.057025
0.046100
0.050637
0.041953
0.051375
0.039787
0.056999
0.046140
0.058914
0.046434
0.047281
0.052542
0.060101
0.034116
0.042881
0.031016
0.052872
0.046800
0.046782
0.042251
0.046889
0.034882
0.066709
0.058450
0.053918
0.057133
0.057547
0.037545
0.035156
0.057410
0.044742
0.056119
0.040205
0.050248
0.051695
0.048073
0.033270
0.059405
0.045169
0.049568
0.056009
0.050954
0.037473
0.035279
0.055624
0.031291
0.050722
0.029184
0.056404
0.025500
0.039938
0.030203
0.026465
0.028283
0.034804
0.026918
0.020201
0.032541
0.006992
0.034529
0.036856
0.036700
0.020050
0.042022
0.020783
0.019510
0.003631
0.007611
0.014216
0.007648
0.001777
0.017891
0.003670
0.009037
0.008264
0.012285
-0.006066
-0.026922
-0.002627
0.001854
0.004249
-0.010353
0.006683
0.006064
-0.006142
-0.007957
-0.007379
-0.021283
-0.025837
-0.030715
-0.028656
-0.022644
-0.020050
-0.017190
-0.028927
-0.027619
-0.030555
-0.009851
-0.009854
-0.028928
-0.029384
-0.002704
-0.006026
-0.017269
-0.048791
-0.029280
-0.035502
-0.029824
-0.034728
-0.027041
-0.038242
-0.030786
-0.056558
-0.032807
-0.033533
-0.059160
-0.056211
-0.046112
-0.031053
-0.044154
-0.053042
-0.072876
-0.052093
-0.024844
-0.065741
-0.050027
-0.049995
-0.069742
-0.048523
-0.077321
-0.081094
-0.083873
-0.061311
-0.052542
-0.077054
-0.069113
-0.071731
-0.067254
-0.060220
-0.058542
-0.078701
-0.067818
-0.071418
-0.053448
-0.076064
-0.074257
-0.063191
-0.044568
-0.061345
-0.079960
-0.074194
-0.080224
-0.079810
-0.069881
-0.084350
-0.054192
-0.066568
-0.072186
-0.042445
-0.081408
-0.074917
-0.065172
-0.072325
-0.066461
-0.070707
-0.076067
-0.081542
-0.061807
-0.067033
-0.069587
-0.084931
-0.066026
-0.085046
-0.088578
-0.078053
-0.071466
-0.086031
-0.084992
-0.063786
-0.053763
-0.049677
-0.072378
-0.083579
-0.068499
-0.051594
-0.079230
-0.070966
-0.065622
-0.055861
-0.067816
-0.070707
-0.057500
-0.070479
-0.070530
-0.067344
-0.065166
-0.053796
-0.050016
-0.071499
-0.080526
-0.061349
-0.054153
-0.052682
-0.052121
-0.070312
-0.042416
-0.042079
-0.035965
-0.031716
-0.040614
-0.056399
-0.050087
-0.056242
-0.041322
-0.045318
-0.039277
-0.036810
-0.030172
-0.041372
-0.023798
-0.032528
-0.032318
-0.036073
-0.028434
-0.027128
-0.021860
-0.031292
-0.038782
-0.015298
-0.016068
0.000232
-0.012321
-0.013600
-0.010352
-0.040366
-0.036995
-0.025342
-0.022015
-0.000348
-0.020703
-0.023338
0.000502
0.003863
-0.006720
0.001429
-0.004133
-0.005098
0.020435
0.004635
0.003592
0.001467
0.014526
-0.013753
0.008111
0.019970
-0.005023
0.010507
0.002009
0.001854
0.015842
-0.003168
0.031831
-0.001622
0.001120
0.008112
0.017653
0.012672
0.016990
0.023559
0.022562
0.004365
0.013406
0.011589
0.030567
0.009963
0.022403
0.029897
0.035825
0.041101
0.037322
0.025366
0.042824
0.049950
0.044834
0.054895
0.052285
0.049913
0.055714
0.056055
0.049967
0.057219
0.059340
0.030642
0.062268
0.063469
0.033767
0.048127
0.057204
0.058526
0.063162
0.060878
0.046591
0.038440
0.069426
0.053921
0.055890
0.065523
0.043464
0.050584
0.041217
0.060531
0.049759
0.045279
0.042213
0.051200
0.070102
0.073092
0.043532
0.045161
0.064328
0.053883
0.043575
0.049642
0.038942
0.025345
0.061104
0.064602
0.064558
0.062005
0.045035
0.009273
0.045228
0.033920
0.031057
0.047165
0.027208
0.035186
0.027431
0.054644
0.066430
0.073386
0.081689
0.038206
0.038281
0.047897
0.050139
0.036805
0.044548
0.040994
0.052437
0.025839
0.027501
0.028437
0.032528
0.035960
0.035624
0.054884
0.022786
0.031481
0.026070
0.015415
0.015722
0.009193
0.016221
0.022835
0.021556
0.018696
0.025337
0.018048
0.015564
0.012637
0.009156
-0.001623
0.009195
0.015258
0.021092
0.015148
-0.007305
-0.002935
0.009619
-0.003206
-0.005259
-0.003669
-0.002473
-0.014562
0.000927
-0.009426
-0.007303
-0.025418
-0.021671
-0.015027
-0.024414
-0.028386
-0.018822
-0.020517
-0.019971
-0.010931
-0.013716
-0.017928
-0.028145
-0.031422
-0.022400
-0.018276
-0.018654
-0.025025
-0.040135
-0.023560
-0.037590
-0.044964
-0.046376
-0.016347
-0.020394
-0.047594
-0.035455
-0.042852
-0.056012
-0.034661
-0.031285
-0.032055
-0.042726
-0.046522
-0.044497
-0.041137
-0.061426
-0.040561
-0.044401
-0.046597
-0.064043
-0.080894
-0.065408
-0.071907
-0.067545
-0.061904
-0.083985
-0.057089
-0.067989
-0.059502
-0.066956
-0.073616
-0.080919
-0.082051
-0.080553
-0.050519
-0.063282
-0.075481
-0.068240
-0.057768
-0.063195
-0.066371
-0.091116
-0.056565
-0.051877
-0.069371
-0.069025
-0.083058
-0.088988
-0.066095
-0.067206
-0.081430
-0.078761
-0.072108
-0.068850
-0.069495
-0.070691
-0.070852
-0.075493
-0.096117
-0.069499
-0.070696
-0.066759
-0.081350
-0.096011
-0.063556
-0.065708
-0.068568
-0.074821
-0.067415
-0.091620
-0.076867
-0.075275
-0.068351
-0.085061
-0.069023
-0.074053
-0.059720
-0.091786
-0.053780
-0.063370
-0.078942
-0.056860
-0.078819
-0.057838
-0.073215
-0.077300
-0.050514
-0.061567
-0.064431
-0.073345
-0.053921
-0.056021
-0.065851
-0.070956
-0.073230
-0.074784
-0.051914
-0.046331
-0.049921
-0.051069
-0.043641
-0.035036
-0.054907
-0.034693
-0.027035
-0.035309
-0.030953
-0.053892
-0.058104
-0.028824
-0.031330
-0.030043
-0.031125
-0.029971
-0.033530
-0.030864
-0.010973
-0.009852
-0.038091
-0.024645
-0.018549
-0.017538
-0.014837
-0.034033
-0.013795
-0.007958
-0.034843
-0.003902
-0.003169
-0.000232
-0.022837
0.000657
-0.003245
-0.016306
0.000502
-0.015918
-0.018430
-0.004171
-0.013484
0.002279
-0.005755
0.003013
0.007764
0.016726
0.008422
0.018311
0.009695
0.010047
0.018230
0.008732
0.000270
0.014798
0.004558
0.011358
-0.008654
0.006682
0.003632
0.007341
0.026892
0.000039
0.012553
0.009274
0.026875
0.014909
0.033799
0.019622
0.017152
0.025550
0.029731
0.017425
0.015374
0.020978
0.019849
0.030406
0.029200
0.037430
0.037814
0.051565
0.040500
0.060001
0.061085
0.061848
0.059079
0.053697
0.045719
0.058450
0.061780
0.057338
0.054984
0.047635
0.052753
0.053532
0.059796
0.053509
0.065350
0.034993
0.054380
0.052181
0.046273
0.056138
0.050374
0.055298
0.051042
0.061498
0.055413
0.056388
0.063758
0.053974
0.063084
0.051344
0.047942
0.066189
0.060056
0.065277
0.050972
0.051452
0.056474
0.039784
0.050098
0.045393
0.037355
0.048106
0.063904
0.050954
0.036454
0.033416
0.045456
0.030043
0.059604
0.046894
0.053892
0.059951
0.051520
0.045360
0.039040
0.054338
0.043337
0.031948
0.034412
0.036591
0.052473
0.032343
0.041361
0.051832
0.022179
0.027006
0.042335
0.035772
0.027119
0.032954
0.029201
