0.001932
-0.026038
0.021053
0.018658
0.010278
-0.013790
-0.001390
0.013405
-0.009081
-0.018813
-0.001545
0.001700
0.002627
0.008227
0.000116
-0.002086
-0.013715
-0.009961
-0.011665
-0.010235
0.001082
-0.005176
0.001661
-0.006569
-0.018619
-0.006993
-0.009580
-0.013364
-0.013744
-0.001043
-0.015954
-0.008730
-0.003670
-0.023295
-0.030319
-0.014292
-0.016379
0.003862
-0.003671
-0.012786
-0.016851
-0.006335
-0.016068
-0.009040
-0.010004
-0.012280
-0.026062
-0.014178
-0.006375
-0.012671
-0.007263
0.002936
-0.006180
-0.006837
0.005447
-0.001043
-0.009116
-0.006297
0.002549
-0.000464
0.000232
-0.007996
-0.004288
-0.007726
-0.002202
-0.022403
-0.014911
-0.027540
-0.005756
-0.011241
-0.003246
-0.014488
-0.016761
-0.020552
-0.020127
-0.011396
-0.011008
-0.014905
0.000889
-0.011278
-0.012284
-0.010081
-0.018275
-0.011321
-0.020127
-0.021558
-0.015800
-0.012132
-0.010965
-0.005177
-0.011394
-0.034456
-0.005796
-0.019356
-0.019513
-0.019475
0.000116
-0.030292
-0.005332
-0.013288
-0.018156
-0.015256
-0.010198
-0.015806
-0.014026
-0.009816
-0.003361
-0.008075
-0.002588
-0.006606
-0.031096
-0.022335
-0.022137
-0.014145
-0.013135
-0.020016
-0.040492
-0.039245
-0.019428
-0.022408
-0.014450
-0.021246
-0.018895
-0.013561
-0.015254
-0.009656
-0.033644
-0.010816
-0.008888
-0.020477
-0.021132
-0.017001
-0.025494
-0.016459
-0.025803
-0.012358
-0.016732
-0.022479
-0.030055
-0.029983
-0.023798
-0.014370
-0.023099
-0.017231
-0.022676
-0.002357
-0.030825
-0.031176
-0.025223
-0.011512
-0.027982
-0.018126
-0.021443
-0.030053
-0.016221
-0.033260
-0.040853
-0.037942
-0.037292
-0.031375
-0.036700
-0.029560
-0.012476
-0.020637
-0.008038
-0.022760
-0.028091
-0.018469
-0.016303
-0.020360
-0.025972
-0.025850
-0.026267
-0.013945
-0.007918
-0.003631
-0.022404
-0.033025
-0.024130
-0.035537
-0.036820
-0.018546
-0.017467
-0.036393
-0.012285
-0.014330
-0.021550
-0.007768
-0.015569
-0.015681
-0.027354
-0.012982
-0.007996
-0.007419
0.001391
-0.011746
-0.012405
-0.023027
-0.009925
-0.016539
-0.016842
-0.009463
-0.004869
-0.029290
-0.023992
-0.008264
-0.018582
-0.006835
-0.011666
-0.023796
-0.036815
-0.016261
-0.010084
-0.011510
-0.009543
-0.014642
-0.018540
-0.013749
-0.017923
-0.037627
-0.022455
-0.017769
-0.022678
-0.013792
-0.003748
-0.027778
-0.002781
-0.002473
-0.006182
-0.005873
-0.015033
-0.009657
-0.012517
-0.020708
-0.024833
-0.011667
-0.007301
-0.008807
-0.013054
-0.024608
-0.019356
-0.013443
-0.005254
-0.033183
-0.007146
-0.001931
-0.026347
0.006838
-0.000657
-0.011473
-0.001390
-0.033452
-0.016917
-0.020364
-0.007031
-0.008691
-0.009236
0.003710
-0.021636
-0.027866
-0.006799
-0.024805
-0.010506
-0.013984
-0.007070
0.007610
0.000965
-0.006067
-0.001082
0.004017
0.009968
0.000888
-0.007458
-0.010431
-0.006682
-0.004094
0.007299
-0.015231
-0.003746
-0.010509
0.000270
-0.008424
-0.009927
-0.007996
-0.003632
-0.009345
0.005178
-0.010433
-0.005870
0.005254
0.006953
0.014952
-0.008536
-0.015298
-0.008655
-0.000425
0.003052
0.007805
0.003633
0.002782
-0.003515
-0.017270
-0.003244
-0.016957
-0.017427
-0.013712
-0.009851
0.002975
-0.006913
0.008035
-0.024608
-0.011973
-0.006992
-0.015605
-0.009853
0.001738
0.009041
-0.005602
-0.002780
-0.002047
0.002279
0.002898
-0.010624
0.007919
-0.001893
-0.025032
0.004828
-0.029208
-0.000889
0.010431
0.002627
-0.003440
-0.005987
-0.007803
0.006684
-0.013213
-0.009544
-0.001816
-0.002666
-0.028716
0.006876
0.015103
0.001623
-0.002705
-0.019625
-0.006490
-0.002240
0.002704
-0.008421
0.010081
0.001584
-0.017742
0.001004
-0.006568
-0.002202
-0.020007
-0.007803
-0.023411
-0.016151
-0.008070
-0.016495
-0.022406
-0.009813
-0.014408
-0.007804
-0.003245
-0.020364
-0.005947
0.010777
0.005177
-0.018160
-0.019787
-0.008344
-0.007033
-0.007535
-0.011011
-0.023951
-0.019554
0.002472
-0.024333
0.006260
0.009268
0.003709
-0.014871
-0.015412
0.002009
-0.013869
-0.017230
-0.028242
-0.018154
-0.018580
-0.009891
-0.008922
-0.017111
-0.017614
-0.026232
-0.030510
-0.028363
-0.024264
-0.023411
-0.029323
-0.004597
-0.004212
0.000000
-0.016106
0.004211
-0.018430
-0.012209
-0.009893
0.003938
0.009271
0.000077
-0.020747
-0.011329
-0.007686
0.009851
-0.028442
-0.018469
-0.017730
-0.017693
-0.015608
0.014245
-0.021013
-0.021545
-0.025228
-0.002124
-0.021322
-0.016961
-0.012866
-0.025065
-0.002086
-0.019433
-0.017846
-0.027189
-0.023917
-0.016340
-0.042217
-0.038208
-0.025734
-0.026779
-0.033868
-0.021019
-0.046053
-0.021012
-0.014718
-0.019862
-0.018769
-0.027239
-0.020662
-0.026893
-0.014218
-0.013056
-0.014676
-0.033834
-0.023578
-0.044421
-0.024838
-0.033613
-0.013100
-0.026814
-0.006141
-0.027240
-0.021675
-0.029278
-0.002164
-0.004599
-0.012286
-0.001313
-0.011823
-0.014176
-0.031335
-0.002666
-0.010435
-0.028671
-0.019889
-0.015916
-0.013364
-0.036737
-0.006572
-0.003514
-0.007186
-0.010161
-0.020011
-0.032293
-0.018004
-0.015190
-0.002974
-0.014989
-0.026623
-0.013487
-0.016569
-0.014446
-0.029744
-0.029898
-0.025195
-0.013789
-0.025232
-0.016378
-0.011166
-0.014720
-0.024299
-0.016533
-0.005557
-0.013639
-0.035391
-0.009001
-0.006104
-0.004714
-0.001662
-0.025560
-0.023100
-0.031893
-0.009774
-0.001622
0.002164
-0.012824
-0.013561
-0.002821
-0.006490
-0.010583
-0.011977
-0.017152
-0.023018
-0.013170
-0.010778
-0.004251
-0.010814
-0.027307
-0.024216
-0.020396
-0.002008
-0.013677
-0.005408
-0.029247
-0.007921
-0.019010
-0.017154
-0.013293
-0.008769
-0.009040
-0.010737
-0.003013
-0.006026
-0.010893
-0.010622
-0.014523
-0.011974
0.005717
-0.015250
-0.001545
-0.017615
-0.009313
-0.000077
-0.007340
-0.021943
-0.003167
-0.004752
-0.005604
-0.019700
0.002125
0.002665
-0.003708
-0.017305
-0.008734
-0.011434
-0.002164
-0.021669
-0.014024
-0.008000
0.000579
0.002782
0.002821
-0.003245
-0.013943
-0.003747
-0.007223
-0.009694
-0.000155
-0.013871
-0.003014
0.003091
-0.011200
-0.016378
-0.009731
-0.015878
-0.019319
-0.005332
-0.011089
-0.015490
-0.011899
-0.017040
0.000541
0.000927
-0.010816
-0.000039
-0.013829
-0.010547
-0.000425
-0.007418
-0.016343
-0.029016
0.003439
-0.000425
-0.004365
0.000579
0.002048
0.002627
-0.020898
-0.005640
0.001932
0.004984
-0.000232
-0.005060
-0.003052
-0.011706
-0.017925
-0.026388
-0.014256
-0.000039
-0.002627
-0.008498
-0.006413
-0.005177
-0.009387
-0.005370
0.006722
-0.014606
0.005795
-0.011741
-0.002086
-0.006298
-0.002550
-0.008655
-0.003709
-0.002936
-0.019166
0.004095
-0.004327
-0.008614
-0.011473
-0.013597
0.007610
0.004521
-0.021751
-0.019044
-0.013976
-0.012940
-0.006453
0.001043
-0.004210
-0.029052
0.007915
-0.014185
0.002549
0.005330
-0.004289
-0.023413
-0.011206
-0.009661
-0.014648
0.009695
0.007380
-0.004134
0.000077
-0.011514
-0.017342
0.008728
-0.004674
0.006951
-0.015179
-0.013288
-0.024337
-0.020701
-0.018505
0.014873
0.012287
0.003516
-0.019354
0.003786
-0.019512
0.000116
-0.005136
0.002704
-0.017305
-0.024208
-0.013719
-0.019628
-0.002008
-0.017533
-0.011086
-0.008922
-0.014759
0.014602
0.000966
-0.009272
-0.010043
-0.013796
-0.018587
-0.020546
-0.016296
-0.016999
-0.003206
-0.011362
-0.014445
-0.014991
-0.000695
-0.016266
-0.004365
-0.000425
-0.004171
-0.010744
0.009735
-0.015767
-0.017888
-0.023029
0.003825
-0.015878
-0.022983
-0.031061
0.009427
-0.017653
-0.019773
-0.031868
-0.019013
-0.011089
-0.006297
-0.011436
-0.025605
-0.014718
-0.000888
-0.007455
-0.002280
0.000000
-0.028933
-0.018814
0.006759
-0.014610
-0.024422
-0.039988
-0.022713
-0.025499
-0.028436
-0.012206
-0.026966
-0.011121
-0.022484
-0.024227
-0.033759
-0.029204
-0.027773
-0.008343
-0.032569
-0.033539
-0.033873
-0.025854
-0.027264
-0.029321
-0.038441
-0.024648
-0.027541
-0.035729
-0.017924
-0.021824
-0.030598
-0.012707
-0.011937
-0.010778
-0.011667
-0.040161
-0.025081
-0.018430
-0.027591
-0.019003
-0.024445
-0.007762
-0.007457
-0.027890
-0.024717
-0.017232
-0.012287
-0.015953
-0.022059
-0.022295
-0.028906
-0.002434
-0.002009
-0.015919
-0.024334
-0.035467
-0.016615
-0.007187
-0.024577
-0.017734
-0.007843
-0.005680
-0.005911
-0.020481
0.001970
-0.022104
-0.029591
-0.014291
-0.015257
-0.023872
-0.008649
-0.013984
-0.022883
-0.014992
-0.010270
-0.018199
-0.023531
-0.004018
-0.005834
-0.022482
-0.000309
-0.013869
-0.015339
-0.009698
0.006490
-0.033118
-0.017621
-0.017963
-0.008115
-0.013751
-0.017232
-0.014371
0.002898
-0.006721
-0.007457
-0.008770
-0.003707
-0.008540
-0.005099
0.004018
-0.007067
0.002627
-0.023309
-0.011586
-0.028856
-0.009079
-0.006413
-0.015955
-0.028948
-0.004094
-0.003708
-0.008690
-0.006372
-0.003283
-0.007455
-0.011435
-0.006258
-0.018771
-0.012749
0.004366
0.003709
-0.019313
-0.002202
-0.022756
-0.025655
-0.023372
-0.011899
-0.003862
-0.013057
-0.010627
0.004018
0.009000
0.003633
-0.006182
-0.000193
-0.014219
-0.025418
-0.004829
-0.005138
-0.000155
-0.000077
-0.006644
-0.003787
-0.012786
-0.025148
-0.006064
-0.005408
-0.023141
-0.007379
-0.012051
-0.023412
-0.009737
-0.015176
-0.024219
-0.006028
-0.015802
-0.009890
-0.013441
-0.006025
0.016151
-0.000077
-0.007726
-0.003940
-0.012325
-0.029820
-0.006761
-0.002781
0.001584
-0.012944
0.000889
-0.012869
0.000695
-0.010090
-0.007998
0.010855
-0.010775
-0.016035
0.004057
0.007458
-0.006333
-0.005602
-0.002511
-0.004095
-0.004945
0.006493
-0.008071
0.002047
0.006025
-0.005331
0.017999
-0.016883
-0.002897
-0.013096
-0.010741
-0.003670
-0.002859
-0.018542
-0.000618
-0.032487
-0.009389
-0.001005
-0.021402
0.007303
-0.022366
-0.007843
-0.003941
-0.009968
-0.009229
-0.012979
-0.007611
0.008733
0.001815
-0.015880
-0.007072
-0.007687
-0.017699
-0.012520
-0.014722
-0.023113
-0.021746
0.013057
-0.008656
-0.004945
-0.006259
-0.001622
-0.006218
-0.019121
-0.009852
-0.010626
-0.010471
-0.025028
-0.018932
-0.006333
-0.010318
-0.010471
-0.004096
-0.013829
0.001893
0.010079
-0.005834
0.002898
-0.011242
-0.021523
-0.016065
-0.007958
-0.006528
0.000773
-0.017231
-0.001430
-0.016802
-0.013831
-0.006721
-0.016689
-0.012093
-0.025849
0.003169
-0.004943
-0.001236
0.000773
-0.019132
-0.006954
-0.011475
-0.014833
-0.014722
0.001700
-0.012859
-0.006104
-0.013716
0.001159
0.002125
-0.004984
-0.009309
-0.009890
-0.030906
-0.031361
-0.014415
-0.000773
-0.004673
-0.024105
-0.017076
-0.030596
-0.010664
-0.016882
-0.023444
-0.031129
-0.028279
-0.022097
-0.017579
-0.008575
-0.015914
-0.023834
-0.020512
-0.033303
-0.017888
-0.028478
-0.013910
-0.007534
-0.017460
-0.024063
-0.018196
-0.016998
-0.038413
-0.018081
-0.011894
-0.015646
-0.014454
-0.022677
-0.015488
-0.020901
-0.021757
-0.021019
-0.004945
-0.018929
-0.011937
-0.012746
-0.032072
-0.033200
-0.023026
-0.014487
-0.024264
-0.021629
-0.018040
-0.017809
-0.019623
-0.043420
-0.023410
-0.020667
-0.015527
-0.026678
-0.009350
-0.020091
-0.017112
-0.009388
-0.018816
-0.024221
-0.019617
-0.007378
-0.006223
-0.001236
-0.011786
-0.012021
-0.017501
-0.029552
-0.022519
-0.033452
-0.026653
-0.017578
-0.016495
-0.018778
-0.021514
-0.014946
0.000000
-0.007608
-0.012673
-0.015682
-0.013638
-0.007647
-0.011897
-0.046470
-0.009500
-0.004249
-0.006760
-0.007534
-0.010274
-0.018236
-0.013057
-0.019818
-0.035353
-0.021329
-0.007569
-0.014213
-0.000270
-0.016651
-0.019080
-0.009192
-0.009426
-0.017772
-0.029129
-0.023096
-0.016071
-0.021949
-0.010702
-0.010390
-0.023640
-0.017690
-0.018770
-0.042303
-0.016265
-0.011011
-0.002279
0.001738
0.002935
-0.009505
-0.020664
-0.024961
-0.020352
-0.010741
-0.024837
-0.014448
-0.009468
-0.001429
-0.011241
-0.015798
0.006298
0.004598
-0.000541
-0.020391
-0.003090
-0.019933
0.001081
-0.004018
-0.000502
-0.016731
-0.001236
-0.003979
-0.022328
-0.005293
-0.008730
-0.012207
-0.017392
-0.013479
-0.003012
-0.002859
-0.001932
-0.004173
-0.007649
-0.003863
-0.013100
-0.014717
-0.015066
-0.018163
-0.006564
-0.011436
-0.010585
0.000734
0.008727
-0.002782
-0.021894
-0.007145
-0.009505
-0.003399
-0.010278
-0.005951
0.003362
-0.009620
-0.017302
-0.015566
-0.007802
-0.017766
-0.003515
-0.022759
-0.011240
-0.015100
-0.010624
-0.004481
0.004830
0.003129
-0.010704
0.002628
-0.001855
-0.018659
-0.009119
0.001352
-0.017343
-0.013174
-0.003091
-0.012939
-0.003515
-0.000270
-0.008845
0.007998
0.013327
0.005218
-0.018237
-0.002548
0.007571
-0.015028
0.004483
-0.013519
0.005100
-0.006182
-0.013559
-0.012784
-0.014493
-0.010942
-0.009773
0.017190
-0.001816
0.002086
0.001275
0.000811
-0.016881
-0.004867
-0.005603
-0.003438
-0.005987
-0.006219
-0.014488
-0.014756
0.002550
0.006531
0.005642
-0.010707
-0.000309
-0.014673
-0.009619
0.000270
-0.004135
-0.024406
-0.022831
-0.022988
0.012829
-0.028623
-0.009428
-0.017460
-0.002857
0.004595
0.011085
-0.007804
-0.013360
-0.004945
0.002201
-0.017531
-0.024684
-0.020899
-0.014995
-0.030982
-0.012708
0.005408
-0.029823
-0.001507
-0.017036
-0.016147
-0.005022
-0.010706
-0.003438
-0.017984
-0.012207
-0.036398
-0.011745
-0.009274
-0.010354
-0.007071
-0.017846
-0.018349
-0.016612
0.000077
-0.009118
-0.005023
-0.010626
-0.013789
-0.018236
-0.027514
-0.021325
-0.006799
-0.018697
-0.003361
0.004018
0.005681
0.000154
-0.011898
-0.006411
-0.011701
-0.025076
-0.009889
-0.034267
-0.009777
-0.015261
-0.006219
-0.003863
-0.017388
-0.019819
-0.011936
-0.001700
-0.020941
-0.011390
-0.005177
-0.000618
-0.019161
0.001120
-0.003401
0.001506
-0.020092
-0.021491
-0.022750
-0.019627
-0.025383
-0.029670
-0.030708
-0.033715
-0.021057
-0.019777
-0.020507
-0.025269
-0.013291
-0.019972
-0.020318
0.006683
-0.025253
-0.028361
-0.021702
-0.017655
-0.024294
-0.028078
-0.029495
-0.022521
-0.022245
-0.013637
-0.020634
0.000579
-0.010471
-0.017420
-0.034727
-0.020938
-0.018504
-0.018620
-0.030512
-0.033100
-0.020320
-0.037898
-0.023612
-0.020084
-0.010507
-0.051035
-0.026505
-0.022411
-0.017540
-0.030324
-0.027001
-0.027200
-0.018767
-0.025496
-0.024874
-0.031063
-0.016066
-0.007880
-0.040647
-0.010933
-0.036539
-0.032027
-0.027126
-0.035008
-0.030638
-0.023590
-0.005140
-0.026885
-0.020823
0.002743
-0.007108
-0.030631
-0.011514
-0.012749
-0.014831
-0.018383
-0.016649
-0.019276
-0.024263
-0.028092
-0.032808
-0.013056
-0.020411
-0.004713
-0.013371
-0.022951
-0.000232
-0.006104
-0.026502
0.004211
-0.011898
-0.000463
-0.006721
-0.010894
-0.011199
-0.011356
-0.003979
-0.036044
-0.008732
-0.016379
-0.012514
-0.018776
-0.015880
0.001468
-0.004867
-0.014916
-0.007766
-0.008693
-0.014402
-0.006027
-0.018124
-0.001236
-0.009346
-0.004325
-0.006876
-0.016686
0.013370
-0.006955
0.000502
-0.011669
-0.016188
-0.026652
-0.021364
-0.015261
-0.018564
-0.014329
-0.016148
-0.015493
-0.017504
-0.004250
-0.002898
-0.006256
-0.004287
-0.012402
-0.006722
-0.024608
-0.014757
-0.023954
-0.009928
-0.026426
-0.011589
-0.016612
-0.016688
0.009388
-0.028511
0.009584
-0.003516
0.000348
-0.006218
0.000116
-0.020904
-0.005638
-0.024144
-0.014459
-0.007957
-0.007031
-0.005755
0.009738
-0.009272
-0.015415
0.007184
0.000270
-0.011164
-0.010199
-0.021480
-0.006720
-0.007031
-0.004093
-0.016461
-0.013558
-0.005757
0.007957
-0.032691
0.002047
-0.002820
-0.009505
0.010394
-0.013288
-0.006684
-0.009811
-0.002318
0.000657
-0.012556
-0.007260
0.002704
-0.000618
-0.035194
-0.029163
0.010658
-0.016613
-0.009656
-0.007532
-0.001970
0.004675
0.004056
-0.001584
-0.013747
0.002240
-0.014374
-0.010082
0.014988
-0.001391
-0.001121
0.000116
-0.004905
-0.006567
-0.003284
-0.018306
0.004870
0.004559
0.009004
0.007456
0.011311
-0.008809
-0.000232
0.009350
-0.013365
0.006951
0.010622
0.016615
-0.013638
0.007492
0.008152
-0.002318
-0.007609
-0.020516
-0.016344
-0.009119
-0.024877
0.000811
-0.017037
0.017034
0.011434
0.004055
-0.013443
0.002858
-0.011014
0.001468
-0.017813
-0.002394
-0.015722
-0.006335
-0.017270
-0.007800
0.001274
-0.015526
-0.017077
-0.018698
-0.011281
-0.010316
0.006103
-0.002202
-0.001931
0.002125
-0.002704
-0.019011
-0.013214
-0.003129
-0.007499
-0.026067
-0.029213
-0.020973
-0.001700
0.002975
-0.017386
-0.024345
-0.012087
-0.011162
-0.002935
-0.004481
-0.024535
-0.012090
-0.001816
-0.004983
-0.007030
-0.009619
-0.014024
-0.010778
-0.009346
-0.019667
-0.008651
-0.009735
-0.010006
-0.004406
-0.010430
-0.022327
-0.019583
-0.024490
-0.026732
-0.027315
-0.027042
-0.007377
-0.010278
-0.009773
-0.003862
-0.000309
-0.035309
0.010395
-0.009848
-0.022831
-0.002048
-0.009545
-0.020388
-0.028894
0.004752
-0.015493
-0.026455
-0.017540
-0.013638
-0.026499
-0.019967
-0.031604
-0.001970
-0.023224
-0.020333
-0.021865
-0.019666
-0.012985
-0.003205
-0.009927
-0.012630
-0.013132
-0.014181
-0.023292
0.005716
-0.018349
-0.001468
-0.020824
-0.017307
-0.024212
-0.023141
-0.006915
-0.028739
-0.010972
-0.007109
-0.029661
-0.026174
-0.030060
-0.033760
-0.025506
-0.031906
-0.030757
-0.006644
-0.013827
-0.011590
-0.022520
-0.026034
-0.010391
-0.013324
-0.020090
-0.018817
-0.018774
-0.018354
-0.015876
-0.024960
-0.026927
-0.022642
-0.025689
-0.024179
-0.009812
-0.010470
-0.018079
0.002549
-0.038670
-0.009194
-0.012706
-0.020392
-0.015839
-0.009695
0.007960
-0.010040
-0.018312
-0.012283
-0.016688
-0.018698
-0.021829
-0.028893
-0.025838
-0.022869
-0.020517
-0.015609
-0.006142
-0.022295
-0.028127
0.003443
-0.014059
-0.007572
-0.008112
-0.017151
-0.029512
-0.013716
-0.004634
-0.030754
-0.024267
-0.011860
-0.018852
0.000579
-0.018891
-0.026114
-0.022790
-0.020475
-0.033020
-0.031681
-0.027187
-0.007573
-0.009928
-0.015797
-0.022017
-0.019774
-0.000425
-0.012210
-0.015793
-0.032296
-0.011011
-0.009503
0.000232
-0.026733
-0.012593
-0.016917
-0.001816
-0.010428
0.001004
-0.016459
-0.018154
-0.022562
-0.006027
-0.032595
-0.012246
-0.012326
-0.011743
-0.016691
-0.017035
-0.037746
-0.017581
-0.020780
-0.000348
-0.007726
-0.011514
-0.030596
-0.012973
-0.001468
-0.017040
-0.014410
-0.009657
-0.012859
0.004635
-0.014290
-0.011705
-0.011047
-0.013369
-0.009193
0.004598
-0.000772
0.002860
-0.009274
-0.010816
-0.017967
-0.026578
-0.012367
-0.017614
-0.010586
-0.013946
-0.014601
0.012590
-0.003129
-0.008266
-0.013132
0.004093
-0.006414
0.000541
0.000734
-0.002549
-0.011398
-0.003130
-0.020279
-0.014985
-0.010625
-0.018698
-0.006104
-0.001584
-0.003631
-0.018461
0.017883
-0.004752
-0.008846
-0.018421
-0.002550
-0.020586
-0.013168
-0.015064
-0.016343
-0.004906
0.002164
-0.004558
-0.027895
0.002434
-0.002976
0.004597
0.005098
0.003400
-0.018314
0.003281
0.000618
-0.005333
0.013291
-0.002976
-0.008110
-0.007416
0.008615
0.001429
0.004170
0.007418
0.007261
0.010122
0.006991
-0.011396
-0.000657
-0.008504
-0.011552
-0.010431
-0.007417
0.010079
-0.012753
-0.009309
-0.006489
-0.010156
-0.007187
-0.003401
-0.005215
-0.006067
-0.006490
0.008966
0.000425
-0.008845
0.009080
0.000155
-0.005640
-0.004017
-0.012013
-0.004327
-0.005062
-0.003631
0.009924
0.003437
0.016619
-0.002975
-0.004019
-0.004443
-0.009384
-0.023656
-0.003786
-0.020595
-0.001892
-0.014940
-0.014447
-0.000580
-0.012402
-0.010083
-0.018615
-0.021008
-0.010584
-0.011782
-0.013944
-0.012557
0.003399
-0.007842
-0.022556
0.001738
-0.030140
-0.017114
-0.014181
-0.019161
-0.016918
-0.021595
-0.003708
-0.004907
-0.004829
-0.000927
-0.006798
-0.013828
-0.007840
-0.001429
-0.013054
-0.015684
0.011555
-0.014913
-0.009659
-0.045471
-0.014218
-0.018157
-0.014796
-0.014678
-0.010468
-0.008536
-0.005832
-0.011979
-0.009387
-0.010545
-0.006221
-0.027664
-0.025263
-0.020634
-0.002703
-0.005833
-0.012597
-0.010507
-0.017301
-0.001043
-0.012325
-0.020981
-0.014563
-0.012672
-0.026034
-0.024873
-0.023681
-0.023767
-0.014491
-0.013209
-0.018221
-0.008498
-0.038162
-0.007224
-0.015609
-0.008537
-0.009889
-0.017890
-0.003979
-0.032592
-0.022525
-0.028236
-0.036978
-0.025377
-0.022521
-0.023172
-0.025921
-0.040610
-0.027934
-0.012790
-0.007961
0.000464
-0.016882
-0.035426
-0.029111
-0.024960
-0.029821
-0.018037
-0.035959
-0.017501
-0.019202
-0.035421
-0.026195
-0.022944
-0.016068
-0.013484
-0.016804
-0.004867
-0.023868
-0.017966
-0.017185
-0.011087
-0.018893
-0.015607
-0.025342
-0.014522
-0.021894
-0.016381
-0.015720
-0.013483
-0.015025
-0.013022
-0.010470
-0.035583
-0.009888
-0.020973
-0.026347
-0.014102
-0.008574
-0.019854
-0.026074
-0.009465
-0.011706
-0.014524
-0.005910
-0.031621
-0.019933
-0.014093
-0.019234
-0.032995
-0.001468
-0.002240
-0.002163
0.006952
-0.008963
0.000232
-0.003555
-0.009461
0.001236
-0.024839
-0.008382
-0.013826
-0.014909
-0.035223
-0.004442
-0.009732
-0.020744
-0.005407
-0.028276
-0.012207
-0.017614
-0.018888
-0.006259
-0.007728
-0.008576
-0.013054
-0.016146
-0.005137
-0.015221
-0.005834
-0.019029
-0.014781
-0.018922
-0.025417
-0.023677
-0.013794
-0.016995
-0.001004
-0.007106
-0.010352
-0.016339
-0.016679
-0.018891
-0.014641
0.004094
-0.005678
-0.014329
-0.022485
-0.019667
-0.011087
-0.023335
-0.016574
-0.023915
-0.002820
-0.014443
-0.001700
-0.017306
-0.011201
0.001816
-0.019352
-0.006956
-0.009698
-0.011047
-0.011200
-0.017263
-0.018270
-0.003361
-0.008037
-0.007417
-0.008424
0.001351
0.004947
-0.017729
-0.009849
-0.011011
0.006257
0.003671
-0.002550
-0.008383
0.001893
-0.008538
-0.012596
-0.018044
-0.019011
-0.016300
-0.018281
-0.002510
-0.009000
0.000348
-0.014744
-0.008461
-0.014179
-0.014795
0.008535
-0.001507
-0.017700
-0.013019
-0.013717
-0.006721
0.000580
-0.004905
0.007223
-0.019633
-0.013138
-0.005601
0.007030
-0.006412
-0.001546
0.004560
-0.005833
-0.007305
-0.005372
-0.001275
0.003476
-0.005679
-0.005949
-0.000618
-0.001777
-0.011822
-0.012979
-0.000850
0.005021
-0.003786
0.000039
-0.020512
-0.018578
-0.018312
-0.017037
-0.000696
-0.012407
-0.009580
-0.010197
-0.005950
-0.025999
-0.019778
-0.005989
-0.022839
0.010315
-0.014410
-0.009660
-0.006606
-0.012665
-0.004751
-0.010082
-0.016801
0.008383
-0.012785
0.000425
-0.001738
-0.006992
-0.005566
-0.004984
0.004134
0.006761
0.001468
-0.012823
-0.007997
-0.007727
-0.000541
-0.017460
-0.008421
-0.002125
-0.024723
-0.023733
-0.008109
0.000541
0.004481
-0.022096
-0.003167
-0.002472
-0.009775
-0.013250
-0.005833
0.001236
0.002704
-0.001275
-0.030710
-0.015645
-0.015329
-0.008420
-0.013209
-0.009349
-0.003902
0.001082
-0.024411
-0.013207
-0.008423
-0.024678
-0.020703
-0.009427
-0.003824
-0.015878
0.003361
-0.012556
-0.016107
-0.009116
-0.017769
-0.028978
-0.014447
-0.024873
0.001120
0.002318
0.001236
-0.006181
-0.024060
-0.020708
-0.015764
-0.007148
-0.008848
-0.016262
-0.017849
-0.005369
0.001429
-0.002936
-0.022025
-0.028662
-0.027155
-0.024607
-0.008459
-0.033710
-0.018581
-0.025153
-0.028864
-0.000695
-0.025189
-0.021054
-0.009811
-0.035771
-0.019314
-0.004020
-0.006142
-0.014758
-0.013828
-0.003515
-0.018463
-0.019471
-0.019507
-0.025622
-0.006375
-0.019465
-0.018541
-0.012982
-0.014561
-0.034302
-0.037895
-0.038790
-0.014946
-0.031959
-0.029433
-0.035805
-0.019542
-0.014367
-0.011319
-0.027471
-0.016038
-0.025886
-0.038642
-0.025450
-0.024332
-0.020322
-0.014408
-0.014018
-0.013677
-0.026927
-0.019779
-0.018699
-0.028706
-0.020508
-0.007498
-0.017112
-0.015381
-0.049333
-0.049480
-0.040291
0.003516
-0.025302
-0.033494
-0.023298
-0.021597
-0.006259
-0.025263
-0.016188
-0.017774
-0.029120
-0.014327
-0.027964
-0.023022
-0.013097
-0.026426
-0.009772
-0.021900
-0.020936
-0.025612
-0.013440
-0.019323
-0.025889
-0.018694
-0.007534
-0.007300
-0.012903
-0.006915
-0.001004
-0.006412
-0.012362
-0.009698
-0.007145
-0.006799
-0.017695
-0.010041
-0.022297
-0.024802
-0.020514
-0.011281
0.003090
-0.004133
-0.018381
-0.015999
-0.006219
-0.012209
-0.000850
-0.010817
-0.011010
-0.015651
-0.011704
-0.013018
-0.009039
-0.006413
0.003207
-0.014487
0.003747
-0.012863
-0.037544
-0.014909
-0.023563
-0.011591
-0.013986
-0.013403
-0.006644
-0.007956
-0.007766
0.005794
-0.015299
-0.017577
-0.025043
0.009351
-0.007572
-0.006414
-0.013217
-0.012247
-0.008615
-0.006761
-0.014528
-0.019702
-0.011434
-0.026856
-0.009503
0.000000
-0.009814
-0.005949
-0.003206
0.000541
-0.000850
0.001352
-0.003401
-0.004405
0.002394
-0.007455
-0.003823
-0.010548
0.000348
-0.007882
-0.006103
-0.004018
-0.026886
-0.001893
-0.025266
-0.013173
-0.014986
-0.013872
-0.004867
-0.018232
-0.029547
-0.008383
-0.008999
-0.026738
-0.028782
-0.006221
0.007223
-0.003400
-0.019591
-0.020631
-0.014020
0.007108
0.001468
-0.009967
-0.000926
-0.004366
0.005252
0.005291
0.003476
-0.007803
-0.012594
0.003129
-0.032288
-0.010973
-0.003593
-0.000541
-0.009814
0.013562
-0.001159
-0.005795
-0.002047
-0.003013
0.000657
-0.012711
-0.003632
0.013831
0.003592
-0.015141
-0.000580
0.010584
-0.000270
-0.003671
-0.003631
0.008462
0.006877
0.008458
0.015140
0.001738
0.015919
-0.001854
0.008846
-0.000888
-0.020517
-0.014138
-0.008810
-0.002858
-0.000270
-0.013711
-0.011674
-0.007687
-0.007414
-0.010699
-0.007648
0.012213
-0.008770
-0.001082
-0.018502
-0.007033
-0.010467
-0.015455
-0.002743
-0.000425
-0.020203
-0.016802
-0.014485
0.001043
-0.003631
-0.013018
0.000502
-0.002897
-0.011742
-0.008265
-0.012364
-0.012943
-0.012943
-0.014255
-0.001545
-0.003130
-0.003246
-0.001970
-0.007997
-0.008075
-0.015296
-0.011008
-0.026417
-0.018852
-0.032374
-0.001197
-0.018653
0.006218
-0.018817
-0.024383
-0.027580
-0.015799
0.007261
-0.013752
-0.004983
0.000541
-0.021668
-0.003709
-0.010740
-0.007727
-0.008386
-0.004713
-0.005409
-0.005254
-0.000618
-0.006799
-0.006415
-0.024573
-0.021247
0.003089
-0.020060
-0.016766
-0.010741
-0.014948
-0.022316
-0.016732
-0.036933
-0.044468
-0.047472
0.002975
-0.004057
-0.018115
-0.027625
-0.036935
-0.015338
-0.005485
-0.015993
-0.021745
-0.021513
-0.017308
-0.017305
-0.019519
-0.021520
-0.004559
-0.008575
-0.038738
-0.022480
-0.019857
-0.011009
-0.013982
-0.009467
-0.007032
-0.011666
-0.020473
-0.008309
-0.026622
-0.019666
-0.016533
-0.023678
-0.012245
-0.019158
-0.009425
-0.013676
-0.020316
-0.028209
-0.026227
-0.013242
-0.001854
-0.022134
-0.022331
-0.025812
-0.020668
-0.009077
-0.018739
-0.045153
-0.008460
-0.016841
-0.023406
-0.012126
-0.025878
-0.042576
-0.032569
-0.028939
-0.013948
-0.022951
-0.020973
-0.025068
-0.026346
-0.025120
-0.017352
-0.019158
-0.023798
-0.015062
-0.024569
-0.005947
-0.008808
-0.006723
-0.028396
-0.020827
-0.011472
-0.019358
-0.014605
-0.026729
-0.012863
-0.002820
0.003786
-0.011473
-0.008346
-0.035773
-0.014797
-0.025417
-0.009347
-0.018279
-0.036995
-0.021402
-0.023406
-0.022946
-0.014874
-0.016300
-0.021827
-0.037162
-0.023250
-0.016886
-0.026313
-0.011053
-0.003283
-0.017926
-0.013985
-0.011318
-0.029282
-0.029100
-0.002549
-0.011515
-0.025225
-0.009500
-0.004248
-0.017845
-0.004557
-0.007964
-0.004134
0.000618
-0.010894
-0.037621
-0.011973
-0.017573
-0.016191
-0.012635
-0.003323
-0.012128
-0.004054
-0.017039
-0.015759
-0.001545
-0.004442
-0.006566
-0.014025
-0.032801
0.002241
-0.015327
-0.011510
-0.026897
-0.031021
-0.015140
-0.036577
-0.006374
-0.010695
-0.001738
-0.001275
-0.004945
-0.018041
-0.012790
-0.017264
-0.010883
-0.017266
-0.001545
-0.003013
-0.021745
-0.023411
-0.001159
-0.020551
-0.001970
-0.002975
-0.005139
-0.032794
-0.010199
0.003321
-0.020169
-0.016841
-0.000232
-0.014800
-0.014075
-0.004518
-0.006025
-0.001159
-0.006025
-0.003902
-0.003555
-0.012864
-0.010199
-0.001932
-0.002472
-0.014293
-0.003477
0.006915
-0.016841
-0.001197
-0.012169
-0.002009
0.011897
0.009195
-0.001970
-0.002318
-0.009659
0.007226
-0.014098
-0.010816
-0.001236
-0.018155
0.005484
0.001005
-0.004365
-0.027968
-0.003399
-0.003554
0.004094
-0.010316
0.006258
-0.011935
0.005566
-0.003398
-0.012555
0.016916
0.009115
0.016031
-0.007069
0.005602
-0.002858
-0.006065
-0.009501
-0.006335
-0.009967
0.001892
0.001932
-0.007068
0.003206
-0.018809
-0.025500
-0.016642
-0.010317
-0.014107
-0.005139
0.001198
0.004712
-0.015491
-0.011821
-0.034970
-0.018619
0.007185
-0.007842
-0.014669
-0.001854
0.000695
-0.005021
-0.022401
-0.003979
-0.009891
-0.012554
-0.022670
-0.002665
0.007575
-0.013637
-0.018462
0.001777
-0.014603
-0.013560
-0.006643
-0.004790
-0.011320
-0.023719
-0.011088
-0.004790
-0.008111
-0.004945
-0.003207
-0.010547
-0.027187
-0.026415
-0.023488
-0.009234
-0.040751
-0.008266
-0.007957
0.005408
-0.005949
-0.020589
-0.014253
-0.000348
-0.009347
-0.018813
-0.004674
-0.008458
-0.013329
-0.009578
-0.029986
-0.004365
0.018349
-0.022825
-0.018966
-0.016417
-0.013250
0.004753
-0.014561
-0.013476
-0.013828
-0.016765
-0.019973
-0.022136
-0.011125
-0.011860
-0.002627
-0.022444
-0.034767
-0.017383
-0.028932
-0.005486
-0.009313
-0.003786
-0.010704
-0.010161
-0.008496
-0.015681
-0.009851
-0.013405
0.002279
-0.022259
-0.015107
-0.018463
-0.018736
-0.008036
-0.033267
-0.025575
-0.017071
-0.022292
-0.032104
-0.006915
-0.028048
-0.025839
-0.024686
0.000811
-0.024453
-0.005446
-0.009158
-0.011707
-0.014444
-0.026458
-0.015370
-0.016341
-0.020322
-0.021862
-0.027112
-0.019161
-0.016765
-0.010389
-0.014871
-0.023024
-0.005447
-0.029559
-0.022133
-0.014055
-0.017033
-0.027537
-0.021317
-0.032516
0.006452
-0.026735
-0.015765
-0.012828
-0.015491
-0.022906
-0.035307
-0.018226
-0.030022
-0.026070
-0.017501
-0.005407
-0.016109
-0.012519
-0.023101
-0.030919
-0.030906
-0.017733
-0.017071
-0.016379
-0.023482
-0.014258
-0.016806
-0.005561
0.000039
-0.021907
-0.008999
-0.012517
-0.010472
-0.027046
-0.022127
-0.008346
-0.012051
-0.021675
-0.016726
-0.005909
-0.024294
-0.009000
-0.028207
-0.012903
-0.009734
-0.016917
-0.038521
-0.001854
-0.009349
-0.015572
-0.010314
-0.010237
-0.018145
-0.006799
-0.037807
-0.016456
-0.019309
-0.019047
-0.019967
-0.008150
-0.009928
-0.015027
-0.018312
-0.021788
-0.024432
-0.022603
-0.009735
-0.005797
-0.008265
-0.042108
-0.025958
-0.014680
-0.002317
-0.022553
-0.006759
-0.017000
-0.008884
-0.024297
-0.026646
-0.023797
-0.020857
-0.011936
-0.003167
-0.014992
-0.024528
-0.023024
-0.007647
-0.005987
-0.010854
-0.019543
-0.010082
-0.010970
0.002279
0.006102
-0.012208
-0.027660
-0.021860
-0.020357
-0.006414
-0.009889
-0.002550
-0.007029
-0.006182
-0.004791
-0.013598
-0.022715
-0.021363
-0.018465
-0.020357
-0.002704
0.000927
-0.010737
-0.017617
-0.007764
0.003361
-0.009580
-0.016887
-0.006951
0.000773
-0.014060
-0.012560
-0.010044
0.008654
-0.002896
-0.007034
-0.027930
-0.004286
-0.000348
-0.007613
-0.010817
-0.009505
-0.009619
-0.019129
-0.021443
-0.004250
-0.015959
0.000773
-0.022135
-0.005873
-0.003554
0.004519
0.004134
0.000889
0.009734
0.007804
0.004520
0.008075
-0.000155
-0.013403
-0.010045
0.001275
-0.018124
-0.009000
0.002743
0.003322
-0.000464
-0.010698
0.005869
-0.004364
-0.010464
0.002742
0.002743
-0.010625
0.014794
0.005949
-0.020668
-0.000773
-0.007341
-0.003167
-0.005255
-0.010624
-0.019818
-0.001081
-0.017541
0.000888
-0.005872
-0.012824
0.001429
0.008502
-0.007918
-0.020477
-0.018163
-0.006257
-0.010120
-0.015983
0.011782
-0.020512
-0.013519
-0.016069
-0.014019
-0.016034
-0.004289
-0.007381
-0.007377
-0.021090
0.003014
-0.002550
0.001970
0.004714
-0.016183
0.000386
-0.018580
-0.002819
0.000811
-0.013636
-0.018464
-0.025181
0.012866
-0.036545
-0.005176
-0.003553
-0.008850
-0.008690
-0.014647
-0.017114
-0.012594
0.001159
-0.012322
-0.006953
0.000850
-0.027866
-0.021088
-0.002666
-0.029624
-0.003712
-0.012167
-0.002705
-0.011008
-0.016921
-0.001932
-0.019436
-0.019237
-0.014409
-0.008228
-0.005176
-0.014560
-0.037373
-0.000966
-0.001584
-0.007300
-0.003902
-0.018701
-0.010694
-0.029644
-0.027189
-0.011321
-0.015796
-0.013053
-0.024066
-0.023406
-0.004906
-0.018774
-0.019169
0.003130
0.004789
-0.021170
-0.017071
-0.010781
-0.013984
0.006917
0.008188
0.000309
-0.019857
-0.011051
-0.015064
-0.016880
-0.018389
-0.014602
-0.015032
-0.019705
-0.024644
-0.014757
-0.026619
-0.024793
-0.030316
-0.027303
-0.013444
-0.023098
0.013752
-0.006800
-0.010548
-0.022633
-0.028828
-0.017152
-0.028808
-0.013364
-0.014526
-0.033298
-0.028749
-0.023632
0.008498
-0.031138
-0.021669
-0.008732
-0.017112
-0.044651
-0.014099
-0.026965
-0.009424
-0.019972
-0.017613
-0.041179
-0.040906
-0.038198
-0.024495
-0.032565
-0.021710
-0.024648
-0.022408
-0.022377
-0.023681
-0.020243
-0.023876
-0.018850
-0.024022
-0.030097
-0.028028
-0.025534
-0.014794
-0.001661
-0.023716
-0.037159
-0.030141
-0.012944
-0.035539
-0.030784
-0.013714
-0.012408
-0.018774
-0.025422
-0.022436
-0.016963
-0.010970
-0.022823
-0.028629
-0.019897
-0.019972
-0.012436
-0.012360
-0.011202
-0.026819
-0.019081
-0.019704
-0.030859
-0.027618
-0.019466
-0.020318
-0.015142
-0.019823
-0.027279
-0.030750
-0.010196
-0.019739
-0.024017
0.011513
-0.013440
-0.010585
-0.021215
-0.003747
-0.027043
-0.015996
-0.012632
-0.019617
0.003089
-0.008574
-0.001313
0.004520
-0.009350
-0.017811
-0.025033
-0.006412
-0.013989
-0.013984
-0.016846
-0.017577
-0.027242
-0.010044
-0.027736
-0.011010
-0.013526
-0.016533
0.008694
0.004752
-0.008963
-0.007960
-0.026230
-0.014450
-0.002202
-0.013055
-0.036356
-0.002743
-0.017498
-0.008885
-0.000193
0.009773
0.013212
0.001313
0.000270
0.007033
-0.021397
-0.008114
-0.028316
0.018198
-0.005408
-0.030289
-0.008113
-0.007145
-0.005795
-0.001623
-0.003091
-0.005138
-0.020665
-0.000386
0.012125
0.002627
0.010313
-0.014678
-0.002859
-0.009702
-0.012047
-0.012711
-0.015065
-0.012710
-0.017455
0.001584
-0.001390
-0.019970
0.013635
-0.007885
-0.019709
-0.012634
0.005911
0.005370
-0.004289
-0.007925
0.010580
0.012942
-0.023607
-0.019705
0.004366
-0.004134
0.000000
-0.002472
-0.008112
-0.010856
-0.012205
-0.005562
-0.002317
-0.008304
-0.006103
-0.011166
-0.022792
-0.017119
-0.005448
0.007108
-0.000656
-0.005793
-0.009693
0.005139
-0.011164
-0.019819
-0.013251
-0.003284
0.004287
-0.027501
0.003207
-0.003322
-0.014447
-0.000464
-0.002511
-0.004365
-0.007919
-0.002202
-0.023259
-0.003979
-0.011894
-0.002047
0.006372
-0.016064
-0.016263
0.009657
-0.003670
-0.037083
-0.003090
-0.008578
-0.005368
0.001778
-0.003167
-0.023217
0.011857
-0.002434
0.006646
-0.010549
-0.012011
-0.010505
0.012596
-0.019897
-0.010738
-0.006876
-0.004249
-0.003593
0.017922
