0.009686
-0.014722
0.026372
0.024282
0.016969
-0.004034
0.006787
0.019698
0.000075
-0.008417
0.006652
0.009484
0.010292
0.015180
0.008101
0.006180
-0.003968
-0.000692
-0.002180
-0.000932
0.008944
0.003483
0.009450
0.002267
-0.008248
0.001898
-0.000360
-0.003663
-0.003994
0.007090
-0.005922
0.000381
0.004797
-0.012329
-0.018458
-0.004472
-0.006294
0.011371
0.004797
-0.003158
-0.006705
0.002472
-0.006022
0.000111
-0.000730
-0.002717
-0.014744
-0.004372
0.002437
-0.003058
0.001662
0.010562
0.002607
0.002034
0.012754
0.007090
0.000045
0.002505
0.010225
0.007595
0.008202
0.001022
0.004258
0.001258
0.006079
-0.011550
-0.005012
-0.016033
0.002977
-0.001810
0.005168
-0.004643
-0.006627
-0.009935
-0.009564
-0.001945
-0.001607
-0.005007
0.008776
-0.001842
-0.002720
-0.000797
-0.007948
-0.001879
-0.009564
-0.010813
-0.005788
-0.002587
-0.001569
0.003482
-0.001943
-0.022069
0.002942
-0.008892
-0.009028
-0.008995
0.008101
-0.018435
0.003347
-0.003596
-0.007844
-0.005313
-0.000899
-0.005793
-0.004240
-0.000566
0.005067
0.000954
0.005742
0.002235
-0.019136
-0.011491
-0.011318
-0.004344
-0.003463
-0.009467
-0.027336
-0.026248
-0.008954
-0.011555
-0.004610
-0.010541
-0.008489
-0.003834
-0.005311
-0.000427
-0.021360
-0.001439
0.000244
-0.009869
-0.010442
-0.006836
-0.014248
-0.006363
-0.014518
-0.002784
-0.006602
-0.011617
-0.018228
-0.018165
-0.012767
-0.004540
-0.012157
-0.007037
-0.011788
0.005943
-0.018900
-0.019206
-0.014011
-0.002046
-0.016419
-0.007818
-0.010713
-0.018226
-0.006156
-0.021025
-0.027651
-0.025111
-0.024543
-0.019380
-0.024027
-0.017796
-0.002887
-0.010009
0.000985
-0.011862
-0.016514
-0.008117
-0.006227
-0.009768
-0.014665
-0.014558
-0.014922
-0.004169
0.001090
0.004831
-0.011551
-0.020820
-0.013057
-0.023012
-0.024131
-0.008184
-0.007243
-0.023759
-0.002721
-0.004506
-0.010806
0.001221
-0.005586
-0.005684
-0.015871
-0.003329
0.001022
0.001526
0.009214
-0.002250
-0.002826
-0.012094
-0.000662
-0.006433
-0.006697
-0.000258
0.003751
-0.017560
-0.012937
0.000788
-0.008216
0.002035
-0.002181
-0.012766
-0.024127
-0.006190
-0.000800
-0.002044
-0.000328
-0.004778
-0.008179
-0.003998
-0.007641
-0.024836
-0.011596
-0.007506
-0.011791
-0.004036
0.004729
-0.016241
0.005573
0.005842
0.002605
0.002875
-0.005118
-0.000427
-0.002923
-0.010071
-0.013671
-0.002181
0.001629
0.000315
-0.003392
-0.013474
-0.008892
-0.003732
0.003415
-0.020958
0.001764
0.006315
-0.014992
0.013967
0.007427
-0.002012
0.006787
-0.021192
-0.006763
-0.009771
0.001864
0.000415
-0.000060
0.011237
-0.010881
-0.016318
0.002067
-0.013647
-0.001168
-0.004203
0.001831
0.014641
0.008843
0.002705
0.007056
0.011506
0.016698
0.008775
0.001492
-0.001102
0.002169
0.004427
0.014370
-0.005291
0.004731
-0.001171
0.008236
0.000648
-0.000663
0.001022
0.004830
-0.000155
0.012519
-0.001105
0.002877
0.012585
0.014067
0.021048
0.000551
-0.005350
0.000447
0.007629
0.010663
0.014811
0.011170
0.010428
0.004933
-0.007071
0.005169
-0.006798
-0.007208
-0.003966
-0.000597
0.010596
0.001967
0.015012
-0.013474
-0.002448
0.001899
-0.005618
-0.000598
0.009517
0.015890
0.003111
0.005574
0.006214
0.009989
0.010529
-0.001271
0.014911
0.006348
-0.013845
0.012213
-0.017489
0.007225
0.017102
0.010292
0.004998
0.002775
0.001191
0.013833
-0.003531
-0.000329
0.006415
0.005673
-0.017060
0.014000
0.021180
0.009416
0.005639
-0.009126
0.002337
0.006045
0.010360
0.000652
0.016798
0.009382
-0.007483
0.008877
0.002269
0.006079
-0.009459
0.001191
-0.012430
-0.006094
0.000957
-0.006395
-0.011553
-0.000563
-0.004574
0.001190
0.005168
-0.009771
0.002810
0.017404
0.012518
-0.007847
-0.009267
0.000718
0.001863
0.001425
-0.001609
-0.012901
-0.009064
0.010157
-0.013234
0.013463
0.016088
0.011237
-0.004977
-0.005449
0.009753
-0.004103
-0.007036
-0.016646
-0.007842
-0.008214
-0.000632
0.000214
-0.006932
-0.007371
-0.014892
-0.018625
-0.016751
-0.013175
-0.012430
-0.017589
0.003989
0.004325
0.008000
-0.006055
0.011675
-0.008083
-0.002655
-0.000634
0.011436
0.016090
0.008067
-0.010105
-0.001887
0.001293
0.016597
-0.016821
-0.008117
-0.007473
-0.007440
-0.005620
0.020431
-0.010337
-0.010802
-0.014016
0.006146
-0.010607
-0.006801
-0.003227
-0.013874
0.006180
-0.008959
-0.007574
-0.015727
-0.012871
-0.006259
-0.028841
-0.025343
-0.014457
-0.015369
-0.021556
-0.010342
-0.032189
-0.010336
-0.004844
-0.009333
-0.008379
-0.015771
-0.010031
-0.015468
-0.004407
-0.003394
-0.004807
-0.021526
-0.012575
-0.030764
-0.013675
-0.021332
-0.003432
-0.015399
0.002641
-0.015771
-0.010915
-0.017550
0.006112
0.003987
-0.002722
0.006854
-0.002318
-0.004371
-0.019345
0.005674
-0.001106
-0.017020
-0.009357
-0.005889
-0.003663
-0.024059
0.002265
0.004933
0.001729
-0.000867
-0.009462
-0.020181
-0.007711
-0.005256
0.005405
-0.005081
-0.015233
-0.003769
-0.006459
-0.004606
-0.017957
-0.018091
-0.013987
-0.004033
-0.014019
-0.006293
-0.001745
-0.004846
-0.013205
-0.006428
0.003151
-0.003902
-0.022884
0.000145
0.002674
0.003887
0.006550
-0.014305
-0.012158
-0.019832
-0.000530
0.006584
0.009888
-0.003191
-0.003834
0.005538
0.002336
-0.001236
-0.002452
-0.006968
-0.012087
-0.003493
-0.001406
0.004291
-0.001437
-0.015830
-0.013133
-0.009798
0.006248
-0.003936
0.003280
-0.017523
0.001087
-0.008589
-0.006970
-0.003600
0.000347
0.000111
-0.001370
0.005371
0.002741
-0.001506
-0.001269
-0.004673
-0.002449
0.012989
-0.005308
0.006652
-0.007372
-0.000127
0.007933
0.001595
-0.011149
0.005236
0.003853
0.003110
-0.009191
0.009854
0.010325
0.004764
-0.007102
0.000378
-0.001978
0.006111
-0.010910
-0.004238
0.001019
0.008506
0.010428
0.010462
0.005168
-0.004168
0.004730
0.001697
-0.000460
0.007865
-0.004104
0.005370
0.010697
-0.001774
-0.006292
-0.000492
-0.005856
-0.008859
0.003347
-0.001677
-0.005518
-0.002384
-0.006870
0.008472
0.008809
-0.001439
0.007966
-0.004068
-0.001204
0.007629
0.001527
-0.006262
-0.017322
0.011001
0.007629
0.004191
0.008506
0.009787
0.010292
-0.010237
0.003078
0.009686
0.012350
0.007798
0.003584
0.005337
-0.002215
-0.007643
-0.015028
-0.004440
0.007966
0.005707
0.000584
0.002404
0.003482
-0.000192
0.003314
0.013866
-0.004746
0.013057
-0.002246
0.006180
0.002504
0.005775
0.000447
0.004764
0.005438
-0.008725
0.011574
0.004224
0.000483
-0.002012
-0.003865
0.014641
0.011945
-0.010981
-0.008619
-0.004197
-0.003292
0.002368
0.008910
0.004326
-0.017352
0.014907
-0.004378
0.010224
0.012651
0.004257
-0.012432
-0.001779
-0.000431
-0.004783
0.016461
0.014440
0.004393
0.008067
-0.002048
-0.007134
0.015616
0.003921
0.014066
-0.005246
-0.003596
-0.013238
-0.010065
-0.008148
0.020979
0.018722
0.011068
-0.008890
0.011304
-0.009027
0.008101
0.003518
0.010360
-0.007102
-0.013125
-0.003972
-0.009129
0.006248
-0.007301
-0.001675
0.000214
-0.004880
0.020742
0.008843
-0.000091
-0.000764
-0.004039
-0.008220
-0.009930
-0.006221
-0.006834
0.005202
-0.001915
-0.004606
-0.005082
0.007393
-0.006194
0.004190
0.007629
0.004360
-0.001376
0.016495
-0.005759
-0.007611
-0.012096
0.011338
-0.005856
-0.012056
-0.019106
0.016226
-0.007405
-0.009255
-0.019810
-0.008592
-0.001677
0.002505
-0.001980
-0.014345
-0.004844
0.007225
0.001494
0.006011
0.008000
-0.017249
-0.008419
0.013899
-0.004750
-0.013312
-0.026896
-0.011821
-0.014252
-0.016815
-0.002652
-0.015533
-0.001705
-0.011621
-0.013142
-0.021460
-0.017485
-0.016237
0.000720
-0.020422
-0.021269
-0.021560
-0.014562
-0.015792
-0.017587
-0.025546
-0.013509
-0.016034
-0.023180
-0.007642
-0.011045
-0.018702
-0.003089
-0.002417
-0.001406
-0.002182
-0.027047
-0.013887
-0.008084
-0.016077
-0.008583
-0.013332
0.001226
0.001492
-0.016339
-0.013570
-0.007038
-0.002722
-0.005921
-0.011250
-0.011456
-0.017225
0.005876
0.006247
-0.005892
-0.013236
-0.022951
-0.006499
0.001729
-0.013448
-0.007476
0.001156
0.003043
0.002842
-0.009873
0.009719
-0.011289
-0.017823
-0.004471
-0.005315
-0.012832
0.000452
-0.004203
-0.011969
-0.005083
-0.000962
-0.007882
-0.012534
0.004493
0.002909
-0.011619
0.007730
-0.004103
-0.005386
-0.000463
0.013664
-0.020901
-0.007378
-0.007676
0.000918
-0.004000
-0.007038
-0.004541
0.010529
0.002135
0.001492
0.000346
0.004765
0.000547
0.003550
0.011507
0.001833
0.010293
-0.012341
-0.002111
-0.017181
0.000077
0.002404
-0.005923
-0.017262
0.004427
0.004764
0.000416
0.002439
0.005135
0.001495
-0.001979
0.002539
-0.008381
-0.003125
0.011810
0.011237
-0.008854
0.006078
-0.011858
-0.014388
-0.012396
-0.002383
0.004629
-0.003395
-0.001274
0.011506
0.015854
0.011171
0.002606
0.007831
-0.004409
-0.014181
0.003786
0.003516
0.007865
0.007933
0.002202
0.004695
-0.003158
-0.013946
0.002709
0.003280
-0.012194
0.001561
-0.002517
-0.012431
-0.000497
-0.005244
-0.013135
0.002740
-0.005790
-0.000631
-0.003730
0.002742
0.022095
0.007933
0.001258
0.004561
-0.002755
-0.018023
0.002100
0.005573
0.009382
-0.003296
0.008775
-0.003230
0.008607
-0.000805
0.001021
0.017473
-0.001403
-0.005993
0.011540
0.014508
0.002473
0.003112
0.005809
0.004427
0.003684
0.013666
0.000957
0.009786
0.013258
0.003348
0.023707
-0.006733
0.005471
-0.003428
-0.001373
0.004797
0.005505
-0.008181
0.007461
-0.020350
-0.000193
0.007123
-0.010677
0.014373
-0.011518
0.001156
0.004561
-0.000699
-0.000054
-0.003326
0.001359
0.015621
0.009584
-0.005858
0.001829
0.001292
-0.007445
-0.002926
-0.004847
-0.012170
-0.010977
0.019395
0.000447
0.003684
0.002538
0.006584
0.002574
-0.008686
-0.000598
-0.001273
-0.001138
-0.013841
-0.008522
0.002473
-0.001004
-0.001138
0.004426
-0.004068
0.009652
0.016795
0.002909
0.010529
-0.001810
-0.010782
-0.006019
0.001055
0.002303
0.008674
-0.007037
0.006752
-0.006662
-0.004070
0.002135
-0.006564
-0.002553
-0.014557
0.010765
0.003687
0.006921
0.008674
-0.008696
0.001932
-0.002014
-0.004944
-0.004847
0.009483
-0.003222
0.002673
-0.003969
0.009012
0.009855
0.003651
-0.000124
-0.000630
-0.018971
-0.019368
-0.004580
0.007326
0.003922
-0.013036
-0.006901
-0.018700
-0.001306
-0.006733
-0.012459
-0.019165
-0.016678
-0.011283
-0.007340
0.000517
-0.005887
-0.012799
-0.009900
-0.021063
-0.007610
-0.016852
-0.004139
0.001425
-0.007237
-0.012999
-0.007879
-0.006833
-0.025521
-0.007779
-0.002379
-0.005653
-0.004614
-0.011789
-0.005516
-0.010240
-0.010986
-0.010342
0.003685
-0.008519
-0.002417
-0.003123
-0.019988
-0.020973
-0.012094
-0.004642
-0.013174
-0.010875
-0.007743
-0.007542
-0.009124
-0.029892
-0.012429
-0.010035
-0.005550
-0.015281
-0.000159
-0.009533
-0.006933
-0.000192
-0.008420
-0.013137
-0.009119
0.001562
0.002569
0.006921
-0.002286
-0.002491
-0.007273
-0.017789
-0.011652
-0.021192
-0.015259
-0.007339
-0.006395
-0.008387
-0.010775
-0.005043
0.008000
0.001361
-0.003060
-0.005686
-0.003901
0.001327
-0.002382
-0.032553
-0.000290
0.004292
0.002100
0.001426
-0.000966
-0.007914
-0.003395
-0.009294
-0.022851
-0.010613
0.001394
-0.004403
0.007764
-0.006531
-0.008650
-0.000022
-0.000226
-0.007509
-0.017420
-0.012155
-0.006024
-0.011154
-0.001339
-0.001067
-0.012630
-0.007437
-0.008380
-0.028917
-0.006194
-0.001609
0.006011
0.009517
0.010562
-0.000295
-0.010032
-0.013782
-0.009760
-0.001373
-0.013674
-0.004608
-0.000262
0.006753
-0.001810
-0.005786
0.013496
0.012012
0.007528
-0.009794
0.005303
-0.009395
0.008944
0.004494
0.007562
-0.006601
0.006921
0.004528
-0.011485
0.003381
0.000381
-0.002653
-0.007177
-0.003763
0.005371
0.005505
0.006314
0.004359
0.001325
0.004629
-0.003432
-0.004843
-0.005148
-0.007850
0.002272
-0.001980
-0.001237
0.008641
0.015616
0.005572
-0.011106
0.001765
-0.000294
0.005034
-0.000969
0.002807
0.010934
-0.000395
-0.007099
-0.005584
0.001191
-0.007503
0.004933
-0.011861
-0.001809
-0.005178
-0.001271
0.004089
0.012215
0.010730
-0.001341
0.010293
0.006381
-0.008283
0.000042
0.009180
-0.007135
-0.003497
0.005303
-0.003292
0.004933
0.007764
0.000281
0.014980
0.019630
0.012554
-0.007915
0.005776
0.014607
-0.005114
0.011912
-0.003798
0.012450
0.002606
-0.003832
-0.003156
-0.004648
-0.001548
-0.000529
0.023001
0.006415
0.009820
0.009113
0.008708
-0.006732
0.003753
0.003110
0.005000
0.002775
0.002573
-0.004643
-0.004877
0.010226
0.013699
0.012923
-0.001344
0.007730
-0.004804
-0.000394
0.008236
0.004392
-0.013298
-0.011924
-0.012060
0.019195
-0.016978
-0.000227
-0.007237
0.005506
0.012010
0.017674
0.001190
-0.003659
0.003685
0.009921
-0.007299
-0.013541
-0.010238
-0.005086
-0.019036
-0.003090
0.012719
-0.018025
0.006685
-0.006866
-0.006091
0.003618
-0.001343
0.005000
-0.007694
-0.002653
-0.023763
-0.002250
-0.000093
-0.001036
0.001830
-0.007574
-0.008013
-0.006497
0.008067
0.000043
0.003616
-0.001273
-0.004033
-0.007914
-0.016011
-0.010609
0.002067
-0.008316
0.005067
0.011506
0.012957
0.008135
-0.002383
0.002405
-0.002211
-0.013883
-0.000630
-0.021903
-0.000532
-0.005317
0.002573
0.004629
-0.007174
-0.009296
-0.002416
0.006517
-0.010274
-0.001940
0.003482
0.007461
-0.008721
0.008978
0.005032
0.009314
-0.009534
-0.010755
-0.011853
-0.009127
-0.014151
-0.017892
-0.018798
-0.021422
-0.010376
-0.009259
-0.009896
-0.014051
-0.003598
-0.009429
-0.009731
0.013832
-0.014038
-0.016749
-0.010939
-0.007407
-0.013200
-0.016502
-0.017739
-0.011653
-0.011412
-0.003901
-0.010007
0.008506
-0.001137
-0.007202
-0.022305
-0.010272
-0.008148
-0.008249
-0.018627
-0.020885
-0.009732
-0.025072
-0.012606
-0.009527
-0.001169
-0.036536
-0.015130
-0.011557
-0.007307
-0.018463
-0.015563
-0.015736
-0.008378
-0.014249
-0.013707
-0.019107
-0.006020
0.001123
-0.027471
-0.001540
-0.023886
-0.019949
-0.015672
-0.022550
-0.018737
-0.012586
0.003514
-0.015462
-0.010172
0.010393
0.001798
-0.018730
-0.002048
-0.003126
-0.004942
-0.008043
-0.006529
-0.008822
-0.013173
-0.016515
-0.020630
-0.003394
-0.009812
0.003887
-0.003668
-0.012028
0.007798
0.002673
-0.015127
0.011675
-0.002383
0.007596
0.002135
-0.001507
-0.001773
-0.001910
0.004527
-0.023454
0.000380
-0.006294
-0.002921
-0.008385
-0.005858
0.009281
0.003753
-0.005017
0.001223
0.000414
-0.004568
0.002740
-0.007816
0.006921
-0.000156
0.004226
0.001999
-0.006561
0.019667
0.001931
0.008438
-0.002183
-0.006127
-0.015259
-0.010644
-0.005318
-0.008200
-0.004504
-0.006092
-0.005520
-0.007275
0.004291
0.005471
0.002541
0.004259
-0.002823
0.002134
-0.013474
-0.004878
-0.012904
-0.000664
-0.015061
-0.002113
-0.006496
-0.006563
0.016193
-0.016880
0.016364
0.004932
0.008303
0.002574
0.008101
-0.010242
0.003080
-0.013070
-0.004618
0.001057
0.001864
0.002978
0.016498
-0.000091
-0.005452
0.014269
0.008236
-0.001743
-0.000900
-0.010745
0.002136
0.001865
0.004428
-0.006365
-0.003831
0.002976
0.014944
-0.020529
0.009787
0.005539
-0.000294
0.017070
-0.003596
0.002167
-0.000562
0.005977
0.008573
-0.002957
0.001664
0.010360
0.007461
-0.022712
-0.017449
0.017301
-0.006498
-0.000427
0.001427
0.006281
0.012079
0.011539
0.006618
-0.003997
0.009955
-0.004544
-0.000798
0.021079
0.006786
0.007022
0.008101
0.003720
0.002269
0.005134
-0.007975
0.012250
0.011978
0.015858
0.014507
0.017871
0.000313
0.007798
0.016159
-0.003663
0.014066
0.017270
0.022499
-0.003902
0.014538
0.015114
0.005977
0.001360
-0.009903
-0.006263
0.000042
-0.013709
0.008708
-0.006867
0.022865
0.017978
0.011539
-0.003731
0.010494
-0.001611
0.009281
-0.007545
0.005911
-0.005720
0.002471
-0.007071
0.001193
0.009112
-0.005549
-0.006902
-0.008317
-0.001844
-0.001003
0.013326
0.006078
0.006315
0.009854
0.005640
-0.008590
-0.003531
0.005269
0.001456
-0.014748
-0.017493
-0.010303
0.006517
0.010596
-0.007172
-0.013245
-0.002548
-0.001741
0.005438
0.004090
-0.013411
-0.002551
0.006415
0.003652
0.001865
-0.000394
-0.004239
-0.001406
-0.000156
-0.009163
0.000451
-0.000495
-0.000732
0.004155
-0.001102
-0.011484
-0.009089
-0.013372
-0.015328
-0.015836
-0.015599
0.001562
-0.000969
-0.000529
0.004630
0.007730
-0.022813
0.017072
-0.000594
-0.011924
0.006213
-0.000330
-0.009792
-0.017215
0.012147
-0.005520
-0.015086
-0.007307
-0.003901
-0.015125
-0.009425
-0.019580
0.006281
-0.012266
-0.009744
-0.011081
-0.009162
-0.003332
0.005203
-0.000663
-0.003022
-0.003460
-0.004376
-0.012326
0.012988
-0.008012
0.006719
-0.010172
-0.007104
-0.013129
-0.012194
0.001966
-0.017080
-0.001575
0.001796
-0.017884
-0.014841
-0.018232
-0.021461
-0.014258
-0.019843
-0.018841
0.002202
-0.004066
-0.002114
-0.011653
-0.014719
-0.001068
-0.003627
-0.009532
-0.008421
-0.008384
-0.008017
-0.005854
-0.013782
-0.015498
-0.011758
-0.014418
-0.013100
-0.000562
-0.001137
-0.007777
0.010224
-0.025746
-0.000024
-0.003088
-0.009795
-0.005822
-0.000460
0.014946
-0.000762
-0.007980
-0.002719
-0.006563
-0.008317
-0.011050
-0.017214
-0.014548
-0.011957
-0.009904
-0.005621
0.002640
-0.011456
-0.016546
0.011004
-0.004269
0.001392
0.000921
-0.006967
-0.017754
-0.003970
0.003956
-0.018838
-0.013177
-0.002350
-0.008452
0.008506
-0.008486
-0.014789
-0.011888
-0.009868
-0.020816
-0.019647
-0.015725
0.001391
-0.000664
-0.005785
-0.011213
-0.009256
0.007629
-0.002655
-0.005782
-0.020184
-0.001609
-0.000293
0.008202
-0.015329
-0.002990
-0.006763
0.006415
-0.001100
0.008876
-0.006363
-0.007842
-0.011689
0.002740
-0.020444
-0.002687
-0.002757
-0.002248
-0.006566
-0.006866
-0.024940
-0.007343
-0.010134
0.007697
0.001258
-0.002048
-0.018700
-0.003321
0.006719
-0.006871
-0.004575
-0.000427
-0.003222
0.012045
-0.004470
-0.002214
-0.001641
-0.003667
-0.000022
0.012012
0.007326
0.010496
-0.000093
-0.001439
-0.007679
-0.015194
-0.002792
-0.007371
-0.001238
-0.004170
-0.004742
0.018987
0.005269
0.000787
-0.003460
0.011572
0.002403
0.008472
0.008641
0.005775
-0.001946
0.005268
-0.009697
-0.005077
-0.001272
-0.008317
0.002673
0.006618
0.004831
-0.008111
0.023606
0.003853
0.000280
-0.008075
0.005775
-0.009965
-0.003491
-0.005146
-0.006262
0.003719
0.009888
0.004022
-0.016343
0.010124
0.005403
0.012012
0.012449
0.010967
-0.007982
0.010864
0.008539
0.003346
0.019599
0.005403
0.000923
0.001528
0.015518
0.009247
0.011639
0.014473
0.014336
0.016833
0.014101
-0.001945
0.007427
0.000579
-0.002081
-0.001102
0.001527
0.016796
-0.003129
-0.000124
0.002337
-0.000863
0.001728
0.005032
0.003449
0.002705
0.002336
0.015824
0.008371
0.000281
0.015924
0.008135
0.003079
0.004494
-0.002483
0.004224
0.003583
0.004831
0.016661
0.010999
0.022503
0.005404
0.004493
0.004123
-0.000189
-0.012643
0.004696
-0.009973
0.006349
-0.005038
-0.004607
0.007494
-0.002823
-0.000799
-0.008245
-0.010333
-0.001236
-0.002281
-0.004168
-0.002958
0.010966
0.001156
-0.011684
0.009517
-0.018302
-0.006935
-0.004375
-0.008721
-0.006764
-0.010845
0.004764
0.003718
0.003786
0.007191
0.002068
-0.004067
0.001158
0.006753
-0.003392
-0.005687
0.018084
-0.005014
-0.000429
-0.031681
-0.004408
-0.007845
-0.004912
-0.004809
-0.001135
0.000551
0.002910
-0.002454
-0.000192
-0.001202
0.002571
-0.016142
-0.014047
-0.010007
0.005641
0.002910
-0.002993
-0.001169
-0.007098
0.007090
-0.002755
-0.010309
-0.004709
-0.003058
-0.014719
-0.013706
-0.012666
-0.012740
-0.004645
-0.003527
-0.007901
0.000584
-0.025303
0.001696
-0.005621
0.000550
-0.000630
-0.007612
0.004527
-0.020442
-0.011656
-0.016640
-0.024269
-0.014145
-0.011653
-0.012222
-0.014620
-0.027439
-0.016377
-0.003162
0.001053
0.008405
-0.006733
-0.022915
-0.017404
-0.013782
-0.018024
-0.007740
-0.023380
-0.007272
-0.008757
-0.022911
-0.014860
-0.012022
-0.006022
-0.003767
-0.006664
0.003753
-0.012829
-0.007678
-0.006997
-0.001675
-0.008488
-0.005620
-0.014115
-0.004673
-0.011106
-0.006295
-0.005719
-0.003766
-0.005112
-0.003364
-0.001137
-0.023052
-0.000629
-0.010303
-0.014992
-0.004306
0.000517
-0.009326
-0.014754
-0.000260
-0.002215
-0.004675
0.002842
-0.019595
-0.009395
-0.004298
-0.008785
-0.020794
0.006719
0.006045
0.006112
0.014067
0.000178
0.008202
0.004898
-0.000257
0.009079
-0.013676
0.000685
-0.004066
-0.005011
-0.022738
0.004124
-0.000493
-0.010103
0.003282
-0.016675
-0.002652
-0.007371
-0.008483
0.002538
0.001256
0.000516
-0.003392
-0.006090
0.003517
-0.005283
0.002909
-0.008606
-0.004898
-0.008513
-0.014181
-0.012662
-0.004037
-0.006831
0.007123
0.001799
-0.001034
-0.006258
-0.006555
-0.008486
-0.004776
0.011573
0.003045
-0.004504
-0.011622
-0.009163
-0.001676
-0.012364
-0.006463
-0.012870
0.005539
-0.004604
0.006517
-0.007103
-0.001775
0.009585
-0.008888
0.001929
-0.000464
-0.001641
-0.001774
-0.007065
-0.007943
0.005067
0.000987
0.001528
0.000648
0.009179
0.012317
-0.007471
-0.000595
-0.001609
0.013460
0.011203
0.005775
0.000685
0.009652
0.000549
-0.002992
-0.007746
-0.008591
-0.006225
-0.007954
0.005809
0.000146
0.008303
-0.004867
0.000616
-0.004373
-0.004911
0.015448
0.006685
-0.007446
-0.003362
-0.003970
0.002135
0.008506
0.003719
0.014303
-0.009133
-0.003465
0.003112
0.014135
0.002404
0.006651
0.011979
0.002910
0.001625
0.003312
0.006887
0.011034
0.003044
0.002809
0.007461
0.006449
-0.002317
-0.003326
0.007258
0.012382
0.004696
0.008034
-0.009900
-0.008212
-0.007981
-0.006867
0.007393
-0.002828
-0.000360
-0.000899
0.002807
-0.014689
-0.009259
0.002774
-0.011930
0.017002
-0.004575
-0.000430
0.002235
-0.003052
0.003854
-0.000798
-0.006662
0.015315
-0.003157
0.008371
0.006483
0.001898
0.003143
0.003651
0.011607
0.013900
0.009281
-0.003190
0.001022
0.001257
0.007528
-0.007237
0.000651
0.006146
-0.013575
-0.012711
0.000923
0.008472
0.011911
-0.011282
0.005236
0.005842
-0.000530
-0.003563
0.002910
0.009079
0.010360
0.006888
-0.018799
-0.005652
-0.005377
0.000652
-0.003527
-0.000158
0.004594
0.008944
-0.013303
-0.003526
0.000650
-0.013536
-0.010067
-0.000227
0.004663
-0.005856
0.010933
-0.002957
-0.006056
0.000044
-0.007507
-0.017288
-0.004607
-0.013706
0.008977
0.010022
0.009079
0.002606
-0.012997
-0.010071
-0.005756
0.001762
0.000279
-0.006191
-0.007576
0.003315
0.009247
0.005438
-0.011221
-0.017012
-0.015697
-0.013474
0.000618
-0.021418
-0.008215
-0.013950
-0.017188
0.007393
-0.013982
-0.010373
-0.000562
-0.023216
-0.008855
0.004492
0.002640
-0.004879
-0.004067
0.004933
-0.008112
-0.008992
-0.009023
-0.014359
0.002437
-0.008986
-0.008180
-0.003329
-0.004707
-0.021934
-0.025069
-0.025850
-0.005042
-0.019889
-0.017685
-0.023246
-0.009053
-0.004538
-0.001878
-0.015973
-0.005996
-0.014589
-0.025722
-0.014209
-0.013234
-0.009734
-0.004573
-0.004233
-0.003935
-0.015499
-0.009260
-0.008318
-0.017051
-0.009897
0.001457
-0.006933
-0.005422
-0.035051
-0.035180
-0.027160
0.011068
-0.014081
-0.021229
-0.012331
-0.010847
0.002538
-0.014046
-0.006127
-0.007511
-0.017412
-0.004502
-0.016403
-0.012091
-0.003429
-0.015061
-0.000528
-0.011112
-0.010270
-0.014351
-0.003729
-0.008862
-0.014592
-0.008313
0.001426
0.001630
-0.003260
0.001966
0.007124
0.002404
-0.002788
-0.000463
0.001764
0.002067
-0.007442
-0.000762
-0.011458
-0.013644
-0.009902
-0.001845
0.010697
0.004393
-0.008041
-0.005962
0.002573
-0.002654
0.007259
-0.001440
-0.001608
-0.005658
-0.002213
-0.003360
0.000112
0.002404
0.010798
-0.004643
0.011270
-0.003225
-0.024763
-0.005010
-0.012563
-0.002115
-0.004205
-0.003696
0.002202
0.001057
0.001223
0.013057
-0.005351
-0.007338
-0.013854
0.016161
0.001393
0.002403
-0.003534
-0.002687
0.000482
0.002100
-0.004678
-0.009193
-0.001978
-0.015436
-0.000293
0.008000
-0.000564
0.002808
0.005202
0.008472
0.007258
0.009180
0.005032
0.004156
0.010089
0.001495
0.004663
-0.001205
0.008303
0.001122
0.002674
0.004494
-0.015462
0.006348
-0.014049
-0.003495
-0.005078
-0.004105
0.003752
-0.007911
-0.017785
0.000685
0.000147
-0.015333
-0.017117
0.002571
0.014303
0.005033
-0.009096
-0.010004
-0.004235
0.014203
0.009281
-0.000698
0.007192
0.004190
0.012583
0.012617
0.011033
0.001191
-0.002990
0.010731
-0.020177
-0.001575
0.004864
0.007528
-0.000564
0.019835
0.006989
0.002943
0.006213
0.005371
0.008573
-0.003092
0.004831
0.020070
0.011135
-0.005213
0.007494
0.017236
0.007764
0.004797
0.004831
0.015384
0.014002
0.015381
0.021212
0.009517
0.021892
0.006382
0.015720
0.007225
-0.009904
-0.004338
0.000311
0.005506
0.007764
-0.003965
-0.002187
0.001292
0.001530
-0.001337
0.001326
0.018658
0.000347
0.007056
-0.008146
0.001863
-0.001134
-0.005487
0.005606
0.007629
-0.009630
-0.006662
-0.004640
0.008910
0.004832
-0.003360
0.008438
0.005472
-0.002247
0.000788
-0.002789
-0.003295
-0.003295
-0.004440
0.006652
0.005269
0.005168
0.006281
0.001021
0.000953
-0.005348
-0.001607
-0.015053
-0.008452
-0.020252
0.006955
-0.008278
0.013426
-0.008421
-0.013278
-0.016068
-0.005787
0.014336
-0.004001
0.003652
0.008472
-0.010909
0.004763
-0.001372
0.001257
0.000682
0.003887
0.003280
0.003415
0.007461
0.002066
0.002401
-0.013444
-0.010541
0.010696
-0.009506
-0.006631
-0.001373
-0.005044
-0.011474
-0.006601
-0.024230
-0.030806
-0.033427
0.010596
0.004460
-0.007808
-0.016107
-0.024232
-0.005385
0.003214
-0.005957
-0.010976
-0.010773
-0.007104
-0.007102
-0.009033
-0.010780
0.004022
0.000517
-0.025806
-0.011618
-0.009329
-0.001608
-0.004202
-0.000261
0.001863
-0.002181
-0.009866
0.000749
-0.015232
-0.009161
-0.006428
-0.012663
-0.002686
-0.008718
-0.000225
-0.003935
-0.009729
-0.016617
-0.014888
-0.003556
0.006382
-0.011316
-0.011488
-0.014525
-0.010036
0.000078
-0.008353
-0.031403
0.000617
-0.006696
-0.012425
-0.002582
-0.014583
-0.029154
-0.020422
-0.017254
-0.004172
-0.012028
-0.010302
-0.013876
-0.014991
-0.013921
-0.007143
-0.008718
-0.012767
-0.005144
-0.013440
0.002810
0.000314
0.002133
-0.016780
-0.010175
-0.002011
-0.008893
-0.004746
-0.015325
-0.003225
0.005539
0.011304
-0.002012
0.000717
-0.023218
-0.004913
-0.014181
-0.000157
-0.007951
-0.024284
-0.010677
-0.012425
-0.012024
-0.004980
-0.006224
-0.011048
-0.024430
-0.012289
-0.006736
-0.014963
-0.001646
0.005135
-0.007643
-0.004204
-0.001877
-0.017553
-0.017394
0.005775
-0.002048
-0.014013
-0.000290
0.004293
-0.007573
0.004023
0.001050
0.004392
0.008539
-0.001507
-0.024831
-0.002449
-0.007335
-0.006129
-0.003026
0.005100
-0.002583
0.004462
-0.006869
-0.005753
0.006652
0.004124
0.002270
-0.004239
-0.020624
0.009956
-0.005376
-0.002044
-0.015472
-0.019071
-0.005212
-0.023919
0.002438
-0.001334
0.006483
0.006888
0.003685
-0.007743
-0.003162
-0.007066
-0.001497
-0.007067
0.006651
0.005371
-0.010976
-0.012430
0.006989
-0.009934
0.006280
0.005404
0.003516
-0.020618
-0.000900
0.010898
-0.009601
-0.006696
0.007798
-0.004915
-0.004283
0.004057
0.002742
0.006989
0.002742
0.004594
0.004898
-0.003226
-0.000901
0.006314
0.005843
-0.004473
0.004966
0.014035
-0.006696
0.006955
-0.002620
0.006247
0.018382
0.016024
0.006281
0.005977
-0.000429
0.014306
-0.004303
-0.001439
0.006921
-0.007843
0.012785
0.008877
0.004190
-0.016407
0.005034
0.004898
0.011573
-0.001002
0.013461
-0.002415
0.012857
0.005035
-0.002956
0.022762
0.015954
0.021990
0.001831
0.012888
0.005506
0.002707
-0.000291
0.002472
-0.000698
0.009651
0.009686
0.001832
0.010797
-0.008414
-0.014253
-0.006523
-0.001004
-0.004311
0.003515
0.009045
0.012112
-0.005518
-0.002316
-0.022517
-0.008248
0.014270
0.001156
-0.004801
0.006382
0.008607
0.003618
-0.011549
0.004527
-0.000632
-0.002956
-0.011783
0.005674
0.014610
-0.003900
-0.008111
0.009551
-0.004743
-0.003833
0.002203
0.003820
-0.001878
-0.012699
-0.001676
0.003820
0.000921
0.003685
0.005201
-0.001204
-0.015725
-0.015051
-0.012497
-0.000058
-0.027562
0.000786
0.001056
0.012719
0.002809
-0.009967
-0.004438
0.007697
-0.000157
-0.008418
0.003921
0.000619
-0.003632
-0.000358
-0.018168
0.004190
0.024012
-0.011919
-0.008551
-0.006327
-0.003563
0.012148
-0.004707
-0.003760
-0.004067
-0.006630
-0.009430
-0.011317
-0.001708
-0.002350
0.005708
-0.011586
-0.022340
-0.007169
-0.017248
0.003213
-0.000127
0.004696
-0.001341
-0.000867
0.000586
-0.005684
-0.000596
-0.003698
0.009988
-0.011425
-0.005183
-0.008112
-0.008350
0.000987
-0.021031
-0.014318
-0.006897
-0.011454
-0.020016
0.001965
-0.016477
-0.014549
-0.013543
0.008708
-0.013339
0.003247
0.000008
-0.002216
-0.004605
-0.015089
-0.005413
-0.006260
-0.009734
-0.011078
-0.015659
-0.008721
-0.006630
-0.001067
-0.004977
-0.012092
0.003247
-0.017795
-0.011314
-0.004265
-0.006864
-0.016031
-0.010603
-0.020375
0.013630
-0.015331
-0.005758
-0.003194
-0.005519
-0.011989
-0.022811
-0.007905
-0.018199
-0.014751
-0.007273
0.003281
-0.006057
-0.002925
-0.012159
-0.018982
-0.018971
-0.007475
-0.006898
-0.006293
-0.012492
-0.004443
-0.006666
0.003147
0.008034
-0.011117
0.000147
-0.002923
-0.001138
-0.015602
-0.011310
0.000717
-0.002517
-0.010915
-0.006596
0.002844
-0.013200
0.000146
-0.016615
-0.003260
-0.000494
-0.006763
-0.025616
0.006382
-0.000158
-0.005589
-0.001001
-0.000934
-0.007835
0.002067
-0.024993
-0.006360
-0.008850
-0.008621
-0.009424
0.000888
-0.000664
-0.005113
-0.007980
-0.011014
-0.013321
-0.011725
-0.000496
0.002942
0.000787
-0.028746
-0.014653
-0.004810
0.005978
-0.011681
0.002102
-0.006836
0.000247
-0.013203
-0.015253
-0.012767
-0.010201
-0.002416
0.005236
-0.005083
-0.013405
-0.012093
0.001327
0.002775
-0.001472
-0.009054
-0.000799
-0.001573
0.009989
0.013325
-0.002653
-0.016138
-0.011076
-0.009764
0.002403
-0.000630
0.005775
0.001866
0.002605
0.003819
-0.003866
-0.011822
-0.010643
-0.008114
-0.009764
0.005640
0.008809
-0.001370
-0.007373
0.001225
0.010933
-0.000360
-0.006737
0.001934
0.008674
-0.004270
-0.002961
-0.000765
0.015552
0.005473
0.001862
-0.016374
0.004259
0.007697
0.001357
-0.001440
-0.000294
-0.000395
-0.008693
-0.010712
0.004292
-0.005926
0.008674
-0.011316
0.002875
0.004899
0.011944
0.011607
0.008775
0.016495
0.014810
0.011945
0.015046
0.007865
-0.003696
-0.000766
0.009113
-0.007816
0.000146
0.010393
0.010899
0.007595
-0.001336
0.013122
0.004191
-0.001131
0.010393
0.010394
-0.001272
0.020910
0.013192
-0.010036
0.007326
0.001594
0.005236
0.003414
-0.001272
-0.009295
0.007056
-0.007307
0.008775
0.002876
-0.003191
0.009247
0.015420
0.001090
-0.009869
-0.007850
0.002540
-0.000831
-0.005947
0.018282
-0.009900
-0.003798
-0.006023
-0.004234
-0.005993
0.004257
0.001559
0.001562
-0.010404
0.010630
0.005775
0.009719
0.012114
-0.006123
0.008337
-0.008214
0.005540
0.008708
-0.003900
-0.008113
-0.013974
0.019228
-0.023892
0.003483
0.004899
0.000277
0.000417
-0.004782
-0.006935
-0.002991
0.009011
-0.002753
0.001932
0.008742
-0.016318
-0.010403
0.005674
-0.017852
0.004760
-0.002618
0.005640
-0.001606
-0.006766
0.006314
-0.008961
-0.008788
-0.004574
0.000820
0.003483
-0.004706
-0.024614
0.007157
0.006618
0.001630
0.004595
-0.008319
-0.001333
-0.017869
-0.015727
-0.001880
-0.005784
-0.003391
-0.013001
-0.012425
0.003718
-0.008383
-0.008728
0.010732
0.012180
-0.010474
-0.006897
-0.001408
-0.004203
0.014036
0.015145
0.008270
-0.009328
-0.001644
-0.005146
-0.006730
-0.008048
-0.004742
-0.005118
-0.009196
-0.013506
-0.004878
-0.015230
-0.013636
-0.018456
-0.015826
-0.003732
-0.012157
0.020001
0.002066
-0.001204
-0.011751
-0.017157
-0.006968
-0.017139
-0.003662
-0.004677
-0.021058
-0.017088
-0.012623
0.015416
-0.019173
-0.010909
0.000380
-0.006933
-0.030965
-0.004303
-0.015531
-0.000224
-0.009428
-0.007370
-0.027935
-0.027698
-0.025334
-0.013376
-0.020418
-0.010945
-0.013509
-0.011555
-0.011528
-0.012666
-0.009665
-0.012836
-0.008450
-0.012963
-0.018265
-0.016459
-0.014283
-0.004910
0.006550
-0.012696
-0.024427
-0.018303
-0.003296
-0.023013
-0.018864
-0.003967
-0.002828
-0.008384
-0.014185
-0.011579
-0.006803
-0.001573
-0.011917
-0.016984
-0.009364
-0.009429
-0.002852
-0.002786
-0.001776
-0.015404
-0.008651
-0.009195
-0.018930
-0.016101
-0.008987
-0.009731
-0.005214
-0.009299
-0.015805
-0.018834
-0.000898
-0.009226
-0.012959
0.018047
-0.003729
-0.001237
-0.010514
0.004730
-0.015599
-0.005960
-0.003024
-0.009119
0.010696
0.000518
0.006854
0.011944
-0.000159
-0.007543
-0.013846
0.002404
-0.004208
-0.004203
-0.006701
-0.007338
-0.015773
-0.000765
-0.016204
-0.001608
-0.003803
-0.006428
0.015587
0.012147
0.000178
0.001054
-0.014890
-0.004610
0.006078
-0.003392
-0.023727
0.005606
-0.007270
0.000246
0.007831
0.016528
0.019530
0.009146
0.008236
0.014137
-0.010672
0.000919
-0.016710
0.023881
0.003281
-0.018432
0.000920
0.001765
0.002943
0.006584
0.005303
0.003516
-0.010034
0.007663
0.018581
0.010292
0.017000
-0.004809
0.005505
-0.000467
-0.002513
-0.003093
-0.005147
-0.003092
-0.007232
0.009382
0.006787
-0.009427
0.019898
0.001119
-0.009199
-0.003025
0.013159
0.012686
0.004257
0.001084
0.017233
0.019294
-0.012601
-0.009196
0.011810
0.004393
0.008000
0.005843
0.000921
-0.001474
-0.002651
0.003146
0.005978
0.000753
0.002674
-0.001744
-0.011890
-0.006939
0.003246
0.014203
0.007427
0.002944
-0.000459
0.012484
-0.001743
-0.009295
-0.003564
0.005134
0.011741
-0.015999
0.010799
0.005101
-0.004607
0.007596
0.005809
0.004190
0.001089
0.006078
-0.012297
0.004528
-0.002379
0.006213
0.013561
-0.006019
-0.006192
0.016427
0.004797
-0.024361
0.005304
0.000515
0.003316
0.009551
0.005236
-0.012261
0.018347
0.005876
0.013800
-0.001206
-0.002481
-0.001168
0.018992
-0.009363
-0.001371
0.001999
0.004292
0.004865
0.023640
