-0.001879
-0.003885
-0.003193
-0.001416
-0.000898
0.000269
0.007669
0.020109
0.032777
0.043453
0.051555
0.059468
0.063180
0.062106
0.062074
0.062593
0.060874
0.057719
0.054297
0.051987
0.052320
0.052942
0.052319
0.052289
0.054418
0.056484
0.056996
0.052309
0.047491
0.045852
0.045483
0.045378
0.044189
0.042166
0.043599
0.046771
0.047766
0.044324
0.040282
0.037958
0.037952
0.038720
0.041091
0.043411
0.042610
0.039472
0.036261
0.034087
0.033790
0.034786
0.035208
0.034778
0.031636
0.028248
0.027053
0.023988
0.019929
0.018834
0.018945
0.018244
0.017155
0.016680
0.015899
0.015530
0.016781
0.016746
0.015540
0.016260
0.017106
0.016361
0.014023
0.012308
0.011469
0.010289
0.008831
0.009656
0.010754
0.009177
0.007311
0.007043
0.007261
0.007110
0.005216
-0.000084
-0.004689
-0.003004
-0.000230
-0.001040
-0.005115
-0.007529
-0.007622
-0.009829
-0.012120
-0.010482
-0.005682
-0.000087
0.000757
-0.004224
-0.011293
-0.017705
-0.019853
-0.018968
-0.019474
-0.020937
-0.022055
-0.022617
-0.022605
-0.020536
-0.016623
-0.012765
-0.010497
-0.012309
-0.017418
-0.022876
-0.028637
-0.033357
-0.033636
-0.034983
-0.036452
-0.035252
-0.033091
-0.031792
-0.032872
-0.036349
-0.038886
-0.040765
-0.044667
-0.048873
-0.053684
-0.056312
-0.056336
-0.055411
-0.054441
-0.054131
-0.053684
-0.055080
-0.058378
-0.060360
-0.059261
-0.056837
-0.053532
-0.051678
-0.051411
-0.052331
-0.053855
-0.054184
-0.053738
-0.051165
-0.050967
-0.051148
-0.051335
-0.054471
-0.055185
-0.053648
-0.051947
-0.052010
-0.053832
-0.056553
-0.059625
-0.062115
-0.064049
-0.064801
-0.065085
-0.065278
-0.063753
-0.060896
-0.058959
-0.057228
-0.056871
-0.055972
-0.055340
-0.056671
-0.058559
-0.058815
-0.059135
-0.058910
-0.056294
-0.054297
-0.055407
-0.056674
-0.053634
-0.049500
-0.048617
-0.049937
-0.050990
-0.051116
-0.050208
-0.050195
-0.051319
-0.051997
-0.050938
-0.051518
-0.053048
-0.051591
-0.049730
-0.046088
-0.040666
-0.035276
-0.030574
-0.027554
-0.026372
-0.025868
-0.027649
-0.029998
-0.029853
-0.028605
-0.027165
-0.026450
-0.026230
-0.025805
-0.024297
-0.023638
-0.022978
-0.021640
-0.020665
-0.020685
-0.017348
-0.014335
-0.014200
-0.015570
-0.016148
-0.016445
-0.016255
-0.015673
-0.014641
-0.011465
-0.007760
-0.005723
-0.005736
-0.004759
-0.003262
-0.003199
-0.002653
-0.000984
0.000027
0.001343
0.004741
0.007648
0.010139
0.010702
0.007942
0.004104
0.001194
-0.002594
-0.002815
-0.003830
-0.001567
0.006668
0.013569
0.018351
0.021568
0.023658
0.024150
0.023521
0.021975
0.019628
0.017707
0.019029
0.017895
0.015392
0.015694
0.013742
0.013123
0.017388
0.022627
0.025876
0.024432
0.022414
0.020860
0.017971
0.015327
0.016315
0.019222
0.023196
0.027010
0.030620
0.037658
0.043767
0.044792
0.046053
0.047904
0.048521
0.048969
0.050382
0.053108
0.054713
0.052755
0.050859
0.051297
0.050151
0.049376
0.051625
0.052294
0.052947
0.056293
0.057936
0.056352
0.054793
0.055937
0.057156
0.055554
0.056474
0.055514
0.056215
0.057661
0.058824
0.060657
0.064224
0.065962
0.066439
0.066539
0.065086
0.063039
0.063843
0.066375
0.066763
0.063143
0.058734
0.057426
0.059352
0.059811
0.058099
0.056341
0.057685
0.058864
0.058724
0.057520
0.056557
0.054227
0.051571
0.051428
0.051542
0.051028
0.050913
0.051232
0.052686
0.052191
0.049500
0.047167
0.045704
0.043881
0.043994
0.044788
0.046735
0.049767
0.051573
0.052653
0.053931
0.053183
0.049989
0.049178
0.047873
0.043028
0.040091
0.035634
0.028288
0.026375
0.025682
0.025205
0.024477
0.020803
0.016006
0.013962
0.016198
0.020047
0.022858
0.021930
0.018565
0.016317
0.015031
0.014723
0.012708
0.011029
0.011452
0.009028
0.003258
0.000512
0.004564
0.007675
0.007736
0.006576
0.003903
-0.000602
-0.005400
-0.007884
-0.007396
-0.006456
-0.007720
-0.007584
-0.007862
-0.009972
-0.011227
-0.010870
-0.009432
-0.009022
-0.009635
-0.009716
-0.008241
-0.006833
-0.008828
-0.012163
-0.015743
-0.016242
-0.015038
-0.014230
-0.014398
-0.017746
-0.023786
-0.027643
-0.027346
-0.024953
-0.024023
-0.027412
-0.031242
-0.034664
-0.035510
-0.034713
-0.032097
-0.030016
-0.032715
-0.036956
-0.042475
-0.043974
-0.040099
-0.037232
-0.036851
-0.037085
-0.037174
-0.038252
-0.039355
-0.040615
-0.046342
-0.050926
-0.051894
-0.053806
-0.053698
-0.051167
-0.049519
-0.050186
-0.051142
-0.051965
-0.052162
-0.052528
-0.052134
-0.050176
-0.049399
-0.049120
-0.048960
-0.049666
-0.051634
-0.052948
-0.052467
-0.050173
-0.049383
-0.050424
-0.052429
-0.054948
-0.055697
-0.057955
-0.062396
-0.066487
-0.067887
-0.065445
-0.063169
-0.061926
-0.060225
-0.058438
-0.056133
-0.055299
-0.053719
-0.052257
-0.052729
-0.053461
-0.053486
-0.055809
-0.057846
-0.056560
-0.053284
-0.051704
-0.052250
-0.053124
-0.051210
-0.048938
-0.047429
-0.047290
-0.047961
-0.046164
-0.043239
-0.042396
-0.042581
-0.043126
-0.041260
-0.037591
-0.034152
-0.030040
-0.026501
-0.024852
-0.026471
-0.028326
-0.029587
-0.029878
-0.031055
-0.032033
-0.029930
-0.026004
-0.021888
-0.019246
-0.019235
-0.021084
-0.021904
-0.021454
-0.019399
-0.016727
-0.013056
-0.010159
-0.008346
-0.008381
-0.010006
-0.011533
-0.011759
-0.013597
-0.013305
-0.008405
-0.003601
-0.000296
0.002378
0.002846
0.002157
0.001660
0.000319
0.000390
-0.000289
-0.001875
-0.000707
0.000883
0.003892
0.006241
0.006953
0.008484
0.008843
0.007432
0.009184
0.014745
0.020504
0.022846
0.024400
0.024645
0.019722
0.016542
0.017702
0.020223
0.020140
0.015750
0.015671
0.017955
0.019537
0.022048
0.025080
0.026696
0.024960
0.022965
0.025692
0.029059
0.028503
0.025655
0.024853
0.023934
0.022717
0.023446
0.026950
0.032428
0.037889
0.042200
0.044674
0.045266
0.046005
0.045697
0.045794
0.046700
0.048453
0.050388
0.052048
0.054237
0.055677
0.055151
0.053650
0.050013
0.045994
0.046006
0.050350
0.053176
0.054122
0.054646
0.053774
0.053118
0.053092
0.055486
0.058735
0.059768
0.060292
0.060438
0.053832
0.051821
0.048429
0.047973
0.052087
0.057230
0.062032
0.066525
0.067703
0.063445
0.055412
0.049429
0.047478
0.046877
0.048757
0.051578
0.049694
0.044664
0.041139
0.040949
0.040516
0.039504
0.037743
0.036809
0.040023
0.043677
0.047116
0.048114
0.045643
0.043948
0.043149
0.043607
0.045413
0.046823
0.049321
0.052944
0.054008
0.049830
0.047250
0.048103
0.048438
0.045974
0.039747
0.035143
0.031669
0.033051
0.041165
0.051229
0.057112
0.055335
0.048396
0.040471
0.036903
0.032655
0.027115
0.025087
0.024607
0.023521
0.022394
0.022471
0.023821
0.025494
0.025709
0.020980
0.015358
0.012794
0.013266
0.013919
0.013443
0.012074
0.007447
0.002329
0.001662
0.001874
-0.000073
-0.002691
-0.004430
-0.006302
-0.009938
-0.012162
-0.012415
-0.011200
-0.009142
-0.008110
-0.005548
-0.002533
-0.003430
-0.008106
-0.013714
-0.017491
-0.019995
-0.022620
-0.023187
-0.020671
-0.017731
-0.015476
-0.014915
-0.015282
-0.016820
-0.021666
-0.025039
-0.024157
-0.021241
-0.018371
-0.019111
-0.022555
-0.025130
-0.025540
-0.025937
-0.026653
-0.026644
-0.028070
-0.030945
-0.033074
-0.035003
-0.034998
-0.033073
-0.032358
-0.031934
-0.030950
-0.032308
-0.035919
-0.040929
-0.043588
-0.044844
-0.050670
-0.056058
-0.057076
-0.055745
-0.054572
-0.053926
-0.053868
-0.054970
-0.056023
-0.057579
-0.058914
-0.058916
-0.060525
-0.062144
-0.062950
-0.062504
-0.060038
-0.057227
-0.055184
-0.056595
-0.060992
-0.063314
-0.063995
-0.061188
-0.055742
-0.053690
-0.055776
-0.059137
-0.060004
-0.058892
-0.056990
-0.058618
-0.062142
-0.062559
-0.059771
-0.058340
-0.058826
-0.057476
-0.055495
-0.055791
-0.056516
-0.055214
-0.055931
-0.058064
-0.059816
-0.061048
-0.062961
-0.064084
-0.062301
-0.059398
-0.057842
-0.057037
-0.056788
-0.056143
-0.054480
-0.053466
-0.054139
-0.051367
-0.048099
-0.047719
-0.047370
-0.048495
-0.049310
-0.048352
-0.046102
-0.044004
-0.041337
-0.037326
-0.034334
-0.034228
-0.037390
-0.039998
-0.040027
-0.039297
-0.035891
-0.032006
-0.029649
-0.029312
-0.030809
-0.034201
-0.035406
-0.031805
-0.026091
-0.020933
-0.018649
-0.018249
-0.017838
-0.016404
-0.013112
-0.012589
-0.015535
-0.018416
-0.020884
-0.020366
-0.016741
-0.011984
-0.009295
-0.009223
-0.008724
-0.008016
-0.005534
-0.001701
0.000517
0.001134
0.001194
0.000959
-0.000959
-0.004526
-0.006025
-0.004380
-0.000378
0.001887
0.003422
0.005975
0.008038
0.008287
0.006667
0.004596
0.003451
0.005273
0.007592
0.009045
0.007952
0.006899
0.009947
0.014126
0.017901
0.019670
0.019983
0.019777
0.017151
0.013225
0.010956
0.011065
0.009323
0.006488
0.007118
0.011424
0.015660
0.021261
0.024167
0.024479
0.024536
0.024235
0.023505
0.022834
0.023509
0.025322
0.027599
0.031511
0.036482
0.040789
0.043285
0.044045
0.043936
0.045160
0.046651
0.046331
0.048505
0.053617
0.057919
0.058437
0.054624
0.054450
0.055309
0.053699
0.052441
0.053061
0.053821
0.054763
0.055753
0.057366
0.059404
0.061671
0.065439
0.072347
0.067901
0.060219
0.055791
0.053379
0.050827
0.050587
0.051778
0.053127
0.053159
0.052478
0.052589
0.053393
0.054573
0.054977
0.052280
0.050687
0.050402
0.048776
0.046416
0.045123
0.045439
0.048969
0.051870
0.050666
0.049167
0.048448
0.047954
0.051128
0.056685
0.060100
0.059579
0.056900
0.054905
0.053905
0.052432
0.051399
0.053180
0.054823
0.055053
0.054990
0.054716
0.054107
0.050193
0.044828
0.042228
0.039576
0.036532
0.034272
0.030814
0.028892
0.028450
0.027559
0.028030
0.030142
0.032670
0.035275
0.035250
0.034169
0.033376
0.033144
0.032155
0.030409
0.027600
0.024180
0.019667
0.011399
0.005738
0.005310
0.006301
0.008971
0.012624
0.015981
0.015102
0.012052
0.010124
0.008241
0.007652
0.008108
0.008286
0.004305
-0.001828
-0.003632
-0.002107
0.000138
0.000799
0.000101
-0.000158
-0.002172
-0.006279
-0.010977
-0.015093
-0.016650
-0.018686
-0.018955
-0.017905
-0.016564
-0.014269
-0.012761
-0.013395
-0.013698
-0.013407
-0.016120
-0.021101
-0.025257
-0.027689
-0.025520
-0.020844
-0.020936
-0.025685
-0.029889
-0.029824
-0.028125
-0.023903
-0.020683
-0.023876
-0.029750
-0.033480
-0.033728
-0.032177
-0.033165
-0.037936
-0.038645
-0.036567
-0.036630
-0.036771
-0.039524
-0.042902
-0.045875
-0.049504
-0.050893
-0.050203
-0.049625
-0.047452
-0.047780
-0.048118
-0.048012
-0.050640
-0.053311
-0.054349
-0.053202
-0.049035
-0.046185
-0.046284
-0.045582
-0.045434
-0.046303
-0.047443
-0.050347
-0.053180
-0.052876
-0.049893
-0.046240
-0.042792
-0.041825
-0.044973
-0.050023
-0.051865
-0.053288
-0.052323
-0.049453
-0.049219
-0.049141
-0.053245
-0.059378
-0.061165
-0.060546
-0.060586
-0.058231
-0.056088
-0.054808
-0.052145
-0.050817
-0.052205
-0.054201
-0.056848
-0.056711
-0.052710
-0.050615
-0.049885
-0.048366
-0.046605
-0.044918
-0.041916
-0.041140
-0.040644
-0.040262
-0.040913
-0.041996
-0.045351
-0.047928
-0.050356
-0.048171
-0.041915
-0.037708
-0.036694
-0.033884
-0.029085
-0.027281
-0.029814
-0.031382
-0.033221
-0.033563
-0.030973
-0.028367
-0.026153
-0.022785
-0.020569
-0.021054
-0.023579
-0.022780
-0.020083
-0.018319
-0.016709
-0.016847
-0.017616
-0.019234
-0.020414
-0.018663
-0.017529
-0.017039
-0.014126
-0.009096
-0.003171
0.000499
-0.000252
-0.001913
-0.002008
0.000971
0.001438
0.000102
-0.000642
0.000843
0.002572
0.004272
0.006050
0.007302
0.009375
0.013027
0.015105
0.015612
0.015782
0.014265
0.014615
0.016039
0.016053
0.019463
0.024452
0.026024
0.023929
0.020430
0.017653
0.017007
0.019398
0.020112
0.017328
0.015835
0.017054
0.018777
0.021213
0.023105
0.022401
0.020929
0.021216
0.022506
0.023571
0.024117
0.026292
0.030933
0.033941
0.034903
0.036440
0.036986
0.035470
0.035693
0.038482
0.043971
0.049440
0.052628
0.054455
0.056700
0.057220
0.055185
0.053178
0.053551
0.055763
0.057183
0.059141
0.061204
0.060956
0.058954
0.058448
0.059360
0.059396
0.058696
0.057421
0.056941
0.056051
0.055520
0.055948
0.050899
0.051172
0.050435
0.050133
0.049325
0.046925
0.046989
0.050212
0.054878
0.056412
0.055189
0.052661
0.048570
0.045920
0.046324
0.045945
0.043558
0.042102
0.043571
0.045410
0.045194
0.046022
0.046994
0.047734
0.051211
0.054429
0.056793
0.059064
0.060487
0.059906
0.059161
0.058051
0.055048
0.054047
0.053344
0.053610
0.053768
0.052394
0.049705
0.045785
0.042938
0.041605
0.040663
0.041721
0.043980
0.044632
0.041901
0.036434
0.032337
0.030789
0.029892
0.028559
0.028282
0.030431
0.030417
0.027181
0.024138
0.022394
0.021957
0.022677
0.022675
0.025395
0.026458
0.024584
0.021160
0.015712
0.012962
0.014677
0.016251
0.015435
0.011431
0.006517
0.002576
0.001555
0.005009
0.006398
0.003402
-0.000343
-0.002063
-0.002827
-0.001578
-0.001975
-0.002897
-0.003824
-0.006287
-0.006085
-0.005429
-0.007365
-0.012284
-0.016781
-0.018460
-0.017921
-0.017013
-0.016636
-0.017394
-0.017740
-0.017465
-0.015791
-0.015020
-0.016912
-0.019871
-0.020894
-0.019860
-0.021477
-0.026256
-0.031260
-0.032763
-0.032763
-0.033638
-0.033275
-0.030681
-0.027055
-0.023919
-0.020820
-0.019704
-0.022372
-0.026426
-0.031230
-0.036690
-0.042088
-0.047197
-0.049744
-0.049728
-0.048097
-0.045544
-0.045008
-0.046051
-0.045091
-0.041813
-0.041799
-0.045637
-0.050232
-0.054382
-0.057182
-0.056065
-0.052231
-0.051112
-0.051718
-0.053529
-0.052557
-0.048659
-0.046683
-0.047825
-0.049898
-0.051315
-0.053113
-0.054576
-0.054597
-0.055270
-0.053929
-0.050553
-0.048563
-0.048016
-0.049223
-0.051655
-0.053662
-0.056408
-0.057975
-0.060247
-0.062302
-0.061819
-0.060658
-0.058012
-0.055791
-0.055794
-0.056114
-0.057307
-0.059516
-0.060065
-0.061200
-0.062491
-0.063939
-0.064185
-0.062974
-0.062184
-0.061957
-0.059969
-0.058027
-0.056733
-0.053742
-0.051215
-0.050480
-0.050569
-0.052364
-0.052169
-0.048143
-0.044896
-0.043222
-0.042204
-0.041055
-0.040522
-0.040060
-0.040849
-0.043174
-0.044594
-0.044071
-0.042224
-0.038842
-0.034346
-0.031442
-0.029043
-0.028219
-0.029816
-0.031491
-0.031890
-0.030269
-0.030293
-0.028520
-0.024941
-0.024315
-0.026942
-0.029033
-0.029497
-0.027613
-0.023803
-0.021416
-0.020061
-0.016124
-0.011046
-0.010090
-0.011615
-0.010548
-0.008801
-0.008877
-0.010451
-0.011497
-0.011070
-0.008806
-0.006372
-0.005109
-0.004525
-0.004870
-0.007632
-0.008306
-0.006935
-0.005248
-0.002703
-0.000581
-0.000501
0.000934
0.002744
0.004866
0.006170
0.004874
0.002641
0.002494
0.002596
0.004337
0.006197
0.007906
0.012279
0.017598
0.021112
0.022966
0.024434
0.023697
0.022156
0.020542
0.017917
0.017021
0.017087
0.015450
0.012316
0.010584
0.012655
0.016368
0.019027
0.020416
0.021822
0.021974
0.023738
0.026410
0.025160
0.022981
0.027179
0.034781
0.038786
0.040533
0.042701
0.045422
0.048884
0.051204
0.051951
0.052145
0.050473
0.047512
0.046899
0.046782
0.044850
0.043299
0.046030
0.049936
0.051617
0.053293
0.054077
0.054603
0.053985
0.050453
0.046370
0.045835
0.053680
0.058911
0.062028
0.061850
0.060443
0.062556
0.062876
0.062383
0.062237
0.060618
0.060952
0.059377
0.056657
0.054939
0.053783
0.054101
0.053351
0.053396
0.053823
0.052407
0.050565
0.050094
0.052916
0.057049
0.061194
0.061754
0.060632
0.059051
0.056438
0.054962
0.054645
0.055157
0.054353
0.052336
0.051312
0.052333
0.054299
0.058438
0.061820
0.058846
0.053738
0.051560
0.050982
0.049307
0.047488
0.046971
0.045055
0.042321
0.039877
0.040599
0.039298
0.036424
0.036396
0.037874
0.039655
0.040679
0.041932
0.043910
0.039318
0.031524
0.026403
0.023144
0.023033
0.022371
0.021313
0.021891
0.021846
0.021196
0.020907
0.019821
0.017801
0.015927
0.015024
0.015847
0.015333
0.013945
0.014699
0.014697
0.013782
0.011898
0.009491
0.007904
0.005150
0.000274
-0.004684
-0.007597
-0.006998
-0.005638
-0.007084
-0.011626
-0.015736
-0.016003
-0.013306
-0.010063
-0.009943
-0.010797
-0.012303
-0.015867
-0.019381
-0.021595
-0.021217
-0.019093
-0.015008
-0.014730
-0.017316
-0.018988
-0.019985
-0.017884
-0.016783
-0.017758
-0.020157
-0.022538
-0.023752
-0.025619
-0.027145
-0.027568
-0.029670
-0.028458
-0.027868
-0.029667
-0.031204
-0.033172
-0.036453
-0.040230
-0.043384
-0.046665
-0.049161
-0.048895
-0.048423
-0.046294
-0.042608
-0.042995
-0.047522
-0.052429
-0.054395
-0.056041
-0.055603
-0.054853
-0.054787
-0.051349
-0.048956
-0.050881
-0.053308
-0.054275
-0.053862
-0.050905
-0.046692
-0.044270
-0.044061
-0.045977
-0.049253
-0.051736
-0.051319
-0.050391
-0.050247
-0.051695
-0.051696
-0.050342
-0.052435
-0.053528
-0.051967
-0.051722
-0.053911
-0.056634
-0.061066
-0.065924
-0.065340
-0.062186
-0.061619
-0.060050
-0.056937
-0.056564
-0.056572
-0.055590
-0.053522
-0.050706
-0.049155
-0.047305
-0.043732
-0.042383
-0.041711
-0.040565
-0.041146
-0.043061
-0.044411
-0.044843
-0.045583
-0.046308
-0.046131
-0.045134
-0.043809
-0.039348
-0.037396
-0.039128
-0.039394
-0.038214
-0.035849
-0.034727
-0.033438
-0.032479
-0.033127
-0.032454
-0.030371
-0.028569
-0.027702
-0.027754
-0.028247
-0.028083
-0.027437
-0.026623
-0.025176
-0.022832
-0.020101
-0.018664
-0.017224
-0.016164
-0.014699
-0.013953
-0.013670
-0.012137
-0.009272
-0.005872
-0.002312
0.000496
0.001735
0.000923
-0.000149
-0.002616
-0.003161
-0.003063
-0.003632
-0.002430
0.000029
0.002537
0.005147
0.005721
0.003640
0.003601
0.006966
0.011275
0.013311
0.015224
0.016891
0.015999
0.014673
0.015701
0.016105
0.015028
0.013606
0.011228
0.009403
0.012060
0.018517
0.024479
0.028281
0.028693
0.026540
0.024171
0.022704
0.022041
0.023136
0.023652
0.022560
0.020040
0.019947
0.021043
0.021607
0.024050
0.029511
0.031707
0.031792
0.031175
0.030990
0.035515
0.039365
0.041802
0.045753
0.050848
0.054392
0.055658
0.055352
0.053491
0.052397
0.052449
0.053178
0.053155
0.051741
0.050559
0.051398
0.051531
0.049238
0.049891
0.053959
0.057483
0.057951
0.055532
0.051961
0.051423
0.052423
0.055863
0.052770
0.051782
0.050354
0.051693
0.054486
0.053314
0.049603
0.050240
0.055926
0.062050
0.063290
0.059754
0.054328
0.050139
0.048055
0.047182
0.048534
0.050123
0.052125
0.053307
0.051136
0.046780
0.043862
0.044532
0.046830
0.049337
0.048797
0.045782
0.043619
0.043066
0.044982
0.045492
0.044797
0.046913
0.048323
0.049334
0.050737
0.050372
0.046662
0.043316
0.041497
0.039316
0.037545
0.038276
0.037945
0.035889
0.035391
0.036110
0.035424
0.033277
0.031176
0.028936
0.027550
0.031538
0.036020
0.036149
0.032399
0.028024
0.022921
0.017943
0.017360
0.021211
0.021908
0.019136
0.016231
0.013480
0.011211
0.009433
0.011030
0.013076
0.012005
0.009770
0.007722
0.004327
0.003015
0.003319
0.005588
0.008697
0.008851
0.007127
0.004028
0.002269
0.002671
0.001755
-0.003004
-0.009499
-0.013852
-0.013220
-0.010837
-0.011300
-0.011165
-0.010821
-0.012626
-0.014455
-0.017366
-0.019162
-0.017528
-0.014908
-0.014435
-0.015508
-0.016362
-0.015660
-0.014215
-0.015774
-0.020397
-0.023850
-0.025876
-0.027933
-0.029945
-0.030829
-0.031145
-0.032022
-0.031256
-0.028348
-0.025605
-0.024016
-0.025998
-0.030209
-0.029959
-0.029386
-0.032464
-0.037591
-0.039652
-0.039655
-0.042929
-0.047733
-0.051832
-0.054696
-0.055224
-0.051181
-0.048630
-0.050848
-0.052547
-0.054368
-0.054370
-0.053041
-0.052994
-0.053547
-0.056091
-0.058246
-0.058155
-0.060225
-0.061779
-0.059671
-0.056864
-0.057341
-0.059254
-0.058326
-0.055573
-0.054043
-0.052974
-0.052293
-0.053657
-0.055596
-0.057333
-0.057286
-0.057382
-0.058296
-0.058284
-0.057951
-0.056119
-0.053272
-0.050817
-0.049843
-0.051139
-0.054274
-0.058183
-0.059607
-0.061185
-0.063958
-0.066327
-0.067196
-0.064279
-0.059155
-0.055635
-0.054236
-0.052735
-0.049175
-0.045733
-0.046659
-0.048289
-0.047800
-0.047079
-0.048704
-0.050428
-0.047284
-0.044440
-0.042369
-0.041356
-0.042299
-0.043311
-0.043907
-0.043557
-0.041493
-0.039364
-0.036233
-0.033930
-0.034951
-0.034554
-0.035092
-0.036715
-0.038199
-0.039437
-0.038212
-0.034766
-0.030130
-0.028742
-0.029546
-0.031150
-0.032783
-0.029434
-0.023943
-0.020251
-0.019118
-0.017547
-0.017142
-0.020121
-0.020564
-0.017379
-0.014344
-0.013412
-0.012030
-0.008625
-0.006932
-0.004633
-0.003636
-0.006640
-0.009864
-0.010437
-0.008933
-0.008199
-0.007434
-0.006326
-0.005746
-0.005610
-0.005088
-0.004419
-0.001726
0.000573
0.003994
0.006868
0.007970
0.010002
0.010880
0.011692
0.012908
0.013656
0.014386
0.013179
0.012591
0.012876
0.016023
0.019012
0.018444
0.016450
0.015452
0.014132
0.012835
0.015443
0.019531
0.021656
0.021370
0.019007
0.015584
0.013941
0.012680
0.013345
0.016928
0.021574
0.024841
0.028027
0.028547
0.028805
0.030973
0.033451
0.036555
0.037508
0.039546
0.043622
0.046008
0.048837
0.052139
0.054130
0.055119
0.056178
0.057079
0.055573
0.052981
0.051627
0.051539
0.051102
0.051172
0.050122
0.048522
0.047941
0.047319
0.045805
0.045880
0.049523
0.051998
0.055369
0.054466
0.051454
0.050466
0.052099
0.052150
0.050163
0.050781
0.055017
0.059235
0.061080
0.060329
0.058712
0.056431
0.054198
0.052184
0.049401
0.049036
0.049541
0.052582
0.056201
0.056749
0.055751
0.054296
0.052860
0.054131
0.057498
0.059800
0.062962
0.065408
0.064289
0.060535
0.055387
0.052004
0.048903
0.046673
0.045515
0.043372
0.039945
0.039340
0.040155
0.040052
0.040012
0.038834
0.039612
0.042361
0.044424
0.045180
0.043578
0.041792
0.039988
0.037753
0.036439
0.035569
0.034320
0.033686
0.034628
0.033137
0.028529
0.023161
0.019593
0.016142
0.017206
0.020583
0.022605
0.024168
0.023743
0.023038
0.022260
0.020368
0.017390
0.014642
0.013023
0.012492
0.011714
0.008371
0.006519
0.007786
0.009410
0.010982
0.012218
0.012277
0.009382
0.005146
0.001982
-0.003152
-0.010486
-0.016561
-0.018163
-0.014963
-0.009506
-0.005259
-0.004802
-0.005759
-0.004786
-0.003682
-0.006333
-0.009735
-0.013660
-0.013199
-0.007435
-0.003159
-0.001789
-0.004536
-0.012800
-0.019780
-0.023516
-0.026532
-0.027355
-0.025051
-0.022010
-0.022338
-0.024800
-0.027832
-0.031523
-0.035460
-0.036224
-0.035451
-0.034017
-0.034114
-0.032625
-0.031533
-0.033839
-0.038928
-0.041352
-0.042245
-0.044272
-0.045545
-0.045736
-0.045622
-0.046542
-0.046977
-0.046187
-0.044254
-0.045098
-0.046983
-0.045879
-0.046111
-0.047947
-0.048768
-0.048803
-0.050339
-0.053967
-0.058038
-0.056338
-0.048683
-0.043936
-0.043196
-0.044900
-0.047055
-0.046771
-0.047246
-0.047545
-0.046736
-0.047007
-0.048086
-0.049511
-0.050628
-0.053181
-0.054458
-0.053474
-0.055135
-0.057875
-0.059165
-0.060751
-0.062490
-0.064509
-0.064340
-0.061714
-0.060105
-0.060082
-0.061307
-0.063016
-0.060548
-0.055814
-0.053786
-0.055868
-0.056523
-0.053602
-0.051150
-0.049356
-0.048854
-0.050178
-0.051552
-0.052156
-0.051979
-0.050332
-0.048351
-0.045084
-0.041718
-0.040856
-0.040058
-0.039369
-0.039766
-0.040667
-0.039176
-0.036364
-0.032390
-0.028284
-0.027174
-0.026150
-0.025120
-0.024327
-0.021895
-0.021201
-0.020834
-0.018541
-0.018028
-0.018407
-0.019826
-0.023833
-0.026823
-0.025591
-0.019999
-0.015394
-0.014692
-0.012880
-0.009886
-0.009015
-0.009248
-0.008651
-0.007013
-0.007152
-0.007475
-0.007016
-0.008245
-0.008218
-0.005913
-0.001704
0.001534
0.003621
0.005979
0.005521
0.001957
-0.002313
-0.004044
-0.003415
0.000190
0.006340
0.009222
0.009181
0.007043
0.004937
0.005567
0.008476
0.012665
0.015249
0.015601
0.016015
0.016898
0.017772
0.015834
0.013529
0.014180
0.013931
0.014651
0.017666
0.020251
0.021348
0.022038
0.024554
0.028062
0.030418
0.030055
0.027567
0.027455
0.025243
0.022747
0.024055
0.026103
0.026977
0.031906
0.037947
0.042683
0.047339
0.051650
0.055848
0.057542
0.057214
0.057008
0.056307
0.056766
0.056713
0.055390
0.053714
0.052577
0.053094
0.051356
0.048637
0.048332
0.049873
0.052490
0.054526
0.053910
0.049924
0.049116
0.053136
0.058272
0.062486
0.061898
0.055648
0.054347
0.053397
0.051968
0.049714
0.048922
0.047611
0.048117
0.049188
0.049684
0.051443
0.053890
0.053902
0.049817
0.045095
0.040928
0.037309
0.036416
0.037758
0.038731
0.039251
0.041783
0.042834
0.043333
0.045751
0.048434
0.051850
0.055442
0.056557
0.056098
0.055153
0.051812
0.049198
0.050463
0.053224
0.054120
0.050723
0.044553
0.037463
0.029956
0.027637
0.033327
0.041276
0.045607
0.046231
0.044230
0.038111
0.032808
0.029606
0.029515
0.029738
0.028430
0.027883
0.029086
0.028849
0.025636
0.023477
0.023822
0.025128
0.026682
0.027250
0.023830
0.021117
0.022013
0.023119
0.022582
0.020720
0.019156
0.017723
0.015693
0.012835
0.010547
0.007566
0.006192
0.005956
0.004383
0.001152
-0.002507
-0.006826
-0.008570
-0.006262
-0.002226
-0.000576
-0.002782
-0.005020
-0.005503
-0.006253
-0.006922
-0.004938
-0.002214
-0.002572
-0.004574
-0.005312
-0.005742
-0.006012
-0.004849
-0.005848
-0.011731
-0.016848
-0.019569
-0.021113
-0.022348
-0.024121
-0.026556
-0.029778
-0.031725
-0.030656
-0.026922
-0.022100
-0.017221
-0.016452
-0.018379
-0.020059
-0.022085
-0.024350
-0.023507
-0.024502
-0.031554
-0.037753
-0.039978
-0.039545
-0.036123
-0.030666
-0.025223
-0.025489
-0.032217
-0.041098
-0.048205
-0.051929
-0.051467
-0.047213
-0.046307
-0.046927
-0.046463
-0.048260
-0.050583
-0.051700
-0.052778
-0.055519
-0.056191
-0.055680
-0.057447
-0.059753
-0.061183
-0.061246
-0.059141
-0.056219
-0.055225
-0.055596
-0.056914
-0.057220
-0.058591
-0.058666
-0.055955
-0.055382
-0.056074
-0.056786
-0.057370
-0.056791
-0.055280
-0.054950
-0.058992
-0.061235
-0.061604
-0.060842
-0.059537
-0.058380
-0.055974
-0.054760
-0.057322
-0.061305
-0.063651
-0.064043
-0.063763
-0.062252
-0.061174
-0.060513
-0.059164
-0.058787
-0.057815
-0.056610
-0.058526
-0.059467
-0.055609
-0.048034
-0.040687
-0.036886
-0.035715
-0.038123
-0.041300
-0.040949
-0.040139
-0.039664
-0.040149
-0.040324
-0.039856
-0.042654
-0.046315
-0.047721
-0.048007
-0.048096
-0.046245
-0.042560
-0.039870
-0.035567
-0.030236
-0.028000
-0.027687
-0.027680
-0.026742
-0.027744
-0.029636
-0.028203
-0.026538
-0.025053
-0.022984
-0.021372
-0.019111
-0.016100
-0.013809
-0.012028
-0.010003
-0.011027
-0.011960
-0.010266
-0.009614
-0.011148
-0.010362
-0.007373
-0.005818
-0.004282
-0.001740
-0.002587
-0.005876
-0.007792
-0.007281
-0.004605
-0.001285
0.002847
0.006387
0.009182
0.010144
0.012187
0.013924
0.013545
0.014487
0.016958
0.018090
0.018005
0.018648
0.020326
0.022010
0.022041
0.020387
0.018871
0.016400
0.016892
0.017396
0.017094
0.018756
0.015524
0.013505
0.017253
0.021888
0.025036
0.026087
0.025261
0.024941
0.023451
0.023856
0.026362
0.027468
0.029409
0.031089
0.035103
0.040992
0.044473
0.044881
0.045449
0.048508
0.052839
0.054718
0.053889
0.053839
0.052674
0.051529
0.048931
0.043323
0.040609
0.043439
0.048357
0.052498
0.055755
0.057651
0.056692
0.054330
0.051315
0.049169
0.047354
0.047222
0.051994
0.053635
0.054812
0.054416
0.054219
0.055615
0.054734
0.051773
0.048030
0.046564
0.047725
0.049099
0.049635
0.049844
0.048780
0.050360
0.054616
0.057534
0.059132
0.060134
0.058131
0.053184
0.050877
0.050761
0.051823
0.052164
0.051880
0.052549
0.053121
0.051281
0.050821
0.051729
0.052178
0.053559
0.054945
0.053787
0.050305
0.049124
0.048042
0.047429
0.046281
0.046611
0.046134
0.044337
0.042587
0.039901
0.037386
0.036584
0.036316
0.034733
0.033937
0.031597
0.030281
0.032642
0.036128
0.037062
0.037907
0.037892
0.035341
0.030249
0.024393
0.020931
0.019138
0.017122
0.017016
0.017456
0.017339
0.017433
0.018028
0.016730
0.010581
0.005087
0.004147
0.006066
0.007054
0.008180
0.010619
0.011371
0.009840
0.007652
0.004037
-0.001152
-0.006724
-0.011240
-0.013207
-0.012714
-0.010715
-0.009821
-0.010564
-0.012044
-0.011103
-0.007425
-0.005974
-0.007690
-0.006935
-0.003230
-0.000990
-0.005005
-0.011112
-0.015465
-0.017852
-0.018899
-0.018613
-0.018539
-0.018690
-0.021462
-0.024050
-0.023733
-0.025618
-0.030002
-0.032740
-0.031224
-0.028561
-0.028477
-0.032850
-0.037206
-0.035003
-0.033245
-0.034015
-0.034137
-0.036467
-0.038301
-0.041103
-0.046813
-0.052988
-0.055179
-0.051899
-0.049464
-0.049325
-0.049750
-0.049981
-0.048753
-0.046349
-0.046472
-0.048148
-0.049462
-0.048351
-0.047680
-0.049287
-0.049850
-0.046417
-0.042560
-0.043472
-0.047170
-0.051298
-0.055075
-0.056443
-0.057357
-0.055394
-0.051441
-0.049560
-0.045774
-0.044281
-0.047005
-0.048927
-0.050009
-0.050402
-0.050391
-0.051300
-0.053565
-0.053830
-0.051982
-0.050551
-0.051851
-0.053010
-0.054433
-0.057862
-0.060249
-0.059757
-0.059419
-0.060487
-0.059071
-0.053694
-0.046569
-0.043031
-0.045465
-0.048907
-0.048307
-0.048085
-0.049657
-0.050107
-0.048228
-0.046452
-0.046676
-0.046270
-0.046097
-0.047308
-0.048384
-0.048550
-0.046644
-0.042801
-0.041505
-0.044786
-0.047553
-0.046662
-0.043608
-0.040224
-0.039823
-0.038949
-0.035402
-0.030841
-0.025900
-0.022785
-0.024074
-0.027562
-0.031256
-0.032783
-0.032110
-0.030309
-0.027610
-0.024148
-0.022042
-0.019869
-0.017657
-0.016797
-0.017174
-0.017355
-0.016515
-0.014672
-0.013579
-0.014926
-0.014670
-0.011677
-0.006313
-0.001375
0.000771
0.001503
-0.002043
-0.008888
-0.013558
-0.014602
-0.010808
-0.006496
-0.005341
-0.003011
0.001910
0.005627
0.007926
0.009120
0.008900
0.011302
0.014602
0.015799
0.015448
0.016002
0.014440
0.012484
0.014451
0.015498
0.015490
0.015446
0.014569
0.015332
0.015498
0.018011
0.019939
0.018296
0.016741
0.017496
0.019292
0.021137
0.023779
0.026576
0.026318
0.024276
0.022643
0.023834
0.025082
0.025655
0.027939
0.031817
0.036604
0.040570
0.041307
0.041596
0.044194
0.047116
0.050220
0.053235
0.054895
0.056081
0.057365
0.057621
0.057727
0.058704
0.056348
0.054497
0.056491
0.055910
0.053408
0.053266
0.055172
0.058156
0.060978
0.060982
0.057420
0.056448
0.057777
0.058496
0.060191
0.057264
0.055112
0.052194
0.051264
0.051866
0.051354
0.049696
0.048834
0.051779
0.057733
0.059947
0.057438
0.056200
0.056302
0.054630
0.052437
0.049805
0.044914
0.043582
0.047914
0.053820
0.058545
0.059177
0.051791
0.044125
0.040281
0.037562
0.037775
0.038149
0.037607
0.036598
0.038372
0.044937
0.053823
0.063125
0.065496
0.060257
0.054426
0.051035
0.048039
0.045684
0.044480
0.045176
0.044193
0.040442
0.036776
0.034688
0.034612
0.035673
0.039352
0.040934
0.039293
0.036872
0.032876
0.028269
0.023782
0.020758
0.020622
0.022185
0.023570
0.025099
0.026005
0.025412
0.023740
0.021325
0.017516
0.014448
0.014268
0.016651
0.019290
0.017944
0.013706
0.011359
0.009959
0.007828
0.005942
0.004941
0.003141
0.002285
0.002197
0.001735
-0.000865
-0.004938
-0.007383
-0.009091
-0.011456
-0.012654
-0.012368
-0.011632
-0.009695
-0.007246
-0.006010
-0.007291
-0.010679
-0.013243
-0.013429
-0.012237
-0.011623
-0.013931
-0.016196
-0.018071
-0.021579
-0.025753
-0.025458
-0.021040
-0.019879
-0.021412
-0.023456
-0.027567
-0.030029
-0.028718
-0.025952
-0.024717
-0.025929
-0.027952
-0.029176
-0.032016
-0.034082
-0.033802
-0.033266
-0.035186
-0.041438
-0.047530
-0.051357
-0.053333
-0.052906
-0.053860
-0.053828
-0.052220
-0.050327
-0.048937
-0.049666
-0.052650
-0.056649
-0.059967
-0.058198
-0.053533
-0.051620
-0.051577
-0.050301
-0.048530
-0.047926
-0.051407
-0.053660
-0.050945
-0.048638
-0.048709
-0.051499
-0.056795
-0.059437
-0.058268
-0.057728
-0.058602
-0.058741
-0.057491
-0.055756
-0.054475
-0.053843
-0.054246
-0.058038
-0.060851
-0.060160
-0.057804
-0.056838
-0.059947
-0.061225
-0.058602
-0.055597
-0.054267
-0.053623
-0.055800
-0.059021
-0.060248
-0.059305
-0.059165
-0.058947
-0.057865
-0.055357
-0.055607
-0.055160
-0.052139
-0.051711
-0.051144
-0.051352
-0.051253
-0.051008
-0.052749
-0.051854
-0.048949
-0.047366
-0.048141
-0.048075
-0.046096
-0.045277
-0.046731
-0.049534
-0.052595
-0.052226
-0.047641
-0.042400
-0.038710
-0.035768
-0.032085
-0.030739
-0.030028
-0.026864
-0.023811
-0.021815
-0.023267
-0.028498
-0.030645
-0.028496
-0.025188
-0.022257
-0.020185
-0.019339
-0.019218
-0.016646
-0.011677
-0.010461
-0.012091
-0.012432
-0.011442
-0.009714
-0.010301
-0.010954
-0.008801
-0.008893
-0.008519
-0.005010
-0.000650
0.000358
0.000554
0.002103
0.001788
0.001672
0.001182
-0.001220
-0.002232
-0.002235
-0.000701
0.001558
0.003892
0.007101
0.011447
0.014955
0.017689
0.019251
0.019154
0.019467
0.019443
0.017305
0.015875
0.015186
0.014868
0.012890
0.010770
0.010204
0.010608
0.014149
0.016537
0.016874
0.017048
0.019035
0.021423
0.024630
0.027357
0.027526
0.027424
0.028566
0.028767
0.027095
0.025588
0.024924
0.026013
0.028403
0.031655
0.035269
0.039896
0.043667
0.047549
0.052481
0.056793
0.059470
0.059840
0.057632
0.055776
0.056174
0.057157
0.057411
0.056140
0.054511
0.053734
0.054379
0.055247
0.056893
0.055711
0.053231
0.052411
0.051528
0.054051
0.054632
0.055380
0.055935
0.057192
0.058642
0.059347
0.060594
0.061205
0.061624
0.061231
0.059052
0.058682
0.060115
0.062009
0.062292
0.060534
0.059060
0.056438
0.053728
0.052057
0.049772
0.048416
0.050822
0.054033
0.053686
0.050184
0.047506
0.045040
0.045579
0.048427
0.051185
0.054641
0.057011
0.056741
0.054056
0.052395
0.051640
0.048959
0.045391
0.042875
0.043662
0.044573
0.044532
0.046296
0.045589
0.041826
0.040162
0.040418
0.039681
0.038637
0.037811
