-0.015060
0.006786
0.014574
0.014439
0.018925
0.018416
-0.006689
-0.016171
-0.004916
-0.009900
-0.021057
-0.016145
0.003079
-0.009292
-0.011044
-0.001640
-0.016038
-0.015382
-0.017618
-0.024660
-0.023363
-0.024295
-0.008417
-0.004679
-0.023755
-0.009565
-0.026453
-0.017685
-0.022726
-0.019137
-0.020620
-0.022677
-0.021497
-0.009632
-0.024188
-0.036294
-0.004541
-0.026110
-0.016176
-0.028104
-0.031124
-0.023350
-0.027258
-0.020656
-0.033695
-0.039112
-0.038195
-0.037612
-0.020557
-0.030028
-0.022542
-0.021462
-0.022402
-0.021091
-0.030738
-0.032901
-0.016271
-0.028375
-0.023821
-0.025179
-0.023553
-0.040911
-0.012596
-0.027733
-0.013608
-0.012966
-0.024429
-0.004236
-0.010507
0.001898
-0.003397
0.010057
0.001259
-0.019307
0.004730
0.004730
-0.008213
0.009415
-0.010848
-0.001235
-0.000226
0.004730
-0.003430
0.008641
-0.003698
-0.001642
0.004258
-0.002924
-0.003792
-0.020323
-0.008414
-0.002113
0.014947
0.011405
0.004257
0.001121
0.007562
0.017980
0.022229
0.020068
0.033688
0.024684
0.017573
0.034676
0.028602
0.030327
0.043974
0.043367
0.043628
0.042757
0.053407
0.059797
0.058537
0.037207
0.047512
0.029244
0.012923
0.009753
-0.022436
-0.030166
-0.049114
-0.059421
-0.070060
-0.073556
-0.050131
-0.059549
-0.047383
-0.048632
-0.010682
-0.020388
-0.006328
0.034840
0.028832
0.032140
0.040091
0.021683
0.017071
0.016427
0.015012
-0.003059
0.003820
0.008674
0.022899
-0.012499
0.019428
0.017676
0.021821
0.020305
0.036955
0.051757
0.030733
0.026179
0.027590
0.047035
0.039412
0.032643
0.009280
0.007393
0.004527
-0.000767
-0.011418
-0.030070
-0.028774
-0.020261
-0.024173
-0.012536
-0.009770
-0.004678
-0.009531
-0.010644
0.001659
0.003380
0.005910
-0.002821
0.000753
0.008202
-0.012697
-0.007000
-0.000639
-0.011820
0.020441
0.003954
0.001188
-0.015128
0.008809
0.004730
0.002675
-0.023397
-0.010980
0.016628
-0.011825
-0.016208
-0.009225
-0.008724
0.002335
-0.009466
0.009248
-0.009532
-0.006930
-0.013514
-0.010473
-0.006932
-0.000767
-0.002521
-0.009970
-0.011883
0.002168
0.017267
-0.021261
-0.007574
-0.003698
-0.003157
0.006146
0.007798
0.000076
-0.000665
0.014000
-0.000898
-0.004675
0.007461
-0.002557
-0.002787
-0.002283
-0.003631
-0.002891
-0.006127
-0.008788
-0.007781
-0.008859
-0.002048
0.003178
0.007865
0.002404
-0.006767
0.006349
0.005640
-0.002484
0.016157
-0.013166
0.005134
0.003718
0.005708
0.009214
0.005674
0.004191
0.005438
0.004426
0.005809
0.008573
-0.022508
-0.023211
-0.017147
-0.029346
-0.034993
-0.026051
-0.025204
-0.022048
-0.029431
-0.027266
-0.043367
-0.030968
-0.019244
-0.029887
-0.018834
-0.006126
-0.006596
-0.022297
-0.019485
-0.030638
-0.029889
-0.030232
-0.020753
-0.020833
-0.041490
-0.028100
-0.022133
-0.016097
-0.017436
-0.004571
-0.022816
0.016597
0.021422
0.014169
0.017405
0.015891
0.011303
-0.006635
0.016430
-0.016130
0.011034
-0.025640
-0.007475
-0.021493
-0.021127
-0.018233
-0.010775
-0.003361
0.011776
-0.007581
0.010833
0.009719
0.004797
-0.012828
-0.008685
-0.001341
0.001967
-0.001002
-0.005114
-0.009424
-0.009395
-0.011789
-0.008987
-0.004573
-0.016405
-0.025078
-0.005585
-0.004004
-0.002419
-0.004941
-0.002483
0.005202
0.010529
0.009719
-0.013743
0.006483
0.018383
0.005337
-0.004947
0.002438
-0.013711
-0.014382
-0.011260
-0.013069
-0.021394
-0.001474
-0.007846
0.002976
-0.011319
-0.011523
0.002772
-0.002315
-0.008484
0.016632
-0.002455
-0.006092
-0.011552
-0.012086
-0.010540
0.012584
0.006281
0.003787
-0.008697
0.002606
-0.003058
-0.002213
-0.007909
-0.006360
0.007393
0.016025
-0.016296
-0.014418
-0.008653
0.001594
-0.002281
-0.014318
-0.017420
0.014778
-0.017276
-0.008820
-0.001844
0.014406
-0.007648
-0.000091
-0.006972
0.002436
0.014102
-0.015396
0.000783
0.009618
0.012449
-0.005759
-0.000964
0.008202
0.008169
-0.003494
-0.012293
0.003112
-0.002518
-0.001474
-0.001708
-0.004439
0.004426
0.005270
0.018618
0.023304
0.019429
0.018852
0.008877
0.028905
0.025126
0.027453
0.027921
0.015250
-0.001238
0.011674
-0.012533
-0.011590
-0.009331
-0.032200
-0.030675
-0.032047
-0.032525
-0.030064
-0.024765
-0.011516
-0.017184
-0.007243
-0.008455
-0.021159
-0.008991
-0.004676
-0.010765
-0.008180
-0.014238
-0.023254
0.010528
-0.023483
-0.003497
-0.000935
0.010191
0.017979
0.021048
0.010562
0.009011
0.020307
0.015248
0.020303
0.019159
0.014474
0.001559
0.035194
0.031602
0.027960
0.039212
0.017675
0.044352
0.034084
0.035210
0.028457
0.041112
0.017777
0.017304
0.017639
-0.001572
-0.006841
-0.015124
-0.028912
-0.013645
-0.016180
-0.025244
-0.004436
-0.003228
0.007090
0.024449
0.003010
0.003178
0.004359
0.007056
0.000312
-0.002214
-0.008151
-0.012261
0.011507
-0.021673
0.005135
-0.001979
0.001393
0.004932
-0.007654
-0.004234
-0.002856
0.002235
-0.001372
-0.016540
0.021419
-0.015779
0.013494
-0.009396
0.007224
-0.007209
0.000754
-0.014247
0.006314
0.006382
0.006485
-0.003292
0.000278
-0.004472
-0.008016
-0.009161
-0.003361
-0.005619
0.012108
-0.018064
-0.004071
-0.003428
0.003348
0.007528
0.008169
-0.009049
0.017776
0.003485
0.019496
0.004966
-0.011961
-0.015797
0.003313
0.003987
0.009686
0.009955
-0.005824
0.003280
0.012112
-0.009493
0.000482
-0.004342
-0.000763
0.020572
0.023605
0.024180
0.005237
0.016631
0.000044
-0.005655
0.001559
-0.006836
0.003684
0.020814
0.006078
-0.002856
0.019999
0.013529
0.010832
0.008270
-0.016033
-0.002651
-0.008786
0.002269
-0.017976
-0.022001
-0.024564
-0.028791
-0.012565
-0.026856
-0.010677
-0.019573
-0.029326
-0.041543
-0.017011
-0.021630
-0.012997
-0.006495
-0.012091
-0.018439
-0.022810
-0.017094
-0.019270
-0.006463
-0.022386
-0.023523
-0.026930
-0.037905
-0.036500
-0.033020
-0.014550
-0.025607
0.005742
-0.001237
0.018688
0.028838
0.020811
0.003956
-0.004944
0.003013
0.011742
0.014878
-0.010612
0.002908
-0.006731
0.003617
-0.004780
-0.007237
0.000246
-0.009665
-0.016235
-0.009057
-0.006127
-0.018664
-0.018231
0.001762
-0.012264
-0.025953
-0.010848
-0.027499
-0.021160
-0.012738
-0.010607
-0.018260
-0.026250
-0.014790
-0.022179
-0.021470
-0.021630
-0.025947
-0.024736
-0.016340
-0.023255
-0.031884
-0.040388
-0.038397
-0.040673
-0.043241
-0.036705
-0.035049
-0.026351
-0.012902
-0.012705
-0.031108
-0.000763
0.006652
0.011473
0.015552
0.011776
0.010427
0.009753
0.023849
0.004966
-0.001104
-0.004709
-0.000866
-0.015865
-0.018733
-0.008825
-0.007475
-0.003428
-0.008846
-0.001270
-0.006939
-0.005117
0.009247
0.005505
-0.001401
-0.008561
-0.003727
0.008607
0.025434
0.004426
0.014879
-0.003668
-0.012810
0.006011
0.004190
0.001358
0.011034
0.008337
-0.001943
0.004158
-0.007878
-0.003592
-0.001471
-0.004944
-0.005485
-0.010335
-0.005047
-0.000327
0.004831
0.014102
-0.002282
0.006652
-0.011185
-0.026087
0.004731
-0.007102
-0.004068
0.001791
0.007966
-0.001508
-0.015119
-0.003324
-0.009158
-0.017516
-0.021064
0.010697
0.002437
0.002404
0.007124
0.007629
-0.005185
0.008876
0.015279
0.013866
0.015855
0.027223
0.026066
0.023375
0.029973
0.042357
0.050445
0.050960
0.049390
0.050224
0.046161
0.047120
0.060361
0.056825
0.049372
0.020912
0.020371
0.017575
-0.011824
-0.021563
-0.043497
-0.054193
-0.068081
-0.084418
-0.081777
-0.075884
-0.076155
-0.051162
-0.033156
0.005674
0.004055
0.003685
0.002640
0.040534
0.024617
0.034040
0.019870
0.029073
0.008607
0.028297
0.014069
0.029506
0.020205
0.018513
0.016496
0.006955
0.027213
0.019124
0.012011
0.013056
0.033725
0.027423
0.022797
0.019500
0.033342
0.034599
0.039119
0.039556
0.046731
0.029404
0.010023
-0.003292
-0.020388
-0.007336
-0.017452
-0.020756
-0.020994
0.002743
-0.012403
0.004729
-0.009873
-0.006426
0.003518
-0.007267
-0.008556
-0.012361
-0.007099
0.016429
-0.001306
-0.001135
-0.005519
-0.001543
-0.004410
0.006820
-0.004945
-0.004341
-0.001505
0.001392
-0.000160
0.000447
-0.000633
-0.011589
0.005741
0.004257
0.005674
-0.004477
0.004191
-0.004747
-0.004473
-0.003797
0.002034
-0.005012
-0.005747
-0.008586
-0.002929
-0.000092
0.012515
0.010731
0.011406
0.003414
0.004258
-0.002922
-0.007166
0.006618
0.005134
-0.015771
0.015214
-0.011391
-0.009671
-0.007608
0.000851
-0.003933
-0.000092
0.007191
-0.012873
-0.009663
0.008978
-0.013073
-0.009386
-0.006265
-0.007844
-0.010612
-0.008817
-0.011824
0.014983
-0.001437
-0.015900
-0.016172
0.001864
0.004595
0.002207
-0.002247
-0.005482
-0.012931
-0.002953
0.000485
-0.005382
-0.016071
-0.019846
-0.007437
-0.021533
-0.018264
-0.015536
-0.022471
-0.022378
-0.013948
-0.017423
-0.020149
-0.017082
-0.017751
-0.030904
-0.041609
-0.028073
-0.010035
-0.011833
-0.035426
-0.020142
-0.048177
-0.023081
-0.034306
-0.035657
-0.032314
-0.009191
-0.026789
-0.004950
0.007899
0.011337
0.013628
0.009686
0.015855
0.000617
0.010427
-0.009262
-0.017762
-0.017645
-0.021966
0.017442
-0.009499
-0.003665
-0.005078
0.011303
-0.008455
-0.008921
-0.005079
-0.009126
-0.016512
-0.012697
-0.017521
-0.012292
-0.007876
-0.038767
-0.033843
-0.029468
-0.017823
-0.024285
-0.021570
-0.027431
-0.032408
-0.028990
-0.026491
-0.032364
-0.041069
-0.043008
-0.046246
-0.038384
-0.041562
-0.035173
-0.034965
-0.057762
-0.045183
-0.016746
-0.012696
-0.007947
-0.010374
-0.003900
0.002066
-0.000328
0.001528
0.011708
0.017575
0.009247
0.011068
0.007461
-0.000361
-0.003296
-0.005046
-0.008419
0.008877
0.002403
0.004462
0.009685
0.013495
0.014205
0.013088
-0.007477
0.007629
-0.004236
-0.017562
-0.011087
0.000480
-0.004210
0.012550
0.010764
-0.005353
-0.003800
-0.000159
0.001731
-0.000055
0.009315
-0.005857
0.004324
0.010596
-0.004336
-0.002520
0.001395
-0.004849
-0.004307
-0.020255
-0.004338
-0.014149
-0.027889
-0.006532
-0.019687
-0.012464
0.010192
0.014133
0.013529
-0.009495
0.017305
0.012450
-0.006600
0.010730
-0.007711
-0.009596
0.005708
0.003651
-0.019817
-0.014325
-0.004670
-0.007845
-0.005349
-0.002220
0.006045
-0.003834
-0.007709
0.001087
0.001326
0.009516
0.009686
0.008843
-0.001914
0.007359
0.029882
0.028934
0.029846
0.044680
0.059904
0.045064
0.056411
0.072947
0.062208
0.057019
0.049803
0.054867
0.050377
0.064051
0.020808
0.026812
0.030317
-0.007745
-0.018698
-0.035347
-0.046509
-0.075704
-0.072041
-0.075107
-0.069455
-0.075760
-0.068704
-0.057194
0.008977
0.003988
0.003752
0.025401
0.035647
0.046080
0.029070
0.037073
0.021856
0.020303
0.023543
0.012148
0.017239
0.020811
0.031800
0.014236
0.022696
0.020477
0.027596
0.023306
0.042083
0.012518
0.016696
0.022462
0.023205
0.030585
0.014540
0.046161
0.038306
0.039280
0.031012
0.027960
0.013799
0.007090
-0.013138
-0.024739
-0.026419
-0.022531
-0.022439
-0.008900
-0.005753
-0.008895
-0.001074
0.002572
-0.014485
0.002101
-0.001169
-0.003191
0.001696
0.010596
0.013665
0.020505
0.006012
-0.006497
0.007966
-0.007645
-0.008180
-0.003767
0.009618
0.003281
0.003517
-0.009929
0.003348
0.002640
-0.000462
-0.001708
-0.009195
-0.009868
-0.009294
-0.004037
-0.004813
-0.009121
0.002877
0.010663
0.005337
0.008067
0.006315
0.000516
0.005370
0.009416
-0.012425
0.003213
0.004628
0.004527
-0.001539
-0.014113
0.001933
0.003349
0.002842
-0.005182
-0.014218
-0.009157
-0.008013
-0.008785
-0.006431
-0.009898
-0.000834
-0.012524
-0.007240
-0.024393
-0.010676
-0.010311
0.003854
-0.005248
0.001697
0.004932
-0.002890
-0.013438
0.001799
0.002202
0.003550
-0.003256
-0.002248
0.001965
-0.024540
0.004763
-0.012529
-0.008923
-0.024535
-0.028341
-0.024228
-0.019454
-0.022233
-0.024018
-0.014249
-0.028006
-0.022816
-0.010745
-0.008315
-0.027713
-0.024529
-0.019172
-0.014932
-0.027583
-0.033740
-0.034343
-0.022109
-0.019094
-0.038332
-0.008815
-0.032679
-0.019176
-0.011281
-0.020120
-0.004073
0.009113
-0.006194
0.023099
0.020708
0.016225
-0.001235
0.023539
-0.008354
0.011270
-0.011581
0.002167
0.006719
-0.005725
-0.023312
-0.019619
-0.015404
-0.013112
0.003449
-0.015603
-0.007811
0.000146
-0.017994
0.007730
-0.004775
-0.005247
-0.013478
-0.013740
-0.023527
-0.028778
-0.039799
-0.013850
-0.027651
-0.041212
-0.045637
-0.028959
-0.040068
-0.032861
-0.047698
-0.044756
-0.038546
-0.036082
-0.035626
-0.052646
-0.043544
-0.036809
-0.013035
-0.025747
-0.008822
-0.008417
0.001865
0.003245
-0.004236
-0.001876
0.000416
0.006011
-0.003191
0.008067
0.019702
0.000514
-0.001816
-0.019561
0.011167
-0.002417
0.002437
-0.009299
0.001125
0.004191
0.004325
0.016835
0.001022
0.004426
-0.007237
0.001665
0.002979
0.008101
-0.010813
-0.005411
0.010158
-0.005244
-0.012286
-0.014081
-0.011047
-0.001443
-0.008451
0.002640
-0.013035
-0.005754
0.007022
0.009854
-0.008855
-0.011417
-0.014025
0.007831
-0.004386
-0.009395
0.006719
-0.004879
-0.014324
0.001257
-0.005926
-0.001169
-0.003900
-0.004204
-0.010809
0.009079
-0.003668
0.001492
0.011606
-0.000159
0.001390
-0.005283
-0.020790
0.009955
-0.010240
-0.010204
0.000750
0.006989
0.011708
-0.006425
0.005473
0.008910
0.003955
0.007022
0.012553
0.011405
-0.002483
0.005236
0.039022
0.037770
0.039182
0.041237
0.038749
0.041122
0.043669
0.065520
0.063219
0.066428
0.046847
0.069103
0.052239
0.044160
0.022528
-0.026997
-0.034447
-0.037513
-0.056685
-0.050339
-0.044228
-0.053214
-0.069617
-0.084386
-0.059635
-0.061345
-0.037641
-0.030399
-0.011814
0.032143
0.036442
0.033790
0.044165
0.038097
0.025170
0.032980
0.012179
0.015788
0.005909
0.001158
-0.000328
0.025225
0.028799
-0.004474
-0.007137
-0.000630
0.016022
0.028931
0.040633
0.024486
0.012620
0.027144
0.026136
0.027453
0.040504
0.037673
0.036591
0.002101
0.011472
0.006044
0.002069
-0.018699
-0.018358
-0.024030
-0.008581
-0.014248
-0.018435
-0.019745
-0.005954
0.004797
-0.012165
-0.010613
-0.012061
-0.005106
0.016196
-0.016473
-0.009093
-0.001068
-0.003596
0.016663
0.011709
-0.016881
0.005641
-0.002785
-0.002619
-0.001001
0.001999
0.006685
-0.011930
0.002337
-0.007586
-0.005484
-0.010548
-0.008589
0.001999
0.004696
-0.005957
-0.011926
-0.013709
-0.021796
-0.020046
-0.014385
0.006315
-0.005213
0.001628
-0.017318
0.001189
-0.007305
0.011303
-0.000631
-0.009499
0.004427
0.002809
-0.010345
-0.006060
0.000414
0.000419
-0.006026
-0.000734
-0.004876
0.000653
-0.006220
-0.012969
0.001461
0.005842
-0.003733
-0.002283
-0.003464
-0.011252
-0.005820
-0.001608
0.013293
-0.004960
-0.003358
-0.005283
0.001088
0.008843
-0.010139
-0.010240
0.003821
-0.012123
0.003246
0.004426
-0.017183
-0.014115
-0.013443
-0.013408
-0.016140
-0.022407
-0.024634
-0.027801
-0.014892
-0.033063
-0.017765
-0.016915
-0.031744
-0.036185
-0.031327
-0.017458
-0.007500
-0.023251
-0.043687
-0.033189
-0.034548
-0.032614
-0.025724
-0.030905
-0.020422
-0.025031
-0.012328
0.009315
0.005438
0.004494
-0.003459
0.002539
0.022693
0.016228
0.015247
0.012214
0.011303
0.007056
0.003854
-0.016034
-0.003666
0.008506
-0.015259
-0.010240
-0.020786
-0.015059
-0.008823
-0.005857
-0.022330
0.004360
-0.018502
-0.010171
-0.002618
-0.010332
-0.031110
-0.028201
-0.021494
-0.028172
-0.032760
-0.039090
-0.037349
-0.028260
-0.052946
-0.040355
-0.030328
-0.038182
-0.035626
-0.044507
-0.047727
-0.044006
-0.042164
-0.041661
-0.019165
-0.008461
-0.018026
-0.014089
-0.006868
-0.002612
0.011843
0.011775
0.020272
0.019124
0.007596
0.003045
-0.005622
0.006146
-0.004740
-0.002890
-0.005351
0.002776
0.001088
-0.001745
-0.018504
-0.007776
-0.000531
-0.004035
-0.007876
-0.007843
-0.006392
0.011910
0.009011
0.005875
0.001662
-0.002150
-0.004601
0.003516
0.007798
0.004662
-0.003322
0.004529
-0.002988
-0.005014
-0.007576
0.010158
0.000279
0.000786
0.000211
0.024113
0.001291
0.004831
0.013867
-0.001036
0.002370
-0.005898
0.017874
0.021084
0.016595
-0.002249
-0.012398
-0.000294
-0.005286
-0.001874
-0.009358
-0.017008
0.010629
-0.007409
-0.012663
0.005133
0.009112
0.005371
0.000145
0.000886
-0.014284
-0.003593
-0.010646
0.002203
0.001527
-0.008351
-0.006099
0.009214
0.004494
-0.003224
-0.000899
-0.001911
-0.001339
0.017574
0.011944
0.021825
0.035407
0.043384
0.050339
0.050747
0.050660
0.061351
0.061501
0.058341
0.049245
0.049245
0.048990
0.063937
0.056585
0.030345
0.031533
0.009113
-0.014518
-0.028501
-0.047228
-0.051631
-0.062848
-0.059601
-0.055649
-0.057242
-0.057833
-0.043258
-0.036393
-0.004909
-0.005886
0.012350
0.047001
0.027683
0.020371
0.039753
0.022801
0.022092
0.016391
0.011810
0.027924
0.029237
0.016766
0.022970
0.038670
0.034749
0.032546
0.026472
0.018859
0.035169
0.000244
0.033753
0.057006
0.028970
0.021720
0.048045
0.017337
0.037894
0.038951
-0.008016
-0.007035
-0.010714
-0.015158
-0.042239
-0.008081
-0.033068
-0.008957
-0.021998
-0.012294
-0.010240
0.015349
0.008944
0.005674
-0.011149
-0.013132
-0.012559
0.002201
-0.017178
0.011170
0.001530
-0.014655
0.016023
-0.004406
-0.009598
-0.007611
-0.014247
-0.001605
-0.014856
-0.010511
-0.008116
0.005000
0.005269
-0.017490
-0.013976
-0.006966
-0.010340
0.006854
-0.006563
-0.009394
-0.002958
0.004899
0.003617
0.002065
0.000954
-0.013846
-0.008078
0.010124
0.010899
-0.006562
-0.001642
0.013359
0.001392
0.001125
-0.004071
0.000752
-0.000123
-0.010674
0.000046
-0.007069
-0.014120
-0.008747
-0.017284
-0.002148
-0.004878
-0.004271
-0.003597
-0.011418
-0.003797
0.016800
-0.000494
0.004359
-0.015399
-0.002180
-0.014655
0.003819
-0.000560
0.001763
0.000548
-0.001776
-0.003801
0.010663
0.006348
-0.022787
-0.007774
-0.001808
-0.001169
-0.011421
-0.019037
-0.030075
-0.030779
-0.042344
-0.033637
-0.026045
-0.015151
-0.028336
-0.018962
-0.020081
-0.009663
-0.010276
-0.016808
-0.019345
-0.001033
-0.013382
-0.027207
-0.021934
-0.021436
-0.025106
-0.023298
-0.023417
-0.003464
-0.009969
-0.014113
0.001529
-0.008486
-0.009662
0.016022
0.005843
-0.003936
-0.009395
-0.006935
0.000921
-0.009903
0.012890
0.010798
0.001125
0.009787
-0.012970
-0.009329
-0.017384
-0.018633
-0.006358
-0.017515
-0.011856
-0.015632
-0.020679
-0.013241
-0.014885
-0.004570
-0.011078
0.002032
-0.014416
-0.024036
-0.017484
-0.021265
-0.023926
-0.021035
-0.034780
-0.037432
-0.040278
-0.020052
-0.027543
-0.037773
-0.035574
-0.031989
-0.032097
-0.026711
-0.032380
-0.036200
-0.047259
-0.040793
-0.026389
-0.024490
-0.029221
-0.010707
0.003179
-0.005858
-0.010485
-0.007205
-0.006564
-0.000967
-0.001672
0.015015
0.009989
0.011236
-0.002076
-0.002183
-0.001780
-0.003765
0.022603
0.001797
0.005437
0.011135
0.000079
0.003178
0.008877
0.006112
-0.006629
0.003921
0.015485
0.019093
0.020069
-0.005244
0.007764
-0.002860
-0.016577
-0.008051
-0.007946
0.002304
0.003413
-0.001035
-0.009433
0.005944
0.000083
-0.005484
-0.006194
0.000819
-0.001743
0.006315
-0.012557
-0.010270
-0.010372
-0.009696
-0.004778
-0.000225
-0.009227
0.006989
-0.004978
-0.001172
0.005404
-0.000059
-0.005957
0.009281
0.006820
-0.000292
-0.005317
-0.005922
-0.006764
0.000180
-0.003595
0.009989
-0.009565
-0.008987
-0.000293
0.006887
0.028432
-0.002924
0.014844
0.022970
0.026003
0.031025
0.026741
0.024349
0.028391
0.043830
0.037945
0.033655
0.061629
0.047149
0.056284
0.057554
0.036797
0.052078
0.052327
0.054872
0.047440
0.036983
0.019159
0.000414
-0.032699
-0.025676
-0.037783
-0.062785
-0.055433
-0.075709
-0.065688
-0.038097
-0.030153
-0.024813
-0.034271
-0.012966
0.008303
0.016497
0.041677
0.029507
0.038718
0.017878
0.026534
0.020239
0.020506
0.012417
0.022797
0.007966
0.025863
0.029811
0.017812
0.018890
0.015115
0.013396
0.013867
0.017204
0.033521
0.034415
0.025938
0.036181
0.043154
0.034863
0.055638
0.032377
0.044304
0.023982
0.001663
0.001663
-0.003025
-0.024059
-0.037779
-0.015256
-0.017726
-0.017647
-0.008215
-0.019075
-0.009935
-0.008182
-0.013976
0.009651
-0.006093
-0.007876
-0.009565
-0.002618
-0.008422
0.001223
0.001897
-0.009595
0.007764
-0.001102
-0.000732
-0.026581
0.008135
0.005472
0.007157
0.003111
0.001932
-0.000799
0.005099
-0.008519
0.009921
-0.008718
-0.003261
0.012652
-0.002383
-0.011282
0.012584
-0.008924
0.006854
0.004021
0.000754
-0.004876
-0.000529
0.011472
-0.004268
0.006854
-0.001370
0.005270
0.007933
0.008303
-0.002178
0.008135
0.004427
0.000382
-0.002820
-0.004205
0.010495
0.003415
-0.017412
0.016899
0.009180
-0.004946
-0.011454
0.004867
-0.008401
0.006517
-0.016473
-0.012932
-0.006870
-0.015325
-0.005283
0.010494
-0.008786
-0.005921
-0.000019
-0.002687
0.015989
0.004697
-0.024392
-0.014008
-0.017556
-0.023123
-0.027837
-0.032457
-0.026017
-0.037955
-0.010036
-0.021859
-0.020382
-0.010002
-0.008988
0.004123
-0.021764
-0.004479
-0.006668
0.001461
0.007798
0.003316
-0.009629
-0.015497
-0.029561
-0.012766
-0.033546
-0.024032
-0.036116
-0.039627
-0.033829
-0.024063
0.004562
0.002909
0.004022
-0.002754
0.025295
0.017676
-0.007106
0.000076
-0.001981
-0.008247
-0.013553
-0.021558
-0.005449
-0.008081
-0.005473
-0.007745
0.003651
-0.009832
-0.002481
-0.019279
-0.028154
-0.023388
-0.023190
-0.019776
-0.024400
-0.019943
-0.033831
-0.027751
-0.016615
-0.029922
-0.028810
-0.033597
-0.041637
-0.023496
-0.025945
-0.032171
-0.031897
-0.033775
-0.025775
-0.050694
-0.040878
-0.041960
-0.033729
-0.018703
-0.033934
-0.015263
-0.011146
-0.009597
-0.000056
0.014304
0.010595
0.004224
0.017945
-0.005624
-0.001343
0.012450
0.002809
-0.016480
0.022395
0.001798
-0.000328
0.010462
-0.000058
-0.009430
-0.009938
-0.009160
0.008809
0.002843
-0.006866
0.006753
-0.013743
-0.011988
-0.011590
-0.019402
-0.004574
0.004492
0.001291
-0.004912
0.000684
0.005236
-0.011751
0.005674
-0.006565
0.002741
-0.009057
-0.009731
-0.024333
-0.022070
-0.020267
0.002541
0.006786
-0.000091
-0.020519
-0.003663
-0.004339
-0.010240
0.009854
-0.006462
-0.001171
0.006449
0.014371
-0.004102
0.016529
-0.004231
-0.006358
-0.016065
0.005977
-0.001003
0.005977
-0.008449
0.014403
-0.007915
0.003787
-0.000831
-0.010004
-0.002417
0.002100
-0.005045
0.002100
-0.014079
-0.000428
0.006584
0.011169
0.012652
0.003416
0.009382
0.007663
0.004292
0.003011
0.008303
0.005707
0.006786
0.025971
0.044853
0.041001
0.030049
0.053942
0.040865
0.038340
0.059255
0.062744
0.061698
0.058128
0.064462
0.023332
0.034733
0.006550
-0.022516
-0.037248
-0.042100
-0.065526
-0.063327
-0.059151
-0.080318
-0.050353
-0.051367
-0.053493
-0.038516
-0.000056
0.014876
0.038882
0.041338
0.039532
0.041143
0.030379
0.004494
0.011574
0.002371
0.016899
0.016259
0.016766
0.021042
0.020849
0.041775
0.042752
0.052689
0.030717
0.021721
0.029073
0.042096
0.021756
0.037540
0.065731
0.065432
0.060731
0.045854
0.036881
0.018789
0.029139
-0.010609
-0.010004
-0.026761
-0.020547
-0.007312
-0.014821
-0.020801
0.006011
0.007562
0.004056
-0.005654
-0.020688
-0.008620
-0.006937
0.002639
-0.003598
0.004696
0.004392
0.007865
-0.004605
0.006147
-0.011954
-0.009933
-0.002890
-0.000833
0.001832
-0.000865
0.003078
0.000415
-0.002043
0.001390
0.009484
-0.000763
-0.008284
-0.014684
-0.006361
-0.003496
0.000385
-0.016541
-0.006092
0.001155
0.000686
-0.004608
-0.009398
-0.001301
-0.003904
-0.002519
0.000415
-0.004138
-0.003460
0.000078
0.003956
0.004830
0.007090
-0.007644
0.010763
-0.004339
-0.004709
-0.008895
-0.007741
0.005944
-0.011485
0.004966
-0.006059
-0.015094
0.001089
-0.005921
-0.019640
-0.001100
0.003146
0.006449
0.005910
-0.001337
-0.009057
-0.004134
-0.004576
-0.004068
-0.005486
0.012484
-0.003737
-0.009940
-0.013643
-0.020592
-0.000094
-0.018803
-0.017183
-0.016444
-0.028685
-0.024768
-0.017215
-0.019348
-0.029421
-0.015461
-0.017827
-0.019712
-0.015496
-0.002856
-0.002451
-0.017253
-0.014931
-0.011421
-0.011814
-0.019403
-0.021018
-0.020221
-0.032146
-0.034484
-0.038520
-0.027063
-0.043105
-0.020755
-0.021668
0.017608
0.021078
0.015857
0.020675
0.014607
0.016123
0.007090
0.008438
-0.013850
-0.006935
-0.011388
-0.012662
-0.010881
-0.017728
-0.009262
0.002169
0.006382
-0.030297
-0.013508
-0.009782
-0.023995
-0.006896
-0.005177
-0.007368
-0.036833
-0.014924
-0.020014
-0.014245
-0.025042
-0.020153
-0.012626
-0.013916
-0.013613
-0.020791
-0.027195
-0.024531
-0.024225
-0.030406
-0.041123
-0.045206
-0.054643
-0.043467
-0.049032
-0.040324
-0.039731
-0.049424
-0.035734
-0.042970
-0.028316
0.017036
0.020504
0.021819
0.022526
0.036863
0.014067
0.020237
0.017537
0.003583
0.007663
0.000109
0.004764
-0.024060
-0.020412
-0.001580
0.000415
-0.004266
0.009719
0.001191
0.015892
0.008371
0.010022
-0.011720
0.004898
0.002102
-0.006701
-0.018667
-0.009431
0.003989
0.006416
0.007360
0.004259
0.006989
0.005202
0.004462
0.002910
-0.023010
0.001057
-0.002857
0.002774
0.006415
0.006213
0.008404
0.006887
0.006988
-0.012058
0.007090
-0.008690
-0.002719
0.018348
0.003282
0.000246
0.012450
-0.005248
-0.007132
-0.000392
0.012619
0.010529
0.006315
-0.014281
-0.016739
-0.007574
-0.011854
-0.003529
-0.015291
-0.006362
-0.006968
0.005033
-0.002960
-0.001641
-0.000024
0.005977
0.014336
0.011102
0.000783
0.003684
0.017641
0.018784
0.009113
0.028362
0.039019
0.037830
0.038525
0.033122
0.050546
0.052335
0.047472
0.051533
0.050046
0.033920
0.054360
0.051695
0.053415
0.046291
0.045016
0.019696
0.007494
-0.003530
-0.051935
-0.060235
-0.063781
-0.050931
-0.065212
-0.067330
-0.062785
-0.058753
-0.045634
-0.050988
-0.020291
-0.003666
0.003415
0.021281
0.032991
0.019498
0.023948
0.015821
0.011135
0.012214
0.012180
0.032876
0.033488
0.036784
0.032684
0.014843
0.025755
0.037934
0.026844
0.015148
0.028907
0.031699
0.016393
0.028803
0.044774
0.043295
0.041977
0.039481
0.032129
0.049728
0.036860
0.021587
-0.003498
-0.010646
-0.008522
-0.001202
-0.011449
-0.030903
-0.018643
-0.010313
-0.012696
-0.017420
-0.006560
-0.014384
0.013662
-0.006698
-0.006836
0.011675
0.008506
-0.013674
-0.005588
-0.001239
0.009551
0.000551
-0.004103
-0.005959
0.022328
0.001324
0.015889
-0.005318
-0.002450
-0.011953
0.012553
-0.009187
-0.007575
-0.003257
-0.011619
-0.003295
-0.003865
-0.003226
0.000246
0.002473
0.003785
0.003515
-0.006907
-0.005986
0.009281
-0.000091
-0.004034
-0.008721
-0.006805
-0.019234
-0.002116
-0.011384
-0.002784
0.000384
0.013258
-0.009526
-0.000569
0.000818
0.004427
-0.001440
-0.002382
-0.009661
-0.001943
-0.003162
-0.009230
-0.006363
-0.001977
-0.014072
-0.005251
-0.001236
-0.001031
-0.005516
-0.006425
-0.009094
0.006550
0.002942
-0.007330
0.008404
0.002469
-0.015767
-0.020919
-0.008145
-0.015090
-0.020472
-0.038625
-0.041310
-0.039735
-0.023049
-0.039513
-0.015425
-0.033829
-0.009966
-0.012365
-0.023144
-0.022369
-0.022612
-0.015327
-0.016609
-0.017119
-0.018937
-0.031011
-0.011719
-0.007508
-0.023209
-0.016884
-0.002921
-0.034117
-0.030813
-0.023652
-0.016231
-0.019706
0.001798
0.024649
0.026781
0.024724
0.024418
0.011371
0.002065
0.015483
-0.010069
-0.001845
-0.010644
-0.005078
-0.010169
0.005000
-0.007846
-0.021797
-0.027062
-0.032817
-0.012094
-0.024097
-0.014492
-0.020482
0.002741
-0.014922
-0.018630
-0.019027
-0.020664
-0.031882
-0.034409
-0.051598
-0.052956
-0.048561
-0.033910
-0.034140
-0.055335
-0.042659
-0.043893
-0.041792
-0.039926
-0.053545
-0.041654
-0.043136
-0.031747
-0.021660
-0.019946
-0.014582
-0.002315
-0.018566
0.007562
0.006044
0.009921
0.008640
0.010595
-0.008858
-0.016699
0.009450
0.009450
0.005404
0.006415
0.004494
0.007359
-0.003395
-0.005926
0.002607
-0.016946
-0.002215
0.003284
0.008607
0.010832
-0.008516
-0.001437
0.005134
0.008000
0.014978
-0.004571
-0.007337
0.000176
-0.001068
0.002203
-0.001709
0.012045
0.005067
0.008000
-0.006900
0.001156
-0.004001
-0.012464
0.005236
0.003888
-0.009734
-0.012603
0.006618
0.002945
-0.000358
-0.003664
-0.004442
0.010528
-0.000832
0.011573
0.007528
-0.015597
0.002910
-0.007404
0.004663
-0.001640
-0.008013
0.006281
0.006146
-0.004644
-0.003391
-0.016347
0.009787
-0.013608
0.004192
0.006348
-0.030800
-0.003361
0.014374
-0.009358
0.004799
0.008742
0.010292
0.013630
0.011472
0.002809
-0.005990
0.002741
0.011607
-0.000765
0.027079
0.032304
0.025801
0.026985
0.032746
0.044250
0.044040
0.045679
0.042986
0.061566
0.056108
0.062901
0.059125
0.050854
0.036449
0.031834
0.006719
-0.012804
-0.011486
-0.039455
-0.044562
-0.050224
-0.076925
-0.061721
-0.084185
-0.069843
-0.043810
-0.043544
-0.029855
-0.007883
0.008775
0.016493
0.030954
0.039881
0.029946
0.018654
0.018517
0.013258
0.014607
0.019124
0.011539
0.021044
0.028564
0.013427
0.018284
0.021045
0.033676
0.043558
0.011269
0.025929
0.045070
0.034127
0.034770
0.038078
0.042392
0.036285
0.016461
0.036923
0.043719
0.011810
0.014640
-0.004306
-0.017615
-0.025745
-0.019583
-0.027060
-0.014665
-0.005485
-0.010847
-0.011684
-0.012968
0.003618
0.007562
-0.007475
0.004428
0.008303
0.002076
-0.009291
0.003617
-0.004038
-0.022548
-0.006794
-0.001981
-0.000629
0.002167
0.010124
0.010932
0.001765
0.008573
0.003009
-0.004879
0.001124
-0.002920
-0.010106
0.017507
-0.003327
-0.011389
-0.012328
-0.008350
-0.010934
0.002472
0.003787
-0.004000
-0.011412
-0.001474
-0.002953
0.003921
-0.004912
0.015585
0.009483
0.005640
0.007190
0.010837
-0.001237
-0.007512
0.002944
-0.001035
-0.003326
-0.012564
-0.004471
0.008067
-0.007673
-0.009466
0.003281
-0.001135
-0.007300
-0.008452
-0.002044
0.012551
-0.010606
0.008472
-0.009832
-0.016543
0.003956
-0.003495
0.011944
-0.000898
0.001898
0.002067
-0.002618
-0.003526
-0.022612
0.016293
-0.007302
-0.011787
-0.031317
-0.021462
-0.024904
-0.025840
-0.024371
-0.031450
-0.022408
-0.021599
-0.023993
-0.018362
-0.024664
-0.017489
-0.020305
-0.007571
-0.021668
-0.020079
-0.015633
-0.026925
-0.014358
-0.019701
-0.029752
-0.042293
-0.041812
-0.038116
-0.007509
-0.022222
-0.006570
0.016327
0.007360
0.023339
0.014981
0.011911
0.012451
-0.003361
-0.006130
0.004730
-0.001979
-0.000531
-0.003326
-0.012934
0.000043
-0.006561
-0.018527
-0.019340
-0.028308
-0.004000
-0.027466
-0.011588
-0.004913
0.006854
0.008910
-0.011150
-0.029727
-0.012807
-0.014350
-0.034238
-0.020859
-0.021804
-0.022906
-0.026774
-0.017178
-0.009757
-0.034303
-0.031478
-0.013073
-0.027022
-0.012496
-0.006328
-0.019510
-0.016612
-0.012089
-0.012837
-0.014623
-0.021027
-0.032581
-0.029628
-0.026413
-0.035962
-0.043710
-0.042464
-0.035709
-0.022773
-0.018838
-0.021340
0.006719
0.006315
0.006383
0.003449
0.010933
-0.002719
0.020338
0.002237
-0.011927
0.003920
0.002571
-0.009224
0.014472
-0.004408
0.003617
-0.001876
-0.006027
-0.000056
0.003754
-0.002281
-0.003291
0.005674
-0.012327
0.002607
0.005573
0.005201
-0.014318
0.000381
-0.014717
-0.009436
-0.000055
-0.010718
-0.001271
-0.007508
-0.005891
-0.009090
-0.007844
-0.007579
0.000141
-0.007235
0.002100
0.012213
-0.005296
-0.007674
0.002605
0.012685
-0.008519
-0.003462
-0.007882
-0.004068
-0.005046
-0.000327
-0.008384
-0.005380
-0.007346
-0.000396
0.002303
-0.016571
-0.010173
-0.009601
-0.002007
-0.009842
0.016695
0.017070
0.018347
0.020806
0.028192
0.025122
0.030420
0.024855
0.040512
0.035823
0.045077
0.037195
0.066038
0.043103
0.043733
0.054433
0.050603
0.045343
0.047578
0.045226
0.044336
0.042820
-0.007306
-0.019036
-0.042280
-0.031787
-0.052742
-0.064616
-0.089200
-0.061761
-0.061661
-0.066377
-0.036433
-0.044785
-0.004473
0.005437
0.035951
0.035773
0.035922
0.034430
0.019660
0.009887
0.011102
0.017371
0.013058
0.005776
-0.008720
0.024452
0.018550
0.026073
0.047001
0.033685
0.032034
0.032205
0.022493
0.029406
0.039347
0.052835
0.054956
0.055625
0.046572
0.062443
0.012585
0.015012
0.010360
-0.003636
-0.018869
-0.034680
-0.024501
-0.028608
-0.016131
-0.026087
-0.023534
-0.016508
-0.003427
-0.003024
-0.008786
0.006315
-0.007984
0.004662
0.025327
0.006551
0.007764
0.010665
-0.009260
0.002740
0.009988
0.011406
0.006382
0.003383
-0.006734
-0.011050
-0.000462
0.013460
0.016022
-0.014855
0.000041
0.004292
-0.006902
-0.011987
-0.008888
-0.004336
-0.002045
-0.014787
-0.008355
-0.018840
-0.008451
-0.000358
0.001764
0.010763
-0.000563
-0.009526
-0.006496
0.011136
-0.005519
0.000381
-0.006971
-0.009092
-0.005547
0.006113
-0.011279
-0.010406
-0.010372
-0.004475
-0.003767
-0.004946
-0.010068
-0.007782
0.001730
0.000649
0.003786
0.002234
0.001325
-0.009664
-0.009092
-0.013179
-0.009259
-0.006803
0.000010
0.013866
-0.009871
-0.004642
-0.013713
-0.002351
-0.000831
0.003246
0.005943
0.002978
-0.000765
-0.002753
-0.000191
-0.008250
0.000448
0.006011
-0.024170
-0.024019
-0.015805
-0.016845
-0.021772
-0.021732
-0.016679
-0.020319
-0.016166
-0.016546
-0.014051
0.000852
-0.031274
-0.024123
-0.007377
0.005506
-0.015123
-0.019945
-0.020718
-0.023082
-0.026980
-0.021314
-0.031616
-0.025642
-0.022241
-0.031496
-0.005520
0.010427
0.008034
0.017000
0.020346
0.015554
0.012619
0.001762
0.000819
0.017812
-0.002897
-0.000020
0.004865
-0.011118
-0.002183
-0.007882
-0.014015
-0.022061
-0.020649
-0.022675
-0.006464
-0.009527
-0.010133
-0.016537
0.009382
-0.002921
0.002639
-0.001507
-0.010514
0.007697
-0.002248
0.006012
0.002001
-0.006120
-0.008892
0.002977
-0.009632
-0.022645
0.013699
-0.025333
-0.010404
-0.013212
-0.005079
-0.022338
-0.000292
-0.019202
-0.021499
-0.015227
-0.017053
-0.022277
0.006416
-0.011882
-0.005653
-0.009694
-0.000290
-0.011316
0.022832
0.009113
-0.006428
-0.011683
-0.017356
-0.011916
0.001390
-0.017482
-0.001338
-0.004302
-0.002419
-0.018773
0.007697
-0.000459
0.000922
0.016025
0.007225
-0.019978
-0.020992
-0.015396
-0.003429
0.005708
