1112675649	406
1112675649	406
1112675649	421
1112675649	421
1112675649	437
1112675649	640
1112675649	640
1112675649	640
1112675649	640
1112675649	640
1112675649	656
1112675649	656
1112675649	671
1112675649	671
1112675649	687
1112675649	687
1112675649	703
1112675649	703
1112675649	718
1112675649	718
1112675649	734
1112675649	734
1112675649	750
1112675649	750
1112675649	765
1112675649	765
1112675649	781
1112675649	781
1112675649	796
1112675649	796
1112675649	812
1112675649	812
1112675649	828
1112675649	859
1112675649	859
1112675649	859
1112675649	859
1112675649	859
1112675649	875
1112675649	875
1112675649	890
1112675649	890
1112675649	906
1112675649	906
1112675649	921
1112675649	921
1112675649	937
1112675649	937
1112675649	953
1112675649	953
1112675649	968
1112675649	968
1112675649	984
1112675649	984
1112675650	0
1112675650	0
1112675650	15
1112675650	15
1112675650	31
1112675650	31
1112675650	46
1112675650	78
1112675650	78
1112675650	78
1112675650	78
1112675650	78
1112675650	93
1112675650	93
1112675650	109
1112675650	109
1112675650	125
1112675650	125
1112675650	140
1112675650	140
1112675650	156
1112675650	156
1112675650	171
1112675650	171
1112675650	187
1112675650	187
1112675650	203
1112675650	203
1112675650	218
1112675650	218
1112675650	234
1112675650	234
1112675650	250
1112675650	250
1112675650	265
1112675650	296
1112675650	296
1112675650	296
1112675650	296
1112675650	296
1112675650	312
1112675650	312
1112675650	328
1112675650	328
1112675650	343
1112675650	343
1112675650	359
1112675650	359
1112675650	375
1112675650	375
1112675650	390
1112675650	390
1112675650	406
1112675650	406
1112675650	421
1112675650	421
1112675650	437
1112675650	437
1112675650	453
1112675650	453
1112675650	468
1112675650	468
1112675650	484
1112675650	515
1112675650	515
1112675650	515
1112675650	515
1112675650	515
1112675650	531
1112675650	531
1112675650	546
1112675650	546
1112675650	562
1112675650	562
1112675650	578
1112675650	578
1112675650	593
1112675650	593
1112675650	609
1112675650	609
1112675650	625
1112675650	625
1112675650	640
1112675650	640
1112675650	656
1112675650	656
1112675650	671
1112675650	671
1112675650	687
1112675650	687
1112675650	703
1112675650	703
1112675650	718
1112675650	718
1112675650	734
1112675650	734
1112675650	750
1112675650	750
1112675650	765
1112675650	765
1112675650	781
1112675650	781
1112675650	796
1112675650	796
1112675650	812
1112675650	843
1112675650	843
1112675650	843
1112675650	843
1112675650	843
1112675650	859
1112675650	859
1112675650	875
1112675650	875
1112675650	890
1112675650	890
1112675650	906
1112675650	906
1112675650	921
1112675650	921
1112675650	937
1112675650	937
1112675650	953
1112675650	953
1112675650	968
1112675650	968
1112675650	984
1112675650	984
1112675651	0
1112675651	0
1112675651	15
1112675651	15
1112675651	31
1112675651	62
1112675651	62
1112675651	62
1112675651	62
1112675651	62
1112675651	78
1112675651	78
1112675651	93
1112675651	93
1112675651	109
1112675651	109
1112675651	125
1112675651	125
1112675651	140
1112675651	140
1112675651	156
1112675651	156
1112675651	171
1112675651	171
1112675651	187
1112675651	187
1112675651	203
1112675651	203
1112675651	218
1112675651	218
1112675651	234
1112675651	234
1112675651	250
1112675651	281
1112675651	281
1112675651	281
1112675651	281
1112675651	281
1112675651	296
1112675651	296
1112675651	312
1112675651	312
1112675651	328
1112675651	328
1112675651	343
1112675651	343
1112675651	359
1112675651	359
1112675651	375
1112675651	375
1112675651	390
1112675651	390
1112675651	406
1112675651	406
1112675651	421
1112675651	421
1112675651	437
1112675651	437
1112675651	453
1112675651	453
1112675651	468
1112675651	500
1112675651	500
1112675651	500
1112675651	500
1112675651	500
1112675651	515
1112675651	515
1112675651	531
1112675651	531
1112675651	546
1112675651	546
1112675651	562
1112675651	562
1112675651	578
1112675651	578
1112675651	593
1112675651	593
1112675651	609
1112675651	609
1112675651	625
1112675651	625
1112675651	640
1112675651	640
1112675651	656
1112675651	656
1112675651	671
1112675651	671
1112675651	687
1112675651	718
1112675651	718
1112675651	718
1112675651	718
1112675651	718
1112675651	734
1112675651	734
1112675651	750
1112675651	750
1112675651	765
1112675651	765
1112675651	781
1112675651	781
1112675651	796
1112675651	796
1112675651	812
1112675651	812
1112675651	828
1112675651	828
1112675651	843
1112675651	843
1112675651	859
1112675651	859
1112675651	875
1112675651	875
1112675651	890
1112675651	890
1112675651	906
1112675651	906
1112675651	921
1112675651	921
1112675651	937
1112675651	937
1112675651	953
1112675651	953
1112675651	968
1112675651	968
1112675651	984
1112675651	984
1112675652	0
1112675652	0
1112675652	15
1112675652	46
1112675652	46
1112675652	46
1112675652	46
1112675652	46
1112675652	62
1112675652	62
1112675652	78
1112675652	78
1112675652	93
1112675652	93
1112675652	109
1112675652	109
1112675652	125
1112675652	125
1112675652	140
1112675652	140
1112675652	156
1112675652	156
1112675652	171
1112675652	171
1112675652	187
1112675652	187
1112675652	203
1112675652	203
1112675652	218
1112675652	218
1112675652	234
1112675652	265
1112675652	265
1112675652	265
1112675652	265
1112675652	265
1112675652	281
1112675652	281
1112675652	296
1112675652	296
1112675652	312
1112675652	312
1112675652	328
1112675652	328
1112675652	343
1112675652	343
1112675652	359
1112675652	359
1112675652	375
1112675652	375
1112675652	390
1112675652	390
1112675652	406
1112675652	406
1112675652	421
1112675652	421
1112675652	437
1112675652	437
1112675652	453
1112675652	484
1112675652	484
1112675652	484
1112675652	484
1112675652	484
1112675652	500
1112675652	500
1112675652	515
1112675652	515
1112675652	531
1112675652	531
1112675652	546
1112675652	546
1112675652	562
1112675652	562
1112675652	578
1112675652	578
1112675652	593
1112675652	593
1112675652	609
1112675652	609
1112675652	625
1112675652	625
1112675652	640
1112675652	640
1112675652	656
1112675652	656
1112675652	671
1112675652	703
1112675652	703
1112675652	703
1112675652	703
1112675652	703
1112675652	718
1112675652	718
1112675652	734
1112675652	734
1112675652	750
1112675652	750
1112675652	765
1112675652	765
1112675652	781
1112675652	781
1112675652	796
1112675652	796
1112675652	812
1112675652	812
1112675652	828
1112675652	828
1112675652	843
1112675652	843
1112675652	859
1112675652	859
1112675652	875
1112675652	875
1112675652	890
1112675652	921
1112675652	921
1112675652	921
1112675652	921
1112675652	921
1112675652	937
1112675652	937
1112675652	953
1112675652	953
1112675652	968
1112675652	968
1112675652	984
1112675652	984
1112675653	0
1112675653	0
1112675653	15
1112675653	15
1112675653	31
1112675653	31
1112675653	46
1112675653	46
1112675653	62
1112675653	62
1112675653	78
1112675653	78
1112675653	93
1112675653	93
1112675653	109
1112675653	140
1112675653	140
1112675653	140
1112675653	140
1112675653	140
1112675653	156
1112675653	156
1112675653	171
1112675653	171
1112675653	187
1112675653	187
1112675653	203
1112675653	203
1112675653	218
1112675653	218
1112675653	234
1112675653	234
1112675653	250
1112675653	250
1112675653	265
1112675653	265
1112675653	281
1112675653	281
1112675653	296
1112675653	296
1112675653	312
1112675653	312
1112675653	328
1112675653	359
1112675653	359
1112675653	359
1112675653	359
1112675653	359
1112675653	375
1112675653	375
1112675653	390
1112675653	390
1112675653	406
1112675653	406
1112675653	421
1112675653	421
1112675653	437
1112675653	437
1112675653	453
1112675653	453
1112675653	468
1112675653	468
1112675653	484
1112675653	484
1112675653	500
1112675653	500
1112675653	515
1112675653	515
1112675653	531
1112675653	531
1112675653	546
1112675653	578
1112675653	578
1112675653	578
1112675653	578
1112675653	578
1112675653	593
1112675653	593
1112675653	609
1112675653	609
1112675653	625
1112675653	625
1112675653	640
1112675653	640
1112675653	656
1112675653	656
1112675653	671
1112675653	671
1112675653	687
1112675653	687
1112675653	703
1112675653	703
1112675653	718
1112675653	718
1112675653	734
1112675653	734
1112675653	750
1112675653	750
1112675653	765
1112675653	796
1112675653	796
1112675653	796
1112675653	796
1112675653	796
1112675653	812
1112675653	812
1112675653	828
1112675653	828
1112675653	843
1112675653	843
1112675653	859
1112675653	859
1112675653	875
1112675653	875
1112675653	890
1112675653	890
1112675653	906
1112675653	906
1112675653	921
1112675653	921
1112675653	937
1112675653	937
1112675653	953
1112675653	953
1112675653	968
1112675653	968
1112675653	984
1112675654	15
1112675654	15
1112675654	15
1112675654	15
1112675654	15
1112675654	31
1112675654	31
1112675654	46
1112675654	46
1112675654	62
1112675654	62
1112675654	78
1112675654	78
1112675654	93
1112675654	93
1112675654	109
1112675654	109
1112675654	125
1112675654	125
1112675654	140
1112675654	140
1112675654	156
1112675654	156
1112675654	171
1112675654	171
1112675654	187
1112675654	187
1112675654	203
1112675654	203
1112675654	218
1112675654	218
1112675654	234
1112675654	234
1112675654	250
1112675654	250
1112675654	265
1112675654	265
1112675654	281
1112675654	281
1112675654	296
1112675654	296
1112675654	312
1112675654	343
1112675654	343
1112675654	343
1112675654	343
1112675654	343
1112675654	359
1112675654	359
1112675654	375
1112675654	375
1112675654	390
1112675654	390
1112675654	406
1112675654	406
1112675654	421
1112675654	421
1112675654	437
1112675654	437
1112675654	453
1112675654	453
1112675654	468
1112675654	468
1112675654	484
1112675654	484
1112675654	500
1112675654	500
1112675654	515
1112675654	515
1112675654	531
1112675654	562
1112675654	562
1112675654	562
1112675654	562
1112675654	562
1112675654	578
1112675654	578
1112675654	593
1112675654	593
1112675654	609
1112675654	609
1112675654	625
1112675654	625
1112675654	640
1112675654	640
1112675654	656
1112675654	656
1112675654	671
1112675654	671
1112675654	687
1112675654	687
1112675654	703
1112675654	703
1112675654	718
1112675654	718
1112675654	734
1112675654	734
1112675654	750
1112675654	781
1112675654	781
1112675654	781
1112675654	781
1112675654	781
1112675654	796
1112675654	796
1112675654	812
1112675654	812
1112675654	828
1112675654	828
1112675654	843
1112675654	843
1112675654	859
1112675654	859
1112675654	875
1112675654	875
1112675654	890
1112675654	890
1112675654	906
1112675654	906
1112675654	921
1112675654	921
1112675654	937
1112675654	937
1112675654	953
1112675654	953
1112675654	968
1112675655	0
1112675655	0
1112675655	0
1112675655	0
1112675655	0
1112675655	15
1112675655	15
1112675655	31
1112675655	31
1112675655	46
1112675655	46
1112675655	62
1112675655	62
1112675655	78
1112675655	78
1112675655	93
1112675655	93
1112675655	109
1112675655	109
1112675655	125
1112675655	125
1112675655	140
1112675655	140
1112675655	156
1112675655	156
1112675655	171
1112675655	171
1112675655	187
1112675655	218
1112675655	218
1112675655	218
1112675655	218
1112675655	218
1112675655	234
1112675655	234
1112675655	250
1112675655	250
1112675655	265
1112675655	265
1112675655	281
1112675655	281
1112675655	296
1112675655	296
1112675655	312
1112675655	312
1112675655	328
1112675655	328
1112675655	343
1112675655	343
1112675655	359
1112675655	359
1112675655	375
1112675655	375
1112675655	390
1112675655	390
1112675655	406
1112675655	406
1112675655	421
1112675655	421
1112675655	437
1112675655	437
1112675655	453
1112675655	453
1112675655	468
1112675655	468
1112675655	484
1112675655	484
1112675655	500
1112675655	500
1112675655	515
1112675655	546
1112675655	546
1112675655	546
1112675655	546
1112675655	546
1112675655	562
1112675655	562
1112675655	578
1112675655	578
1112675655	593
1112675655	593
1112675655	609
1112675655	609
1112675655	625
1112675655	625
1112675655	640
1112675655	640
1112675655	656
1112675655	656
1112675655	671
1112675655	671
1112675655	687
1112675655	687
1112675655	703
1112675655	703
1112675655	718
1112675655	718
1112675655	734
1112675655	765
1112675655	765
1112675655	765
1112675655	765
1112675655	765
1112675655	781
1112675655	781
1112675655	796
1112675655	796
1112675655	812
1112675655	812
1112675655	828
1112675655	828
1112675655	843
1112675655	843
1112675655	859
1112675655	859
1112675655	875
1112675655	875
1112675655	890
1112675655	890
1112675655	906
1112675655	906
1112675655	921
1112675655	921
1112675655	937
1112675655	937
1112675655	953
1112675655	984
1112675655	984
1112675655	984
1112675655	984
1112675655	984
1112675656	0
1112675656	0
1112675656	15
1112675656	15
1112675656	31
1112675656	31
1112675656	46
1112675656	46
1112675656	62
1112675656	62
1112675656	78
1112675656	78
1112675656	93
1112675656	93
1112675656	109
1112675656	109
1112675656	125
1112675656	140
1112675656	140
1112675656	140
1112675656	156
1112675656	156
1112675656	171
1112675656	203
1112675656	203
1112675656	203
1112675656	203
1112675656	203
1112675656	218
1112675656	218
1112675656	234
1112675656	234
1112675656	250
1112675656	250
1112675656	265
1112675656	265
1112675656	281
1112675656	281
1112675656	296
1112675656	296
1112675656	312
1112675656	312
1112675656	328
1112675656	328
1112675656	343
1112675656	343
1112675656	359
1112675656	359
1112675656	375
1112675656	375
1112675656	390
1112675656	421
1112675656	421
1112675656	421
1112675656	421
1112675656	421
1112675656	437
1112675656	437
1112675656	453
1112675656	453
1112675656	468
1112675656	468
1112675656	484
1112675656	484
1112675656	500
1112675656	500
1112675656	515
1112675656	515
1112675656	531
1112675656	531
1112675656	546
1112675656	546
1112675656	562
1112675656	562
1112675656	578
1112675656	578
1112675656	593
1112675656	593
1112675656	609
1112675656	640
1112675656	640
1112675656	640
1112675656	640
1112675656	640
1112675656	656
1112675656	656
1112675656	671
1112675656	671
1112675656	687
1112675656	687
1112675656	703
1112675656	703
1112675656	718
1112675656	718
1112675656	734
1112675656	734
1112675656	750
1112675656	750
1112675656	765
1112675656	765
1112675656	781
1112675656	781
1112675656	796
1112675656	796
1112675656	812
1112675656	812
1112675656	828
1112675656	859
1112675656	859
1112675656	859
1112675656	859
1112675656	859
1112675656	875
1112675656	875
1112675656	890
1112675656	890
1112675656	906
1112675656	906
1112675656	921
1112675656	921
1112675656	937
1112675656	937
1112675656	953
1112675656	953
1112675656	968
1112675656	968
1112675656	984
1112675656	984
1112675657	0
1112675657	0
1112675657	15
1112675657	15
1112675657	31
1112675657	31
1112675657	46
1112675657	78
1112675657	78
1112675657	78
1112675657	78
1112675657	78
1112675657	93
1112675657	93
1112675657	109
1112675657	109
1112675657	125
1112675657	125
1112675657	140
1112675657	140
1112675657	156
1112675657	156
1112675657	171
1112675657	171
1112675657	187
1112675657	187
1112675657	203
1112675657	203
1112675657	218
1112675657	218
1112675657	234
1112675657	234
1112675657	250
1112675657	250
1112675657	265
1112675657	296
1112675657	296
1112675657	296
1112675657	296
1112675657	296
1112675657	312
1112675657	312
1112675657	328
1112675657	328
1112675657	343
1112675657	343
1112675657	359
1112675657	359
1112675657	375
1112675657	375
1112675657	390
1112675657	390
1112675657	406
1112675657	406
1112675657	421
1112675657	421
1112675657	437
1112675657	437
1112675657	453
1112675657	453
1112675657	468
1112675657	468
1112675657	484
1112675657	515
1112675657	515
1112675657	515
1112675657	515
1112675657	515
1112675657	531
1112675657	531
1112675657	546
1112675657	546
1112675657	562
1112675657	562
1112675657	578
1112675657	578
1112675657	593
1112675657	593
1112675657	609
1112675657	609
1112675657	625
1112675657	625
1112675657	640
1112675657	640
1112675657	656
1112675657	656
1112675657	671
1112675657	671
1112675657	687
1112675657	687
1112675657	703
1112675657	703
1112675657	718
1112675657	718
1112675657	734
1112675657	734
1112675657	750
1112675657	750
1112675657	765
1112675657	765
1112675657	781
1112675657	781
1112675657	796
1112675657	796
1112675657	812
1112675657	843
1112675657	843
1112675657	843
1112675657	843
1112675657	843
1112675657	859
1112675657	859
1112675657	875
1112675657	875
1112675657	890
1112675657	890
1112675657	906
1112675657	906
1112675657	921
1112675657	921
1112675657	937
1112675657	937
1112675657	953
1112675657	953
1112675657	968
1112675657	968
1112675657	984
1112675657	984
1112675658	0
1112675658	0
1112675658	15
1112675658	15
1112675658	31
1112675658	62
1112675658	62
1112675658	62
1112675658	62
1112675658	62
1112675658	78
1112675658	78
1112675658	93
1112675658	93
1112675658	109
1112675658	109
1112675658	125
1112675658	125
1112675658	140
1112675658	140
1112675658	156
1112675658	156
1112675658	171
1112675658	171
1112675658	187
1112675658	187
1112675658	203
1112675658	203
1112675658	218
1112675658	218
1112675658	234
1112675658	234
1112675658	250
1112675658	281
1112675658	281
1112675658	281
1112675658	281
1112675658	281
1112675658	296
1112675658	296
1112675658	312
1112675658	312
1112675658	328
1112675658	328
1112675658	343
1112675658	343
1112675658	359
1112675658	359
1112675658	375
1112675658	375
1112675658	390
1112675658	390
1112675658	406
1112675658	406
1112675658	421
1112675658	421
1112675658	437
1112675658	437
1112675658	453
1112675658	453
1112675658	468
1112675658	500
1112675658	500
1112675658	500
1112675658	500
1112675658	500
1112675658	515
1112675658	515
1112675658	531
1112675658	531
1112675658	546
1112675658	546
1112675658	562
1112675658	562
1112675658	578
1112675658	578
1112675658	593
1112675658	593
1112675658	609
1112675658	609
1112675658	625
1112675658	625
1112675658	640
1112675658	640
1112675658	656
1112675658	656
1112675658	671
1112675658	671
1112675658	687
1112675658	718
1112675658	718
1112675658	718
1112675658	718
1112675658	718
1112675658	734
1112675658	734
1112675658	750
1112675658	750
1112675658	765
1112675658	765
1112675658	781
1112675658	781
1112675658	796
1112675658	796
1112675658	812
1112675658	812
1112675658	828
1112675658	828
1112675658	843
1112675658	843
1112675658	859
1112675658	859
1112675658	875
1112675658	875
1112675658	890
1112675658	890
1112675658	906
1112675658	906
1112675658	921
1112675658	921
1112675658	937
1112675658	937
1112675658	953
1112675658	953
1112675658	968
1112675658	968
1112675658	984
1112675658	984
1112675659	0
1112675659	0
1112675659	15
1112675659	46
1112675659	46
1112675659	46
1112675659	46
1112675659	46
1112675659	62
1112675659	62
1112675659	78
1112675659	78
1112675659	93
1112675659	93
1112675659	109
1112675659	109
1112675659	125
1112675659	125
1112675659	140
1112675659	140
1112675659	156
1112675659	156
1112675659	171
1112675659	171
1112675659	187
1112675659	187
1112675659	203
1112675659	203
1112675659	218
1112675659	218
1112675659	234
1112675659	265
1112675659	265
1112675659	265
1112675659	265
1112675659	265
1112675659	281
1112675659	281
1112675659	296
1112675659	296
1112675659	312
1112675659	312
1112675659	328
1112675659	328
1112675659	343
1112675659	343
1112675659	359
1112675659	359
1112675659	375
1112675659	375
1112675659	390
1112675659	390
1112675659	406
1112675659	406
1112675659	421
1112675659	421
1112675659	437
1112675659	437
1112675659	453
1112675659	484
1112675659	484
1112675659	484
1112675659	484
1112675659	484
1112675659	500
1112675659	500
1112675659	515
1112675659	515
1112675659	531
1112675659	531
1112675659	546
1112675659	546
1112675659	562
1112675659	562
1112675659	578
1112675659	578
1112675659	593
1112675659	593
1112675659	609
1112675659	609
1112675659	625
1112675659	625
1112675659	640
1112675659	640
1112675659	656
1112675659	656
1112675659	671
1112675659	703
1112675659	703
1112675659	703
1112675659	703
1112675659	703
1112675659	718
1112675659	718
1112675659	734
1112675659	734
1112675659	750
1112675659	750
1112675659	765
1112675659	765
1112675659	781
1112675659	781
1112675659	796
1112675659	796
1112675659	812
1112675659	812
1112675659	828
1112675659	828
1112675659	843
1112675659	843
1112675659	859
1112675659	859
1112675659	875
1112675659	875
1112675659	890
1112675659	921
1112675659	921
1112675659	921
1112675659	921
1112675659	921
1112675659	937
1112675659	937
1112675659	953
1112675659	953
1112675659	968
1112675659	968
1112675659	984
1112675659	984
1112675660	0
1112675660	0
1112675660	15
1112675660	15
1112675660	31
1112675660	31
1112675660	46
1112675660	46
1112675660	62
1112675660	62
1112675660	78
1112675660	78
1112675660	93
1112675660	93
1112675660	109
1112675660	140
1112675660	140
1112675660	140
1112675660	140
1112675660	140
1112675660	156
1112675660	156
1112675660	171
1112675660	171
1112675660	187
1112675660	187
1112675660	203
1112675660	203
1112675660	218
1112675660	218
1112675660	234
1112675660	234
1112675660	250
1112675660	250
1112675660	265
1112675660	265
1112675660	281
1112675660	281
1112675660	296
1112675660	296
1112675660	312
1112675660	312
1112675660	328
1112675660	359
1112675660	359
1112675660	359
1112675660	359
1112675660	359
1112675660	375
1112675660	375
1112675660	390
1112675660	390
1112675660	406
1112675660	406
1112675660	421
1112675660	421
1112675660	437
1112675660	437
1112675660	453
1112675660	453
1112675660	468
1112675660	468
1112675660	484
1112675660	484
1112675660	500
1112675660	500
1112675660	515
1112675660	515
1112675660	531
1112675660	531
1112675660	546
1112675660	578
1112675660	578
1112675660	578
1112675660	578
1112675660	578
1112675660	593
1112675660	593
1112675660	609
1112675660	609
1112675660	625
1112675660	625
1112675660	640
1112675660	640
1112675660	656
1112675660	656
1112675660	671
1112675660	671
1112675660	687
1112675660	687
1112675660	703
1112675660	703
1112675660	718
1112675660	718
1112675660	734
1112675660	734
1112675660	750
1112675660	750
1112675660	765
1112675660	796
1112675660	796
1112675660	796
1112675660	796
1112675660	796
1112675660	812
1112675660	812
1112675660	828
1112675660	828
1112675660	843
1112675660	843
1112675660	859
1112675660	859
1112675660	875
1112675660	875
1112675660	890
1112675660	890
1112675660	906
1112675660	906
1112675660	921
1112675660	921
1112675660	937
1112675660	937
1112675660	953
1112675660	953
1112675660	968
1112675660	968
1112675660	984
1112675661	15
1112675661	15
1112675661	15
1112675661	15
1112675661	15
1112675661	31
1112675661	31
1112675661	46
1112675661	46
1112675661	62
1112675661	62
1112675661	78
1112675661	78
1112675661	93
1112675661	93
1112675661	109
1112675661	109
1112675661	125
1112675661	125
1112675661	140
1112675661	140
1112675661	156
1112675661	156
1112675661	171
1112675661	171
1112675661	187
1112675661	187
1112675661	203
1112675661	203
1112675661	218
1112675661	218
1112675661	234
1112675661	234
1112675661	250
1112675661	250
1112675661	265
1112675661	265
1112675661	281
1112675661	281
1112675661	296
1112675661	296
1112675661	312
1112675661	343
1112675661	343
1112675661	343
1112675661	343
1112675661	343
1112675661	359
1112675661	359
1112675661	375
1112675661	375
1112675661	390
1112675661	390
1112675661	406
1112675661	406
1112675661	421
1112675661	421
1112675661	437
1112675661	437
1112675661	453
1112675661	453
1112675661	468
1112675661	468
1112675661	484
1112675661	484
1112675661	500
1112675661	500
1112675661	515
1112675661	515
1112675661	531
1112675661	562
1112675661	562
1112675661	562
1112675661	562
1112675661	562
1112675661	578
1112675661	578
1112675661	593
1112675661	593
1112675661	609
1112675661	609
1112675661	625
1112675661	625
1112675661	640
1112675661	640
1112675661	656
1112675661	656
1112675661	671
1112675661	671
1112675661	687
1112675661	687
1112675661	703
1112675661	703
1112675661	718
1112675661	718
1112675661	734
1112675661	734
1112675661	750
1112675661	781
1112675661	781
1112675661	781
1112675661	781
1112675661	781
1112675661	796
1112675661	796
1112675661	812
1112675661	812
1112675661	828
1112675661	828
1112675661	843
1112675661	843
1112675661	859
1112675661	859
1112675661	875
1112675661	875
1112675661	890
1112675661	890
1112675661	906
1112675661	906
1112675661	921
1112675661	921
1112675661	937
1112675661	937
1112675661	953
1112675661	953
1112675661	968
1112675662	0
1112675662	0
1112675662	0
1112675662	0
1112675662	0
1112675662	15
1112675662	15
1112675662	31
1112675662	31
1112675662	46
1112675662	46
1112675662	62
1112675662	62
1112675662	78
1112675662	78
1112675662	93
1112675662	93
1112675662	109
1112675662	109
1112675662	125
1112675662	125
1112675662	140
1112675662	140
1112675662	156
1112675662	156
1112675662	171
1112675662	171
1112675662	187
1112675662	218
1112675662	218
1112675662	218
1112675662	218
1112675662	218
1112675662	234
1112675662	234
1112675662	250
1112675662	250
1112675662	265
1112675662	265
1112675662	281
1112675662	281
1112675662	296
1112675662	296
1112675662	312
1112675662	312
1112675662	328
1112675662	328
1112675662	343
1112675662	343
1112675662	359
1112675662	359
1112675662	375
1112675662	390
1112675662	390
1112675662	390
1112675662	406
1112675662	406
1112675662	421
1112675662	421
1112675662	437
1112675662	437
1112675662	453
1112675662	453
1112675662	468
1112675662	468
1112675662	484
1112675662	484
1112675662	500
1112675662	500
1112675662	515
1112675662	546
1112675662	546
1112675662	546
1112675662	546
1112675662	546
1112675662	562
1112675662	562
1112675662	578
1112675662	578
1112675662	593
1112675662	593
1112675662	609
1112675662	609
1112675662	625
1112675662	625
1112675662	640
1112675662	640
1112675662	656
1112675662	656
1112675662	671
1112675662	671
1112675662	687
1112675662	687
1112675662	703
1112675662	703
1112675662	718
1112675662	718
1112675662	734
1112675662	765
1112675662	765
1112675662	765
1112675662	765
1112675662	765
1112675662	781
1112675662	781
1112675662	796
1112675662	796
1112675662	812
1112675662	812
1112675662	828
1112675662	828
1112675662	843
1112675662	843
1112675662	859
1112675662	859
1112675662	875
1112675662	875
1112675662	890
1112675662	890
1112675662	906
1112675662	906
1112675662	921
1112675662	921
1112675662	937
1112675662	937
1112675662	953
1112675662	984
1112675662	984
1112675662	984
1112675662	984
1112675662	984
1112675663	0
1112675663	0
1112675663	15
1112675663	15
1112675663	31
1112675663	31
1112675663	46
1112675663	46
1112675663	62
1112675663	62
1112675663	78
1112675663	78
1112675663	93
1112675663	93
1112675663	109
1112675663	109
1112675663	125
1112675663	125
1112675663	140
1112675663	140
1112675663	156
1112675663	156
1112675663	171
1112675663	203
1112675663	203
1112675663	203
1112675663	203
1112675663	203
1112675663	218
1112675663	218
1112675663	234
1112675663	234
1112675663	250
1112675663	250
1112675663	265
1112675663	265
1112675663	281
1112675663	281
1112675663	296
1112675663	296
1112675663	312
1112675663	312
1112675663	328
1112675663	328
1112675663	343
1112675663	343
1112675663	359
1112675663	359
1112675663	375
1112675663	375
1112675663	390
1112675663	421
1112675663	421
1112675663	421
1112675663	421
1112675663	421
1112675663	437
1112675663	437
1112675663	453
1112675663	453
1112675663	468
1112675663	468
1112675663	484
1112675663	484
1112675663	500
1112675663	500
1112675663	515
1112675663	515
1112675663	531
1112675663	531
1112675663	546
1112675663	546
1112675663	562
1112675663	562
1112675663	578
1112675663	578
1112675663	593
1112675663	593
1112675663	609
1112675663	640
1112675663	640
1112675663	640
1112675663	640
1112675663	640
1112675663	656
1112675663	656
1112675663	671
1112675663	671
1112675663	687
1112675663	687
1112675663	703
1112675663	703
1112675663	718
1112675663	718
1112675663	734
1112675663	734
1112675663	750
1112675663	750
1112675663	765
1112675663	765
1112675663	781
1112675663	781
1112675663	796
1112675663	796
1112675663	812
1112675663	812
1112675663	828
1112675663	859
1112675663	859
1112675663	859
1112675663	859
1112675663	859
1112675663	875
1112675663	875
1112675663	890
1112675663	890
1112675663	906
1112675663	906
1112675663	921
1112675663	921
1112675663	937
1112675663	937
1112675663	953
1112675663	953
1112675663	968
1112675663	968
1112675663	984
1112675663	984
1112675664	0
1112675664	0
1112675664	15
1112675664	15
1112675664	31
1112675664	31
1112675664	46
1112675664	78
1112675664	78
1112675664	78
1112675664	78
1112675664	78
1112675664	93
1112675664	93
1112675664	109
1112675664	109
1112675664	125
1112675664	125
1112675664	140
1112675664	140
1112675664	156
1112675664	156
1112675664	171
1112675664	171
1112675664	187
1112675664	187
1112675664	203
1112675664	203
1112675664	218
1112675664	218
1112675664	234
1112675664	234
1112675664	250
1112675664	250
1112675664	265
1112675664	296
1112675664	296
1112675664	296
1112675664	296
1112675664	296
1112675664	312
1112675664	312
1112675664	328
1112675664	328
1112675664	343
1112675664	343
1112675664	359
1112675664	359
1112675664	375
1112675664	375
1112675664	390
1112675664	390
1112675664	406
1112675664	406
1112675664	421
1112675664	421
1112675664	437
1112675664	437
1112675664	453
1112675664	453
1112675664	468
1112675664	468
1112675664	484
1112675664	515
1112675664	515
1112675664	515
1112675664	515
1112675664	515
1112675664	531
1112675664	531
1112675664	546
1112675664	546
1112675664	562
1112675664	562
1112675664	578
1112675664	578
1112675664	593
1112675664	593
1112675664	609
1112675664	609
1112675664	625
1112675664	625
1112675664	640
1112675664	640
1112675664	656
1112675664	656
1112675664	671
1112675664	671
1112675664	687
1112675664	687
1112675664	703
1112675664	703
1112675664	718
1112675664	718
1112675664	734
1112675664	734
1112675664	750
1112675664	750
1112675664	765
1112675664	765
1112675664	781
1112675664	781
1112675664	796
1112675664	796
1112675664	812
1112675664	843
1112675664	843
1112675664	843
1112675664	843
1112675664	843
1112675664	859
1112675664	859
1112675664	875
1112675664	875
1112675664	890
1112675664	890
1112675664	906
1112675664	906
1112675664	921
1112675664	921
1112675664	937
1112675664	937
1112675664	953
1112675664	953
1112675664	968
1112675664	968
1112675664	984
1112675664	984
1112675665	0
1112675665	0
1112675665	15
1112675665	15
1112675665	31
1112675665	62
1112675665	62
1112675665	62
1112675665	62
1112675665	62
1112675665	78
1112675665	78
1112675665	93
1112675665	93
1112675665	109
1112675665	109
1112675665	125
1112675665	125
1112675665	140
1112675665	140
1112675665	156
1112675665	156
1112675665	171
1112675665	171
1112675665	187
1112675665	187
1112675665	203
1112675665	203
1112675665	218
1112675665	218
1112675665	234
1112675665	234
1112675665	250
1112675665	281
1112675665	281
1112675665	281
1112675665	281
1112675665	281
1112675665	296
1112675665	296
1112675665	312
1112675665	312
1112675665	328
1112675665	328
1112675665	343
1112675665	343
1112675665	359
1112675665	359
1112675665	375
1112675665	375
1112675665	390
1112675665	390
1112675665	406
1112675665	406
1112675665	421
1112675665	421
1112675665	437
1112675665	437
1112675665	453
1112675665	453
1112675665	468
1112675665	500
1112675665	500
1112675665	500
1112675665	500
1112675665	500
1112675665	515
1112675665	515
1112675665	531
1112675665	531
1112675665	546
1112675665	546
1112675665	562
1112675665	562
1112675665	578
1112675665	578
1112675665	593
1112675665	593
1112675665	609
1112675665	609
1112675665	625
1112675665	625
1112675665	640
1112675665	640
1112675665	656
1112675665	656
1112675665	671
1112675665	671
1112675665	687
1112675665	718
1112675665	718
1112675665	718
1112675665	718
1112675665	718
1112675665	734
1112675665	734
1112675665	750
1112675665	750
1112675665	765
1112675665	765
1112675665	781
1112675665	781
1112675665	796
1112675665	796
1112675665	812
1112675665	812
1112675665	828
1112675665	828
1112675665	843
1112675665	843
1112675665	859
1112675665	859
1112675665	875
1112675665	875
1112675665	890
1112675665	890
1112675665	906
1112675665	906
1112675665	921
1112675665	921
1112675665	937
1112675665	937
1112675665	953
1112675665	953
1112675665	968
1112675665	968
1112675665	984
1112675665	984
1112675666	0
1112675666	0
1112675666	15
1112675666	46
1112675666	46
1112675666	46
1112675666	46
1112675666	46
1112675666	62
1112675666	62
1112675666	78
1112675666	78
1112675666	93
1112675666	93
1112675666	109
1112675666	109
1112675666	125
1112675666	125
1112675666	140
1112675666	140
1112675666	156
1112675666	156
1112675666	171
1112675666	171
1112675666	187
1112675666	187
1112675666	203
1112675666	203
1112675666	218
1112675666	218
1112675666	234
1112675666	265
1112675666	265
1112675666	265
1112675666	265
1112675666	265
1112675666	281
1112675666	281
1112675666	296
1112675666	296
1112675666	312
1112675666	312
1112675666	328
1112675666	328
1112675666	343
1112675666	343
1112675666	359
1112675666	359
1112675666	375
1112675666	375
1112675666	390
1112675666	390
1112675666	406
1112675666	406
1112675666	421
1112675666	421
1112675666	437
1112675666	437
1112675666	453
1112675666	484
1112675666	484
1112675666	484
1112675666	484
1112675666	484
1112675666	500
1112675666	500
1112675666	515
1112675666	515
1112675666	531
1112675666	531
1112675666	546
1112675666	546
1112675666	562
1112675666	562
1112675666	578
1112675666	578
1112675666	593
1112675666	593
1112675666	609
1112675666	609
1112675666	625
1112675666	625
1112675666	640
1112675666	640
1112675666	656
1112675666	656
1112675666	671
1112675666	703
1112675666	703
1112675666	703
1112675666	703
1112675666	703
1112675666	718
1112675666	718
1112675666	734
1112675666	734
1112675666	750
1112675666	750
1112675666	765
1112675666	765
1112675666	781
1112675666	781
1112675666	796
1112675666	796
1112675666	812
1112675666	812
1112675666	828
1112675666	828
1112675666	843
1112675666	843
1112675666	859
1112675666	859
1112675666	875
1112675666	875
1112675666	890
1112675666	921
1112675666	921
1112675666	921
1112675666	921
1112675666	921
1112675666	937
1112675666	937
1112675666	953
1112675666	953
1112675666	968
1112675666	968
1112675666	984
1112675666	984
1112675667	0
1112675667	0
1112675667	15
1112675667	15
1112675667	31
1112675667	31
1112675667	46
1112675667	46
1112675667	62
1112675667	62
1112675667	78
1112675667	78
1112675667	93
1112675667	93
1112675667	109
1112675667	140
1112675667	140
1112675667	140
1112675667	140
1112675667	140
1112675667	156
1112675667	156
1112675667	171
1112675667	171
1112675667	187
1112675667	187
1112675667	203
1112675667	203
1112675667	218
1112675667	218
1112675667	234
1112675667	234
1112675667	250
1112675667	250
1112675667	265
1112675667	265
1112675667	281
1112675667	281
1112675667	296
1112675667	296
1112675667	312
1112675667	312
1112675667	328
1112675667	359
1112675667	359
1112675667	359
1112675667	359
1112675667	359
1112675667	375
1112675667	375
1112675667	390
1112675667	390
1112675667	406
1112675667	406
1112675667	421
1112675667	421
1112675667	437
1112675667	437
1112675667	453
1112675667	453
1112675667	468
1112675667	468
1112675667	484
1112675667	484
1112675667	500
1112675667	500
1112675667	515
1112675667	515
1112675667	531
1112675667	531
1112675667	546
1112675667	578
1112675667	578
1112675667	578
1112675667	578
1112675667	578
1112675667	593
1112675667	593
1112675667	609
1112675667	609
1112675667	625
1112675667	625
1112675667	640
1112675667	640
1112675667	656
1112675667	656
1112675667	671
1112675667	671
1112675667	687
1112675667	687
1112675667	703
1112675667	703
1112675667	718
1112675667	718
1112675667	734
1112675667	734
1112675667	750
1112675667	750
1112675667	765
1112675667	796
1112675667	796
1112675667	796
1112675667	796
1112675667	796
1112675667	812
1112675667	812
1112675667	828
1112675667	828
1112675667	843
1112675667	843
1112675667	859
1112675667	859
1112675667	875
1112675667	875
1112675667	890
1112675667	890
1112675667	906
1112675667	906
1112675667	921
1112675667	921
1112675667	937
1112675667	937
1112675667	953
1112675667	953
1112675667	968
1112675667	968
1112675667	984
1112675668	15
1112675668	15
1112675668	15
1112675668	15
1112675668	15
1112675668	31
1112675668	31
1112675668	46
1112675668	46
1112675668	62
1112675668	62
1112675668	78
1112675668	78
1112675668	93
1112675668	93
1112675668	109
1112675668	109
1112675668	125
1112675668	125
1112675668	140
1112675668	140
1112675668	156
1112675668	156
1112675668	171
1112675668	171
1112675668	187
1112675668	187
1112675668	203
1112675668	203
1112675668	218
1112675668	218
1112675668	234
1112675668	234
1112675668	250
1112675668	250
1112675668	265
1112675668	265
1112675668	281
1112675668	281
1112675668	296
1112675668	296
1112675668	312
1112675668	343
1112675668	343
1112675668	343
1112675668	343
1112675668	343
1112675668	359
1112675668	359
1112675668	375
1112675668	375
1112675668	390
1112675668	390
1112675668	406
1112675668	406
1112675668	421
1112675668	421
1112675668	437
1112675668	437
1112675668	453
1112675668	453
1112675668	468
1112675668	468
1112675668	484
1112675668	484
1112675668	500
1112675668	500
1112675668	515
1112675668	515
1112675668	531
1112675668	562
1112675668	562
1112675668	562
1112675668	562
1112675668	562
1112675668	578
1112675668	578
1112675668	593
1112675668	593
1112675668	609
1112675668	609
1112675668	625
1112675668	625
1112675668	640
1112675668	640
1112675668	656
1112675668	656
1112675668	671
1112675668	671
1112675668	687
1112675668	687
1112675668	703
1112675668	703
1112675668	718
1112675668	718
1112675668	734
1112675668	734
1112675668	750
1112675668	781
1112675668	781
1112675668	781
1112675668	781
1112675668	781
1112675668	796
1112675668	796
1112675668	812
1112675668	812
1112675668	828
1112675668	828
1112675668	843
1112675668	843
1112675668	859
1112675668	859
1112675668	875
1112675668	875
1112675668	890
1112675668	890
1112675668	906
1112675668	906
1112675668	921
1112675668	921
1112675668	937
1112675668	937
1112675668	953
1112675668	953
1112675668	968
1112675669	0
1112675669	0
1112675669	0
1112675669	0
1112675669	0
1112675669	15
1112675669	15
1112675669	31
1112675669	31
1112675669	46
1112675669	46
1112675669	62
1112675669	62
1112675669	78
1112675669	78
1112675669	93
1112675669	93
1112675669	109
1112675669	109
1112675669	125
1112675669	125
1112675669	140
1112675669	140
1112675669	156
1112675669	156
1112675669	171
1112675669	171
1112675669	187
1112675669	218
1112675669	218
1112675669	218
1112675669	218
1112675669	218
1112675669	234
1112675669	234
1112675669	250
1112675669	250
1112675669	265
1112675669	265
1112675669	281
1112675669	281
1112675669	296
1112675669	296
1112675669	312
1112675669	312
1112675669	328
1112675669	328
1112675669	343
1112675669	343
1112675669	359
1112675669	359
1112675669	375
1112675669	375
1112675669	390
1112675669	390
1112675669	406
1112675669	406
1112675669	421
1112675669	421
1112675669	437
1112675669	437
1112675669	453
1112675669	453
1112675669	468
1112675669	468
1112675669	484
1112675669	484
1112675669	500
1112675669	500
1112675669	515
1112675669	546
1112675669	546
1112675669	546
1112675669	546
1112675669	546
1112675669	562
1112675669	562
1112675669	578
1112675669	578
1112675669	593
1112675669	593
1112675669	609
1112675669	609
1112675669	625
1112675669	625
1112675669	640
1112675669	640
1112675669	656
1112675669	656
1112675669	671
1112675669	671
1112675669	687
1112675669	687
1112675669	703
1112675669	703
1112675669	718
1112675669	718
1112675669	734
1112675669	765
1112675669	765
1112675669	765
1112675669	765
1112675669	765
1112675669	781
1112675669	781
1112675669	796
1112675669	796
1112675669	812
1112675669	812
1112675669	828
1112675669	828
1112675669	843
1112675669	843
1112675669	859
1112675669	859
1112675669	875
1112675669	875
1112675669	890
1112675669	890
1112675669	906
1112675669	906
1112675669	921
1112675669	921
1112675669	937
1112675669	937
1112675669	953
1112675669	984
1112675669	984
1112675669	984
1112675669	984
1112675669	984
1112675670	0
1112675670	0
1112675670	15
1112675670	15
1112675670	31
1112675670	31
1112675670	46
1112675670	46
1112675670	62
1112675670	62
1112675670	78
1112675670	78
1112675670	93
1112675670	93
1112675670	109
1112675670	109
1112675670	125
1112675670	125
1112675670	140
1112675670	140
1112675670	156
1112675670	156
1112675670	171
1112675670	203
1112675670	203
1112675670	203
1112675670	203
1112675670	203
1112675670	218
1112675670	218
1112675670	234
1112675670	234
1112675670	250
1112675670	250
1112675670	265
1112675670	265
1112675670	281
1112675670	281
1112675670	296
1112675670	296
1112675670	312
1112675670	312
1112675670	328
1112675670	328
1112675670	343
1112675670	343
1112675670	359
1112675670	359
1112675670	375
1112675670	375
1112675670	390
1112675670	421
1112675670	421
1112675670	421
1112675670	421
1112675670	421
1112675670	437
1112675670	437
1112675670	453
1112675670	453
1112675670	468
1112675670	468
1112675670	484
1112675670	484
1112675670	500
1112675670	500
1112675670	515
1112675670	515
1112675670	531
1112675670	531
1112675670	546
1112675670	546
1112675670	562
1112675670	562
1112675670	578
1112675670	578
1112675670	593
1112675670	593
1112675670	609
1112675670	640
1112675670	640
1112675670	640
1112675670	640
1112675670	640
1112675670	656
1112675670	656
1112675670	671
1112675670	671
1112675670	687
1112675670	687
1112675670	703
1112675670	703
1112675670	718
1112675670	718
1112675670	734
1112675670	734
1112675670	750
1112675670	750
1112675670	765
1112675670	765
1112675670	781
1112675670	781
1112675670	796
1112675670	796
1112675670	812
1112675670	812
1112675670	828
1112675670	859
1112675670	859
1112675670	859
1112675670	859
1112675670	859
1112675670	875
1112675670	875
1112675670	890
1112675670	890
1112675670	906
1112675670	906
1112675670	921
1112675670	921
1112675670	937
1112675670	937
1112675670	953
1112675670	953
1112675670	968
1112675670	968
1112675670	984
1112675670	984
1112675671	0
1112675671	0
1112675671	15
1112675671	15
1112675671	31
1112675671	31
1112675671	46
1112675671	78
1112675671	78
1112675671	78
1112675671	78
1112675671	78
1112675671	93
1112675671	93
1112675671	109
1112675671	109
1112675671	125
1112675671	125
1112675671	140
1112675671	140
1112675671	156
1112675671	156
1112675671	171
1112675671	171
1112675671	187
1112675671	187
1112675671	203
1112675671	203
1112675671	218
1112675671	218
1112675671	234
1112675671	234
1112675671	250
1112675671	250
1112675671	265
1112675671	296
1112675671	296
1112675671	296
1112675671	296
1112675671	296
1112675671	312
1112675671	312
1112675671	328
1112675671	328
1112675671	343
1112675671	343
1112675671	359
1112675671	359
1112675671	375
1112675671	375
1112675671	390
1112675671	390
1112675671	406
1112675671	406
1112675671	421
1112675671	421
1112675671	437
1112675671	437
1112675671	453
1112675671	453
1112675671	468
1112675671	468
1112675671	484
1112675671	515
1112675671	515
1112675671	515
1112675671	515
1112675671	515
1112675671	531
1112675671	531
1112675671	546
1112675671	546
1112675671	562
1112675671	562
1112675671	578
1112675671	578
1112675671	593
1112675671	593
1112675671	609
1112675671	609
1112675671	625
1112675671	625
1112675671	640
1112675671	640
1112675671	656
1112675671	656
1112675671	671
1112675671	671
1112675671	687
1112675671	687
1112675671	703
1112675671	703
1112675671	718
1112675671	718
1112675671	734
1112675671	734
1112675671	750
1112675671	750
1112675671	765
1112675671	765
1112675671	781
1112675671	781
1112675671	796
1112675671	796
1112675671	812
1112675671	843
1112675671	843
1112675671	843
1112675671	843
1112675671	843
1112675671	859
1112675671	859
1112675671	875
1112675671	875
1112675671	890
1112675671	890
1112675671	906
1112675671	906
1112675671	921
1112675671	921
1112675671	937
1112675671	937
1112675671	953
1112675671	953
1112675671	968
1112675671	968
1112675671	984
1112675671	984
1112675672	0
1112675672	0
1112675672	15
1112675672	15
1112675672	31
1112675672	62
1112675672	62
1112675672	62
1112675672	62
1112675672	62
1112675672	78
1112675672	78
1112675672	93
1112675672	93
1112675672	109
1112675672	109
1112675672	125
1112675672	125
1112675672	140
1112675672	140
1112675672	156
1112675672	156
1112675672	171
1112675672	171
1112675672	187
1112675672	187
1112675672	203
1112675672	203
1112675672	218
1112675672	218
1112675672	234
1112675672	234
1112675672	250
1112675672	281
1112675672	281
1112675672	281
1112675672	281
1112675672	281
1112675672	296
1112675672	296
1112675672	312
1112675672	312
1112675672	328
1112675672	328
1112675672	343
1112675672	343
1112675672	359
1112675672	359
1112675672	375
1112675672	375
1112675672	390
1112675672	390
1112675672	406
1112675672	406
1112675672	421
1112675672	421
1112675672	437
1112675672	437
1112675672	453
1112675672	453
1112675672	468
1112675672	500
1112675672	500
1112675672	500
1112675672	500
1112675672	500
1112675672	515
1112675672	515
1112675672	531
1112675672	531
1112675672	546
1112675672	546
1112675672	562
1112675672	562
1112675672	578
1112675672	578
1112675672	593
1112675672	593
1112675672	609
1112675672	609
1112675672	625
1112675672	625
1112675672	640
1112675672	640
1112675672	656
1112675672	656
1112675672	671
1112675672	671
1112675672	687
1112675672	718
1112675672	718
1112675672	718
1112675672	718
1112675672	718
1112675672	734
1112675672	734
1112675672	750
1112675672	750
1112675672	765
1112675672	765
1112675672	781
1112675672	781
1112675672	796
1112675672	796
1112675672	812
1112675672	812
1112675672	828
1112675672	828
1112675672	843
1112675672	843
1112675672	859
1112675672	859
1112675672	875
1112675672	875
1112675672	890
1112675672	890
1112675672	906
1112675672	906
1112675672	921
1112675672	921
1112675672	937
1112675672	937
1112675672	953
1112675672	953
1112675672	968
1112675672	968
1112675672	984
1112675672	984
1112675673	0
1112675673	0
1112675673	15
1112675673	46
1112675673	46
1112675673	46
1112675673	46
1112675673	46
1112675673	62
1112675673	62
1112675673	78
1112675673	78
1112675673	93
1112675673	93
1112675673	109
1112675673	109
1112675673	125
1112675673	125
1112675673	140
1112675673	140
1112675673	156
1112675673	156
1112675673	171
1112675673	171
1112675673	187
1112675673	187
1112675673	203
1112675673	203
1112675673	218
1112675673	218
1112675673	234
1112675673	265
1112675673	265
1112675673	265
1112675673	265
1112675673	265
1112675673	281
1112675673	281
1112675673	296
1112675673	296
1112675673	312
1112675673	312
1112675673	328
1112675673	328
1112675673	343
1112675673	343
1112675673	359
1112675673	359
1112675673	375
1112675673	375
1112675673	390
1112675673	390
1112675673	406
1112675673	406
1112675673	421
1112675673	421
1112675673	437
1112675673	437
1112675673	453
1112675673	484
1112675673	484
1112675673	484
1112675673	484
1112675673	484
1112675673	500
1112675673	500
1112675673	515
1112675673	515
1112675673	531
1112675673	531
1112675673	546
1112675673	546
1112675673	562
1112675673	562
1112675673	578
1112675673	578
1112675673	593
1112675673	593
1112675673	609
1112675673	609
1112675673	625
1112675673	625
1112675673	640
1112675673	640
1112675673	656
1112675673	656
1112675673	671
1112675673	703
1112675673	703
1112675673	703
1112675673	703
1112675673	703
1112675673	718
1112675673	718
1112675673	734
1112675673	734
1112675673	750
1112675673	750
1112675673	765
1112675673	765
1112675673	781
1112675673	781
1112675673	796
1112675673	796
1112675673	812
1112675673	812
1112675673	828
1112675673	828
1112675673	843
1112675673	843
1112675673	859
1112675673	859
1112675673	875
1112675673	875
1112675673	890
1112675673	921
1112675673	921
1112675673	921
1112675673	921
1112675673	921
1112675673	937
1112675673	937
1112675673	953
1112675673	953
1112675673	968
1112675673	968
1112675673	984
1112675673	984
1112675674	0
1112675674	0
1112675674	15
1112675674	15
1112675674	31
1112675674	31
1112675674	46
1112675674	46
1112675674	62
1112675674	62
1112675674	78
1112675674	78
1112675674	93
1112675674	93
1112675674	109
1112675674	140
1112675674	140
1112675674	140
1112675674	140
1112675674	140
1112675674	156
1112675674	156
1112675674	171
1112675674	171
1112675674	187
1112675674	187
1112675674	203
1112675674	203
1112675674	218
1112675674	218
1112675674	234
1112675674	234
1112675674	250
1112675674	250
1112675674	265
1112675674	265
1112675674	281
1112675674	281
1112675674	296
1112675674	296
1112675674	312
1112675674	312
1112675674	328
1112675674	359
1112675674	359
1112675674	359
1112675674	359
1112675674	359
1112675674	375
1112675674	375
1112675674	390
1112675674	390
1112675674	406
1112675674	406
1112675674	421
1112675674	421
1112675674	437
1112675674	437
1112675674	453
1112675674	453
1112675674	468
1112675674	468
1112675674	484
1112675674	484
1112675674	500
1112675674	500
1112675674	515
1112675674	515
1112675674	531
1112675674	531
1112675674	546
1112675674	578
1112675674	578
1112675674	578
1112675674	578
1112675674	578
1112675674	593
1112675674	593
1112675674	609
1112675674	609
1112675674	625
1112675674	625
1112675674	640
1112675674	640
1112675674	656
1112675674	656
1112675674	671
1112675674	671
1112675674	687
1112675674	687
1112675674	703
1112675674	703
1112675674	718
1112675674	718
1112675674	734
1112675674	734
1112675674	750
1112675674	750
1112675674	765
1112675674	796
1112675674	796
1112675674	796
1112675674	796
1112675674	796
1112675674	812
1112675674	812
1112675674	828
1112675674	828
1112675674	843
1112675674	843
1112675674	859
1112675674	859
1112675674	875
1112675674	875
1112675674	890
1112675674	890
1112675674	906
1112675674	906
1112675674	921
1112675674	921
1112675674	937
1112675674	937
1112675674	953
1112675674	953
1112675674	968
1112675674	968
1112675674	984
1112675675	15
1112675675	15
1112675675	15
1112675675	15
1112675675	15
1112675675	31
1112675675	31
1112675675	46
1112675675	46
1112675675	62
1112675675	62
1112675675	78
1112675675	78
1112675675	93
1112675675	93
1112675675	109
1112675675	109
1112675675	125
1112675675	125
1112675675	140
1112675675	140
1112675675	156
1112675675	156
1112675675	171
1112675675	171
1112675675	187
1112675675	187
1112675675	203
1112675675	203
1112675675	218
1112675675	218
1112675675	234
1112675675	234
1112675675	250
1112675675	250
1112675675	265
1112675675	265
1112675675	281
1112675675	281
1112675675	296
1112675675	296
1112675675	312
1112675675	343
1112675675	343
1112675675	343
1112675675	343
1112675675	343
1112675675	359
1112675675	359
1112675675	375
1112675675	375
1112675675	390
1112675675	390
1112675675	406
1112675675	406
1112675675	421
1112675675	421
1112675675	437
1112675675	437
1112675675	453
1112675675	453
1112675675	468
1112675675	468
1112675675	484
1112675675	484
1112675675	500
1112675675	500
1112675675	515
1112675675	515
1112675675	531
1112675675	562
1112675675	562
1112675675	562
1112675675	562
1112675675	562
1112675675	578
1112675675	578
1112675675	593
1112675675	593
1112675675	609
1112675675	609
1112675675	625
1112675675	625
1112675675	640
1112675675	640
1112675675	656
1112675675	656
1112675675	671
1112675675	671
1112675675	687
1112675675	687
1112675675	703
1112675675	703
1112675675	718
1112675675	718
1112675675	734
1112675675	734
1112675675	750
1112675675	781
1112675675	781
1112675675	781
1112675675	781
1112675675	781
1112675675	796
1112675675	796
1112675675	812
1112675675	812
1112675675	828
1112675675	828
1112675675	843
1112675675	843
1112675675	859
1112675675	859
1112675675	875
1112675675	875
1112675675	890
1112675675	890
1112675675	906
1112675675	906
1112675675	921
1112675675	921
1112675675	937
1112675675	937
1112675675	953
1112675675	953
1112675675	968
1112675676	0
1112675676	0
1112675676	0
1112675676	0
1112675676	0
1112675676	15
1112675676	15
1112675676	31
1112675676	31
1112675676	46
1112675676	46
1112675676	62
1112675676	62
1112675676	78
1112675676	78
1112675676	93
1112675676	93
1112675676	109
1112675676	109
1112675676	125
1112675676	125
1112675676	140
1112675676	140
1112675676	156
1112675676	156
1112675676	171
1112675676	171
1112675676	187
1112675676	218
1112675676	218
1112675676	218
1112675676	218
1112675676	218
1112675676	234
1112675676	234
1112675676	250
1112675676	250
1112675676	265
1112675676	265
1112675676	281
1112675676	281
1112675676	296
1112675676	296
1112675676	312
1112675676	312
1112675676	328
1112675676	328
1112675676	343
1112675676	343
1112675676	359
1112675676	359
1112675676	375
1112675676	375
1112675676	390
1112675676	390
1112675676	406
1112675676	406
1112675676	421
1112675676	421
1112675676	437
1112675676	437
1112675676	453
1112675676	453
1112675676	468
1112675676	468
1112675676	484
1112675676	484
1112675676	500
1112675676	500
1112675676	515
1112675676	546
1112675676	546
1112675676	546
1112675676	546
1112675676	546
1112675676	562
1112675676	562
1112675676	578
1112675676	578
1112675676	593
1112675676	593
1112675676	609
1112675676	609
1112675676	625
1112675676	625
1112675676	640
1112675676	640
1112675676	656
1112675676	656
1112675676	671
1112675676	671
1112675676	687
1112675676	687
1112675676	703
1112675676	703
1112675676	718
1112675676	718
1112675676	734
1112675676	765
1112675676	765
1112675676	765
1112675676	765
1112675676	765
1112675676	781
1112675676	781
1112675676	796
1112675676	796
1112675676	812
1112675676	812
1112675676	828
1112675676	828
1112675676	843
1112675676	843
1112675676	859
1112675676	859
1112675676	875
1112675676	875
1112675676	890
1112675676	890
1112675676	906
1112675676	906
1112675676	921
1112675676	921
1112675676	937
1112675676	937
1112675676	953
1112675676	984
1112675676	984
1112675676	984
1112675676	984
1112675676	984
1112675677	0
1112675677	0
1112675677	15
1112675677	15
1112675677	31
1112675677	31
1112675677	46
1112675677	46
1112675677	62
1112675677	62
1112675677	78
1112675677	78
1112675677	93
1112675677	93
1112675677	109
1112675677	109
1112675677	125
1112675677	125
1112675677	140
1112675677	140
1112675677	156
1112675677	156
1112675677	171
1112675677	203
1112675677	203
1112675677	203
1112675677	203
1112675677	203
1112675677	218
1112675677	218
1112675677	234
1112675677	234
1112675677	250
1112675677	250
1112675677	265
1112675677	265
1112675677	281
1112675677	281
1112675677	296
1112675677	296
1112675677	312
1112675677	312
1112675677	328
1112675677	328
1112675677	343
1112675677	343
1112675677	359
1112675677	359
1112675677	375
1112675677	375
1112675677	390
1112675677	421
1112675677	421
1112675677	421
1112675677	421
1112675677	421
1112675677	437
1112675677	437
1112675677	453
1112675677	453
1112675677	468
1112675677	468
1112675677	484
1112675677	484
1112675677	500
1112675677	500
1112675677	515
1112675677	515
1112675677	531
1112675677	531
1112675677	546
1112675677	546
1112675677	562
1112675677	562
1112675677	578
1112675677	578
1112675677	593
1112675677	593
1112675677	609
1112675677	640
1112675677	640
1112675677	640
1112675677	640
1112675677	640
1112675677	656
1112675677	656
1112675677	671
1112675677	671
1112675677	687
1112675677	687
1112675677	703
1112675677	703
1112675677	718
1112675677	718
1112675677	734
1112675677	734
1112675677	750
1112675677	750
1112675677	765
1112675677	765
1112675677	781
1112675677	781
1112675677	796
1112675677	796
1112675677	812
1112675677	812
1112675677	828
1112675677	859
1112675677	859
1112675677	859
1112675677	859
1112675677	859
1112675677	875
1112675677	875
1112675677	890
1112675677	890
1112675677	906
1112675677	906
1112675677	921
1112675677	921
1112675677	937
1112675677	937
1112675677	953
1112675677	953
1112675677	968
1112675677	968
1112675677	984
1112675677	984
1112675678	0
1112675678	0
1112675678	15
1112675678	15
1112675678	31
1112675678	31
1112675678	46
1112675678	78
1112675678	78
1112675678	78
1112675678	78
1112675678	78
1112675678	93
1112675678	93
1112675678	109
1112675678	109
1112675678	125
1112675678	125
1112675678	140
1112675678	140
1112675678	156
1112675678	156
1112675678	171
1112675678	171
1112675678	187
1112675678	187
1112675678	203
1112675678	203
1112675678	218
1112675678	218
1112675678	234
1112675678	234
1112675678	250
1112675678	250
1112675678	265
1112675678	296
1112675678	296
1112675678	296
1112675678	296
1112675678	296
1112675678	312
1112675678	312
1112675678	328
1112675678	328
1112675678	343
1112675678	343
1112675678	359
1112675678	359
1112675678	375
1112675678	375
1112675678	390
1112675678	390
1112675678	406
1112675678	406
1112675678	421
1112675678	421
1112675678	437
1112675678	437
1112675678	453
1112675678	453
1112675678	468
1112675678	468
1112675678	484
1112675678	515
1112675678	515
1112675678	515
1112675678	515
1112675678	515
1112675678	531
1112675678	531
1112675678	546
1112675678	546
1112675678	562
1112675678	562
1112675678	578
1112675678	578
1112675678	593
1112675678	593
1112675678	609
1112675678	609
1112675678	625
1112675678	625
1112675678	640
1112675678	640
1112675678	656
1112675678	656
1112675678	671
1112675678	671
1112675678	687
1112675678	687
1112675678	703
1112675678	703
1112675678	718
1112675678	718
1112675678	734
1112675678	734
1112675678	750
1112675678	750
1112675678	765
1112675678	765
1112675678	781
1112675678	781
1112675678	796
1112675678	796
1112675678	812
1112675678	843
1112675678	843
1112675678	843
1112675678	843
1112675678	843
1112675678	859
1112675678	859
1112675678	875
1112675678	875
1112675678	890
1112675678	890
1112675678	906
1112675678	906
1112675678	921
1112675678	921
1112675678	937
1112675678	937
1112675678	953
1112675678	953
1112675678	968
1112675678	968
1112675678	984
1112675678	984
1112675679	0
1112675679	0
1112675679	15
1112675679	15
1112675679	31
1112675679	62
1112675679	62
1112675679	62
1112675679	62
1112675679	62
1112675679	78
1112675679	78
1112675679	93
1112675679	93
1112675679	109
1112675679	109
1112675679	125
1112675679	125
1112675679	140
1112675679	140
1112675679	156
1112675679	156
1112675679	171
1112675679	171
1112675679	187
1112675679	187
1112675679	203
1112675679	203
1112675679	218
1112675679	218
1112675679	234
1112675679	234
1112675679	250
1112675679	281
1112675679	281
1112675679	281
1112675679	281
1112675679	281
1112675679	296
1112675679	296
1112675679	312
1112675679	312
1112675679	328
1112675679	328
1112675679	343
1112675679	343
1112675679	359
1112675679	359
1112675679	375
1112675679	375
1112675679	390
1112675679	390
1112675679	406
1112675679	406
1112675679	421
1112675679	421
1112675679	437
1112675679	437
1112675679	453
1112675679	453
1112675679	468
1112675679	500
1112675679	500
1112675679	500
1112675679	500
1112675679	500
1112675679	515
1112675679	515
1112675679	531
1112675679	531
1112675679	546
1112675679	546
1112675679	562
1112675679	562
1112675679	578
1112675679	578
1112675679	593
1112675679	593
1112675679	609
1112675679	609
1112675679	625
1112675679	625
1112675679	640
1112675679	640
1112675679	656
1112675679	656
1112675679	671
1112675679	671
1112675679	687
1112675679	718
1112675679	718
1112675679	718
1112675679	718
1112675679	718
1112675679	734
1112675679	734
1112675679	750
1112675679	750
1112675679	765
1112675679	765
1112675679	781
1112675679	781
1112675679	796
1112675679	796
1112675679	812
1112675679	812
1112675679	828
1112675679	828
1112675679	843
1112675679	843
1112675679	859
1112675679	859
1112675679	875
1112675679	875
1112675679	890
1112675679	890
1112675679	906
1112675679	906
1112675679	921
1112675679	921
1112675679	937
1112675679	937
1112675679	953
1112675679	953
1112675679	968
1112675679	968
1112675679	984
1112675679	984
1112675680	0
1112675680	0
1112675680	15
1112675680	46
1112675680	46
1112675680	46
1112675680	46
1112675680	46
1112675680	62
1112675680	62
1112675680	78
1112675680	78
1112675680	93
1112675680	93
1112675680	109
1112675680	109
1112675680	125
1112675680	125
1112675680	140
1112675680	140
1112675680	156
1112675680	156
1112675680	171
1112675680	171
1112675680	187
1112675680	187
1112675680	203
1112675680	203
1112675680	218
1112675680	218
1112675680	234
1112675680	265
1112675680	265
1112675680	265
1112675680	265
1112675680	265
1112675680	281
1112675680	281
1112675680	296
1112675680	296
1112675680	312
1112675680	312
1112675680	328
1112675680	328
1112675680	343
1112675680	343
1112675680	359
1112675680	359
1112675680	375
1112675680	375
1112675680	390
1112675680	390
1112675680	406
1112675680	406
1112675680	421
1112675680	421
1112675680	437
1112675680	437
1112675680	453
1112675680	484
1112675680	484
1112675680	484
1112675680	484
1112675680	484
1112675680	500
1112675680	500
1112675680	515
1112675680	515
1112675680	531
1112675680	531
1112675680	546
1112675680	546
1112675680	562
1112675680	562
1112675680	578
1112675680	578
1112675680	593
1112675680	593
1112675680	609
1112675680	609
1112675680	625
1112675680	625
1112675680	640
1112675680	640
1112675680	656
1112675680	656
1112675680	671
1112675680	703
1112675680	703
1112675680	703
1112675680	703
1112675680	703
1112675680	718
1112675680	718
1112675680	734
1112675680	734
1112675680	750
1112675680	750
1112675680	765
1112675680	765
1112675680	781
1112675680	781
1112675680	796
1112675680	796
1112675680	812
1112675680	812
1112675680	828
1112675680	828
1112675680	843
1112675680	843
1112675680	859
1112675680	859
1112675680	875
1112675680	875
1112675680	890
1112675680	921
1112675680	921
1112675680	921
1112675680	921
1112675680	921
1112675680	937
1112675680	937
1112675680	953
1112675680	953
1112675680	968
1112675680	968
1112675680	984
1112675680	984
1112675681	0
1112675681	0
1112675681	15
1112675681	15
1112675681	31
1112675681	31
1112675681	46
1112675681	46
1112675681	62
1112675681	62
1112675681	78
1112675681	78
1112675681	93
1112675681	93
1112675681	109
1112675681	140
1112675681	140
1112675681	140
1112675681	140
1112675681	140
1112675681	156
1112675681	156
1112675681	171
1112675681	171
1112675681	187
1112675681	187
1112675681	203
1112675681	203
1112675681	218
1112675681	218
1112675681	234
1112675681	234
1112675681	250
1112675681	250
1112675681	265
1112675681	265
1112675681	281
1112675681	281
1112675681	296
1112675681	296
1112675681	312
1112675681	312
1112675681	328
1112675681	359
1112675681	359
1112675681	359
1112675681	359
1112675681	359
1112675681	375
1112675681	375
1112675681	390
1112675681	390
1112675681	406
1112675681	406
1112675681	421
1112675681	421
1112675681	437
1112675681	437
1112675681	453
1112675681	453
1112675681	468
1112675681	468
1112675681	484
1112675681	484
1112675681	500
1112675681	500
1112675681	515
1112675681	515
1112675681	531
1112675681	531
1112675681	546
1112675681	578
1112675681	578
1112675681	578
1112675681	578
1112675681	578
1112675681	593
1112675681	593
1112675681	609
1112675681	609
1112675681	625
1112675681	625
1112675681	640
1112675681	640
1112675681	656
1112675681	656
1112675681	671
1112675681	671
1112675681	687
1112675681	687
1112675681	703
1112675681	703
1112675681	718
1112675681	718
1112675681	734
1112675681	734
1112675681	750
1112675681	750
1112675681	765
1112675681	796
1112675681	796
1112675681	796
1112675681	796
1112675681	796
1112675681	812
1112675681	812
1112675681	828
1112675681	828
1112675681	843
1112675681	843
1112675681	859
1112675681	859
1112675681	875
1112675681	875
1112675681	890
1112675681	890
1112675681	906
1112675681	906
1112675681	921
1112675681	921
1112675681	937
1112675681	937
1112675681	953
1112675681	953
1112675681	968
1112675681	968
1112675681	984
1112675682	15
1112675682	15
1112675682	15
1112675682	15
1112675682	15
1112675682	31
1112675682	31
1112675682	46
1112675682	46
1112675682	62
1112675682	62
1112675682	78
1112675682	78
1112675682	93
1112675682	93
1112675682	109
1112675682	109
1112675682	125
1112675682	125
1112675682	140
1112675682	140
1112675682	156
1112675682	156
1112675682	171
1112675682	171
1112675682	187
1112675682	187
1112675682	203
1112675682	203
1112675682	218
1112675682	218
1112675682	234
1112675682	234
1112675682	250
1112675682	250
1112675682	265
1112675682	265
1112675682	281
1112675682	281
1112675682	296
1112675682	296
1112675682	312
1112675682	343
1112675682	343
1112675682	343
1112675682	343
1112675682	343
1112675682	359
1112675682	359
1112675682	375
1112675682	375
1112675682	390
1112675682	390
1112675682	406
1112675682	406
1112675682	421
1112675682	421
1112675682	437
1112675682	437
1112675682	453
1112675682	453
1112675682	468
1112675682	468
1112675682	484
1112675682	484
1112675682	500
1112675682	500
1112675682	515
1112675682	515
1112675682	531
1112675682	562
1112675682	562
1112675682	562
1112675682	562
1112675682	562
1112675682	578
1112675682	578
1112675682	593
1112675682	593
1112675682	609
1112675682	609
1112675682	625
1112675682	625
1112675682	640
1112675682	640
1112675682	656
1112675682	656
1112675682	671
1112675682	671
1112675682	687
1112675682	687
1112675682	703
1112675682	703
1112675682	718
1112675682	718
1112675682	734
1112675682	734
1112675682	750
1112675682	781
1112675682	781
1112675682	781
1112675682	781
1112675682	781
1112675682	796
1112675682	796
1112675682	812
1112675682	812
1112675682	828
1112675682	828
1112675682	843
1112675682	843
1112675682	859
1112675682	859
1112675682	875
1112675682	875
1112675682	890
1112675682	890
1112675682	906
1112675682	906
1112675682	921
1112675682	921
1112675682	937
1112675682	937
1112675682	953
1112675682	953
1112675682	968
1112675683	0
1112675683	0
1112675683	0
1112675683	0
1112675683	0
1112675683	15
1112675683	15
1112675683	31
1112675683	31
1112675683	46
1112675683	46
1112675683	62
1112675683	62
1112675683	78
1112675683	78
1112675683	93
1112675683	93
1112675683	109
1112675683	109
1112675683	125
1112675683	125
1112675683	140
1112675683	140
1112675683	156
1112675683	156
1112675683	171
1112675683	171
1112675683	187
1112675683	218
1112675683	218
1112675683	218
1112675683	218
1112675683	218
1112675683	234
1112675683	234
1112675683	250
1112675683	250
1112675683	265
1112675683	265
1112675683	281
1112675683	281
1112675683	296
1112675683	296
1112675683	312
1112675683	312
1112675683	328
1112675683	328
1112675683	343
1112675683	343
1112675683	359
1112675683	359
1112675683	375
1112675683	375
1112675683	390
1112675683	390
1112675683	406
1112675683	406
1112675683	421
1112675683	421
1112675683	437
1112675683	437
1112675683	453
1112675683	453
1112675683	468
1112675683	468
1112675683	484
1112675683	484
1112675683	500
1112675683	500
1112675683	515
1112675683	546
1112675683	546
1112675683	546
1112675683	546
1112675683	546
1112675683	562
1112675683	562
1112675683	578
1112675683	578
1112675683	593
1112675683	593
1112675683	609
1112675683	609
1112675683	625
1112675683	625
1112675683	640
1112675683	640
1112675683	656
1112675683	656
1112675683	671
1112675683	671
1112675683	687
1112675683	687
1112675683	703
1112675683	703
1112675683	718
1112675683	718
1112675683	734
1112675683	765
1112675683	765
1112675683	765
1112675683	765
1112675683	765
1112675683	781
1112675683	781
1112675683	796
1112675683	796
1112675683	812
1112675683	812
1112675683	828
1112675683	828
1112675683	843
1112675683	843
1112675683	859
1112675683	859
1112675683	875
1112675683	875
1112675683	890
1112675683	890
1112675683	906
1112675683	906
1112675683	921
1112675683	921
1112675683	937
1112675683	937
1112675683	953
1112675683	984
1112675683	984
1112675683	984
1112675683	984
1112675683	984
1112675684	0
1112675684	0
1112675684	15
1112675684	15
1112675684	31
1112675684	31
1112675684	46
1112675684	46
1112675684	62
1112675684	62
1112675684	78
1112675684	78
1112675684	93
1112675684	93
1112675684	109
1112675684	109
1112675684	125
1112675684	125
1112675684	140
1112675684	140
1112675684	156
1112675684	156
1112675684	171
1112675684	203
1112675684	203
1112675684	203
1112675684	203
1112675684	203
1112675684	218
1112675684	218
1112675684	234
1112675684	234
1112675684	250
1112675684	250
1112675684	265
1112675684	265
1112675684	281
1112675684	281
1112675684	296
1112675684	296
1112675684	312
1112675684	312
1112675684	328
1112675684	328
1112675684	343
1112675684	343
1112675684	359
1112675684	359
1112675684	375
1112675684	375
1112675684	390
1112675684	421
1112675684	421
1112675684	421
1112675684	421
1112675684	421
1112675684	437
1112675684	437
1112675684	453
1112675684	453
1112675684	468
1112675684	468
1112675684	484
1112675684	484
1112675684	500
1112675684	500
1112675684	515
1112675684	515
1112675684	531
1112675684	531
1112675684	546
1112675684	546
1112675684	562
1112675684	562
1112675684	578
1112675684	578
1112675684	593
1112675684	593
1112675684	609
1112675684	640
1112675684	640
1112675684	640
1112675684	640
1112675684	640
1112675684	656
1112675684	656
1112675684	671
1112675684	671
1112675684	687
1112675684	687
1112675684	703
1112675684	703
1112675684	718
1112675684	718
1112675684	734
1112675684	734
1112675684	750
1112675684	750
1112675684	765
1112675684	765
1112675684	781
1112675684	781
1112675684	796
1112675684	796
1112675684	812
1112675684	812
1112675684	828
1112675684	859
1112675684	859
1112675684	859
1112675684	859
1112675684	859
1112675684	875
1112675684	875
1112675684	890
1112675684	890
1112675684	906
1112675684	906
1112675684	921
1112675684	921
1112675684	937
1112675684	937
1112675684	953
1112675684	953
1112675684	968
1112675684	968
1112675684	984
1112675684	984
1112675685	0
1112675685	0
1112675685	15
1112675685	15
1112675685	31
1112675685	31
1112675685	46
1112675685	78
1112675685	78
1112675685	78
1112675685	78
1112675685	78
1112675685	93
1112675685	93
1112675685	109
1112675685	109
1112675685	125
1112675685	125
1112675685	140
1112675685	140
1112675685	156
1112675685	156
1112675685	171
1112675685	171
1112675685	187
1112675685	187
1112675685	203
1112675685	203
1112675685	218
1112675685	218
1112675685	234
1112675685	234
1112675685	250
1112675685	250
1112675685	265
1112675685	296
1112675685	296
1112675685	296
1112675685	296
1112675685	296
1112675685	312
1112675685	312
1112675685	328
1112675685	328
1112675685	343
1112675685	343
1112675685	359
1112675685	359
1112675685	375
1112675685	375
1112675685	390
1112675685	390
1112675685	406
1112675685	406
1112675685	421
1112675685	421
1112675685	437
1112675685	437
1112675685	453
1112675685	453
1112675685	468
1112675685	468
1112675685	484
1112675685	515
1112675685	515
1112675685	515
1112675685	515
1112675685	515
1112675685	531
1112675685	531
1112675685	546
1112675685	546
1112675685	562
1112675685	562
1112675685	578
1112675685	578
1112675685	593
1112675685	593
1112675685	609
1112675685	609
1112675685	625
1112675685	625
1112675685	640
1112675685	640
1112675685	656
1112675685	656
1112675685	671
1112675685	671
1112675685	687
1112675685	687
1112675685	703
1112675685	703
1112675685	718
1112675685	718
1112675685	734
1112675685	734
1112675685	750
1112675685	750
1112675685	765
1112675685	765
1112675685	781
1112675685	781
1112675685	796
1112675685	796
1112675685	812
1112675685	843
1112675685	843
1112675685	843
1112675685	843
1112675685	843
1112675685	859
1112675685	859
1112675685	875
1112675685	875
1112675685	890
1112675685	890
1112675685	906
1112675685	906
1112675685	921
1112675685	921
1112675685	937
1112675685	937
1112675685	953
1112675685	953
1112675685	968
1112675685	968
1112675685	984
1112675685	984
1112675686	0
1112675686	0
1112675686	15
1112675686	15
1112675686	31
1112675686	62
1112675686	62
1112675686	62
1112675686	62
1112675686	62
1112675686	78
1112675686	78
1112675686	93
1112675686	93
1112675686	109
1112675686	109
1112675686	125
1112675686	125
1112675686	140
1112675686	140
1112675686	156
1112675686	156
1112675686	171
1112675686	171
1112675686	187
1112675686	187
1112675686	203
1112675686	203
1112675686	218
1112675686	218
1112675686	234
1112675686	234
1112675686	250
1112675686	281
1112675686	281
1112675686	281
1112675686	281
1112675686	281
1112675686	296
1112675686	296
1112675686	312
1112675686	312
1112675686	328
1112675686	328
1112675686	343
1112675686	343
1112675686	359
1112675686	359
1112675686	375
1112675686	375
1112675686	390
1112675686	390
1112675686	406
1112675686	406
1112675686	421
1112675686	421
1112675686	437
1112675686	437
1112675686	453
1112675686	453
1112675686	468
1112675686	500
1112675686	500
1112675686	500
1112675686	500
1112675686	500
1112675686	515
1112675686	515
1112675686	531
1112675686	531
1112675686	546
1112675686	546
1112675686	562
1112675686	562
1112675686	578
1112675686	578
1112675686	593
1112675686	593
1112675686	609
1112675686	609
1112675686	625
1112675686	625
1112675686	640
1112675686	640
1112675686	656
1112675686	656
1112675686	671
1112675686	671
1112675686	687
1112675686	718
1112675686	718
1112675686	718
1112675686	718
1112675686	718
1112675686	734
1112675686	734
1112675686	750
1112675686	750
1112675686	765
1112675686	765
1112675686	781
1112675686	781
1112675686	796
1112675686	796
1112675686	812
1112675686	812
1112675686	828
1112675686	828
1112675686	843
1112675686	843
1112675686	859
1112675686	859
1112675686	875
1112675686	875
1112675686	890
1112675686	890
1112675686	906
1112675686	906
1112675686	921
1112675686	921
1112675686	937
1112675686	937
1112675686	953
1112675686	953
1112675686	968
1112675686	968
1112675686	984
1112675686	984
1112675687	0
1112675687	0
1112675687	15
1112675687	46
1112675687	46
1112675687	46
1112675687	46
1112675687	46
1112675687	62
1112675687	62
1112675687	78
1112675687	78
1112675687	93
1112675687	93
1112675687	109
1112675687	109
1112675687	125
1112675687	125
1112675687	140
1112675687	140
1112675687	156
1112675687	156
1112675687	171
1112675687	171
1112675687	187
1112675687	187
1112675687	203
1112675687	203
1112675687	218
1112675687	218
1112675687	234
1112675687	265
1112675687	265
1112675687	265
1112675687	265
1112675687	265
1112675687	281
1112675687	281
1112675687	296
1112675687	296
1112675687	312
1112675687	312
1112675687	328
1112675687	328
1112675687	343
1112675687	343
1112675687	359
1112675687	359
1112675687	375
1112675687	375
1112675687	390
1112675687	390
1112675687	406
1112675687	406
1112675687	421
1112675687	421
1112675687	437
1112675687	437
1112675687	453
1112675687	484
1112675687	484
1112675687	484
1112675687	484
1112675687	484
1112675687	500
1112675687	500
1112675687	515
1112675687	515
1112675687	531
1112675687	531
1112675687	546
1112675687	546
1112675687	562
1112675687	562
1112675687	578
1112675687	578
1112675687	593
1112675687	593
1112675687	609
1112675687	609
1112675687	625
1112675687	625
1112675687	640
1112675687	640
1112675687	656
1112675687	656
1112675687	671
1112675687	703
1112675687	703
1112675687	703
1112675687	703
1112675687	703
1112675687	718
1112675687	718
1112675687	734
1112675687	734
1112675687	750
1112675687	750
1112675687	765
1112675687	765
1112675687	781
1112675687	781
1112675687	796
1112675687	796
1112675687	812
1112675687	812
1112675687	828
1112675687	828
1112675687	843
1112675687	843
1112675687	859
1112675687	859
1112675687	875
1112675687	875
1112675687	890
1112675687	921
1112675687	921
1112675687	921
1112675687	921
1112675687	921
1112675687	937
1112675687	937
1112675687	953
1112675687	953
1112675687	968
1112675687	968
1112675687	984
1112675687	984
1112675688	0
1112675688	0
1112675688	15
1112675688	15
1112675688	31
1112675688	31
1112675688	46
1112675688	46
1112675688	62
1112675688	62
1112675688	78
1112675688	78
1112675688	93
1112675688	93
1112675688	109
1112675688	140
1112675688	140
1112675688	140
1112675688	140
1112675688	140
1112675688	156
1112675688	156
1112675688	171
1112675688	171
1112675688	187
1112675688	187
1112675688	203
1112675688	203
1112675688	218
1112675688	218
1112675688	234
1112675688	234
1112675688	250
1112675688	250
1112675688	265
1112675688	265
1112675688	281
1112675688	281
1112675688	296
1112675688	296
1112675688	312
1112675688	312
1112675688	328
1112675688	359
1112675688	359
1112675688	359
1112675688	359
1112675688	359
1112675688	375
1112675688	375
1112675688	390
1112675688	390
1112675688	406
1112675688	406
1112675688	421
1112675688	421
1112675688	437
1112675688	437
1112675688	453
1112675688	453
1112675688	468
1112675688	468
1112675688	484
1112675688	484
1112675688	500
1112675688	500
1112675688	515
1112675688	515
1112675688	531
1112675688	531
1112675688	546
1112675688	578
1112675688	578
1112675688	578
1112675688	578
1112675688	578
1112675688	593
1112675688	593
1112675688	609
1112675688	609
1112675688	625
1112675688	625
1112675688	640
1112675688	640
1112675688	656
1112675688	656
1112675688	671
1112675688	671
1112675688	687
1112675688	687
1112675688	703
1112675688	703
1112675688	718
1112675688	718
1112675688	734
1112675688	734
1112675688	750
1112675688	750
1112675688	765
1112675688	796
1112675688	796
1112675688	796
1112675688	796
1112675688	796
1112675688	812
1112675688	812
1112675688	828
1112675688	828
1112675688	843
1112675688	843
1112675688	859
1112675688	859
1112675688	875
1112675688	875
1112675688	890
1112675688	890
1112675688	906
1112675688	906
1112675688	921
1112675688	921
1112675688	937
1112675688	937
1112675688	953
1112675688	953
1112675688	968
1112675688	968
1112675688	984
1112675689	15
1112675689	15
1112675689	15
1112675689	15
1112675689	15
1112675689	31
1112675689	31
1112675689	46
1112675689	46
1112675689	62
1112675689	62
1112675689	78
1112675689	78
1112675689	93
1112675689	93
1112675689	109
1112675689	109
1112675689	125
1112675689	125
1112675689	140
1112675689	140
1112675689	156
1112675689	156
1112675689	171
1112675689	171
1112675689	187
1112675689	187
1112675689	203
1112675689	203
1112675689	218
1112675689	218
1112675689	234
1112675689	234
1112675689	250
1112675689	250
1112675689	265
1112675689	265
1112675689	281
1112675689	281
1112675689	296
1112675689	296
1112675689	312
1112675689	343
1112675689	343
1112675689	343
1112675689	343
1112675689	343
1112675689	359
1112675689	359
1112675689	375
1112675689	375
1112675689	390
1112675689	390
1112675689	406
1112675689	406
1112675689	421
1112675689	421
1112675689	437
1112675689	437
1112675689	453
1112675689	453
1112675689	468
1112675689	468
1112675689	484
1112675689	484
1112675689	500
1112675689	500
1112675689	515
1112675689	515
1112675689	531
1112675689	562
1112675689	562
1112675689	562
1112675689	562
1112675689	562
1112675689	578
1112675689	578
1112675689	593
1112675689	593
1112675689	609
1112675689	609
1112675689	625
1112675689	625
1112675689	640
1112675689	640
1112675689	656
1112675689	656
1112675689	671
1112675689	671
1112675689	687
1112675689	687
1112675689	703
1112675689	703
1112675689	718
1112675689	718
1112675689	734
1112675689	734
1112675689	750
1112675689	781
1112675689	781
1112675689	781
1112675689	781
1112675689	781
1112675689	796
1112675689	796
1112675689	812
1112675689	812
1112675689	828
1112675689	828
1112675689	843
1112675689	843
1112675689	859
1112675689	859
1112675689	875
1112675689	875
1112675689	890
1112675689	890
1112675689	906
1112675689	906
1112675689	921
1112675689	921
1112675689	937
1112675689	937
1112675689	953
1112675689	953
1112675689	968
1112675690	0
1112675690	0
1112675690	0
1112675690	0
1112675690	0
1112675690	15
1112675690	15
1112675690	31
1112675690	31
1112675690	46
1112675690	46
1112675690	62
1112675690	62
1112675690	78
1112675690	78
1112675690	93
1112675690	93
1112675690	109
1112675690	109
1112675690	125
1112675690	125
1112675690	140
1112675690	140
1112675690	156
1112675690	156
1112675690	171
1112675690	171
1112675690	187
1112675690	218
1112675690	218
1112675690	218
1112675690	218
1112675690	218
1112675690	234
1112675690	234
1112675690	250
1112675690	250
1112675690	265
1112675690	265
1112675690	281
1112675690	281
1112675690	296
1112675690	296
1112675690	312
1112675690	312
1112675690	328
1112675690	328
1112675690	343
1112675690	343
1112675690	359
1112675690	359
1112675690	375
1112675690	375
1112675690	390
1112675690	390
1112675690	406
1112675690	406
1112675690	421
1112675690	421
1112675690	437
1112675690	437
1112675690	453
1112675690	453
1112675690	468
1112675690	468
1112675690	484
1112675690	484
1112675690	500
1112675690	500
1112675690	515
1112675690	546
1112675690	546
1112675690	546
1112675690	546
1112675690	546
1112675690	562
1112675690	562
1112675690	578
1112675690	578
1112675690	593
1112675690	593
1112675690	609
1112675690	609
1112675690	625
1112675690	625
1112675690	640
1112675690	640
1112675690	656
1112675690	656
1112675690	671
1112675690	671
1112675690	687
1112675690	687
1112675690	703
1112675690	703
1112675690	718
1112675690	718
1112675690	734
1112675690	765
1112675690	765
1112675690	765
1112675690	765
1112675690	765
1112675690	781
1112675690	781
1112675690	796
1112675690	796
1112675690	812
1112675690	812
1112675690	828
1112675690	828
1112675690	843
1112675690	843
1112675690	859
1112675690	859
1112675690	875
1112675690	875
1112675690	890
1112675690	890
1112675690	906
1112675690	906
1112675690	921
1112675690	921
1112675690	937
1112675690	937
1112675690	953
1112675690	984
1112675690	984
1112675690	984
1112675690	984
1112675690	984
1112675691	0
1112675691	0
1112675691	15
1112675691	15
1112675691	31
1112675691	31
1112675691	46
1112675691	46
1112675691	62
1112675691	62
1112675691	78
1112675691	78
1112675691	93
1112675691	93
1112675691	109
1112675691	109
1112675691	125
1112675691	125
1112675691	140
1112675691	140
1112675691	156
1112675691	156
1112675691	171
1112675691	203
1112675691	203
1112675691	203
1112675691	203
1112675691	203
1112675691	218
1112675691	218
1112675691	234
1112675691	234
1112675691	250
1112675691	250
1112675691	265
1112675691	265
1112675691	281
1112675691	281
1112675691	296
1112675691	296
1112675691	312
1112675691	312
1112675691	328
1112675691	328
1112675691	343
1112675691	343
1112675691	359
1112675691	359
1112675691	375
1112675691	375
1112675691	390
1112675691	421
1112675691	421
1112675691	421
1112675691	421
1112675691	421
1112675691	437
1112675691	437
1112675691	453
1112675691	453
1112675691	468
1112675691	468
1112675691	484
1112675691	484
1112675691	500
1112675691	500
1112675691	515
1112675691	515
1112675691	531
1112675691	531
1112675691	546
1112675691	546
1112675691	562
1112675691	562
1112675691	578
1112675691	578
1112675691	593
1112675691	593
1112675691	609
1112675691	640
1112675691	640
1112675691	640
1112675691	640
1112675691	640
1112675691	656
1112675691	656
1112675691	671
1112675691	671
1112675691	687
1112675691	687
1112675691	703
1112675691	703
1112675691	718
1112675691	718
1112675691	734
1112675691	734
1112675691	750
1112675691	750
1112675691	765
1112675691	765
1112675691	781
1112675691	781
1112675691	796
1112675691	796
1112675691	812
1112675691	812
1112675691	828
1112675691	859
1112675691	859
1112675691	859
1112675691	859
1112675691	859
1112675691	875
1112675691	875
1112675691	890
1112675691	890
1112675691	906
1112675691	906
1112675691	921
1112675691	921
1112675691	937
1112675691	937
1112675691	953
1112675691	953
1112675691	968
1112675691	968
1112675691	984
1112675691	984
1112675692	0
1112675692	0
1112675692	15
1112675692	15
1112675692	31
1112675692	31
1112675692	46
1112675692	78
1112675692	78
1112675692	78
1112675692	78
1112675692	78
1112675692	93
1112675692	93
1112675692	109
1112675692	109
1112675692	125
1112675692	125
1112675692	140
1112675692	140
1112675692	156
1112675692	156
1112675692	171
1112675692	171
1112675692	187
1112675692	187
1112675692	203
1112675692	203
1112675692	218
1112675692	218
1112675692	234
1112675692	234
1112675692	250
1112675692	250
1112675692	265
1112675692	296
1112675692	296
1112675692	296
1112675692	296
1112675692	296
1112675692	312
1112675692	312
1112675692	328
1112675692	328
1112675692	343
1112675692	343
1112675692	359
1112675692	359
1112675692	375
1112675692	375
1112675692	390
1112675692	390
1112675692	406
1112675692	406
1112675692	421
1112675692	421
1112675692	437
1112675692	437
1112675692	453
1112675692	453
1112675692	468
1112675692	468
1112675692	484
1112675692	515
1112675692	515
1112675692	515
1112675692	515
1112675692	515
1112675692	531
1112675692	531
1112675692	546
1112675692	546
1112675692	562
1112675692	562
1112675692	578
1112675692	578
1112675692	593
1112675692	593
1112675692	609
1112675692	609
1112675692	625
1112675692	625
1112675692	640
1112675692	640
1112675692	656
1112675692	656
1112675692	671
1112675692	671
1112675692	687
1112675692	687
1112675692	703
1112675692	703
1112675692	718
1112675692	718
1112675692	734
1112675692	734
1112675692	750
1112675692	750
1112675692	765
1112675692	765
1112675692	781
1112675692	781
1112675692	796
1112675692	796
1112675692	812
1112675692	843
1112675692	843
1112675692	843
1112675692	843
1112675692	843
1112675692	859
1112675692	859
1112675692	875
1112675692	875
1112675692	890
1112675692	890
1112675692	906
1112675692	906
1112675692	921
1112675692	921
1112675692	937
1112675692	937
1112675692	953
1112675692	953
1112675692	968
1112675692	968
1112675692	984
1112675692	984
1112675693	0
1112675693	0
1112675693	15
1112675693	15
1112675693	31
1112675693	62
1112675693	62
1112675693	62
1112675693	62
1112675693	62
1112675693	78
1112675693	78
1112675693	93
1112675693	93
1112675693	109
1112675693	109
1112675693	125
1112675693	125
1112675693	140
1112675693	140
1112675693	156
1112675693	156
1112675693	171
1112675693	171
1112675693	187
1112675693	187
1112675693	203
1112675693	203
1112675693	218
1112675693	218
1112675693	234
1112675693	234
1112675693	250
1112675693	281
1112675693	281
1112675693	281
1112675693	281
1112675693	281
1112675693	296
1112675693	296
1112675693	312
1112675693	312
1112675693	328
1112675693	328
1112675693	343
1112675693	343
1112675693	359
1112675693	359
1112675693	375
1112675693	375
1112675693	390
1112675693	390
1112675693	406
1112675693	406
1112675693	421
1112675693	421
1112675693	437
1112675693	437
1112675693	453
1112675693	453
1112675693	468
1112675693	500
1112675693	500
1112675693	500
1112675693	500
1112675693	500
1112675693	515
1112675693	515
1112675693	531
1112675693	531
1112675693	546
1112675693	546
1112675693	562
1112675693	562
1112675693	578
1112675693	578
1112675693	593
1112675693	593
1112675693	609
1112675693	609
1112675693	625
1112675693	625
1112675693	640
1112675693	640
1112675693	656
1112675693	656
1112675693	671
1112675693	671
1112675693	687
1112675693	718
1112675693	718
1112675693	718
1112675693	718
1112675693	718
1112675693	734
1112675693	734
1112675693	750
1112675693	750
1112675693	765
1112675693	765
1112675693	781
1112675693	781
1112675693	796
1112675693	796
1112675693	812
1112675693	812
1112675693	828
1112675693	828
1112675693	843
1112675693	843
1112675693	859
1112675693	859
1112675693	875
1112675693	875
1112675693	890
1112675693	890
1112675693	906
1112675693	906
1112675693	921
1112675693	921
1112675693	937
1112675693	937
1112675693	953
1112675693	953
1112675693	968
1112675693	968
1112675693	984
1112675693	984
1112675694	0
1112675694	0
1112675694	15
1112675694	46
1112675694	46
1112675694	46
1112675694	46
1112675694	46
1112675694	62
1112675694	62
1112675694	78
1112675694	78
1112675694	93
1112675694	93
1112675694	109
1112675694	109
1112675694	125
1112675694	125
1112675694	140
1112675694	140
1112675694	156
1112675694	156
1112675694	171
1112675694	171
1112675694	187
1112675694	187
1112675694	203
1112675694	203
1112675694	218
1112675694	218
1112675694	234
1112675694	265
1112675694	265
1112675694	265
1112675694	265
1112675694	265
1112675694	281
1112675694	281
1112675694	296
1112675694	296
1112675694	312
1112675694	312
1112675694	328
1112675694	328
1112675694	343
1112675694	343
1112675694	359
1112675694	359
1112675694	375
1112675694	375
1112675694	390
1112675694	390
1112675694	406
1112675694	406
1112675694	421
1112675694	421
1112675694	437
1112675694	437
1112675694	453
1112675694	484
1112675694	484
1112675694	484
1112675694	484
1112675694	484
1112675694	500
1112675694	500
1112675694	515
1112675694	515
1112675694	531
1112675694	531
1112675694	546
1112675694	546
1112675694	562
1112675694	562
1112675694	578
1112675694	578
1112675694	593
1112675694	593
1112675694	609
1112675694	609
1112675694	625
1112675694	625
1112675694	640
1112675694	640
1112675694	656
1112675694	656
1112675694	671
1112675694	703
1112675694	703
1112675694	703
1112675694	703
1112675694	703
1112675694	718
1112675694	718
1112675694	734
1112675694	734
1112675694	750
1112675694	750
1112675694	765
1112675694	765
1112675694	781
1112675694	781
1112675694	796
1112675694	796
1112675694	812
1112675694	812
1112675694	828
1112675694	828
1112675694	843
1112675694	843
1112675694	859
1112675694	859
1112675694	875
1112675694	875
1112675694	890
1112675694	921
1112675694	921
1112675694	921
1112675694	921
1112675694	921
1112675694	937
1112675694	937
1112675694	953
1112675694	953
1112675694	968
1112675694	968
1112675694	984
1112675694	984
1112675695	0
1112675695	0
1112675695	15
1112675695	15
1112675695	31
1112675695	31
1112675695	46
1112675695	46
1112675695	62
1112675695	62
1112675695	78
1112675695	78
1112675695	93
1112675695	93
1112675695	109
1112675695	140
1112675695	140
1112675695	140
1112675695	140
1112675695	140
1112675695	156
1112675695	156
1112675695	171
1112675695	171
1112675695	187
1112675695	187
1112675695	203
1112675695	203
1112675695	218
1112675695	218
1112675695	234
1112675695	234
1112675695	250
1112675695	250
1112675695	265
1112675695	265
1112675695	281
1112675695	281
1112675695	296
1112675695	296
1112675695	312
1112675695	312
1112675695	328
1112675695	359
1112675695	359
1112675695	359
1112675695	359
1112675695	359
1112675695	375
1112675695	375
1112675695	390
1112675695	390
1112675695	406
1112675695	406
1112675695	421
1112675695	421
1112675695	437
1112675695	437
1112675695	453
1112675695	453
1112675695	468
1112675695	468
1112675695	484
1112675695	484
1112675695	500
1112675695	500
1112675695	515
1112675695	515
1112675695	531
1112675695	531
1112675695	546
1112675695	578
1112675695	578
1112675695	578
1112675695	578
1112675695	578
1112675695	593
1112675695	593
1112675695	609
1112675695	609
1112675695	625
1112675695	625
1112675695	640
1112675695	640
1112675695	656
1112675695	656
1112675695	671
1112675695	671
1112675695	687
1112675695	687
1112675695	703
1112675695	703
1112675695	718
1112675695	718
1112675695	734
1112675695	734
1112675695	750
1112675695	750
1112675695	765
1112675695	796
1112675695	796
1112675695	796
1112675695	796
1112675695	796
1112675695	812
1112675695	812
1112675695	828
1112675695	828
1112675695	843
1112675695	843
1112675695	859
1112675695	859
1112675695	875
1112675695	875
1112675695	890
1112675695	890
1112675695	906
1112675695	906
1112675695	921
1112675695	921
1112675695	937
1112675695	937
1112675695	953
1112675695	953
1112675695	968
1112675695	968
1112675695	984
1112675696	15
1112675696	15
1112675696	15
1112675696	15
1112675696	15
1112675696	31
1112675696	31
1112675696	46
1112675696	46
1112675696	62
1112675696	62
1112675696	78
1112675696	78
1112675696	93
1112675696	93
1112675696	109
1112675696	109
1112675696	125
1112675696	125
1112675696	140
1112675696	140
1112675696	156
1112675696	156
1112675696	171
1112675696	171
1112675696	187
1112675696	187
1112675696	203
1112675696	203
1112675696	218
1112675696	218
1112675696	234
1112675696	234
1112675696	250
1112675696	250
1112675696	265
1112675696	265
1112675696	281
1112675696	281
1112675696	296
1112675696	296
1112675696	312
1112675696	343
1112675696	343
1112675696	343
1112675696	343
1112675696	343
1112675696	359
1112675696	359
1112675696	375
1112675696	375
1112675696	390
1112675696	390
1112675696	406
1112675696	406
1112675696	421
1112675696	421
1112675696	437
1112675696	437
1112675696	453
1112675696	453
1112675696	468
1112675696	468
1112675696	484
1112675696	484
1112675696	500
1112675696	500
1112675696	515
1112675696	515
1112675696	531
1112675696	562
1112675696	562
1112675696	562
1112675696	562
1112675696	562
1112675696	578
1112675696	578
1112675696	593
1112675696	593
1112675696	609
1112675696	609
1112675696	625
1112675696	625
1112675696	640
1112675696	640
1112675696	656
1112675696	656
1112675696	671
1112675696	671
1112675696	687
1112675696	687
1112675696	703
1112675696	703
1112675696	718
1112675696	718
1112675696	734
1112675696	734
1112675696	750
1112675696	781
1112675696	781
1112675696	781
1112675696	781
1112675696	781
1112675696	796
1112675696	796
1112675696	812
1112675696	812
1112675696	828
1112675696	828
1112675696	843
1112675696	843
1112675696	859
1112675696	859
1112675696	875
1112675696	875
1112675696	890
1112675696	890
1112675696	906
1112675696	906
1112675696	921
1112675696	921
1112675696	937
1112675696	937
1112675696	953
1112675696	953
1112675696	968
1112675697	0
1112675697	0
1112675697	0
1112675697	0
1112675697	0
1112675697	15
1112675697	15
1112675697	31
1112675697	31
1112675697	46
1112675697	46
1112675697	62
1112675697	62
1112675697	78
1112675697	78
1112675697	93
1112675697	93
1112675697	109
1112675697	109
1112675697	125
1112675697	125
1112675697	140
1112675697	140
1112675697	156
1112675697	156
1112675697	171
1112675697	171
1112675697	187
1112675697	218
1112675697	218
1112675697	218
1112675697	218
1112675697	218
1112675697	234
1112675697	234
1112675697	250
1112675697	250
1112675697	265
1112675697	265
1112675697	281
1112675697	281
1112675697	296
1112675697	296
1112675697	312
1112675697	312
1112675697	328
1112675697	328
1112675697	343
1112675697	343
1112675697	359
1112675697	359
1112675697	375
1112675697	375
1112675697	390
1112675697	390
1112675697	406
1112675697	406
1112675697	421
1112675697	421
1112675697	437
1112675697	437
1112675697	453
1112675697	453
1112675697	468
1112675697	468
1112675697	484
1112675697	484
1112675697	500
1112675697	500
1112675697	515
1112675697	546
1112675697	546
1112675697	546
1112675697	546
1112675697	546
1112675697	562
1112675697	562
1112675697	578
1112675697	578
1112675697	593
1112675697	593
1112675697	609
1112675697	609
1112675697	625
1112675697	625
1112675697	640
1112675697	640
1112675697	656
1112675697	656
1112675697	671
1112675697	671
1112675697	687
1112675697	687
1112675697	703
1112675697	703
1112675697	718
1112675697	718
1112675697	734
1112675697	765
1112675697	765
1112675697	765
1112675697	765
1112675697	765
1112675697	781
1112675697	781
1112675697	796
1112675697	796
1112675697	812
1112675697	812
1112675697	828
1112675697	828
1112675697	843
1112675697	843
1112675697	859
1112675697	859
1112675697	875
1112675697	875
1112675697	890
1112675697	890
1112675697	906
1112675697	906
1112675697	921
1112675697	921
1112675697	937
1112675697	937
1112675697	953
1112675697	984
1112675697	984
1112675697	984
1112675697	984
1112675697	984
1112675698	0
1112675698	0
1112675698	15
1112675698	15
1112675698	31
1112675698	31
1112675698	46
1112675698	46
1112675698	62
1112675698	62
1112675698	78
1112675698	78
1112675698	93
1112675698	93
1112675698	109
1112675698	109
1112675698	125
1112675698	125
1112675698	140
1112675698	140
1112675698	156
1112675698	156
1112675698	171
1112675698	203
1112675698	203
1112675698	203
1112675698	203
1112675698	203
1112675698	218
1112675698	218
1112675698	234
1112675698	234
1112675698	250
1112675698	250
1112675698	265
1112675698	265
1112675698	281
1112675698	281
1112675698	296
1112675698	296
1112675698	312
1112675698	312
1112675698	328
1112675698	328
1112675698	343
1112675698	343
1112675698	359
1112675698	359
1112675698	375
1112675698	375
1112675698	390
1112675698	421
1112675698	421
1112675698	421
1112675698	421
1112675698	421
1112675698	437
1112675698	437
1112675698	453
1112675698	453
1112675698	468
1112675698	468
1112675698	484
1112675698	484
1112675698	500
1112675698	500
1112675698	515
1112675698	515
1112675698	531
1112675698	531
1112675698	546
1112675698	546
1112675698	562
1112675698	562
1112675698	578
1112675698	578
1112675698	593
1112675698	593
1112675698	609
1112675698	640
1112675698	640
1112675698	640
1112675698	640
1112675698	640
1112675698	656
1112675698	656
1112675698	671
1112675698	671
1112675698	687
1112675698	687
1112675698	703
1112675698	703
1112675698	718
1112675698	718
1112675698	734
1112675698	734
1112675698	750
1112675698	750
1112675698	765
1112675698	765
1112675698	781
1112675698	781
1112675698	796
1112675698	796
1112675698	812
1112675698	812
1112675698	828
1112675698	859
1112675698	859
1112675698	859
1112675698	859
1112675698	859
1112675698	875
1112675698	875
1112675698	890
1112675698	890
1112675698	906
1112675698	906
1112675698	921
1112675698	921
1112675698	937
1112675698	937
1112675698	953
1112675698	953
1112675698	968
1112675698	968
1112675698	984
1112675698	984
1112675699	0
1112675699	0
1112675699	15
1112675699	15
1112675699	31
1112675699	31
1112675699	46
1112675699	78
1112675699	78
1112675699	78
1112675699	78
1112675699	78
1112675699	93
1112675699	93
1112675699	109
1112675699	109
1112675699	125
1112675699	125
1112675699	140
1112675699	140
1112675699	156
1112675699	156
1112675699	171
1112675699	171
1112675699	187
1112675699	187
1112675699	203
1112675699	203
1112675699	218
1112675699	218
1112675699	234
1112675699	234
1112675699	250
1112675699	250
1112675699	265
1112675699	296
1112675699	296
1112675699	296
1112675699	296
1112675699	296
1112675699	312
1112675699	312
1112675699	328
1112675699	328
1112675699	343
1112675699	343
1112675699	359
1112675699	359
1112675699	375
1112675699	375
1112675699	390
1112675699	390
1112675699	406
1112675699	406
1112675699	421
1112675699	421
1112675699	437
1112675699	437
1112675699	453
1112675699	453
1112675699	468
1112675699	468
1112675699	484
1112675699	515
1112675699	515
1112675699	515
1112675699	515
1112675699	515
1112675699	531
1112675699	531
1112675699	546
1112675699	546
1112675699	562
1112675699	562
1112675699	578
1112675699	578
1112675699	593
1112675699	593
1112675699	609
1112675699	609
1112675699	625
1112675699	625
1112675699	640
1112675699	640
1112675699	656
1112675699	656
1112675699	671
1112675699	671
1112675699	687
1112675699	687
1112675699	703
1112675699	703
1112675699	718
1112675699	718
1112675699	734
1112675699	734
1112675699	750
1112675699	750
1112675699	765
1112675699	765
1112675699	781
1112675699	781
1112675699	796
1112675699	796
1112675699	812
1112675699	843
1112675699	843
1112675699	843
1112675699	843
1112675699	843
1112675699	859
1112675699	859
1112675699	875
1112675699	875
1112675699	890
1112675699	890
1112675699	906
1112675699	906
1112675699	921
1112675699	921
1112675699	937
1112675699	937
1112675699	953
1112675699	953
1112675699	968
1112675699	968
1112675699	984
1112675699	984
1112675700	0
1112675700	0
1112675700	15
1112675700	15
1112675700	31
1112675700	62
1112675700	62
1112675700	62
1112675700	62
1112675700	62
1112675700	78
1112675700	78
1112675700	93
1112675700	93
1112675700	109
1112675700	109
1112675700	125
1112675700	125
1112675700	140
1112675700	140
1112675700	156
1112675700	156
1112675700	171
1112675700	171
1112675700	187
1112675700	187
1112675700	203
1112675700	203
1112675700	218
1112675700	218
1112675700	234
1112675700	234
1112675700	250
1112675700	281
1112675700	281
1112675700	281
1112675700	281
1112675700	281
1112675700	296
1112675700	296
1112675700	312
1112675700	312
1112675700	328
1112675700	328
1112675700	343
1112675700	343
1112675700	359
1112675700	359
1112675700	375
1112675700	375
1112675700	390
1112675700	390
1112675700	406
1112675700	406
1112675700	421
1112675700	421
1112675700	437
1112675700	437
1112675700	453
1112675700	453
1112675700	468
1112675700	500
1112675700	500
1112675700	500
1112675700	500
1112675700	500
1112675700	515
1112675700	515
1112675700	531
1112675700	531
1112675700	546
1112675700	546
1112675700	562
1112675700	562
1112675700	578
1112675700	578
1112675700	593
1112675700	593
1112675700	609
1112675700	609
1112675700	625
1112675700	625
1112675700	640
1112675700	640
1112675700	656
1112675700	656
1112675700	671
1112675700	671
1112675700	687
1112675700	718
1112675700	718
1112675700	718
1112675700	718
1112675700	718
1112675700	734
1112675700	734
1112675700	750
1112675700	750
1112675700	765
1112675700	765
1112675700	781
1112675700	781
1112675700	796
1112675700	796
1112675700	812
1112675700	812
1112675700	828
1112675700	828
1112675700	843
1112675700	843
1112675700	859
1112675700	859
1112675700	875
1112675700	875
1112675700	890
1112675700	890
1112675700	906
1112675700	906
1112675700	921
1112675700	921
1112675700	937
1112675700	937
1112675700	953
1112675700	953
1112675700	968
1112675700	968
1112675700	984
1112675700	984
1112675701	0
1112675701	0
1112675701	15
1112675701	46
1112675701	46
1112675701	46
1112675701	46
1112675701	46
1112675701	62
1112675701	62
1112675701	78
1112675701	78
1112675701	93
1112675701	93
1112675701	109
1112675701	109
1112675701	125
1112675701	125
1112675701	140
1112675701	140
1112675701	156
1112675701	156
1112675701	171
1112675701	171
1112675701	187
1112675701	187
1112675701	203
1112675701	203
1112675701	218
1112675701	218
1112675701	234
1112675701	265
1112675701	265
1112675701	265
1112675701	265
1112675701	265
1112675701	281
1112675701	281
1112675701	296
1112675701	296
1112675701	312
1112675701	312
1112675701	328
1112675701	328
1112675701	343
1112675701	343
1112675701	359
1112675701	359
1112675701	375
1112675701	375
1112675701	390
1112675701	390
1112675701	406
1112675701	406
1112675701	421
1112675701	421
1112675701	437
1112675701	437
1112675701	453
1112675701	484
1112675701	484
1112675701	484
1112675701	484
1112675701	484
1112675701	500
1112675701	500
1112675701	515
1112675701	515
1112675701	531
1112675701	531
1112675701	546
1112675701	546
1112675701	562
1112675701	562
1112675701	578
1112675701	578
1112675701	593
1112675701	593
1112675701	609
1112675701	609
1112675701	625
1112675701	625
1112675701	640
1112675701	640
1112675701	656
1112675701	656
1112675701	671
1112675701	703
1112675701	703
1112675701	703
1112675701	703
1112675701	703
1112675701	718
1112675701	718
1112675701	734
1112675701	734
1112675701	750
1112675701	750
1112675701	765
1112675701	765
1112675701	781
1112675701	781
1112675701	796
1112675701	796
1112675701	812
1112675701	812
1112675701	828
1112675701	828
1112675701	843
1112675701	843
1112675701	859
1112675701	859
1112675701	875
1112675701	875
1112675701	890
1112675701	921
1112675701	921
1112675701	921
1112675701	921
1112675701	921
1112675701	937
1112675701	937
1112675701	953
1112675701	953
