C:\Base.wmv,751,20110414,110000
C:\Base.wmv,0,20110414,113000
C:\Base.wmv,0,20110414,120000
C:\Base.wmv,0,20110414,123000
C:\Base.wmv,0,20110414,130000
C:\Base.wmv,0,20110414,133000
C:\Base.wmv,0,20110414,140000
C:\Base.wmv,0,20110414,143000
C:\Base.wmv,0,20110414,150000
C:\Base.wmv,0,20110414,153000
C:\Base.wmv,0,20110414,160000
C:\Base.wmv,0,20110414,163000
C:\Base.wmv,0,20110414,170000
C:\Base.wmv,0,20110414,173000
C:\Base.wmv,0,20110414,180000
C:\Base.wmv,0,20110414,183000
C:\Base.wmv,0,20110414,190000
C:\Base.wmv,0,20110414,193000
C:\Base.wmv,0,20110414,200000
C:\Base.wmv,0,20110414,203000
C:\Base.wmv,0,20110414,210000
C:\Base.wmv,0,20110414,213000
C:\Base.wmv,0,20110414,220000
C:\Base.wmv,0,20110414,223000
C:\Base.wmv,0,20110414,230000
C:\Base.wmv,0,20110414,233000
