0.87262
1.74497
2.6168
3.48782
4.35779
5.22642
6.09347
6.95866
7.82172
8.68241
9.54045
10.3956
11.2476
12.0961
12.941
13.7819
14.6186
15.4508
16.2784
17.101
17.9184
18.7303
19.5366
20.3368
21.1309
21.9186
22.6995
23.4736
24.2405
25
25.7519
26.496
27.232
27.9596
28.6788
29.3893
30.0908
30.7831
31.466
32.1394
32.803
33.4565
34.0999
34.7329
35.3553
35.967
36.5677
37.1572
37.7355
38.3022
38.8573
39.4005
39.9318
40.4508
40.9576
41.4519
41.9335
42.4024
42.8584
43.3013
43.731
44.1474
44.5503
44.9397
45.3154
45.6773
46.0252
46.3592
46.679
46.9846
47.2759
47.5528
47.8152
48.0631
48.2963
48.5148
48.7185
48.9074
49.0814
49.2404
49.3844
49.5134
49.6273
49.7261
49.8097
49.8782
49.9315
49.9695
49.9924
50
49.9924
49.9695
49.9315
49.8782
49.8097
49.7261
49.6273
49.5134
49.3844
49.2404
49.0814
48.9074
48.7185
48.5148
48.2963
48.0631
47.8152
47.5528
47.2759
46.9846
46.679
46.3592
46.0252
45.6773
45.3154
44.9397
44.5503
44.1474
43.731
43.3013
42.8584
42.4024
41.9335
41.4519
40.9576
40.4508
39.9318
39.4005
38.8573
38.3022
37.7355
37.1572
36.5677
35.967
35.3553
34.7329
34.0999
33.4565
32.803
32.1394
31.466
30.7831
30.0908
29.3893
28.6788
27.9596
27.232
26.496
25.7519
25
24.2405
23.4736
22.6995
21.9186
21.1309
20.3368
19.5366
18.7303
17.9184
17.101
16.2784
15.4508
14.6186
13.7819
12.941
12.0961
11.2476
10.3956
9.54045
8.68241
7.82172
6.95866
6.09347
5.22642
4.35779
3.48782
2.6168
1.74497
0.87262
-2.05103e-008
-0.87262
-1.74497
-2.6168
-3.48782
-4.35779
-5.22642
-6.09347
-6.95866
-7.82172
-8.68241
-9.54045
-10.3956
-11.2476
-12.0961
-12.941
-13.7819
-14.6186
-15.4508
-16.2784
-17.101
-17.9184
-18.7303
-19.5366
-20.3368
-21.1309
-21.9186
-22.6995
-23.4736
-24.2405
-25
-25.7519
-26.496
-27.232
-27.9596
-28.6788
-29.3893
-30.0908
-30.7831
-31.466
-32.1394
-32.803
-33.4565
-34.0999
-34.7329
-35.3553
-35.967
-36.5677
-37.1572
-37.7355
-38.3022
-38.8573
-39.4005
-39.9318
-40.4508
-40.9576
-41.4519
-41.9335
-42.4024
-42.8584
-43.3013
-43.731
-44.1474
-44.5503
-44.9397
-45.3154
-45.6773
-46.0252
-46.3592
-46.679
-46.9846
-47.2759
-47.5528
-47.8152
-48.0631
-48.2963
-48.5148
-48.7185
-48.9074
-49.0814
-49.2404
-49.3844
-49.5134
-49.6273
-49.7261
-49.8097
-49.8782
-49.9315
-49.9695
-49.9924
-50
-49.9924
-49.9695
-49.9315
-49.8782
-49.8097
-49.7261
-49.6273
-49.5134
-49.3844
-49.2404
-49.0814
-48.9074
-48.7185
-48.5148
-48.2963
-48.0631
-47.8152
-47.5528
-47.2759
-46.9846
-46.679
-46.3592
-46.0252
-45.6773
-45.3154
-44.9397
-44.5503
-44.1474
-43.731
-43.3013
-42.8584
-42.4024
-41.9335
-41.4519
-40.9576
-40.4508
-39.9318
-39.4005
-38.8573
-38.3022
-37.7355
-37.1572
-36.5677
-35.967
-35.3553
-34.7329
-34.0999
-33.4565
-32.803
-32.1394
-31.466
-30.7831
-30.0908
-29.3893
-28.6788
-27.9596
-27.232
-26.496
-25.7519
-25
-24.2405
-23.4736
-22.6995
-21.9186
-21.1309
-20.3368
-19.5366
-18.7303
-17.9184
-17.101
-16.2784
-15.4508
-14.6186
-13.7819
-12.941
-12.0961
-11.2476
-10.3956
-9.54045
-8.68241
-7.82172
-6.95866
-6.09347
-5.22642
-4.35779
-3.48782
-2.6168
-1.74497
-0.87262
4.10207e-008
