41.1086
41.1
41.0827
41.0567
41.0221
40.9788
40.9267
40.866
40.7964
40.7181
40.6309
40.5349
40.4299
40.316
40.193
40.061
39.9198
39.7694
39.6097
39.4407
39.2622
39.0743
38.8767
38.6694
38.4524
38.2255
37.9887
37.7418
37.4847
37.2174
36.9396
36.6514
36.3526
36.0431
35.7228
35.3915
35.0492
34.6957
34.331
33.9548
33.5671
33.1678
32.7567
32.3338
31.899
31.4521
30.993
30.5217
30.0381
29.5421
29.0336
28.5126
27.9789
27.4327
26.8737
26.3021
25.7178
25.1208
24.5111
23.8888
23.2539
22.6066
21.9468
21.2747
20.5905
19.8944
19.1864
18.4667
17.7358
16.9937
16.2407
15.4773
14.7036
13.9201
13.1271
12.3251
11.5146
10.6958
9.86948
9.03599
8.19591
7.3498
6.49822
5.64178
4.7811
3.91679
3.04951
2.17989
1.3086
0.436313
-0.436313
-1.3086
-2.17989
-3.04951
-3.91679
-4.7811
-5.64178
-6.49822
-7.3498
-8.19591
-9.03599
-9.86948
-10.6958
-11.5146
-12.3251
-13.1271
-13.9201
-14.7036
-15.4773
-16.2407
-16.9937
-17.7358
-18.4667
-19.1864
-19.8944
-20.5905
-21.2747
-21.9468
-22.6066
-23.2539
-23.8888
-24.5111
-25.1208
-25.7178
-26.3021
-26.8737
-27.4327
-27.9789
-28.5126
-29.0336
-29.5421
-30.0381
-30.5217
-30.993
-31.4521
-31.899
-32.3338
-32.7567
-33.1678
-33.5671
-33.9548
-34.331
-34.6957
-35.0492
-35.3915
-35.7228
-36.0431
-36.3526
-36.6514
-36.9396
-37.2174
-37.4847
-37.7418
-37.9887
-38.2255
-38.4524
-38.6694
-38.8767
-39.0743
-39.2622
-39.4407
-39.6097
-39.7694
-39.9198
-40.061
-40.193
-40.316
-40.4299
-40.5349
-40.6309
-40.7181
-40.7964
-40.866
-40.9267
-40.9788
-41.0221
-41.0567
-41.0827
-41.1
-41.1086
-41.1086
-41.1
-41.0827
-41.0567
-41.0221
-40.9788
-40.9267
-40.866
-40.7964
-40.7181
-40.6309
-40.5349
-40.4299
-40.316
-40.193
-40.061
-39.9198
-39.7694
-39.6097
-39.4407
-39.2622
-39.0743
-38.8767
-38.6694
-38.4524
-38.2255
-37.9887
-37.7418
-37.4847
-37.2174
-36.9396
-36.6514
-36.3526
-36.0431
-35.7228
-35.3915
-35.0492
-34.6957
-34.331
-33.9548
-33.5671
-33.1678
-32.7567
-32.3338
-31.899
-31.4521
-30.993
-30.5217
-30.0381
-29.5421
-29.0336
-28.5126
-27.9789
-27.4327
-26.8737
-26.3021
-25.7178
-25.1208
-24.5111
-23.8888
-23.2539
-22.6066
-21.9468
-21.2747
-20.5905
-19.8944
-19.1864
-18.4667
-17.7358
-16.9937
-16.2407
-15.4773
-14.7036
-13.9201
-13.1271
-12.3251
-11.5146
-10.6958
-9.86948
-9.03599
-8.19591
-7.3498
-6.49822
-5.64178
-4.7811
-3.91679
-3.04951
-2.17989
-1.3086
-0.436313
0.436313
1.3086
2.17989
3.04951
3.91679
4.7811
5.64178
6.49822
7.3498
8.19591
9.03599
9.86948
10.6958
11.5146
12.3251
13.1271
13.9201
14.7036
15.4773
16.2407
16.9937
17.7358
18.4667
19.1864
19.8944
20.5905
21.2747
21.9468
22.6066
23.2539
23.8888
24.5111
25.1208
25.7178
26.3021
26.8737
27.4327
27.9789
28.5126
29.0336
29.5421
30.0381
30.5217
30.993
31.4521
31.899
32.3338
32.7567
33.1678
33.5671
33.9548
34.331
34.6957
35.0492
35.3915
35.7228
36.0431
36.3526
36.6514
36.9396
37.2174
37.4847
37.7418
37.9887
38.2255
38.4524
38.6694
38.8767
39.0743
39.2622
39.4407
39.6097
39.7694
39.9198
40.061
40.193
40.316
40.4299
40.5349
40.6309
40.7181
40.7964
40.866
40.9267
40.9788
41.0221
41.0567
41.0827
41.1
41.1086
