0.100006	0.106736	0.104580
0.106879	0.062071	0.111836
0.126789	-0.003093	0.115573
0.156012	-0.035311	0.112995
0.181889	-0.054268	0.105156
0.196095	-0.066938	0.098287
0.201443	-0.076082	0.090767
0.203162	-0.083603	0.079835
0.201377	-0.092709	0.072880
0.191732	-0.101012	0.068419
0.174902	-0.108440	0.060140
0.156139	-0.115930	0.048502
0.133771	-0.121173	0.036438
0.102328	-0.124596	0.022667
0.090123	-0.126772	0.006736
0.061103	-0.128088	-0.009232
0.032074	-0.128748	-0.023423
0.009966	-0.128704	-0.035923
-0.004034	-0.128178	-0.047390
-0.012434	-0.127020	-0.058008
-0.017457	-0.125251	-0.067243
-0.019813	-0.124427	-0.075149
-0.020564	-0.122835	-0.081980
-0.021154	-0.121241	-0.088578
-0.022618	-0.120710	-0.094341
-0.025815	-0.120449	-0.099152
-0.029864	-0.120598	-0.103216
-0.033377	-0.120977	-0.107294
-0.036272	-0.121097	-0.112310
-0.039154	-0.121299	-0.116914
-0.042637	-0.121560	-0.120863
-0.046462	-0.121900	-0.124106
-0.049820	-0.122106	-0.126536
-0.051819	-0.120817	-0.128139
-0.049091	-0.119255	-0.128987
-0.047633	-0.117613	-0.129178
-0.047721	-0.116054	-0.128718
-0.048111	-0.114405	-0.127656
-0.048775	-0.112316	-0.125893
-0.050066	-0.110185	-0.124524
-0.051882	-0.107398	-0.123924
-0.053000	-0.103463	-0.123779
-0.052597	-0.098788	-0.123828
-0.049882	-0.095576	-0.123411
-0.049082	-0.093694	-0.123408
-0.049521	-0.092261	-0.123912
-0.048595	-0.092322	-0.124659
-0.046806	-0.093642	-0.125579
-0.045675	-0.094443	-0.126208
-0.045065	-0.094971	-0.126570
-0.044550	-0.095491	-0.127276
-0.042333	-0.095000	-0.128523
-0.038682	-0.093286	-0.130001
-0.036463	-0.091496	-0.131642
-0.036673	-0.088880	-0.133532
-0.037374	-0.086704	-0.135430
-0.037915	-0.084100	-0.136757
-0.037563	-0.080520	-0.137781
-0.036008	-0.078520	-0.138291
-0.037105	-0.077262	-0.137539
-0.037623	-0.075761	-0.137320
-0.038938	-0.073612	-0.137174
-0.040828	-0.071034	-0.136430
-0.043220	-0.068719	-0.135173
-0.045892	-0.068603	-0.134289
-0.048566	-0.068561	-0.134043
-0.051146	-0.068932	-0.134745
-0.053364	-0.068815	-0.134886
-0.055368	-0.066836	-0.135033
-0.057126	-0.063945	-0.135142
-0.058144	-0.060105	-0.135401
-0.058916	-0.058752	-0.135887
-0.059944	-0.060130	-0.136412
-0.061021	-0.061374	-0.136788
-0.061553	-0.060931	-0.137158
-0.058924	-0.059266	-0.137729
-0.054357	-0.057586	-0.138515
-0.049230	-0.055151	-0.139710
-0.046409	-0.052990	-0.141176
-0.047598	-0.050124	-0.142523
-0.050058	-0.046176	-0.143819
-0.051681	-0.038451	-0.144951
-0.053635	-0.030312	-0.145745
-0.055410	-0.023996	-0.146328
-0.057143	-0.015066	-0.146282
-0.058494	-0.002410	-0.144917
-0.059521	0.013104	-0.143589
-0.060534	0.026468	-0.141722
-0.061919	0.032967	-0.139867
-0.063201	0.037173	-0.138841
-0.063687	0.043486	-0.138397
-0.060958	0.051600	-0.138104
-0.060117	0.065334	-0.138122
-0.061742	0.082222	-0.138370
-0.061957	0.099840	-0.139224
-0.060678	0.120031	-0.140170
-0.059843	0.145370	-0.140501
-0.060192	0.170758	-0.139563
-0.060873	0.196004	-0.137835
-0.062102	0.217182	-0.135024
-0.064382	0.232271	-0.131314
-0.067097	0.245090	-0.128103
-0.069807	0.260160	-0.123581
-0.072341	0.279192	-0.117009
-0.074870	0.301422	-0.108649
-0.077449	0.324347	-0.098488
-0.079720	0.342812	-0.087066
-0.081326	0.356092	-0.076091
-0.082354	0.368097	-0.066337
-0.083038	0.378915	-0.059197
-0.083840	0.387423	-0.055741
-0.084979	0.393593	-0.056406
-0.085938	0.396928	-0.061355
-0.086642	0.397014	-0.063861
-0.087752	0.395083	-0.068027
-0.089205	0.394179	-0.074369
-0.090458	0.393158	-0.081501
-0.091185	0.393085	-0.089925
-0.091062	0.396828	-0.097023
-0.090063	0.403449	-0.102176
-0.089520	0.408774	-0.106183
-0.089622	0.411292	-0.110390
-0.089490	0.412000	-0.114468
-0.089744	0.412794	-0.118416
-0.089997	0.414568	-0.121836
-0.090534	0.415531	-0.124443
-0.091326	0.416379	-0.126101
-0.092478	0.418045	-0.126850
-0.093812	0.419734	-0.126937
-0.094951	0.420359	-0.126469
-0.095949	0.420380	-0.125548
-0.097000	0.420809	-0.124049
-0.098146	0.422032	-0.121564
-0.099271	0.424121	-0.118643
-0.100338	0.425942	-0.116187
-0.101681	0.425804	-0.115222
-0.103495	0.422517	-0.114843
-0.105762	0.416654	-0.114541
-0.108794	0.412284	-0.114083
-0.112070	0.412922	-0.112959
-0.115588	0.417190	-0.111333
-0.119091	0.421869	-0.109154
-0.122365	0.426157	-0.107281
-0.125303	0.428439	-0.106228
-0.127573	0.428788	-0.104771
-0.128948	0.427472	-0.103737
-0.129532	0.426236	-0.104281
-0.129206	0.426029	-0.103621
-0.129268	0.427419	-0.101251
-0.129591	0.430585	-0.097357
-0.130329	0.434996	-0.092386
-0.131624	0.442646	-0.086918
-0.133266	0.451269	-0.080161
-0.134953	0.457149	-0.071604
-0.136401	0.459906	-0.062466
-0.137628	0.460925	-0.048766
-0.139589	0.461585	-0.025790
-0.141989	0.463482	0.012242
-0.144667	0.466302	0.086668
-0.147381	0.470476	0.212230
-0.150067	0.475724	0.330433
-0.154416	0.481927	0.403101
-0.159136	0.487658	0.445171
-0.163040	0.492053	0.467225
-0.166401	0.493581	0.473439
-0.169514	0.491030	0.467787
-0.172315	0.483734	0.455417
-0.173843	0.473852	0.440498
-0.173364	0.461295	0.425098
-0.172235	0.448351	0.406869
-0.172271	0.437011	0.383874
-0.173532	0.428030	0.360234
-0.176675	0.419386	0.342348
-0.182521	0.408967	0.335318
-0.190119	0.399625	0.336548
-0.196997	0.397143	0.339003
-0.203507	0.398815	0.340946
-0.209557	0.397555	0.345854
-0.214257	0.393387	0.353659
-0.218419	0.389170	0.358983
-0.222876	0.385552	0.360425
-0.227472	0.381957	0.357863
-0.232159	0.377488	0.350256
-0.236821	0.371647	0.340789
-0.241782	0.363833	0.334117
-0.247289	0.357041	0.331582
-0.252956	0.353839	0.333930
-0.258041	0.351572	0.339281
-0.262822	0.343605	0.346997
-0.267822	0.327772	0.353997
-0.272140	0.306983	0.358718
-0.274862	0.281856	0.365180
-0.276710	0.252476	0.371129
-0.278164	0.224215	0.374477
-0.280161	0.204704	0.375204
-0.284261	0.196382	0.373509
-0.290615	0.195475	0.372081
-0.298630	0.192065	0.373401
-0.308231	0.178806	0.377730
-0.318013	0.157508	0.382093
-0.326212	0.129044	0.386483
-0.331989	0.105492	0.392794
-0.335407	0.095377	0.399100
-0.338679	0.079863	0.403380
-0.343890	0.062225	0.404318
-0.350890	0.049598	0.403763
-0.358365	0.041694	0.404202
-0.364610	0.034293	0.404308
-0.368506	0.025304	0.402528
-0.370805	0.015263	0.397128
-0.371959	0.004658	0.389336
-0.373555	-0.005285	0.383287
-0.377655	-0.014036	0.379957
-0.384804	-0.022388	0.380000
-0.394850	-0.029818	0.383171
-0.406083	-0.035189	0.387720
-0.416145	-0.039285	0.392227
-0.424051	-0.043413	0.395440
-0.429049	-0.048063	0.397217
-0.431326	-0.053131	0.399287
-0.433401	-0.057758	0.401765
-0.436306	-0.061613	0.404604
-0.438596	-0.064807	0.406646
-0.441253	-0.067689	0.407081
-0.445647	-0.070157	0.405994
-0.450929	-0.072218	0.404443
-0.456189	-0.074223	0.404855
-0.460085	-0.076197	0.408025
-0.463789	-0.078373	0.409327
-0.468691	-0.080776	0.407734
-0.474279	-0.082997	0.405839
-0.480328	-0.084697	0.405178
-0.486331	-0.085830	0.403416
-0.492113	-0.086673	0.399716
-0.500184	-0.087591	0.396215
-0.512565	-0.088553	0.392260
-0.527653	-0.089430	0.387601
-0.535244	-0.090353	0.383539
-0.536364	-0.091289	0.376017
-0.536364	-0.091959	0.366565
-0.536364	-0.092315	0.359348
-0.536364	-0.092497	0.355912
-0.536364	-0.092769	0.355936
-0.536364	-0.093522	0.359360
-0.536364	-0.095008	0.366932
-0.536364	-0.097189	0.377798
-0.536364	-0.099844	0.387990
-0.536364	-0.102618	0.394565
-0.536364	-0.105356	0.396929
-0.536364	-0.108365	0.395118
-0.536364	-0.111306	0.390828
-0.536364	-0.114184	0.383375
-0.536364	-0.116873	0.370174
-0.536364	-0.119158	0.349505
-0.536364	-0.121133	0.322857
-0.536364	-0.122994	0.288065
-0.536364	-0.125131	0.242690
-0.536364	-0.127751	0.185294
-0.536364	-0.130274	0.110819
-0.536364	-0.132161	0.081614
-0.536364	-0.133684	0.039844
-0.536364	-0.135456	0.012624
-0.536364	-0.137324	-0.004265
-0.536364	-0.140587	-0.016637
-0.536364	-0.144205	-0.028333
-0.536364	-0.147723	-0.040326
-0.536364	-0.152619	-0.050987
-0.536364	-0.163352	-0.059212
-0.536364	-0.174817	-0.065477
-0.536364	-0.189308	-0.070537
-0.536364	-0.202877	-0.075357
-0.536364	-0.215234	-0.080399
-0.536364	-0.226913	-0.085203
-0.536364	-0.238369	-0.090535
-0.536364	-0.249209	-0.095228
-0.536364	-0.260042	-0.099243
-0.536364	-0.271865	-0.102549
-0.536364	-0.283172	-0.105542
-0.536364	-0.290781	-0.108756
-0.536364	-0.294625	-0.111286
-0.536364	-0.296149	-0.112583
-0.536364	-0.295444	-0.110845
-0.536364	-0.292477	-0.105432
-0.536364	-0.287914	-0.097372
-0.536364	-0.282445	-0.088532
-0.536364	-0.276469	-0.081436
-0.536364	-0.270625	-0.075674
-0.536364	-0.265865	-0.070993
-0.536364	-0.262256	-0.069498
-0.527926	-0.259639	-0.070832
-0.518346	-0.257990	-0.073723
-0.511246	-0.257802	-0.075083
-0.505180	-0.259404	-0.076705
-0.500024	-0.262719	-0.079497
-0.495696	-0.266777	-0.083122
-0.490731	-0.270322	-0.087294
-0.482976	-0.272862	-0.091159
-0.475114	-0.274667	-0.093677
-0.470987	-0.275689	-0.094879
-0.470211	-0.276930	-0.094240
-0.468645	-0.280087	-0.090787
-0.096135	-0.179106	0.075392
-0.123754	-0.168651	-0.006921
-0.123778	-0.170678	0.006945
-0.122309	-0.170193	0.021739
-0.119713	-0.167754	0.035715
-0.117219	-0.163413	0.052868
-0.115170	-0.157723	0.076328
-0.112955	-0.150969	0.096443
-0.109626	-0.147861	0.102848
-0.105418	-0.146717	0.098329
-0.102366	-0.145487	0.091430
-0.101446	-0.143570	0.075008
-0.101592	-0.141773	0.060447
-0.101786	-0.140512	0.051135
-0.101956	-0.139507	0.044312
-0.101922	-0.138436	0.038149
-0.100755	-0.137212	0.031038
-0.098448	-0.135822	0.021082
-0.095497	-0.134508	0.008342
-0.093643	-0.133186	-0.006760
-0.093454	-0.131630	-0.023281
-0.093038	-0.130051	-0.039404
-0.091222	-0.128818	-0.053613
-0.088538	-0.128149	-0.065220
-0.086929	-0.128198	-0.074231
-0.085989	-0.128085	-0.081029
-0.083093	-0.126616	-0.086610
-0.078228	-0.123886	-0.091558
-0.072916	-0.120753	-0.095444
-0.069544	-0.118452	-0.098935
-0.068519	-0.117519	-0.102390
-0.065835	-0.117478	-0.106037
-0.061081	-0.117559	-0.110600
-0.057944	-0.117182	-0.115392
-0.057732	-0.116129	-0.120027
-0.056766	-0.114564	-0.124177
-0.054326	-0.113564	-0.127866
-0.052518	-0.112702	-0.131452
-0.050515	-0.111456	-0.134772
-0.046075	-0.109745	-0.137001
-0.042245	-0.107874	-0.139019
-0.041024	-0.106297	-0.139573
-0.039656	-0.105061	-0.138463
-0.037020	-0.104250	-0.137735
-0.035729	-0.103988	-0.137778
-0.034074	-0.102764	-0.137991
-0.031116	-0.099063	-0.138521
-0.025819	-0.092908	-0.139173
-0.016519	-0.085654	-0.139615
-0.007481	-0.077289	-0.139951
-0.003130	-0.068824	-0.140241
-0.003613	-0.064536	-0.140679
-0.004937	-0.060881	-0.141316
-0.001007	-0.057509	-0.141944
0.009912	-0.054937	-0.142623
0.024799	-0.050893	-0.143602
0.047374	-0.043944	-0.144348
0.079477	-0.036215	-0.144674
0.115126	-0.028411	-0.144947
0.143826	-0.022320	-0.145186
0.172059	-0.015700	-0.145351
0.196461	-0.004769	-0.145551
0.222187	0.012016	-0.146038
0.247220	0.036451	-0.146947
0.270200	0.064156	-0.148155
0.290744	0.093363	-0.149339
0.307778	0.128907	-0.150171
0.320686	0.171699	-0.150241
0.329746	0.209602	-0.149849
0.336636	0.241852	-0.149944
0.342924	0.265720	-0.150097
0.348140	0.285204	-0.150699
0.349922	0.303314	-0.151465
0.348744	0.320341	-0.152471
0.348897	0.334448	-0.151979
0.351265	0.344437	-0.151643
0.353745	0.352263	-0.152209
0.355359	0.360144	-0.154236
0.357614	0.368854	-0.157221
0.363694	0.379094	-0.159906
0.370180	0.392203	-0.161504
0.374453	0.406479	-0.162404
0.376545	0.420439	-0.163404
0.376414	0.432856	-0.164678
0.375951	0.441079	-0.165511
0.375238	0.447059	-0.164549
0.373392	0.454213	-0.163249
0.373077	0.462062	-0.162141
0.377107	0.470289	-0.160482
0.384556	0.478895	-0.157754
0.392718	0.487316	-0.153856
0.399486	0.496668	-0.149582
0.404169	0.505680	-0.147374
0.407804	0.512506	-0.145465
0.410798	0.517824	-0.144327
0.413073	0.522297	-0.143793
0.415373	0.527271	-0.143218
0.417660	0.533088	-0.142596
0.420159	0.539487	-0.142001
0.423168	0.546072	-0.140539
0.426859	0.552606	-0.137473
0.431155	0.559164	-0.132505
0.434486	0.566602	-0.125998
0.435788	0.573524	-0.118618
0.435660	0.577909	-0.110070
0.435678	0.580023	-0.100493
0.436441	0.581800	-0.089202
0.437444	0.584573	-0.074848
0.437715	0.588508	-0.056752
0.438402	0.592874	-0.033611
0.438737	0.597008	-0.000811
0.438065	0.601578	0.053667
0.436320	0.607268	0.149016
0.433210	0.613018	0.227721
0.429464	0.617863	0.275320
0.425295	0.622040	0.283852
0.420201	0.625524	0.258889
0.414519	0.628133	0.185339
0.408904	0.630102	0.081998
0.403586	0.632167	0.021966
0.398814	0.634477	-0.033069
0.394638	0.636724	-0.062831
0.389502	0.639363	-0.080895
0.383905	0.642167	-0.095359
0.381471	0.644801	-0.105275
0.383375	0.648224	-0.113186
0.388964	0.651967	-0.118862
0.396143	0.655048	-0.121505
0.401781	0.657507	-0.119660
0.404499	0.659276	-0.114631
0.405483	0.660555	-0.108039
0.405733	0.661059	-0.099915
0.405682	0.661007	-0.092223
0.405009	0.660913	-0.085752
0.403498	0.660548	-0.080872
0.400322	0.659991	-0.077093
0.394674	0.659429	-0.075268
0.385355	0.658964	-0.075929
0.375316	0.658647	-0.077109
0.369749	0.658446	-0.077979
0.370572	0.658321	-0.078801
0.377069	0.658305	-0.078908
0.384354	0.659228	-0.078991
0.386185	0.659462	-0.076700
0.381852	0.658784	-0.074775
0.373082	0.658593	-0.072345
0.361891	0.658315	-0.069250
0.349344	0.657878	-0.066561
0.336864	0.657411	-0.064972
0.325816	0.657143	-0.063932
0.317907	0.657143	-0.061032
0.312478	0.657143	-0.054905
0.304321	0.657143	-0.043485
0.290418	0.657143	-0.025144
0.273064	0.657143	0.001228
0.258736	0.657143	0.047149
0.250407	0.657143	0.145098
0.244705	0.657143	0.261704
0.240647	0.657143	0.359304
0.238382	0.657143	0.425961
0.238123	0.657143	0.472893
0.240047	0.657143	0.512030
0.236799	0.657143	0.546042
0.226451	0.657143	0.569700
0.213229	0.657143	0.583087
0.190460	0.657143	0.587469
0.160330	0.657542	0.585173
0.133738	0.658652	0.576824
0.113513	0.659472	0.561361
0.101274	0.659753	0.539747
0.099751	0.659834	0.513710
0.102717	0.658998	0.486736
0.109495	0.658441	0.466371
0.118909	0.658571	0.455657
0.130505	0.658882	0.453328
0.145753	0.659261	0.457460
0.163331	0.659052	0.465624
0.174800	0.658158	0.474955
0.171863	0.657389	0.481914
0.153373	0.657143	0.486163
0.125866	0.657143	0.489167
0.099108	0.657143	0.492978
0.090597	0.657143	0.497885
0.073137	0.657143	0.504349
0.060664	0.657143	0.512868
0.052573	0.657143	0.522605
0.046745	0.657352	0.530965
0.044863	0.658292	0.535162
0.054210	0.658586	0.535371
0.063424	0.658127	0.533069
0.070697	0.657971	0.528342
0.076129	0.657698	0.522506
0.078316	0.657587	0.517196
0.082836	0.657808	0.514231
0.090736	0.658246	0.513778
0.098665	0.658740	0.514931
0.106592	0.658865	0.516119
0.123850	0.658788	0.516082
0.141260	0.658345	0.515394
0.145269	0.657441	0.513736
0.139030	0.657143	0.511229
0.131891	0.657143	0.509502
0.135371	0.657143	0.509277
0.153575	0.657143	0.510006
0.170575	0.657143	0.511026
0.173126	0.657566	0.511093
0.158762	0.658367	0.511251
0.138757	0.658804	0.513796
0.119305	0.658817	0.519962
0.098511	0.658596	0.529194
0.087345	0.658327	0.539422
0.065232	0.657738	0.548599
0.047578	0.657276	0.553399
0.037833	0.657143	0.554252
0.042238	0.657143	0.554943
0.054296	0.657143	0.556994
0.069524	0.657279	0.559896
0.089453	0.657547	0.563456
0.108460	0.658259	0.566890
0.121471	0.659541	0.570436
0.127112	0.660006	0.574263
0.123178	0.660523	0.577778
0.116529	0.660715	0.579473
0.108308	0.660083	0.578781
0.099318	0.659513	0.576230
0.095908	0.659320	0.572582
0.092921	0.659154	0.569206
0.098765	0.659106	0.566686
0.110054	0.659088	0.565008
0.125901	0.659000	0.563030
0.138980	0.658965	0.560581
0.147310	0.659268	0.558648
0.149707	0.659760	0.557492
0.152245	0.659797	0.556931
0.168195	0.659639	0.556657
0.196705	0.659888	0.556612
0.221038	0.660802	0.557334
0.230580	0.662259	0.558777
0.225272	0.661988	0.560668
0.209687	0.656407	0.562952
0.194835	0.650253	0.565486
0.186939	0.644926	0.568214
0.177516	0.641299	0.572424
0.167442	0.638902	0.576880
0.167615	0.637253	0.580639
0.182397	0.636324	0.584155
0.203233	0.635968	0.586484
0.224557	0.635984	0.586671
0.246474	0.635643	0.585760
0.268351	0.634474	0.582890
0.284801	0.632606	0.577746
0.293446	0.630588	0.571000
0.297721	0.628346	0.563451
0.298868	0.625964	0.554720
0.293960	0.623421	0.544327
0.285690	0.620503	0.532242
0.281759	0.617037	0.518156
0.287553	0.612703	0.500848
0.301727	0.607350	0.481113
0.320292	0.601418	0.465569
0.337987	0.595145	0.452625
0.355068	0.588468	0.439941
0.370746	0.581705	0.425175
0.382058	0.574784	0.407368
0.390516	0.567200	0.384790
0.399031	0.559025	0.353472
0.409063	0.550692	0.309808
0.420185	0.542047	0.258244
0.431061	0.532433	0.198026
0.440696	0.520975	0.123043
0.447932	0.507617	0.085198
0.454306	0.492795	0.045094
0.459753	0.477433	0.009693
0.464508	0.466231	-0.015451
0.469373	0.457407	-0.032489
0.475266	0.452015	-0.043215
0.483882	0.450025	-0.049301
0.494769	0.450746	-0.052489
0.506432	0.454369	-0.051570
0.516463	0.460341	-0.041581
0.526194	0.466274	-0.026043
0.536859	0.471486	-0.004188
0.547378	0.475463	0.022431
0.555273	0.478716	0.050835
0.559710	0.481366	0.075801
0.562084	0.483610	0.079523
0.563509	0.485956	0.069250
0.564242	0.488016	0.050365
0.565486	0.489371	0.024164
0.567333	0.491022	0.003145
0.569452	0.493010	-0.010759
0.573211	0.493753	-0.019747
0.578043	0.493001	-0.025472
0.582866	0.492042	-0.027828
0.587581	0.492901	-0.023838
0.592568	0.495651	-0.021789
0.599241	0.500167	-0.017575
0.608084	0.505360	-0.011006
-0.089006	0.510000	-0.073530
0.541237	0.514506	0.139355
0.036486	-0.004148	-0.032104
0.015809	-0.067710	-0.062015
0.023171	-0.066885	-0.062528
0.028647	-0.065239	-0.062983
0.032243	-0.063330	-0.063021
0.035327	-0.060278	-0.063115
0.042019	-0.058689	-0.063260
0.056817	-0.060736	-0.063535
0.089356	-0.061358	-0.063879
0.132077	-0.061590	-0.064667
0.173028	-0.061703	-0.066353
0.201593	-0.061632	-0.068738
0.222282	-0.061746	-0.071566
0.235213	-0.062052	-0.074737
0.237831	-0.062862	-0.078598
0.232469	-0.064157	-0.083324
0.225759	-0.065764	-0.089815
0.222957	-0.067207	-0.095885
0.226961	-0.067756	-0.100923
0.236995	-0.067417	-0.105524
0.247203	-0.066100	-0.110593
0.255420	-0.064465	-0.115495
0.260307	-0.061176	-0.119603
0.261329	-0.058377	-0.122888
0.261765	-0.057004	-0.125613
0.263876	-0.057485	-0.128013
0.270543	-0.058776	-0.130355
0.282179	-0.058625	-0.133147
0.295692	-0.058194	-0.136287
0.306760	-0.058636	-0.140150
0.312862	-0.058726	-0.145457
0.317012	-0.057699	-0.150796
0.322450	-0.057575	-0.165533
0.329148	-0.058284	-0.185307
0.332941	-0.059085	-0.208463
0.332531	-0.059244	-0.230226
0.333170	-0.056783	-0.249734
0.336532	-0.057285	-0.266798
0.338406	-0.058320	-0.282382
0.335197	-0.059568	-0.296202
0.329092	-0.061094	-0.306497
0.323699	-0.062186	-0.312337
0.320128	-0.059713	-0.314815
0.318072	-0.053938	-0.316101
0.319322	-0.047390	-0.317446
0.322694	-0.039588	-0.319066
0.324469	-0.031566	-0.320795
0.325325	-0.023060	-0.322116
0.326802	-0.011881	-0.322720
0.332455	-0.001240	-0.322445
0.340715	0.004637	-0.322244
0.345314	0.006513	-0.323238
0.345510	0.009075	-0.326388
0.344018	0.014892	-0.329682
0.342508	0.017687	-0.330514
0.340778	0.015853	-0.328449
0.338051	0.016497	-0.326436
0.334918	0.020232	-0.325963
0.331573	0.023284	-0.326833
0.328565	0.021393	-0.329262
0.327973	0.022645	-0.332855
0.329889	0.030681	-0.336562
0.331497	0.035541	-0.339916
0.331027	0.032622	-0.342797
0.329191	0.030876	-0.344744
0.326181	0.025625	-0.345611
0.320343	0.021843	-0.346643
0.311547	0.033237	-0.349591
0.302155	0.042756	-0.354982
0.293446	0.048633	-0.361336
0.287960	0.053448	-0.367151
0.289384	0.054412	-0.372782
0.295056	0.059826	-0.377296
0.298176	0.076898	-0.379053
0.297383	0.094247	-0.377723
0.293878	0.101127	-0.374579
0.288882	0.104929	-0.373276
0.282590	0.115801	-0.376584
0.272951	0.134749	-0.384559
0.260537	0.153121	-0.394104
0.246626	0.164856	-0.401320
0.233118	0.178769	-0.406057
0.220284	0.200484	-0.409934
0.208311	0.226113	-0.411143
0.199553	0.251437	-0.408748
0.191672	0.274463	-0.404979
0.184062	0.296500	-0.401892
0.178038	0.316429	-0.399885
0.167978	0.330338	-0.399681
0.156016	0.337697	-0.402816
0.140437	0.338741	-0.408422
0.112275	0.333818	-0.413676
0.093000	0.325572	-0.417434
0.072837	0.317393	-0.418789
0.055311	0.313452	-0.417854
0.044227	0.317261	-0.416875
0.035087	0.325624	-0.414205
0.025260	0.335541	-0.403610
0.015850	0.348097	-0.383079
0.009204	0.359071	-0.354358
0.007425	0.366783	-0.319672
0.014078	0.374091	-0.281266
0.016518	0.382768	-0.245369
0.017058	0.392091	-0.212400
0.020778	0.401146	-0.181884
0.029876	0.409894	-0.157487
0.049469	0.418084	-0.139705
0.075441	0.426588	-0.129745
0.101972	0.435459	-0.119768
0.114708	0.443909	-0.113115
0.118103	0.451619	-0.105449
0.114785	0.459497	-0.095368
0.115895	0.468144	-0.084724
0.120432	0.476831	-0.076646
0.119233	0.484908	-0.069361
0.106019	0.492484	-0.065812
0.095662	0.500641	-0.065369
0.080798	0.507998	-0.069563
0.062420	0.512027	-0.072956
0.045975	0.511471	-0.077122
0.032096	0.508247	-0.084583
0.020132	0.501645	-0.095024
0.010984	0.493230	-0.105032
0.006309	0.486192	-0.115474
0.005487	0.481561	-0.125881
0.004118	0.476026	-0.134359
-0.000459	0.470347	-0.141217
-0.007045	0.466444	-0.151067
-0.013839	0.466007	-0.168111
-0.020102	0.469149	-0.178077
-0.025646	0.473256	-0.180386
-0.030495	0.476278	-0.175855
-0.034541	0.477010	-0.167266
-0.039683	0.474848	-0.154571
-0.047441	0.470161	-0.143601
-0.056493	0.463798	-0.137273
-0.064474	0.457772	-0.131448
-0.070380	0.453451	-0.126758
-0.074403	0.452127	-0.124051
-0.076891	0.453377	-0.121756
-0.078230	0.454074	-0.120309
-0.079109	0.454108	-0.119241
-0.080271	0.452937	-0.118016
-0.081912	0.449133	-0.117248
-0.084144	0.444382	-0.116046
-0.087468	0.439039	-0.115293
-0.091449	0.432502	-0.115947
-0.095241	0.425144	-0.116439
-0.098711	0.416951	-0.117095
-0.101764	0.407646	-0.117723
-0.104560	0.398188	-0.116614
-0.107410	0.389792	-0.114030
-0.110046	0.382757	-0.110656
-0.112135	0.374593	-0.105975
-0.113771	0.366978	-0.100292
-0.114893	0.361347	-0.093915
-0.116042	0.358363	-0.086503
-0.117400	0.357009	-0.073631
-0.118579	0.357527	-0.053741
-0.119777	0.359646	-0.027387
-0.121306	0.360251	0.011284
-0.123001	0.357975	0.071604
-0.124615	0.353484	0.166179
-0.126054	0.347654	0.259169
-0.127411	0.338365	0.324708
-0.128718	0.326975	0.362531
-0.129910	0.316584	0.382498
-0.131222	0.305155	0.386489
-0.132826	0.289119	0.373307
-0.134577	0.267874	0.342847
-0.136192	0.238417	0.294842
-0.137365	0.201561	0.232582
-0.139187	0.152008	0.166861
-0.140907	0.096130	0.112543
-0.142299	0.072260	0.098015
-0.143120	0.033199	0.116728
-0.143430	0.003785	0.165076
-0.143607	-0.017890	0.220866
-0.144132	-0.031957	0.270798
-0.145193	-0.040270	0.308424
-0.146786	-0.045594	0.332266
-0.148445	-0.049945	0.342173
-0.149894	-0.054168	0.343166
-0.151821	-0.058264	0.339762
-0.156971	-0.061896	0.336087
-0.161982	-0.065466	0.337216
-0.166089	-0.069647	0.341325
-0.169152	-0.073969	0.346546
-0.171943	-0.077750	0.351749
-0.175774	-0.081144	0.355451
-0.181590	-0.084344	0.358431
-0.188680	-0.087841	0.360613
-0.195039	-0.091114	0.362725
-0.200858	-0.093664	0.366482
-0.206582	-0.095881	0.371729
-0.212112	-0.098028	0.374542
-0.217549	-0.100239	0.373760
-0.222582	-0.102389	0.373320
-0.226137	-0.104563	0.376015
-0.228935	-0.107355	0.383787
-0.233387	-0.110608	0.394088
-0.239899	-0.113404	0.402987
-0.247237	-0.115659	0.410604
-0.254617	-0.117532	0.416535
-0.261881	-0.119307	0.420837
-0.268847	-0.121296	0.423095
-0.275361	-0.123558	0.424157
-0.281158	-0.125682	0.424301
-0.286207	-0.127495	0.425334
-0.290190	-0.129266	0.428471
-0.293235	-0.131130	0.432906
-0.295936	-0.133164	0.437704
-0.298502	-0.135423	0.441570
-0.300750	-0.137353	0.444150
-0.303045	-0.140202	0.447064
-0.306154	-0.142604	0.451101
-0.310114	-0.144295	0.455132
-0.314782	-0.145482	0.458989
-0.320721	-0.146064	0.462258
-0.327794	-0.146318	0.463222
-0.335722	-0.146838	0.461666
-0.343845	-0.147994	0.458243
-0.351953	-0.149773	0.453624
-0.360232	-0.151535	0.450129
-0.368634	-0.154515	0.449536
-0.377501	-0.156373	0.451036
-0.387089	-0.157582	0.454180
-0.396850	-0.159777	0.457744
-0.409104	-0.164101	0.460247
-0.425133	-0.170157	0.461229
-0.439180	-0.176704	0.460765
-0.446843	-0.182691	0.459500
-0.449225	-0.188326	0.459294
-0.448953	-0.195206	0.459608
-0.448039	-0.202911	0.461229
-0.448348	-0.211119	0.465582
-0.451388	-0.220292	0.470475
-0.456321	-0.229512	0.473484
-0.461009	-0.237517	0.473915
-0.464614	-0.244399	0.472415
-0.467638	-0.250762	0.471678
-0.471360	-0.255496	0.472946
-0.475662	-0.257587	0.475830
-0.479010	-0.257717	0.479614
-0.480107	-0.257648	0.483151
-0.478941	-0.259715	0.485824
-0.476714	-0.265428	0.486876
-0.474457	-0.274902	0.484791
-0.471737	-0.286114	0.479296
-0.467790	-0.297370	0.469917
-0.464141	-0.308687	0.456880
-0.462601	-0.319568	0.443748
-0.463138	-0.329246	0.433869
-0.464082	-0.338068	0.427594
-0.464714	-0.348141	0.421081
-0.464739	-0.358485	0.410139
-0.462848	-0.367906	0.393099
-0.460872	-0.379014	0.369203
-0.459457	-0.393399	0.336875
-0.457548	-0.411459	0.297759
-0.453665	-0.431883	0.253690
-0.447068	-0.451619	0.209475
-0.438821	-0.470190	0.168016
-0.430395	-0.491439	0.125037
-0.423942	-0.519768	0.094048
-0.421382	-0.534266	0.069502
-0.422890	-0.536364	0.033564
-0.427288	-0.536364	0.000777
-0.430611	-0.536364	-0.025106
-0.431861	-0.536364	-0.043302
-0.434067	-0.536364	-0.055838
-0.438922	-0.536364	-0.064987
-0.445521	-0.536364	-0.072084
-0.451115	-0.536364	-0.077328
-0.453401	-0.536364	-0.080368
-0.451118	-0.536364	-0.081718
-0.444692	-0.536364	-0.080126
-0.437404	-0.536364	-0.076098
-0.431932	-0.536364	-0.072314
-0.426200	-0.536364	-0.067379
-0.418072	-0.536364	-0.060823
-0.407742	-0.536364	-0.052122
-0.396335	-0.536364	-0.040917
-0.384835	-0.536364	-0.030118
-0.375664	-0.536364	-0.022117
-0.370795	-0.536364	-0.013160
-0.367764	-0.536364	-0.007968
-0.363230	-0.536364	-0.012004
-0.356846	-0.536364	-0.015243
-0.349341	-0.536364	-0.020768
-0.340440	-0.536364	-0.028316
-0.330682	-0.536364	-0.035816
-0.321294	-0.536364	-0.041669
-0.313119	-0.536364	-0.045155
-0.305631	-0.536364	-0.047116
-0.299153	-0.536364	-0.048158
-0.294816	-0.536364	-0.047301
-0.292802	-0.536364	-0.046283
-0.472039	-0.536364	-0.123296
-0.334739	-0.536364	0.131968
-0.049051	-0.237335	0.331930
-0.103192	-0.187056	0.350098
-0.099891	-0.182698	0.365631
-0.096990	-0.179208	0.382264
-0.094495	-0.175601	0.396379
-0.092157	-0.171560	0.406999
-0.090075	-0.167865	0.414416
-0.088414	-0.165404	0.417404
-0.088001	-0.164507	0.417679
-0.087809	-0.164461	0.414550
-0.086754	-0.164363	0.406649
-0.085055	-0.163326	0.394586
-0.083123	-0.160846	0.379002
-0.081290	-0.156175	0.358263
-0.077931	-0.149285	0.328074
-0.072398	-0.145810	0.283774
-0.065660	-0.142261	0.220413
-0.059477	-0.139283	0.139927
-0.052863	-0.137227	0.086631
-0.045414	-0.135404	0.046891
-0.038462	-0.133982	0.009593
-0.031127	-0.133595	-0.014167
-0.024480	-0.132954	-0.029655
-0.016842	-0.131400	-0.041504
-0.003210	-0.129930	-0.051891
0.014856	-0.128785	-0.060903
0.033224	-0.127442	-0.068491
0.051267	-0.126295	-0.075021
0.064197	-0.125381	-0.080721
0.068668	-0.124589	-0.086075
0.068564	-0.123795	-0.091787
0.068251	-0.123117	-0.096838
0.074211	-0.122480	-0.101290
0.087071	-0.121630	-0.105081
0.101885	-0.120541	-0.108479
0.115153	-0.119494	-0.111140
0.132328	-0.118881	-0.113214
0.150721	-0.118912	-0.115167
0.169053	-0.119065	-0.116919
0.186227	-0.118090	-0.118556
0.199244	-0.115425	-0.120674
0.207780	-0.112027	-0.123499
0.220525	-0.109330	-0.126752
0.243906	-0.107929	-0.130109
0.274249	-0.107728	-0.133318
0.302749	-0.106834	-0.136072
0.323202	-0.104983	-0.138510
0.335006	-0.102095	-0.141876
0.342380	-0.098601	-0.144508
0.348095	-0.094392	-0.146231
0.352673	-0.089232	-0.147111
0.357954	-0.085154	-0.146840
0.364893	-0.083154	-0.146414
0.372619	-0.081671	-0.146608
0.379921	-0.080348	-0.146659
0.386493	-0.079907	-0.146551
0.392970	-0.078014	-0.146568
0.400528	-0.073321	-0.146692
0.410283	-0.067119	-0.147270
0.418801	-0.060301	-0.148371
0.424560	-0.054183	-0.149708
0.428975	-0.049706	-0.150677
0.432705	-0.045337	-0.150129
0.437693	-0.038572	-0.148468
0.444918	-0.028917	-0.146959
0.454073	-0.017559	-0.146310
0.462715	-0.003500	-0.146531
0.470581	0.015946	-0.146730
0.478708	0.036272	-0.147212
0.487751	0.058482	-0.147430
0.499927	0.080365	-0.146838
0.512753	0.097154	-0.146187
0.525140	0.112757	-0.145771
0.536663	0.141104	-0.145909
0.546359	0.173297	-0.145959
0.553986	0.198324	-0.145652
0.559933	0.220338	-0.143981
0.565281	0.248025	-0.142067
0.570854	0.278854	-0.141162
0.574991	0.306230	-0.141224
0.576985	0.329364	-0.141397
0.576835	0.348934	-0.141422
0.576202	0.364892	-0.141270
0.575833	0.379787	-0.140668
0.576697	0.395000	-0.140573
0.578589	0.409781	-0.140857
0.580953	0.423637	-0.141844
0.583448	0.437304	-0.143688
0.585587	0.450400	-0.146044
0.586749	0.460696	-0.148220
0.587624	0.468283	-0.149574
0.588969	0.474629	-0.150190
0.590355	0.480206	-0.150328
0.591349	0.485288	-0.149623
0.591750	0.489724	-0.148156
0.592856	0.495268	-0.145178
0.595622	0.501870	-0.141405
0.599485	0.509786	-0.136621
0.603570	0.518530	-0.129339
0.607587	0.527566	-0.121444
0.611772	0.536603	-0.112984
0.615571	0.545201	-0.102430
0.618039	0.553458	-0.090871
0.619357	0.562197	-0.079605
0.620839	0.571226	-0.069066
0.621766	0.580456	-0.057036
0.621584	0.589361	-0.042437
0.621506	0.597508	-0.021812
0.622298	0.605147	0.010164
0.622953	0.612741	0.069813
0.623012	0.620643	0.175974
0.622330	0.627979	0.283559
0.620351	0.634171	0.350586
0.617543	0.639217	0.381391
0.614795	0.643139	0.390643
0.612857	0.646797	0.386771
0.611894	0.650245	0.372779
0.611685	0.653459	0.343376
0.611844	0.655959	0.287618
0.612812	0.657458	0.187954
0.614314	0.657917	0.079743
0.615298	0.657968	0.018686
0.616062	0.658556	-0.034101
0.617256	0.659884	-0.062965
0.618289	0.661094	-0.079539
0.618935	0.660855	-0.091379
0.619752	0.660588	-0.098134
0.621276	0.660451	-0.101223
0.622583	0.660441	-0.098767
0.623412	0.660666	-0.090311
0.624090	0.660590	-0.080810
0.624692	0.660432	-0.071498
0.625172	0.660099	-0.064365
0.625264	0.659632	-0.059980
0.625152	0.659295	-0.057400
0.624956	0.659188	-0.056537
0.625805	0.659154	-0.053542
0.627048	0.659053	-0.049421
0.627373	0.658875	-0.046121
0.626791	0.658759	-0.042760
0.625056	0.658738	-0.038401
0.622225	0.658683	-0.033639
0.618747	0.658653	-0.028339
0.615401	0.658700	-0.022822
0.611928	0.658683	-0.018521
0.607367	0.658636	-0.013977
0.601769	0.658529	-0.012406
0.596820	0.658368	-0.011680
0.594625	0.658221	-0.006256
0.596459	0.658134	0.005435
0.599285	0.658270	0.020251
0.599949	0.658581	0.036524
0.598437	0.658224	0.058454
0.594090	0.658064	0.087200
0.587367	0.657843	0.129691
0.579951	0.657446	0.192693
0.573391	0.657143	0.260298
0.567950	0.657143	0.325913
0.563619	0.657143	0.386366
0.561142	0.657143	0.437112
0.561306	0.657143	0.478749
0.562428	0.657143	0.517518
0.562453	0.657143	0.548968
0.562002	0.657143	0.572353
0.560667	0.657143	0.587829
0.558415	0.657143	0.594457
0.556213	0.657143	0.594237
0.554632	0.657344	0.590308
0.553151	0.658561	0.580062
0.551753	0.659163	0.563251
0.550145	0.659162	0.540358
0.548298	0.659282	0.513131
0.546503	0.659443	0.483376
0.544404	0.659119	0.458481
0.541417	0.658992	0.442571
0.537789	0.658914	0.432501
0.534484	0.658674	0.427225
0.532087	0.658245	0.425164
0.530337	0.658131	0.425969
0.529074	0.658233	0.431687
0.528845	0.658463	0.439946
0.529299	0.658966	0.445351
0.529382	0.659127	0.447817
0.528790	0.659686	0.450443
0.527004	0.660447	0.455418
0.523790	0.660892	0.460988
0.519283	0.661061	0.463164
0.514457	0.661062	0.462825
0.509782	0.661343	0.460690
0.505694	0.661276	0.457570
0.502940	0.660751	0.454708
0.501375	0.660676	0.451537
0.499334	0.660665	0.445730
0.496307	0.661037	0.439058
0.492623	0.661989	0.435038
0.489201	0.659818	0.435436
0.486523	0.656945	0.437199
0.484980	0.654495	0.437634
0.485061	0.652546	0.434939
0.486661	0.651273	0.427130
0.488632	0.651106	0.417616
0.489757	0.651497	0.410492
0.489923	0.651203	0.406309
0.490121	0.650464	0.402981
0.491230	0.649899	0.402258
0.491611	0.649771	0.402158
0.491183	0.649912	0.401687
0.491823	0.649821	0.404113
0.493255	0.649397	0.406997
0.494149	0.648409	0.406840
0.495190	0.647052	0.403214
0.496452	0.646064	0.396648
0.497117	0.646156	0.387609
0.497325	0.647108	0.378610
0.497539	0.647652	0.370116
0.496942	0.647093	0.364277
0.495152	0.645108	0.362856
0.492225	0.642363	0.366015
0.488437	0.640127	0.372359
0.485587	0.638228	0.380660
0.484188	0.636285	0.390189
0.485049	0.634585	0.398602
0.487954	0.633124	0.404728
0.492688	0.631689	0.409691
0.497741	0.630188	0.413995
0.500438	0.628508	0.417250
0.500652	0.626353	0.419576
0.499656	0.623530	0.423184
0.497999	0.620576	0.428710
0.496985	0.617944	0.433212
0.497666	0.615479	0.433024
0.500583	0.613123	0.428205
0.504326	0.610545	0.422256
0.505194	0.607534	0.419260
0.503484	0.604655	0.420378
0.500424	0.602377	0.422849
0.497084	0.600559	0.426649
0.493677	0.598199	0.431350
0.490001	0.594535	0.436925
0.486087	0.590172	0.444275
0.482579	0.585989	0.452780
0.478461	0.581845	0.463154
0.474528	0.577345	0.473168
0.471985	0.572779	0.481003
0.471565	0.568927	0.490739
0.472144	0.565759	0.508322
0.473907	0.562351	0.525617
0.477578	0.558038	0.538963
0.481329	0.552775	0.547271
0.484735	0.547114	0.549629
0.489777	0.541228	0.546649
0.497283	0.535744	0.537363
0.503604	0.530438	0.521138
0.508374	0.523663	0.498741
0.511202	0.514930	0.470880
0.511697	0.506215	0.445529
0.511144	0.498735	0.417273
0.510310	0.491274	0.383501
0.510870	0.483041	0.344273
0.513598	0.475899	0.299139
0.518111	0.468243	0.250782
0.523092	0.460203	0.199771
0.526579	0.450886	0.139520
0.528930	0.439275	0.094139
0.530968	0.423223	0.073655
0.533159	0.403396	0.051457
0.535282	0.381204	0.036618
0.537413	0.355641	0.020961
0.540291	0.326214	0.002591
0.544422	0.295817	-0.016214
0.550579	0.269261	-0.032528
0.557789	0.247218	-0.045364
0.564255	0.226458	-0.054949
0.569404	0.201244	-0.061688
0.573600	0.169183	-0.066268
0.576870	0.125585	-0.069382
0.580045	0.092019	-0.071300
0.583644	0.066448	-0.069687
0.587025	0.040223	-0.065288
0.589934	0.023921	-0.061674
0.593583	0.016089	-0.057200
0.598734	0.014367	-0.049999
0.604678	0.018991	-0.039460
0.610499	0.030506	-0.027860
0.615527	0.040980	-0.014546
0.619941	0.048568	-0.002284
0.624537	0.060118	0.009332
0.629515	0.074717	0.020469
0.634834	0.091734	0.022172
0.639748	0.109500	0.016877
0.643991	0.118137	0.011635
0.646670	0.125529	-0.000491
0.648897	0.138210	-0.014426
0.651181	0.151504	-0.025745
0.653410	0.154406	-0.033098
0.656098	0.143241	-0.036166
0.659028	0.124952	-0.030501
0.660910	0.103298	-0.023450
-0.162702	0.094810	-0.138331
0.618818	0.080961	0.212013
0.049622	-0.094397	-0.049068
0.034007	-0.136736	-0.075423
0.036143	-0.137398	-0.071313
0.034447	-0.136995	-0.067551
0.033861	-0.135966	-0.065387
0.034443	-0.135360	-0.064618
0.048686	-0.135304	-0.064497
0.072042	-0.135232	-0.061646
0.099311	-0.134600	-0.059356
0.126769	-0.133561	-0.061203
0.158933	-0.132710	-0.062670
0.181501	-0.131720	-0.064235
0.185438	-0.130761	-0.066802
0.180740	-0.131193	-0.069594
0.175541	-0.131887	-0.071987
0.168526	-0.132673	-0.074089
0.159324	-0.133829	-0.076666
0.152804	-0.135141	-0.079939
0.156865	-0.136377	-0.083714
0.173667	-0.137408	-0.088614
0.193606	-0.139137	-0.094218
0.208296	-0.140612	-0.099958
0.219609	-0.141579	-0.105837
0.230785	-0.142280	-0.112690
0.242632	-0.142885	-0.119771
0.253575	-0.143206	-0.126295
0.260952	-0.142306	-0.132266
0.266799	-0.141672	-0.137270
0.275858	-0.141978	-0.144261
0.286618	-0.142156	-0.158645
0.295484	-0.142816	-0.185781
0.300168	-0.143471	-0.216239
0.300883	-0.144418	-0.247115
0.298188	-0.145802	-0.279604
0.292506	-0.146891	-0.313249
0.286477	-0.147410	-0.343936
0.283135	-0.147693	-0.368410
0.283301	-0.147570	-0.385527
0.284540	-0.146635	-0.395391
0.287561	-0.145536	-0.401330
0.293993	-0.144692	-0.405622
0.299413	-0.143884	-0.408321
0.299589	-0.142482	-0.408258
0.296601	-0.140864	-0.406092
0.291045	-0.139433	-0.403398
0.281890	-0.138288	-0.401999
0.270950	-0.136426	-0.402554
0.260421	-0.134624	-0.403945
0.251014	-0.133742	-0.403719
0.242714	-0.132603	-0.400742
0.233318	-0.131351	-0.397246
0.219478	-0.130216	-0.394601
0.200040	-0.129681	-0.391961
0.174256	-0.128610	-0.387808
0.147172	-0.127235	-0.382025
0.121711	-0.126553	-0.375982
0.100546	-0.125941	-0.371072
0.096632	-0.125158	-0.369009
0.088548	-0.124283	-0.370509
0.084878	-0.123428	-0.374451
0.088264	-0.122713	-0.377415
0.095386	-0.121666	-0.378060
0.098316	-0.120109	-0.378040
0.101256	-0.117868	-0.377843
0.104104	-0.115770	-0.375921
0.107528	-0.114552	-0.372392
0.106074	-0.113687	-0.370741
0.101396	-0.111913	-0.370512
0.104896	-0.108908	-0.369067
0.106735	-0.105560	-0.368734
0.099243	-0.103407	-0.371579
0.092836	-0.103045	-0.376344
0.077435	-0.103701	-0.380883
0.060007	-0.104136	-0.384305
0.044872	-0.103733	-0.387147
0.035362	-0.102133	-0.390879
0.031609	-0.099040	-0.395060
0.036854	-0.096415	-0.398691
0.042006	-0.095281	-0.401116
0.043161	-0.094196	-0.400659
0.040896	-0.092870	-0.398323
0.038240	-0.092193	-0.396765
0.040051	-0.091494	-0.397262
0.039278	-0.090769	-0.399923
0.036887	-0.089090	-0.403042
0.029114	-0.086861	-0.403560
0.019526	-0.084845	-0.399853
0.011295	-0.082300	-0.393173
0.005546	-0.080899	-0.386900
0.002581	-0.081467	-0.382479
0.001398	-0.082306	-0.379295
0.001860	-0.083140	-0.377816
0.005306	-0.083272	-0.378243
0.008365	-0.083424	-0.378807
0.006213	-0.083544	-0.377789
0.004399	-0.083923	-0.377072
-0.000755	-0.084323	-0.377500
-0.006797	-0.084707	-0.377848
-0.011220	-0.085063	-0.376908
-0.013852	-0.083501	-0.371572
-0.016947	-0.079578	-0.358839
-0.022226	-0.074565	-0.338861
-0.028812	-0.068601	-0.314006
-0.033975	-0.063466	-0.287860
-0.036505	-0.060382	-0.264698
-0.034885	-0.058387	-0.243164
-0.034306	-0.055932	-0.218008
-0.034820	-0.051415	-0.188664
-0.035705	-0.047329	-0.162468
-0.038671	-0.043989	-0.139960
-0.043301	-0.039585	-0.127161
-0.047511	-0.035502	-0.111868
-0.050642	-0.032201	-0.098901
-0.052926	-0.031762	-0.085588
-0.055468	-0.034480	-0.072734
-0.059214	-0.035043	-0.060223
-0.064266	-0.036193	-0.049013
-0.070251	-0.031540	-0.038926
-0.075916	-0.024413	-0.034570
-0.080684	-0.018942	-0.040554
-0.084617	-0.012074	-0.047250
-0.088537	-0.008065	-0.057406
-0.091659	-0.006802	-0.073196
-0.093696	-0.006704	-0.092053
-0.095193	-0.006613	-0.109929
-0.096781	-0.005934	-0.127407
-0.098581	-0.002595	-0.139784
-0.100720	-0.001627	-0.173564
-0.103172	-0.003850	-0.220685
-0.105778	-0.007866	-0.254232
-0.108823	-0.013924	-0.270009
-0.111635	-0.020409	-0.264183
-0.114443	-0.027491	-0.240655
-0.117460	-0.033549	-0.207696
-0.120406	-0.036483	-0.176205
-0.123113	-0.033506	-0.153354
-0.125551	-0.029130	-0.142745
-0.127742	-0.023659	-0.139344
-0.129999	-0.019115	-0.137801
-0.132544	-0.016547	-0.138977
-0.135185	-0.017867	-0.139501
-0.137186	-0.020023	-0.141602
-0.139765	-0.024370	-0.144510
-0.142443	-0.031208	-0.148181
-0.145067	-0.038051	-0.154195
-0.147279	-0.042604	-0.163603
-0.149082	-0.045111	-0.172490
-0.150783	-0.046608	-0.178723
-0.155046	-0.048379	-0.180519
-0.160633	-0.051825	-0.178270
-0.166784	-0.056849	-0.174924
-0.173334	-0.062054	-0.170874
-0.180473	-0.065716	-0.163820
-0.188875	-0.067339	-0.152367
-0.196414	-0.063659	-0.142714
-0.201839	-0.058817	-0.133548
-0.206643	-0.055298	-0.120295
-0.213713	-0.052128	-0.107069
-0.222653	-0.048702	-0.089617
-0.232046	-0.045443	-0.067398
-0.241912	-0.041281	-0.039455
-0.251127	-0.036275	0.003026
-0.258440	-0.033824	0.070691
-0.264248	-0.035358	0.171367
-0.269952	-0.037322	0.252850
-0.276800	-0.039217	0.297119
-0.284288	-0.042349	0.306760
-0.292093	-0.046820	0.292981
-0.300474	-0.053398	0.253126
-0.308547	-0.060605	0.175147
-0.316503	-0.066714	0.084495
-0.325897	-0.071927	0.032388
-0.336736	-0.076673	-0.017882
-0.347900	-0.080797	-0.046340
-0.358999	-0.084249	-0.063307
-0.370597	-0.087345	-0.073516
-0.383914	-0.090109	-0.079160
-0.399847	-0.091939	-0.080992
-0.418301	-0.092952	-0.072772
-0.437018	-0.093362	-0.064627
-0.453672	-0.093479	-0.057831
-0.467978	-0.093999	-0.052493
-0.480712	-0.095171	-0.050517
-0.492080	-0.096509	-0.050130
-0.501303	-0.097597	-0.051062
-0.507773	-0.098315	-0.052676
-0.512880	-0.098975	-0.052953
-0.519968	-0.100083	-0.052207
-0.530119	-0.101643	-0.050054
-0.535546	-0.103423	-0.048418
-0.536364	-0.105231	-0.044909
-0.536364	-0.106883	-0.037284
-0.536364	-0.107672	-0.025857
-0.536364	-0.107969	-0.013145
-0.536364	-0.108335	-0.002102
-0.536364	-0.108975	0.010888
-0.536364	-0.109968	0.028058
-0.536364	-0.111156	0.044234
-0.536364	-0.112392	0.053216
-0.536364	-0.113535	0.051486
-0.536364	-0.114700	0.049608
-0.536364	-0.116344	0.047587
-0.536364	-0.118387	0.040587
-0.536364	-0.120558	0.028800
-0.536364	-0.122939	0.015529
-0.536364	-0.125650	0.004938
-0.536364	-0.128744	-0.000868
-0.536364	-0.132003	-0.000435
-0.536364	-0.134883	0.005743
-0.536364	-0.137016	0.013626
-0.536364	-0.139822	0.020149
-0.536364	-0.142992	0.030759
-0.536364	-0.145653	0.046005
-0.536364	-0.147635	0.060525
-0.536364	-0.148938	0.069774
-0.536364	-0.149652	0.073702
-0.536364	-0.150157	0.071314
-0.536364	-0.150788	0.069912
-0.536364	-0.153152	0.065059
-0.536364	-0.159424	0.056655
-0.536364	-0.168310	0.044001
-0.536364	-0.178964	0.029340
-0.536364	-0.190298	0.016831
-0.536364	-0.199421	0.009491
-0.536364	-0.207205	0.010599
-0.536364	-0.214228	0.016656
-0.536364	-0.220905	0.026624
-0.536364	-0.228129	0.039816
-0.536364	-0.236566	0.051220
-0.536364	-0.246470	0.059580
-0.536364	-0.256811	0.070701
-0.536364	-0.266445	0.082393
-0.536364	-0.276991	0.090400
-0.536364	-0.289458	0.094903
-0.536364	-0.303175	0.096786
-0.536364	-0.316550	0.097939
-0.536364	-0.330032	0.104918
-0.536364	-0.345985	0.124043
-0.536364	-0.364248	0.153267
-0.536364	-0.382971	0.182545
-0.536364	-0.400745	0.207913
-0.536364	-0.418091	0.227522
-0.536364	-0.433762	0.244442
-0.536364	-0.447050	0.262256
-0.536364	-0.460189	0.283716
-0.536364	-0.474137	0.304279
-0.536364	-0.489656	0.314905
-0.536364	-0.508311	0.313840
-0.536364	-0.531401	0.305478
-0.536364	-0.536358	0.295185
-0.536364	-0.536364	0.284656
-0.536364	-0.536364	0.276990
-0.536364	-0.536364	0.272530
-0.536364	-0.536364	0.270531
-0.536364	-0.536364	0.264974
-0.536364	-0.536364	0.245648
-0.536364	-0.536364	0.213968
-0.536364	-0.536364	0.168138
-0.536364	-0.536364	0.099310
-0.536364	-0.536364	0.076108
-0.536364	-0.536364	0.027581
-0.536364	-0.536364	-0.005628
-0.536364	-0.536364	-0.028387
-0.536364	-0.536364	-0.044522
-0.536364	-0.536364	-0.056680
-0.536364	-0.536364	-0.066459
-0.536364	-0.536364	-0.074626
-0.536364	-0.536364	-0.081574
-0.536364	-0.536364	-0.088514
-0.536364	-0.536364	-0.094839
-0.536364	-0.536364	-0.099970
-0.536364	-0.536364	-0.104467
-0.536364	-0.536364	-0.109598
-0.536364	-0.536364	-0.115643
-0.536364	-0.536364	-0.121233
-0.536364	-0.536364	-0.125977
-0.536364	-0.536364	-0.129792
-0.536364	-0.536364	-0.132472
-0.536364	-0.536364	-0.133557
-0.536364	-0.536364	-0.128776
-0.536364	-0.536364	-0.121457
-0.536364	-0.536364	-0.112584
-0.536364	-0.536364	-0.102424
-0.536364	-0.536364	-0.090941
-0.536364	-0.536364	-0.079611
-0.536364	-0.536364	-0.071003
-0.536364	-0.536364	-0.065627
-0.536364	-0.536364	-0.067298
-0.536364	-0.536364	-0.074458
-0.536364	-0.536364	-0.076169
-0.536364	-0.536364	-0.080076
-0.536364	-0.536364	-0.085009
-0.536364	-0.536364	-0.090584
-0.536364	-0.536364	-0.094898
-0.536364	-0.536364	-0.097691
-0.536364	-0.536364	-0.098765
-0.536364	-0.536364	-0.094900
-0.536364	-0.536364	-0.090174
-0.536364	-0.536364	-0.318042
-0.536364	-0.536364	0.037696
-0.027960	-0.334923	0.310961
-0.100323	-0.278633	0.317963
-0.098454	-0.269981	0.334906
-0.095947	-0.263449	0.341659
-0.093615	-0.257423	0.340179
-0.091377	-0.249661	0.335986
-0.087987	-0.239718	0.329376
-0.083771	-0.230764	0.318897
-0.080607	-0.225719	0.309303
-0.077870	-0.223998	0.301248
-0.074630	-0.223592	0.291333
-0.071529	-0.222734	0.278549
-0.068642	-0.220301	0.262205
-0.065978	-0.216073	0.242819
-0.062353	-0.211373	0.216189
-0.059016	-0.208017	0.175322
-0.052589	-0.203595	0.115349
-0.044951	-0.196779	0.085025
-0.039588	-0.188002	0.045869
-0.034795	-0.178257	0.012662
-0.027590	-0.169049	-0.011989
-0.021014	-0.161124	-0.030513
-0.013352	-0.155728	-0.044187
-0.002622	-0.153479	-0.054539
0.010432	-0.153552	-0.063224
0.027742	-0.154519	-0.071253
0.047710	-0.155730	-0.078791
0.070819	-0.156047	-0.086107
0.097322	-0.153949	-0.093458
0.127130	-0.150206	-0.099713
0.165193	-0.147704	-0.105519
0.195583	-0.144771	-0.111630
0.218724	-0.141700	-0.117261
0.239337	-0.138656	-0.121904
0.260582	-0.134824	-0.126023
0.277793	-0.130208	-0.129752
0.289762	-0.128197	-0.133192
0.300020	-0.127225	-0.136341
0.309920	-0.126650	-0.139914
0.319809	-0.126003	-0.144659
0.329617	-0.125019	-0.149190
0.340371	-0.124033	-0.159689
0.351319	-0.123419	-0.172302
0.363110	-0.122145	-0.187061
0.377616	-0.120324	-0.202363
0.394401	-0.118660	-0.215882
0.410524	-0.117091	-0.225163
0.423417	-0.116016	-0.228865
0.433230	-0.114404	-0.226896
0.440400	-0.111878	-0.222060
0.446192	-0.109905	-0.216929
0.452686	-0.107885	-0.212118
0.460150	-0.104103	-0.208431
0.467683	-0.099678	-0.206549
0.475209	-0.096074	-0.205559
0.481749	-0.092621	-0.204675
0.486041	-0.088580	-0.203955
0.488592	-0.084884	-0.203404
0.491429	-0.081811	-0.203558
0.496537	-0.078608	-0.204899
0.503747	-0.074791	-0.207747
0.511963	-0.071165	-0.209658
0.520017	-0.067407	-0.207964
0.526715	-0.064241	-0.205252
0.531948	-0.063111	-0.201674
0.535698	-0.062287	-0.197529
0.539384	-0.058157	-0.194453
0.543581	-0.050797	-0.192294
0.547630	-0.042062	-0.189396
0.551578	-0.033214	-0.186091
0.554904	-0.025920	-0.183231
0.558446	-0.018864	-0.180911
0.563018	-0.007248	-0.178789
0.568292	0.013088	-0.176207
0.573948	0.046704	-0.173447
0.578697	0.095559	-0.170855
0.582447	0.149073	-0.168492
0.585010	0.200920	-0.167542
0.585285	0.242038	-0.168186
0.584498	0.277394	-0.170519
0.583184	0.308008	-0.173547
0.582446	0.333760	-0.175721
0.583770	0.355731	-0.176776
0.585129	0.375958	-0.176653
0.586262	0.391452	-0.175889
0.588490	0.403157	-0.175377
0.591679	0.415085	-0.175913
0.595228	0.428606	-0.178765
0.598550	0.443387	-0.186556
0.602044	0.455891	-0.196441
0.606085	0.464448	-0.205557
0.610033	0.469916	-0.213101
0.613904	0.472958	-0.218908
0.617813	0.475669	-0.222093
0.621424	0.480411	-0.222066
0.623413	0.488292	-0.219271
0.623572	0.500686	-0.215376
0.623483	0.514256	-0.210661
0.624281	0.527487	-0.203996
0.626743	0.539324	-0.194486
0.629827	0.549912	-0.180376
0.632388	0.560177	-0.162281
0.634077	0.571072	-0.141183
0.636000	0.582039	-0.128541
0.639420	0.591664	-0.114312
0.644086	0.599892	-0.104065
0.649318	0.607385	-0.093396
0.653529	0.614310	-0.082324
0.655373	0.620366	-0.070617
0.655195	0.625627	-0.054391
0.654342	0.631057	-0.035230
0.653145	0.637114	-0.006844
0.652202	0.642673	0.037963
0.651405	0.648647	0.123878
0.650814	0.655216	0.217961
0.650510	0.661018	0.286648
0.650347	0.659929	0.322601
0.650294	0.658954	0.339129
0.650102	0.658043	0.336401
0.649420	0.657143	0.310658
0.648603	0.657143	0.249507
0.648317	0.657143	0.125136
0.648656	0.657143	0.062352
0.648996	0.657143	-0.007587
0.649925	0.657143	-0.047401
0.652199	0.657319	-0.070186
0.655276	0.657458	-0.085109
0.657777	0.657799	-0.096063
0.659785	0.658264	-0.102297
0.660974	0.658704	-0.104791
0.660595	0.659075	-0.100380
0.660413	0.659661	-0.092921
0.660971	0.659097	-0.085061
0.661818	0.657814	-0.076049
0.661298	0.657521	-0.066459
0.659388	0.657143	-0.061879
0.658388	0.657143	-0.061181
0.658364	0.657143	-0.059652
0.658646	0.657143	-0.057768
0.658686	0.657143	-0.054334
0.658528	0.657143	-0.049648
0.658321	0.657143	-0.045454
0.658444	0.657143	-0.039801
0.658669	0.657143	-0.030859
0.659067	0.657143	-0.017288
0.658879	0.657148	0.001877
0.657844	0.657483	0.024574
0.655805	0.657396	0.053909
0.653541	0.657143	0.085538
0.651179	0.657143	0.121391
0.648211	0.657143	0.164092
0.644723	0.657319	0.209598
0.641351	0.657231	0.249487
0.638268	0.657143	0.286960
0.635110	0.657143	0.326719
0.632024	0.657143	0.367849
0.629846	0.657143	0.409034
0.629987	0.657143	0.448322
0.632706	0.657143	0.482898
0.634768	0.657143	0.517890
0.634499	0.657143	0.548777
0.633141	0.657143	0.574679
0.631229	0.657143	0.594458
0.629655	0.657143	0.608076
0.629068	0.657143	0.615486
0.630117	0.657143	0.617400
0.631607	0.657143	0.616018
0.633503	0.657143	0.611588
0.635797	0.657360	0.604065
0.637697	0.658704	0.594332
0.637817	0.659747	0.584572
0.636831	0.659992	0.577297
0.634383	0.659635	0.573047
0.631286	0.659745	0.571154
0.627851	0.659675	0.571103
0.624605	0.659230	0.574464
0.622023	0.658318	0.581324
0.619958	0.657737	0.589720
0.618357	0.657838	0.596605
0.617103	0.658083	0.601504
0.615598	0.659007	0.605127
0.613189	0.659541	0.607725
0.610084	0.659667	0.609743
0.607366	0.659884	0.610911
0.606205	0.659528	0.611895
0.608274	0.658717	0.613672
0.612597	0.658083	0.616180
0.618077	0.657658	0.619398
0.622801	0.657246	0.622262
0.625530	0.657143	0.623677
0.626242	0.657467	0.624317
0.626072	0.658208	0.624139
0.625780	0.658494	0.623140
0.626068	0.658042	0.621342
0.626715	0.657456	0.619455
0.627829	0.657230	0.617933
0.628754	0.657816	0.617639
0.629061	0.658205	0.619037
0.629643	0.658127	0.620807
0.630974	0.658224	0.622618
0.632043	0.658405	0.624548
0.632976	0.659128	0.626762
0.634265	0.660539	0.629498
0.635819	0.662066	0.632726
0.638213	0.663538	0.636385
0.640201	0.661321	0.639635
0.640203	0.659551	0.642088
0.639099	0.660714	0.643930
0.636848	0.659825	0.645034
0.635480	0.659028	0.645252
0.636072	0.658462	0.645141
0.637023	0.658204	0.645538
0.637943	0.658179	0.647010
0.637735	0.658166	0.648167
0.637055	0.658236	0.648084
0.636262	0.658654	0.647382
0.635790	0.659468	0.646028
0.636652	0.660331	0.644793
0.638794	0.660830	0.643832
0.641434	0.660919	0.642621
0.644327	0.660793	0.641082
0.647505	0.660670	0.639732
0.651229	0.660435	0.638431
0.655374	0.660029	0.636760
0.659363	0.659441	0.634595
0.660832	0.658787	0.632201
0.660495	0.658370	0.630215
0.660411	0.658151	0.628943
0.660639	0.658015	0.628556
0.660760	0.657995	0.629382
0.660625	0.658921	0.630701
0.660569	0.660008	0.632120
0.660697	0.660215	0.633733
0.660906	0.660418	0.634111
0.661200	0.661321	0.632823
0.661495	0.662737	0.629382
0.661097	0.661218	0.624378
0.660913	0.656683	0.620216
0.660887	0.652232	0.618347
0.660803	0.647722	0.619726
0.660652	0.642795	0.622977
0.660576	0.637465	0.626627
0.660458	0.632607	0.630108
0.660305	0.628595	0.633648
0.660147	0.625141	0.636694
0.659969	0.622711	0.637203
0.659777	0.621452	0.635351
0.659498	0.621087	0.630832
0.659081	0.621721	0.624771
0.658601	0.622607	0.618517
0.658181	0.622927	0.613296
0.657898	0.622574	0.609276
0.657719	0.621320	0.605128
0.657465	0.619527	0.599667
0.657143	0.617772	0.592678
0.657143	0.616141	0.584207
0.657143	0.614229	0.573815
0.657143	0.610941	0.561467
0.657143	0.606124	0.547362
0.657143	0.600338	0.530846
0.657143	0.593857	0.511013
0.657143	0.586521	0.488600
0.657143	0.577476	0.467350
0.657143	0.566185	0.450099
0.657143	0.553156	0.431514
0.657143	0.539237	0.410912
0.657143	0.526899	0.385262
0.657143	0.518083	0.349464
0.657143	0.511391	0.299724
0.657143	0.504465	0.225039
0.657143	0.496362	0.109216
0.657143	0.487987	0.069505
0.657143	0.480169	0.010951
0.657143	0.471927	-0.020313
0.657143	0.461958	-0.035116
0.657143	0.451478	-0.035402
0.657899	0.443665	-0.017796
0.658902	0.440527	0.005611
0.658936	0.440964	0.038641
0.657582	0.442134	0.083782
0.657143	0.443952	0.139765
0.657143	0.446976	0.197798
0.657143	0.451305	0.237503
0.657143	0.456657	0.249557
0.657143	0.462164	0.237036
0.657143	0.468030	0.208546
0.657143	0.472351	0.177040
0.657143	0.475118	0.146750
0.657143	0.478011	0.118213
0.657143	0.482598	0.097910
0.657143	0.487962	0.087957
0.657143	0.493223	0.074747
0.657143	0.499410	0.077550
0.657143	0.505815	0.097355
0.657143	0.512041	0.130759
0.657143	0.520008	0.178132
0.657143	0.529693	0.214017
0.657143	0.539243	0.228130
-0.150000	0.547259	-0.166667
0.300000	0.552747	0.396531
-1.#IND00	-0.080690	-0.049997
0.089940	-0.128515	-0.105216
0.104297	-0.128802	-0.106873
0.115271	-0.128385	-0.108861
0.131454	-0.127693	-0.110613
0.139632	-0.127064	-0.111128
0.142082	-0.126018	-0.108929
0.150212	-0.125638	-0.107738
0.157231	-0.125887	-0.107390
0.166195	-0.126087	-0.108335
0.180911	-0.125809	-0.109286
0.195038	-0.125044	-0.111339
0.202800	-0.124268	-0.113886
0.207656	-0.123380	-0.116648
0.209487	-0.122934	-0.119649
0.206078	-0.123734	-0.122695
0.195982	-0.124227	-0.125469
0.185289	-0.125077	-0.127892
0.185146	-0.125763	-0.130068
0.194110	-0.126105	-0.132069
0.207202	-0.126285	-0.133880
0.218954	-0.126543	-0.135638
0.224219	-0.127042	-0.137316
0.224161	-0.127949	-0.140366
0.225320	-0.129226	-0.144107
0.233280	-0.130589	-0.148551
0.249179	-0.131773	-0.160905
0.264025	-0.132769	-0.180788
0.273269	-0.133807	-0.205826
0.277729	-0.134991	-0.231103
0.279578	-0.136072	-0.256243
0.284415	-0.136729	-0.285326
0.292013	-0.137195	-0.318432
0.297160	-0.138029	-0.353153
0.301156	-0.139156	-0.387852
0.307347	-0.140420	-0.418695
0.316320	-0.141465	-0.441413
0.326452	-0.141793	-0.455164
0.332323	-0.141878	-0.459749
0.331291	-0.141687	-0.455776
0.326413	-0.140820	-0.445893
0.314678	-0.139809	-0.432474
0.293023	-0.139112	-0.419052
0.266825	-0.138488	-0.409388
0.240757	-0.137441	-0.403853
0.216135	-0.135574	-0.401343
0.197050	-0.132926	-0.399107
0.188222	-0.131018	-0.395453
0.188625	-0.129748	-0.390054
0.188404	-0.127979	-0.383658
0.183146	-0.125751	-0.378413
0.177593	-0.124467	-0.375887
0.167051	-0.124406	-0.375720
0.144341	-0.124794	-0.377072
0.110415	-0.124764	-0.380131
0.093323	-0.124697	-0.384967
0.075635	-0.124660	-0.390210
0.063330	-0.124276	-0.395029
0.056382	-0.124271	-0.398589
0.048504	-0.124548	-0.401678
0.040300	-0.124970	-0.405414
0.034497	-0.125403	-0.409405
0.029971	-0.124796	-0.412078
0.024543	-0.123320	-0.413563
0.018737	-0.121400	-0.415578
0.015455	-0.120469	-0.416419
0.017056	-0.120616	-0.413718
0.022083	-0.120972	-0.408119
0.027369	-0.121169	-0.401255
0.029775	-0.121193	-0.396419
0.029059	-0.121381	-0.395327
0.029430	-0.121834	-0.396832
0.028658	-0.122312	-0.398406
0.025959	-0.122553	-0.399233
0.019836	-0.121774	-0.401302
0.011688	-0.120454	-0.404649
0.002803	-0.119184	-0.406667
-0.003910	-0.117458	-0.406683
-0.006112	-0.116480	-0.406164
-0.003554	-0.116408	-0.405527
-0.001896	-0.116592	-0.405009
-0.000454	-0.116953	-0.405027
0.000566	-0.117145	-0.405267
-0.000722	-0.117297	-0.405417
-0.002421	-0.117069	-0.403570
-0.005485	-0.117114	-0.398263
-0.008126	-0.116226	-0.391005
-0.010745	-0.114529	-0.382230
-0.014314	-0.112849	-0.373164
-0.018597	-0.111338	-0.367162
-0.022829	-0.111062	-0.364153
-0.027107	-0.111723	-0.362937
-0.031671	-0.111935	-0.363299
-0.035641	-0.111261	-0.365139
-0.038787	-0.109064	-0.367767
-0.041362	-0.106295	-0.369664
-0.043476	-0.103264	-0.369416
-0.045498	-0.101182	-0.367257
-0.047771	-0.099951	-0.365021
-0.050234	-0.098982	-0.359902
-0.052193	-0.097946	-0.347748
-0.053341	-0.095838	-0.327948
-0.051764	-0.092805	-0.299613
-0.052276	-0.090462	-0.265322
-0.053087	-0.087782	-0.233010
-0.055106	-0.085452	-0.203779
-0.058240	-0.083912	-0.177143
-0.061197	-0.082223	-0.154645
-0.063651	-0.080712	-0.139752
-0.065951	-0.079021	-0.129798
-0.068222	-0.076958	-0.118255
-0.070468	-0.075052	-0.108275
-0.072506	-0.073327	-0.096078
-0.074099	-0.071637	-0.081146
-0.075448	-0.070585	-0.064659
-0.077221	-0.069899	-0.044725
-0.079530	-0.069630	-0.022852
-0.081846	-0.069319	-0.001438
-0.084096	-0.069016	0.010603
-0.086579	-0.069876	0.005022
-0.089734	-0.070217	-0.003570
-0.092262	-0.071156	-0.013778
-0.093808	-0.072458	-0.031365
-0.094694	-0.073452	-0.050659
-0.095561	-0.073315	-0.068036
-0.096932	-0.072541	-0.083067
-0.098440	-0.073439	-0.097527
-0.099547	-0.074424	-0.109322
-0.100462	-0.076699	-0.120830
-0.101581	-0.079774	-0.129140
-0.102994	-0.083036	-0.133866
-0.104757	-0.086415	-0.135721
-0.107221	-0.090346	-0.133953
-0.110337	-0.093698	-0.129884
-0.113603	-0.096034	-0.124157
-0.116651	-0.097443	-0.116484
-0.119298	-0.098434	-0.108621
-0.121736	-0.099457	-0.102350
-0.124143	-0.100652	-0.097446
-0.126528	-0.101902	-0.094620
-0.128903	-0.103150	-0.093562
-0.131461	-0.104391	-0.092545
-0.134235	-0.105794	-0.091694
-0.136766	-0.107679	-0.089136
-0.139909	-0.109995	-0.084131
-0.143666	-0.112658	-0.077512
-0.147281	-0.115248	-0.069361
-0.151729	-0.117439	-0.059536
-0.162238	-0.119351	-0.049988
-0.172282	-0.121071	-0.043918
-0.183559	-0.122278	-0.039287
-0.195874	-0.122716	-0.033465
-0.207880	-0.122265	-0.029809
-0.220126	-0.122387	-0.022690
-0.232746	-0.122678	-0.004523
-0.244144	-0.123363	0.027587
-0.253382	-0.124275	0.085398
-0.261737	-0.125098	0.177479
-0.271133	-0.125917	0.277479
-0.282493	-0.126814	0.353932
-0.293955	-0.127513	0.410788
-0.304818	-0.127261	0.453349
-0.316241	-0.126043	0.485211
-0.328441	-0.124813	0.513146
-0.340589	-0.124064	0.531052
-0.351639	-0.124738	0.538706
-0.361901	-0.125153	0.537314
-0.373269	-0.125767	0.529703
-0.387493	-0.126814	0.515328
-0.405317	-0.128251	0.496477
-0.425887	-0.129901	0.474776
-0.446700	-0.131835	0.457910
-0.465364	-0.134227	0.443307
-0.480940	-0.136738	0.429204
-0.492655	-0.140044	0.417381
-0.501574	-0.143928	0.412607
-0.510357	-0.147366	0.414974
-0.520659	-0.150394	0.420748
-0.533603	-0.155801	0.427203
-0.536364	-0.160975	0.433477
-0.536364	-0.166261	0.437928
-0.536364	-0.172625	0.439043
-0.536364	-0.179799	0.439183
-0.536364	-0.188396	0.439826
-0.536364	-0.196608	0.440675
-0.536364	-0.203978	0.441088
-0.536364	-0.211298	0.441132
-0.536364	-0.219371	0.441998
-0.536364	-0.227717	0.443786
-0.536364	-0.235488	0.446611
-0.536364	-0.241438	0.451261
-0.536364	-0.245855	0.457003
-0.536364	-0.251472	0.462425
-0.536364	-0.259845	0.468507
-0.536364	-0.270354	0.474979
-0.536364	-0.282124	0.480536
-0.536364	-0.292637	0.483766
-0.536364	-0.300719	0.484679
-0.536364	-0.307065	0.484404
-0.536364	-0.313436	0.483393
-0.536364	-0.322041	0.481652
-0.536364	-0.332612	0.479064
-0.536364	-0.343980	0.477381
-0.536364	-0.356447	0.477708
-0.536364	-0.370449	0.479237
-0.536364	-0.385566	0.482362
-0.536364	-0.401391	0.485779
-0.536364	-0.418261	0.487701
-0.536364	-0.436833	0.487937
-0.536364	-0.454976	0.486740
-0.536364	-0.471988	0.486204
-0.536364	-0.488958	0.487579
-0.536364	-0.507207	0.491053
-0.536364	-0.526911	0.494326
-0.536364	-0.535283	0.495878
-0.536364	-0.536364	0.497104
-0.536364	-0.536364	0.498697
-0.536364	-0.536364	0.499646
-0.536364	-0.536364	0.499025
-0.536364	-0.536364	0.498596
-0.536364	-0.536364	0.501027
-0.536364	-0.536364	0.506279
-0.536364	-0.536364	0.513519
-0.536364	-0.536364	0.519192
-0.536364	-0.536364	0.522308
-0.536364	-0.536364	0.524387
-0.536364	-0.536364	0.525749
-0.536364	-0.536364	0.525703
-0.536364	-0.536364	0.523861
-0.536364	-0.536364	0.520067
-0.536364	-0.536364	0.516007
-0.536364	-0.536364	0.512153
-0.536364	-0.536364	0.508351
-0.536364	-0.536364	0.505891
-0.536364	-0.536364	0.505419
-0.536364	-0.536364	0.506631
-0.536364	-0.536364	0.509095
-0.536364	-0.536364	0.511707
-0.536364	-0.536364	0.514145
-0.536364	-0.536364	0.517132
-0.536364	-0.536364	0.520184
-0.536364	-0.536364	0.522093
-0.536364	-0.536364	0.524202
-0.536364	-0.536364	0.526793
-0.536364	-0.536364	0.532302
-0.536364	-0.536364	0.542532
-0.536364	-0.536364	0.553168
-0.536364	-0.536364	0.561579
-0.536364	-0.536364	0.565479
-0.536364	-0.536364	0.563933
-0.536364	-0.536364	0.557374
-0.536364	-0.536364	0.544122
-0.536364	-0.536364	0.523710
-0.536364	-0.536364	0.496073
-0.536364	-0.536364	0.462529
-0.536364	-0.536364	0.431620
-0.536364	-0.536364	0.398414
-0.536364	-0.536364	0.365236
-0.536364	-0.536364	0.329681
-0.536364	-0.536364	0.285766
-0.536364	-0.536364	0.226036
-0.536364	-0.536364	0.144079
-0.536364	-0.536364	0.084605
-0.536364	-0.536364	0.040621
-0.536364	-0.536364	0.001314
-0.536364	-0.536364	-0.024205
-0.536364	-0.536364	-0.042769
-0.536364	-0.536364	-0.057061
-0.536364	-0.536364	-0.067898
-0.536364	-0.536364	-0.076260
-0.536364	-0.536364	-0.083013
-0.536364	-0.536364	-0.089873
-0.536364	-0.536364	-0.095291
-0.536364	-0.536364	-0.099463
-0.536364	-0.536364	-0.102328
-0.536364	-0.536364	-0.103409
-0.536364	-0.536364	-0.096602
-0.536364	-0.536364	-0.085279
-0.536364	-0.536364	-0.070807
-0.536364	-0.536364	-0.053515
-0.536364	-0.536364	-0.037405
-0.536364	-0.536364	-0.019693
-0.536364	-0.536364	-0.002881
-0.536364	-0.536364	0.008788
-0.536364	-0.536364	0.010084
-0.536364	-0.536364	0.001770
-0.536364	-0.536364	-0.003769
-0.536364	-0.536364	-0.017138
-0.536364	-0.536364	-0.032770
-0.536364	-0.536364	-0.046359
-0.536364	-0.536364	-0.055712
-0.536364	-0.536364	-0.060536
-0.536364	-0.536364	-0.060645
-0.536364	-0.536364	-0.053333
-0.536364	-0.536364	-0.045398
-0.536364	-0.536364	-0.037177
-0.536364	-0.536364	-0.026431
-0.536364	-0.536364	-0.013839
-0.536364	-0.536364	-0.224310
-0.536364	-0.536364	0.254347
0.154742	-0.472557	0.428714
-0.039842	-0.438581	0.443589
-0.036393	-0.425086	0.445143
-0.032524	-0.413158	0.444313
-0.029822	-0.402974	0.442562
-0.028400	-0.393919	0.442229
-0.025253	-0.384395	0.443512
-0.016874	-0.375833	0.446711
-0.003802	-0.368825	0.449420
0.010594	-0.360571	0.449937
0.024011	-0.352140	0.448201
0.039443	-0.346012	0.441196
0.050494	-0.341619	0.426765
0.059778	-0.338598	0.406784
0.073500	-0.335028	0.381487
0.092918	-0.329668	0.350503
0.114234	-0.324302	0.313724
0.140255	-0.319736	0.264805
0.178866	-0.314575	0.191747
0.229218	-0.307868	0.094761
0.283799	-0.299750	0.058727
0.332509	-0.291942	0.006599
0.368928	-0.286719	-0.024451
0.390016	-0.284928	-0.045191
0.398965	-0.284372	-0.059860
0.404143	-0.282688	-0.070420
0.412901	-0.280116	-0.078330
0.424244	-0.277776	-0.085297
0.433835	-0.276033	-0.092333
0.440067	-0.273373	-0.098039
0.445103	-0.270111	-0.103503
0.450007	-0.267510	-0.110104
0.456249	-0.264804	-0.118240
0.465219	-0.261256	-0.125694
0.476103	-0.257262	-0.132093
0.486867	-0.252871	-0.136848
0.498924	-0.247658	-0.141890
0.509938	-0.243106	-0.146286
0.519493	-0.238400	-0.148857
0.528796	-0.232229	-0.149968
0.537847	-0.224422	-0.147773
0.546493	-0.215290	-0.145782
0.553298	-0.205325	-0.143957
0.559084	-0.194556	-0.142745
0.563801	-0.183248	-0.142280
0.567207	-0.173609	-0.141532
0.570548	-0.163828	-0.141160
0.574688	-0.155094	-0.141415
0.579253	-0.149219	-0.141533
0.583321	-0.147641	-0.141806
0.587238	-0.145700	-0.142057
0.591158	-0.143022	-0.141886
0.595608	-0.139730	-0.141408
0.600401	-0.135974	-0.141080
0.604814	-0.131529	-0.141244
0.608958	-0.128536	-0.141305
0.612864	-0.125467	-0.141534
0.615865	-0.121850	-0.141769
0.617521	-0.118949	-0.142112
0.618242	-0.116854	-0.142622
0.619135	-0.114942	-0.143552
0.621371	-0.113224	-0.144856
0.625000	-0.111617	-0.146128
0.628748	-0.109727	-0.146852
0.632073	-0.107220	-0.146503
0.635269	-0.104315	-0.146703
0.638663	-0.101175	-0.147176
0.642274	-0.098808	-0.148609
0.645482	-0.097651	-0.150470
0.648222	-0.096383	-0.154267
0.651337	-0.093054	-0.159105
0.654219	-0.089386	-0.163500
0.656506	-0.086973	-0.167355
0.657973	-0.085376	-0.170608
0.658530	-0.083859	-0.173772
0.658999	-0.081592	-0.177848
0.659768	-0.078318	-0.183487
0.659714	-0.074939	-0.187685
0.659337	-0.073641	-0.188828
0.658858	-0.073914	-0.186795
0.659225	-0.074341	-0.183439
0.661052	-0.071990	-0.179756
0.660581	-0.065665	-0.175639
0.659877	-0.057092	-0.171592
0.659072	-0.048501	-0.169056
0.658315	-0.038829	-0.168836
0.657754	-0.027995	-0.169210
0.657361	-0.017301	-0.169273
0.657143	-0.007569	-0.169460
0.657143	0.000357	-0.170393
0.657143	0.007503	-0.172331
0.657143	0.012630	-0.174796
0.657143	0.016985	-0.176036
0.657143	0.027776	-0.173003
0.657143	0.049344	-0.167535
0.657143	0.079269	-0.159373
0.657143	0.115209	-0.147875
0.657143	0.148688	-0.142318
0.657143	0.182703	-0.136251
0.657143	0.209137	-0.128968
0.657143	0.238486	-0.121838
0.657648	0.273682	-0.113975
0.657143	0.311304	-0.104851
0.657143	0.346308	-0.095538
0.657143	0.375231	-0.086345
0.657143	0.399541	-0.077705
0.657143	0.420668	-0.065386
0.657143	0.438147	-0.049274
0.657431	0.452591	-0.025455
0.658184	0.465133	0.015225
0.659043	0.476737	0.095285
0.659665	0.488403	0.222746
0.659122	0.503869	0.334788
0.658161	0.520303	0.404549
0.657587	0.536130	0.447574
0.657143	0.549881	0.472293
0.657143	0.560169	0.482137
0.657143	0.566727	0.478291
0.657143	0.570632	0.461019
0.657143	0.573816	0.428051
0.657143	0.578936	0.372612
0.657143	0.585130	0.280273
0.657272	0.590295	0.113554
0.657376	0.594564	0.053832
0.657648	0.599562	-0.018874
0.658088	0.604194	-0.052419
0.657879	0.606370	-0.070117
0.658003	0.606626	-0.080157
0.657947	0.606145	-0.085532
0.657550	0.605436	-0.085460
0.657636	0.605983	-0.074187
0.658096	0.607899	-0.060670
0.658780	0.609853	-0.043947
0.658876	0.611464	-0.027278
0.658693	0.612689	-0.011500
0.658568	0.613103	0.005248
0.658357	0.613954	0.021675
0.658256	0.615929	0.037582
0.658289	0.617944	0.052558
0.658880	0.619669	0.068993
0.659295	0.621071	0.094914
0.659402	0.622157	0.124708
0.659094	0.622838	0.158062
0.658689	0.622759	0.201902
0.658378	0.622468	0.251826
0.658137	0.622737	0.295593
0.658044	0.624928	0.330290
0.658810	0.627490	0.356006
0.659516	0.630378	0.377160
0.659687	0.634433	0.397648
0.660387	0.638372	0.415009
0.660780	0.640924	0.428934
0.661192	0.642516	0.443495
0.662106	0.644012	0.460521
0.662517	0.645520	0.479197
0.660157	0.647378	0.502904
0.658399	0.649826	0.530183
0.656971	0.652454	0.556546
0.655612	0.655368	0.580663
0.653678	0.659034	0.600721
0.650736	0.660698	0.616345
0.647171	0.659788	0.627201
0.643610	0.658767	0.633175
0.640436	0.657806	0.633658
0.637558	0.657143	0.631337
0.635099	0.657143	0.625380
0.632807	0.657143	0.616175
0.630275	0.657143	0.603892
0.627703	0.657143	0.589774
0.626095	0.657884	0.575678
0.626049	0.658121	0.563819
0.626829	0.657557	0.556483
0.626700	0.657143	0.554101
0.625613	0.657143	0.556566
0.622835	0.657143	0.560948
0.619057	0.657143	0.566576
0.615732	0.657143	0.573683
0.613709	0.657143	0.581055
0.613256	0.657143	0.587705
0.614602	0.657378	0.593882
0.616914	0.657562	0.598731
0.619661	0.657596	0.601245
0.622176	0.657540	0.601508
0.624157	0.657355	0.600752
0.624673	0.657510	0.599602
0.624134	0.658202	0.599660
0.623148	0.658566	0.601198
0.623475	0.658471	0.602918
0.626375	0.658136	0.604153
0.630120	0.657903	0.604947
0.633578	0.657835	0.605254
0.635574	0.658098	0.605185
0.635536	0.658355	0.604535
0.635003	0.658261	0.603106
0.634211	0.658206	0.601910
0.633597	0.658407	0.601101
0.633263	0.658728	0.600271
0.633400	0.659040	0.599827
0.633077	0.659443	0.599726
0.631798	0.659315	0.599558
0.629801	0.658963	0.599014
0.628074	0.658922	0.597804
0.627374	0.658909	0.595865
0.627504	0.658893	0.593813
0.627168	0.659147	0.592765
0.626443	0.659674	0.594291
0.625857	0.659120	0.596115
0.625586	0.658626	0.595988
0.625607	0.658031	0.595369
0.626267	0.657654	0.594773
0.627773	0.657479	0.594984
0.629784	0.657458	0.596091
0.632001	0.657608	0.597791
0.634407	0.657393	0.599695
0.636370	0.657143	0.600291
0.637702	0.657143	0.598920
0.638349	0.657143	0.594244
0.639580	0.657143	0.586511
0.642025	0.657363	0.578157
0.645010	0.657546	0.571149
0.647125	0.657536	0.566572
0.647815	0.657484	0.564761
0.648161	0.657143	0.565634
0.648678	0.657143	0.567714
0.648973	0.657143	0.569266
0.648979	0.657718	0.570173
0.648925	0.658212	0.570301
0.649043	0.659366	0.569469
0.649474	0.660720	0.567038
0.649932	0.661763	0.563215
0.650248	0.662848	0.558938
0.650585	0.663158	0.555310
0.651442	0.659038	0.553159
0.653208	0.655773	0.552133
0.654642	0.653565	0.551853
0.655450	0.652133	0.551777
0.656361	0.650877	0.550236
0.656757	0.649548	0.546891
0.656343	0.648387	0.542660
0.655286	0.648022	0.538651
0.654194	0.648903	0.535921
0.653704	0.650021	0.533791
0.653498	0.651643	0.533097
0.652527	0.653993	0.537613
0.650194	0.656566	0.545510
0.647243	0.658430	0.555131
0.644565	0.658214	0.564540
0.642179	0.656558	0.572186
0.640155	0.653177	0.577422
0.639083	0.648689	0.579462
0.639385	0.643522	0.578233
0.640098	0.639055	0.573622
0.641334	0.635788	0.564813
0.643256	0.633253	0.551773
0.646083	0.631176	0.534788
0.650082	0.628633	0.514509
0.654687	0.625270	0.491741
0.659149	0.621768	0.468499
0.660747	0.618647	0.448489
0.660115	0.615478	0.421986
0.659496	0.611242	0.384216
0.658792	0.605858	0.335877
0.658010	0.600063	0.275639
0.657375	0.594021	0.198567
0.657143	0.587265	0.099122
0.657143	0.579309	0.070646
0.657143	0.570712	0.016122
0.657143	0.562136	-0.017663
0.657143	0.553626	-0.040300
0.657143	0.545529	-0.056487
0.657143	0.537839	-0.069071
0.657143	0.529248	-0.079037
0.657143	0.519400	-0.087823
0.657143	0.510337	-0.094915
0.657143	0.504393	-0.099661
0.657143	0.502489	-0.102205
0.657143	0.503028	-0.100462
0.657143	0.504676	-0.092674
0.657272	0.508507	-0.082770
0.657639	0.514730	-0.070600
0.657143	0.522720	-0.059327
0.657143	0.531221	-0.053059
0.657143	0.539075	-0.050954
0.657143	0.546484	-0.054135
0.657143	0.553673	-0.059103
0.657143	0.560633	-0.061291
0.657143	0.566884	-0.065894
0.657143	0.571679	-0.071164
0.657143	0.574466	-0.075978
0.657143	0.574416	-0.080157
0.657143	0.573484	-0.083679
0.657143	0.572614	-0.086186
0.657143	0.573232	-0.087498
0.657143	0.574758	-0.086790
0.657143	0.577164	-0.084666
0.657143	0.580556	-0.081503
0.657143	0.583661	-0.078070
0.657143	0.586642	-0.075418
-0.150000	0.590713	-0.290918
0.600000	0.594851	0.082554
-0.100000	-0.091904	-0.103556
-0.057794	-0.136075	-0.119152
-0.056904	-0.136408	-0.118726
-0.055177	-0.136931	-0.117757
-0.051896	-0.138042	-0.117079
-0.048089	-0.139314	-0.118085
-0.044133	-0.140506	-0.118757
-0.040489	-0.142092	-0.120586
-0.037450	-0.144126	-0.123211
-0.035924	-0.145978	-0.126011
-0.036800	-0.147306	-0.128460
-0.037969	-0.148186	-0.130553
-0.038450	-0.148142	-0.132642
-0.040270	-0.147553	-0.134793
-0.043225	-0.146974	-0.136727
-0.046637	-0.146415	-0.139223
-0.049597	-0.145799	-0.142735
-0.051233	-0.145196	-0.146582
-0.052036	-0.145190	-0.151256
-0.052718	-0.145342	-0.163159
-0.052615	-0.145565	-0.174751
-0.051641	-0.145314	-0.187897
-0.051669	-0.144534	-0.200713
-0.051000	-0.144654	-0.213377
-0.051316	-0.144813	-0.226692
-0.051603	-0.145333	-0.241749
-0.052077	-0.146318	-0.259485
-0.052809	-0.147646	-0.281997
-0.052809	-0.148810	-0.308540
-0.051360	-0.149626	-0.336218
-0.051064	-0.150361	-0.363875
-0.052003	-0.150917	-0.392478
-0.052719	-0.151225	-0.422004
-0.053470	-0.152175	-0.451222
-0.051429	-0.155968	-0.479294
-0.048330	-0.162105	-0.506152
-0.045548	-0.169576	-0.531296
-0.044861	-0.176785	-0.536364
-0.044929	-0.184003	-0.536364
-0.045163	-0.190593	-0.536364
-0.045426	-0.196330	-0.536364
-0.045866	-0.201493	-0.536364
-0.047153	-0.205805	-0.536364
-0.049472	-0.209375	-0.536364
-0.052407	-0.212020	-0.536364
-0.055313	-0.212420	-0.536364
-0.057826	-0.211783	-0.536364
-0.060001	-0.210430	-0.536364
-0.062120	-0.206333	-0.536364
-0.064184	-0.201683	-0.536364
-0.065746	-0.197492	-0.536364
-0.066886	-0.193200	-0.536364
-0.068368	-0.189839	-0.536364
-0.069950	-0.187647	-0.536364
-0.071186	-0.185951	-0.536364
-0.072007	-0.184384	-0.536364
-0.072373	-0.183124	-0.536364
-0.072549	-0.182101	-0.536364
-0.073008	-0.182073	-0.536364
-0.073862	-0.182381	-0.536364
-0.075193	-0.182271	-0.536364
-0.077018	-0.181138	-0.536364
-0.078986	-0.179053	-0.536364
-0.080894	-0.175835	-0.536364
-0.082416	-0.172905	-0.536364
-0.083261	-0.172120	-0.536364
-0.081980	-0.172152	-0.536364
-0.082494	-0.171499	-0.536364
-0.082960	-0.170816	-0.536364
-0.083256	-0.171114	-0.536364
-0.081725	-0.172477	-0.536364
-0.080937	-0.173942	-0.536364
-0.081378	-0.172784	-0.536364
-0.081985	-0.169234	-0.536364
-0.082296	-0.165529	-0.536364
-0.083304	-0.163109	-0.536364
-0.084819	-0.162994	-0.536364
-0.086369	-0.163820	-0.536364
-0.087863	-0.164879	-0.536364
-0.088934	-0.165396	-0.536364
-0.089653	-0.166004	-0.536364
-0.090430	-0.166568	-0.536364
-0.091739	-0.166377	-0.536364
-0.093692	-0.166314	-0.536364
-0.095964	-0.166609	-0.536364
-0.098211	-0.167244	-0.536364
-0.100254	-0.167390	-0.536364
-0.101884	-0.165800	-0.536364
-0.102967	-0.163820	-0.536364
-0.103546	-0.162401	-0.536364
-0.103945	-0.160338	-0.536364
-0.104543	-0.156757	-0.536364
-0.105592	-0.152550	-0.536364
-0.107274	-0.149525	-0.536364
-0.109272	-0.147932	-0.536364
-0.111228	-0.146886	-0.536364
-0.113014	-0.146451	-0.536364
-0.114395	-0.146590	-0.536364
-0.115245	-0.146744	-0.536364
-0.115796	-0.147064	-0.536364
-0.116275	-0.146766	-0.516520
-0.116608	-0.145788	-0.475198
-0.116854	-0.144527	-0.431801
-0.117279	-0.142690	-0.388927
-0.118183	-0.139813	-0.345369
-0.119702	-0.136910	-0.303924
-0.121553	-0.134986	-0.267701
-0.123327	-0.133161	-0.236313
-0.124537	-0.131036	-0.204903
-0.125049	-0.129117	-0.173876
-0.125172	-0.127968	-0.144889
-0.124618	-0.127548	-0.131401
-0.123849	-0.127674	-0.116658
-0.123472	-0.127423	-0.107275
-0.124075	-0.126665	-0.098754
-0.124550	-0.125604	-0.092177
-0.125384	-0.124232	-0.090980
-0.126153	-0.122324	-0.094440
-0.126869	-0.120813	-0.097619
-0.127789	-0.121399	-0.100868
-0.128816	-0.122102	-0.106740
-0.129727	-0.122327	-0.115193
-0.130703	-0.122921	-0.124232
-0.131958	-0.123847	-0.132535
-0.133460	-0.124849	-0.138494
-0.135086	-0.125956	-0.146295
-0.136598	-0.127266	-0.153344
-0.138236	-0.128935	-0.160613
-0.140262	-0.131109	-0.161285
-0.142000	-0.133513	-0.155813
-0.143602	-0.135680	-0.148114
-0.145095	-0.136960	-0.143513
-0.146543	-0.137863	-0.138569
-0.148291	-0.138046	-0.132935
-0.150694	-0.137952	-0.128901
-0.157879	-0.138090	-0.127735
-0.164672	-0.138627	-0.126782
-0.170590	-0.139835	-0.126670
-0.176778	-0.141355	-0.126930
-0.185689	-0.142912	-0.127356
-0.196310	-0.144435	-0.127515
-0.207066	-0.145894	-0.127066
-0.217203	-0.146999	-0.124390
-0.227749	-0.148127	-0.120621
-0.238522	-0.149982	-0.116912
-0.248642	-0.154077	-0.113054
-0.258193	-0.158948	-0.109909
-0.266954	-0.161788	-0.106215
-0.276148	-0.163496	-0.101079
-0.286459	-0.165478	-0.095245
-0.297193	-0.168267	-0.089017
-0.308178	-0.171273	-0.082224
-0.319574	-0.173837	-0.073805
-0.330789	-0.176113	-0.062644
-0.340667	-0.178526	-0.047771
-0.349093	-0.181228	-0.024307
-0.359209	-0.183973	0.011513
-0.372604	-0.186091	0.071916
-0.387486	-0.187569	0.176265
-0.402893	-0.188269	0.282051
-0.418749	-0.188417	0.357449
-0.435217	-0.188606	0.405419
-0.451754	-0.189334	0.434081
-0.466647	-0.190967	0.448295
-0.477746	-0.193544	0.450862
-0.485280	-0.197811	0.442897
-0.492203	-0.205125	0.426785
-0.501604	-0.215947	0.405577
-0.515154	-0.229512	0.380995
-0.532603	-0.244931	0.354263
-0.536357	-0.261718	0.328177
-0.536364	-0.279683	0.309148
-0.536364	-0.295572	0.304506
-0.536364	-0.306856	0.310420
-0.536364	-0.314110	0.318263
-0.536364	-0.319422	0.325051
-0.536364	-0.325243	0.332898
-0.536364	-0.333038	0.341746
-0.536364	-0.343517	0.345802
-0.536364	-0.356194	0.342346
-0.536364	-0.370194	0.335467
-0.536364	-0.385101	0.330008
-0.536364	-0.400729	0.328613
-0.536364	-0.417905	0.331834
-0.536364	-0.435875	0.339500
-0.536364	-0.451473	0.351790
-0.536364	-0.464219	0.366210
-0.536364	-0.473968	0.377138
-0.536364	-0.480347	0.384986
-0.536364	-0.484523	0.392553
-0.536364	-0.487559	0.398699
-0.536364	-0.492028	0.402792
-0.536364	-0.501324	0.408110
-0.536364	-0.515647	0.415348
-0.536364	-0.532771	0.424349
-0.536364	-0.536364	0.433394
-0.536364	-0.536364	0.440304
-0.536364	-0.536364	0.446169
-0.536364	-0.536364	0.452580
-0.536364	-0.536364	0.459308
-0.536364	-0.536364	0.466421
-0.536364	-0.536364	0.474724
-0.536364	-0.536364	0.484222
-0.536364	-0.536364	0.495164
-0.536364	-0.536364	0.506596
-0.536364	-0.536364	0.515053
-0.536364	-0.536364	0.521347
-0.536364	-0.536364	0.526755
-0.536364	-0.536364	0.532664
-0.536364	-0.536364	0.538009
-0.536364	-0.536364	0.542249
-0.536364	-0.536364	0.545027
-0.536364	-0.536364	0.547123
-0.536364	-0.536364	0.549545
-0.536364	-0.536364	0.551668
-0.536364	-0.536364	0.551606
-0.536364	-0.536364	0.549412
-0.536364	-0.536364	0.544913
-0.536364	-0.536364	0.540132
-0.536364	-0.536364	0.536284
-0.536364	-0.536364	0.533839
-0.536364	-0.536364	0.533964
-0.536364	-0.536364	0.536863
-0.536364	-0.536364	0.542169
-0.536364	-0.536364	0.548176
-0.536364	-0.536364	0.552455
-0.536364	-0.536364	0.555759
-0.536364	-0.536364	0.559579
-0.536364	-0.536364	0.562863
-0.536364	-0.536364	0.565809
-0.536364	-0.536364	0.569660
-0.536364	-0.536364	0.574121
-0.536364	-0.536364	0.578765
-0.536364	-0.536364	0.582941
-0.536364	-0.536364	0.585716
-0.536364	-0.536364	0.586856
-0.536364	-0.536364	0.587254
-0.536364	-0.536364	0.587957
-0.536364	-0.536364	0.589417
-0.536364	-0.536364	0.591486
-0.536364	-0.536364	0.593366
-0.536364	-0.536364	0.595059
-0.536364	-0.536364	0.597153
-0.536364	-0.536364	0.600272
-0.536364	-0.536364	0.605087
-0.536364	-0.536364	0.611872
-0.536364	-0.536364	0.619837
-0.536364	-0.536364	0.628107
-0.536364	-0.536364	0.636808
-0.536364	-0.536364	0.644227
-0.536364	-0.536364	0.648643
-0.536364	-0.536364	0.650231
-0.536364	-0.536364	0.649333
-0.536364	-0.536364	0.645875
-0.536364	-0.536364	0.639070
-0.536364	-0.536364	0.629976
-0.536364	-0.536364	0.619233
-0.536364	-0.536364	0.607748
-0.536364	-0.536364	0.596027
-0.536364	-0.536364	0.583509
-0.536364	-0.536364	0.569604
-0.536364	-0.536364	0.554430
-0.536364	-0.536364	0.538405
-0.536364	-0.536364	0.521563
-0.536364	-0.536364	0.502865
-0.536364	-0.536364	0.480914
-0.536364	-0.536364	0.459398
-0.536364	-0.536364	0.436901
-0.536364	-0.536364	0.411430
-0.536364	-0.536364	0.382287
-0.536364	-0.536364	0.348106
-0.536364	-0.536364	0.306865
-0.536364	-0.536364	0.254144
-0.536364	-0.536364	0.174909
-0.536364	-0.536364	0.089458
-0.536364	-0.536364	0.049873
-0.536364	-0.536364	0.008629
-0.536364	-0.536364	-0.010856
-0.536364	-0.536364	-0.010264
-0.536364	-0.536364	0.027557
-0.536364	-0.536364	0.102706
-0.536364	-0.536364	0.215174
-0.536364	-0.536364	0.319426
-0.536364	-0.536364	0.390075
-0.536364	-0.536364	0.435945
-0.536364	-0.536364	0.464600
-0.536364	-0.536364	0.480744
-0.536364	-0.536364	0.487079
-0.536364	-0.536364	0.486867
-0.536364	-0.536364	0.482616
-0.536364	-0.536364	0.473228
-0.536364	-0.536364	0.458239
-0.536364	-0.536364	0.439335
-0.536364	-0.536364	0.418267
-0.536364	-0.536364	0.397688
-0.536364	-0.536364	0.383539
-0.536364	-0.536364	0.381036
-0.536364	-0.536364	0.386971
-0.536364	-0.536364	-0.166667
-0.536364	-0.536364	0.471223
-0.015217	-0.536364	0.613598
-0.089269	-0.536364	0.619322
-0.086428	-0.536364	0.623899
-0.084189	-0.536364	0.627232
-0.080727	-0.536364	0.629454
-0.077450	-0.536364	0.629829
-0.075109	-0.536364	0.628653
-0.072806	-0.534162	0.624984
-0.070114	-0.529575	0.619181
-0.067507	-0.526792	0.613046
-0.064358	-0.526574	0.608393
-0.059265	-0.526558	0.605414
-0.053849	-0.522027	0.603508
-0.048115	-0.511391	0.602140
-0.040997	-0.499454	0.600655
-0.032980	-0.488861	0.598515
-0.022670	-0.478491	0.595529
-0.008889	-0.465290	0.591442
0.006553	-0.447496	0.585800
0.024425	-0.429094	0.578416
0.046176	-0.414263	0.569931
0.071614	-0.403294	0.561552
0.103257	-0.394960	0.554153
0.138121	-0.387808	0.547319
0.174704	-0.379886	0.539707
0.206528	-0.371656	0.529931
0.233020	-0.363848	0.518346
0.249932	-0.354822	0.506177
0.262287	-0.343471	0.493996
0.276645	-0.331309	0.481586
0.293165	-0.318902	0.471912
0.309825	-0.306052	0.462851
0.327034	-0.292611	0.452862
0.343158	-0.279336	0.441828
0.354560	-0.267622	0.428996
0.360322	-0.256769	0.412313
0.361193	-0.244274	0.390748
0.361817	-0.230318	0.366078
0.366697	-0.216999	0.338397
0.374369	-0.203543	0.309215
0.382608	-0.187885	0.280029
0.391801	-0.173603	0.254121
0.402587	-0.161456	0.238668
0.415672	-0.151072	0.230320
0.428867	-0.146824	0.213326
0.440012	-0.144839	0.186129
0.451210	-0.143079	0.163527
0.461362	-0.141265	0.150122
0.469935	-0.139218	0.147022
0.478428	-0.137386	0.154734
0.486836	-0.136192	0.166689
0.498417	-0.134135	0.177934
0.511460	-0.131165	0.189518
0.522489	-0.127416	0.195162
0.531640	-0.123315	0.190014
0.539492	-0.119988	0.173295
0.545783	-0.118693	0.151120
0.550045	-0.118085	0.128707
0.553101	-0.116540	0.101215
0.555484	-0.114631	0.091483
0.557794	-0.112872	0.069074
0.560778	-0.111178	0.052281
0.564547	-0.110166	0.042210
0.569059	-0.110153	0.034602
0.574314	-0.110286	0.025634
0.579959	-0.109652	0.015454
0.585500	-0.109353	0.007445
0.591529	-0.108424	0.003451
0.597722	-0.105684	0.001534
0.602888	-0.101914	-0.000058
0.607109	-0.099047	-0.001972
0.610169	-0.098168	-0.004198
0.612551	-0.096107	-0.006961
0.614869	-0.093247	-0.010442
0.617475	-0.089564	-0.014469
0.620605	-0.085920	-0.018193
0.623157	-0.083252	-0.021284
0.623932	-0.081270	-0.023710
0.623375	-0.080497	-0.025726
0.622273	-0.078038	-0.028203
0.621601	-0.073600	-0.031484
0.623101	-0.068426	-0.034726
0.626316	-0.062892	-0.037445
0.629394	-0.055700	-0.040015
0.633336	-0.048892	-0.042640
0.637300	-0.042495	-0.044428
0.639744	-0.034560	-0.043753
0.641319	-0.026141	-0.040618
0.642522	-0.017327	-0.035173
0.643734	-0.008822	-0.028267
0.645902	0.001753	-0.020363
0.649535	0.016597	-0.010706
0.654205	0.033241	0.001315
0.658828	0.048158	0.020536
0.660938	0.067263	0.047208
0.660599	0.099522	0.086356
0.660337	0.135812	0.145062
0.659925	0.181154	0.217971
0.659345	0.229402	0.282892
0.658771	0.273067	0.334476
0.658135	0.306426	0.373406
0.657433	0.330584	0.400408
0.657143	0.347839	0.416869
0.657143	0.358305	0.421589
0.657143	0.362195	0.412437
0.657143	0.360705	0.387953
0.657143	0.355244	0.346337
0.657143	0.348113	0.290936
0.657143	0.342850	0.223835
0.657143	0.345275	0.133469
0.657143	0.354228	0.081106
0.657146	0.365091	0.034679
0.657374	0.373036	-0.000184
0.657609	0.376031	-0.021759
0.657680	0.380745	-0.036104
0.657143	0.388859	-0.046606
0.657143	0.395911	-0.054523
0.657143	0.404544	-0.060558
0.657143	0.415819	-0.065215
0.657143	0.426661	-0.068669
0.657143	0.437427	-0.071320
0.657143	0.447422	-0.073570
0.657143	0.454724	-0.075243
0.657143	0.458943	-0.076120
0.657143	0.462088	-0.074564
