0.100000	0.255379	0.100000
0.100006	0.255327	0.104580
0.106879	0.255223	0.111836
0.126789	0.255068	0.115573
0.156012	0.254860	0.112995
0.181889	0.254601	0.105156
0.196095	0.254289	0.100000
0.201443	0.253926	0.100000
0.203162	0.253510	0.100000
0.201377	0.253042	0.100000
0.191732	0.252522	0.100000
0.174902	0.251949	0.100000
0.156139	0.251324	0.100000
0.133771	0.250647	0.100000
0.102328	0.249916	0.100000
0.100000	0.249133	0.100000
0.100000	0.248296	0.100000
0.100000	0.247406	0.100000
0.100000	0.246464	0.100000
0.100000	0.245467	0.100000
0.100000	0.244417	0.100000
0.100000	0.243313	0.100000
0.100000	0.242155	0.100000
0.100000	0.240943	0.100000
0.100000	0.239676	0.100000
0.100000	0.238354	0.100000
0.100000	0.236978	0.100000
0.100000	0.235547	0.100000
0.100000	0.234060	0.100000
0.100000	0.232518	0.100000
0.100000	0.230920	0.100000
0.100000	0.229265	0.100000
0.100000	0.227555	0.100000
0.100000	0.225788	0.100000
0.100000	0.223964	0.100000
0.100000	0.222083	0.100000
0.100000	0.220145	0.100000
0.100000	0.218150	0.100000
0.100000	0.216096	0.100000
0.100000	0.213984	0.100000
0.100000	0.211814	0.100000
0.100000	0.209585	0.100000
0.100000	0.207298	0.100000
0.100000	0.204951	0.100000
0.100000	0.202545	0.100000
0.100000	0.200080	0.100000
0.100000	0.197555	0.100000
0.100000	0.194969	0.100000
0.100000	0.192324	0.100000
0.100000	0.189619	0.100000
0.100000	0.186852	0.100000
0.100000	0.184025	0.100000
0.100000	0.181137	0.100000
0.100000	0.178187	0.100000
0.100000	0.175177	0.100000
0.100000	0.172105	0.100000
0.100000	0.168971	0.100000
0.100000	0.165777	0.100000
0.100000	0.162520	0.100000
0.100000	0.159202	0.100000
0.100000	0.155823	0.100000
0.100000	0.152381	0.100000
0.100000	0.148880	0.100000
0.100000	0.145315	0.100000
0.100000	0.141689	0.100000
0.100000	0.138004	0.100000
0.100000	0.134258	0.100000
0.100000	0.130449	0.100000
0.100000	0.126581	0.100000
0.100000	0.122653	0.100000
0.100000	0.118666	0.100000
0.100000	0.114619	0.100000
0.100000	0.110515	0.100000
0.100000	0.106352	0.100000
0.100000	0.102132	0.100000
0.100000	0.099453	0.100000
0.100000	0.097288	0.100000
0.100000	0.094112	0.100000
0.100000	0.091019	0.100000
0.100000	0.088007	0.100000
0.100000	0.085074	0.100000
0.100000	0.082218	0.100000
0.100000	0.079439	0.100000
0.100000	0.076733	0.100000
0.100000	0.074098	0.100000
0.100000	0.071535	0.100000
0.100000	0.069041	0.100000
0.100000	0.066613	0.100000
0.100000	0.064251	0.100000
0.100000	0.061954	0.100000
0.100000	0.059718	0.100000
0.100000	0.057544	0.100000
0.100000	0.055430	0.100000
0.100000	0.053374	0.100000
0.100000	0.051376	0.100000
0.100000	0.049432	0.100000
0.100000	0.062033	0.100000
0.100000	0.080909	0.100000
0.100000	0.099258	0.100000
0.100000	0.119008	0.100000
0.100000	0.136248	0.100000
0.100000	0.147988	0.100000
0.100000	0.157720	0.100000
0.100000	0.169724	0.100000
0.100000	0.185729	0.100000
0.100000	0.205162	0.100000
0.100000	0.225706	0.100000
0.100000	0.242169	0.100000
0.100000	0.253620	0.100000
0.100000	0.263957	0.100000
0.100000	0.273237	0.100000
0.100000	0.280237	0.100000
0.100000	0.284867	0.100000
0.100000	0.286547	0.100000
0.100000	0.284800	0.100000
0.100000	0.280943	0.100000
0.100000	0.278243	0.100000
0.100000	0.275470	0.100000
0.100000	0.273766	0.100000
0.100000	0.276203	0.100000
0.100000	0.281823	0.100000
0.100000	0.286136	0.100000
0.100000	0.287468	0.100000
0.100000	0.286878	0.100000
0.100000	0.286433	0.100000
0.100000	0.287117	0.100000
0.100000	0.286963	0.100000
0.100000	0.286735	0.100000
0.100000	0.287461	0.100000
0.100000	0.288266	0.100000
0.100000	0.287947	0.100000
0.100000	0.287010	0.100000
0.100000	0.286575	0.100000
0.100000	0.287070	0.100000
0.100000	0.288581	0.100000
0.100000	0.289847	0.100000
0.100000	0.288981	0.100000
0.100000	0.284659	0.100000
0.100000	0.277556	0.100000
0.100000	0.272187	0.100000
0.100000	0.272368	0.100000
0.100000	0.276594	0.100000
0.100000	0.281352	0.100000
0.100000	0.285754	0.100000
0.100000	0.287983	0.100000
0.100000	0.288100	0.100000
0.100000	0.286401	0.100000
0.100000	0.284841	0.100000
0.100000	0.284480	0.100000
0.100000	0.285953	0.100000
0.100000	0.289470	0.100000
0.100000	0.294489	0.100000
0.100000	0.303281	0.100000
0.100000	0.313336	0.100000
0.100000	0.320354	0.100000
0.100000	0.323812	0.100000
0.100000	0.325292	0.100000
0.100000	0.326398	0.100000
0.100000	0.329006	0.100000
0.100000	0.332755	0.100000
0.100000	0.338167	0.206832
0.100000	0.344935	0.330433
0.100000	0.352940	0.403101
0.100000	0.360477	0.445171
0.100000	0.365850	0.467225
0.100000	0.367941	0.473439
0.100000	0.365576	0.467787
0.100000	0.358590	0.455417
0.100000	0.347674	0.440498
0.100000	0.333800	0.425098
0.100000	0.319790	0.406869
0.100000	0.307901	0.383874
0.100000	0.298887	0.360234
0.100000	0.290414	0.342348
0.100000	0.280162	0.335318
0.100000	0.271268	0.336548
0.100000	0.269878	0.339003
0.100000	0.273007	0.340946
0.100000	0.273034	0.345854
0.100000	0.270000	0.353659
0.100000	0.266987	0.358983
0.100000	0.264683	0.360425
0.100000	0.262471	0.357863
0.100000	0.259406	0.350256
0.100000	0.254983	0.340789
0.100000	0.248602	0.334117
0.100000	0.243387	0.331582
0.100000	0.241948	0.333930
0.100000	0.241528	0.339281
0.100000	0.235355	0.346997
0.100000	0.221376	0.353997
0.100000	0.202776	0.358718
0.100000	0.180386	0.365180
0.100000	0.154505	0.371129
0.100000	0.130290	0.374477
0.100000	0.114525	0.375204
0.100000	0.109422	0.373509
0.100000	0.110598	0.372081
0.100000	0.109777	0.373401
0.100000	0.101006	0.377730
0.100000	0.085965	0.382093
0.100000	0.065671	0.386483
0.100000	0.049563	0.392794
0.100000	0.047243	0.399100
0.100000	0.049108	0.403380
0.100000	0.051027	0.404318
0.100000	0.053000	0.403763
0.100000	0.055029	0.404202
0.100000	0.057116	0.404308
0.100000	0.059260	0.402528
0.100000	0.061465	0.397128
0.100000	0.063730	0.389336
0.100000	0.066057	0.383287
0.100000	0.068451	0.379957
0.100000	0.070909	0.380000
0.100000	0.073433	0.383171
0.100000	0.076026	0.387720
0.100000	0.078692	0.392227
0.100000	0.081428	0.395440
0.100000	0.084237	0.397217
0.100000	0.087123	0.399287
0.100000	0.090087	0.401765
0.100000	0.093128	0.404604
0.100000	0.096252	0.406646
0.100000	0.099457	0.407081
0.100000	0.102456	0.405994
0.100000	0.106353	0.404443
0.100000	0.110516	0.404855
0.100000	0.114621	0.408025
0.100000	0.118668	0.409327
0.100000	0.122656	0.407734
0.100000	0.126585	0.405839
0.100000	0.130452	0.405178
0.100000	0.134261	0.403416
0.100000	0.138010	0.399716
0.100000	0.141695	0.396215
0.100000	0.145320	0.392260
0.100000	0.148885	0.387601
0.100000	0.152388	0.383539
0.100000	0.155830	0.376017
0.100000	0.159210	0.366565
0.100000	0.162529	0.359348
0.100000	0.165785	0.355912
0.100000	0.168981	0.355936
0.100000	0.172114	0.359360
0.100000	0.175187	0.366932
0.100000	0.178198	0.377798
0.100000	0.181148	0.387990
0.100000	0.184037	0.394565
0.100000	0.186864	0.396929
0.100000	0.189631	0.395118
0.100000	0.192338	0.390828
0.100000	0.194984	0.383375
0.100000	0.197569	0.370174
0.100000	0.200095	0.349505
0.100000	0.202561	0.322857
0.100000	0.204967	0.288065
0.100000	0.207314	0.242690
0.100000	0.209602	0.185294
0.100000	0.211831	0.110819
0.100000	0.214001	0.100000
0.100000	0.216113	0.100000
0.100000	0.218167	0.100000
0.100000	0.220163	0.100000
0.100000	0.222102	0.100000
0.100000	0.223983	0.100000
0.100000	0.225808	0.100000
0.100000	0.227575	0.100000
0.100000	0.229286	0.100000
0.100000	0.230940	0.100000
0.100000	0.232539	0.100000
0.100000	0.234082	0.100000
0.100000	0.235568	0.100000
0.100000	0.237001	0.100000
0.100000	0.238377	0.100000
0.100000	0.239699	0.100000
0.100000	0.240966	0.100000
0.100000	0.242179	0.100000
0.100000	0.243337	0.100000
0.100000	0.244442	0.100000
0.100000	0.245492	0.100000
0.100000	0.246489	0.100000
0.100000	0.247432	0.100000
0.100000	0.248322	0.100000
0.100000	0.249158	0.100000
0.100000	0.249942	0.100000
0.100000	0.250673	0.100000
0.100000	0.251351	0.100000
0.100000	0.251976	0.100000
0.100000	0.252549	0.100000
0.100000	0.253070	0.100000
0.100000	0.253538	0.100000
0.100000	0.253954	0.100000
0.100000	0.254318	0.100000
0.100000	0.254629	0.100000
0.100000	0.254889	0.100000
0.100000	0.255097	0.100000
0.100000	0.255253	0.100000
0.100000	0.255356	0.100000
0.100000	0.255408	0.100000
0.100000	0.255408	0.100000
0.100000	0.255357	0.100000
0.100000	0.255253	0.100000
0.100000	0.255098	0.100000
0.100000	0.254890	0.100000
0.100000	0.254631	0.100000
0.100000	0.254319	0.100000
0.100000	0.253955	0.100000
0.100000	0.253540	0.100000
0.100000	0.253072	0.100000
0.100000	0.252552	0.100000
0.100000	0.251979	0.100000
0.100000	0.251354	0.100000
0.100000	0.250676	0.100000
0.100000	0.249945	0.100000
0.100000	0.249162	0.100000
0.100000	0.248325	0.100000
0.100000	0.247436	0.100000
0.100000	0.246492	0.100000
0.100000	0.245496	0.100000
0.100000	0.244446	0.100000
0.100000	0.243341	0.100000
0.100000	0.242183	0.100000
0.100000	0.240971	0.100000
0.100000	0.239704	0.100000
0.100000	0.238382	0.100000
0.100000	0.237006	0.100000
0.100000	0.235574	0.100000
0.100000	0.234087	0.100000
0.100000	0.232545	0.100000
0.100000	0.230946	0.100000
0.100000	0.229292	0.100000
0.100000	0.227581	0.100000
0.100000	0.225814	0.100000
0.100000	0.223990	0.100000
0.100000	0.222109	0.100000
0.100000	0.220170	0.100000
0.100000	0.218174	0.100000
0.100000	0.216120	0.100000
0.100000	0.214008	0.100000
0.100000	0.211838	0.100000
0.100000	0.209608	0.100000
0.100000	0.207321	0.100000
0.100000	0.204974	0.100000
0.100000	0.202568	0.100000
0.100000	0.200102	0.100000
0.100000	0.197576	0.100000
0.100000	0.194990	0.100000
0.100000	0.192345	0.100000
0.100000	0.189639	0.100000
0.100000	0.186871	0.100000
0.100000	0.184044	0.100000
0.100000	0.181155	0.100000
0.100000	0.178205	0.100000
0.100000	0.175194	0.100000
0.100000	0.172122	0.100000
0.100000	0.168988	0.100000
0.100000	0.165792	0.100000
0.100000	0.162535	0.100000
0.100000	0.159217	0.100000
0.102773	0.155836	0.100000
0.143826	0.152394	0.100000
0.172059	0.148892	0.100000
0.196461	0.145326	0.100000
0.222187	0.141700	0.100000
0.247220	0.138014	0.100000
0.270200	0.134267	0.100000
0.290744	0.130457	0.100000
0.307778	0.126589	0.100000
0.320686	0.171699	0.100000
0.329746	0.209602	0.100000
0.336636	0.241852	0.100000
0.342924	0.265720	0.100000
0.348140	0.285204	0.100000
0.349922	0.303314	0.100000
0.348744	0.319660	0.100000
0.348897	0.331016	0.100000
0.351265	0.336940	0.100000
0.353745	0.340802	0.100000
0.355359	0.344828	0.100000
0.357614	0.349807	0.100000
0.363694	0.356466	0.100000
0.370180	0.366210	0.100000
0.374453	0.377341	0.100000
0.376545	0.388359	0.100000
0.376414	0.397978	0.100000
0.375951	0.403373	0.100000
0.375238	0.406527	0.100000
0.373392	0.411054	0.100000
0.373077	0.416466	0.100000
0.377107	0.422440	0.100000
0.384556	0.428989	0.100000
0.392718	0.435504	0.100000
0.399486	0.441345	0.100000
0.404169	0.446216	0.100000
0.407804	0.449335	0.100000
0.410798	0.451267	0.100000
0.413073	0.452564	0.100000
0.415373	0.454337	0.100000
0.417660	0.456874	0.100000
0.420159	0.459958	0.100000
0.423168	0.463258	0.100000
0.426859	0.466580	0.100000
0.431155	0.469986	0.100000
0.434486	0.474186	0.100000
0.435788	0.478021	0.100000
0.435660	0.479810	0.100000
0.435678	0.479768	0.100000
0.436441	0.479494	0.100000
0.437444	0.480105	0.100000
0.437715	0.481744	0.100000
0.438402	0.483802	0.100000
0.438737	0.485722	0.100000
0.438065	0.488067	0.100000
0.436320	0.491414	0.114397
0.433210	0.494871	0.227721
0.429464	0.497620	0.275320
0.425295	0.499860	0.283852
0.420201	0.501565	0.258889
0.414519	0.502577	0.185339
0.408904	0.503091	0.100000
0.403586	0.503684	0.100000
0.398814	0.504261	0.100000
0.394638	0.504831	0.100000
0.389502	0.505721	0.100000
0.383905	0.506768	0.100000
0.381471	0.507731	0.100000
0.383375	0.509296	0.100000
0.388964	0.511128	0.100000
0.396143	0.512524	0.100000
0.401781	0.513512	0.100000
0.404499	0.514045	0.100000
0.405483	0.514266	0.100000
0.405733	0.514225	0.100000
0.405682	0.513822	0.100000
0.405009	0.513624	0.100000
0.403498	0.514556	0.100000
0.400322	0.516226	0.100000
0.394674	0.517866	0.100000
0.385355	0.519118	0.100000
0.375316	0.519846	0.100000
0.369749	0.520187	0.100000
0.370572	0.520296	0.100000
0.377069	0.520069	0.100000
0.384354	0.518962	0.100000
0.386185	0.517897	0.100000
0.381852	0.517786	0.100000
0.373082	0.518322	0.100000
0.361891	0.519181	0.100000
0.349344	0.520589	0.100000
0.336864	0.522091	0.100000
0.325816	0.523210	0.100000
0.317907	0.523789	0.100000
0.312478	0.524512	0.100000
0.304321	0.525826	0.100000
0.290418	0.527485	0.100000
0.273064	0.529327	0.100000
0.258736	0.531689	0.100000
0.250407	0.534341	0.113256
0.244705	0.537319	0.261704
0.240647	0.540851	0.359304
0.238382	0.544559	0.425961
0.238123	0.547934	0.472893
0.240047	0.550605	0.506293
0.236799	0.552262	0.530574
0.226451	0.553191	0.546870
0.213229	0.554077	0.555884
0.190460	0.554956	0.558803
0.160330	0.555288	0.556263
0.133738	0.554844	0.548776
0.113513	0.553779	0.536806
0.101274	0.552451	0.520838
0.100000	0.550995	0.501905
0.102571	0.550207	0.482493
0.109495	0.549903	0.466371
0.118909	0.549490	0.455657
0.130505	0.548788	0.453328
0.145753	0.547701	0.457460
0.163331	0.546786	0.465624
0.174800	0.546770	0.474955
0.171863	0.547568	0.481914
0.153373	0.548981	0.486163
0.125866	0.551230	0.489167
0.100000	0.554369	0.492229
0.100000	0.558143	0.495884
0.100000	0.562087	0.500663
0.100000	0.565184	0.506903
0.100000	0.567136	0.513953
0.100000	0.568248	0.519938
0.100000	0.568632	0.522918
0.100000	0.568788	0.523066
0.100000	0.569340	0.520702
0.100000	0.570045	0.516916
0.100000	0.571009	0.512606
0.100000	0.572095	0.509013
0.100000	0.573019	0.507456
0.100000	0.573580	0.507566
0.100000	0.573705	0.508404
0.105798	0.573704	0.509267
0.123850	0.573765	0.509229
0.141260	0.574255	0.508547
0.145269	0.575655	0.507139
0.139030	0.577974	0.505155
0.131891	0.580968	0.504177
0.135371	0.583900	0.504281
0.153575	0.586125	0.504814
0.170575	0.588021	0.505560
0.173126	0.589474	0.505609
0.158762	0.590220	0.505724
0.138757	0.590558	0.507579
0.119305	0.590870	0.512048
0.100000	0.591388	0.518675
0.100000	0.592174	0.525928
0.100000	0.593572	0.532358
0.100000	0.595461	0.535693
0.100000	0.597523	0.536283
0.100000	0.599826	0.536760
0.100000	0.602011	0.538176
0.100000	0.603974	0.540174
0.100000	0.605692	0.542614
0.102410	0.606713	0.544959
0.121471	0.607078	0.547369
0.127112	0.607580	0.549958
0.123178	0.608137	0.552326
0.116529	0.608988	0.553464
0.108308	0.609712	0.552711
0.100000	0.610112	0.550406
0.100000	0.610688	0.547874
0.100000	0.611179	0.545753
0.100000	0.611319	0.544287
0.109524	0.611371	0.543331
0.125901	0.611627	0.541764
0.138980	0.611729	0.540034
0.147310	0.611494	0.538931
0.149707	0.610934	0.538302
0.152245	0.610492	0.538045
0.168195	0.610291	0.537891
0.196705	0.609944	0.537913
0.221038	0.608945	0.538411
0.230580	0.606975	0.539405
0.225272	0.604041	0.540704
0.209687	0.600474	0.542270
0.194835	0.596830	0.544002
0.186939	0.594139	0.545860
0.177516	0.592447	0.548715
0.167442	0.591230	0.551723
0.167615	0.590429	0.554246
0.182397	0.590070	0.556596
0.203233	0.589975	0.558149
0.224557	0.590028	0.558272
0.246474	0.589650	0.557266
0.268351	0.588668	0.554768
0.284801	0.587401	0.550756
0.293446	0.586050	0.545952
0.297721	0.584584	0.540719
0.298868	0.583050	0.534414
0.293960	0.581376	0.526869
0.285690	0.579368	0.518085
0.281759	0.576995	0.507667
0.287553	0.573899	0.494465
0.301727	0.570205	0.479574
0.320292	0.566299	0.465569
0.337987	0.562121	0.452625
0.355068	0.557640	0.439941
0.370746	0.553217	0.425175
0.382058	0.548518	0.407368
0.390516	0.543218	0.384790
0.399031	0.537576	0.353472
0.409063	0.531873	0.309808
0.420185	0.525785	0.258244
0.431061	0.518794	0.198026
0.440696	0.510231	0.123043
0.447932	0.500276	0.100000
0.454306	0.489191	0.100000
0.459753	0.477433	0.100000
0.464508	0.466231	0.100000
0.469373	0.457407	0.100000
0.475266	0.452015	0.100000
0.483882	0.450025	0.100000
0.493566	0.450746	0.100000
0.502196	0.454369	0.100000
0.509516	0.460341	0.100000
0.516530	0.466274	0.100000
0.524119	0.471486	0.100000
0.531507	0.475463	0.100000
0.536989	0.478716	0.100000
0.540046	0.481366	0.100000
0.541676	0.483610	0.100000
0.542651	0.485956	0.100000
0.543152	0.488016	0.100000
0.544002	0.489371	0.100000
0.545260	0.490766	0.100000
0.546701	0.492253	0.100000
0.549248	0.492808	0.100000
0.552504	0.492055	0.100000
0.555736	0.491352	0.100000
0.558878	0.492171	0.100000
0.562180	0.494223	0.100000
0.566569	0.497575	0.100000
0.572331	0.501407	0.100000
0.100000	0.504810	0.100000
0.582828	0.508095	0.100000
0.100000	0.255283	0.100000
0.100000	0.255127	0.100000
0.100000	0.254920	0.100000
0.100000	0.254660	0.100000
0.100000	0.254349	0.100000
0.100000	0.253985	0.100000
0.100000	0.253570	0.100000
0.100000	0.253102	0.100000
0.100000	0.252581	0.100000
0.127888	0.252009	0.100000
0.173028	0.251383	0.100000
0.201593	0.250705	0.100000
0.222282	0.249975	0.100000
0.235213	0.249191	0.100000
0.237831	0.248354	0.100000
0.232469	0.247464	0.100000
0.225759	0.246521	0.100000
0.222957	0.245524	0.100000
0.226961	0.244474	0.100000
0.236995	0.243370	0.100000
0.247203	0.242212	0.100000
0.255420	0.240999	0.100000
0.260307	0.239732	0.100000
0.261329	0.238410	0.100000
0.261765	0.237033	0.100000
0.263876	0.235602	0.100000
0.270543	0.234114	0.100000
0.282179	0.232571	0.100000
0.295692	0.230973	0.100000
0.306760	0.229318	0.100000
0.312862	0.227607	0.100000
0.317012	0.225839	0.100000
0.322450	0.224015	0.100000
0.329148	0.222134	0.100000
0.332941	0.220195	0.100000
0.332531	0.218199	0.100000
0.333170	0.216144	0.100000
0.336532	0.214032	0.100000
0.338406	0.211862	0.100000
0.335197	0.209632	0.100000
0.329092	0.207344	0.100000
0.323699	0.204996	0.100000
0.320128	0.202590	0.100000
0.318072	0.200123	0.100000
0.319322	0.197597	0.100000
0.322694	0.195011	0.100000
0.324469	0.192365	0.100000
0.325325	0.189658	0.100000
0.326802	0.186891	0.100000
0.332455	0.184063	0.100000
0.340715	0.181173	0.100000
0.345314	0.178223	0.100000
0.345510	0.175211	0.100000
0.344018	0.172138	0.100000
0.342508	0.169004	0.100000
0.340778	0.165808	0.100000
0.338051	0.162550	0.100000
0.334918	0.159230	0.100000
0.331573	0.155850	0.100000
0.328565	0.152407	0.100000
0.327973	0.148903	0.100000
0.329889	0.145337	0.100000
0.331497	0.141710	0.100000
0.331027	0.138023	0.100000
0.329191	0.134275	0.100000
0.326181	0.130465	0.100000
0.320343	0.126596	0.100000
0.311547	0.122666	0.100000
0.302155	0.118676	0.100000
0.293446	0.114627	0.100000
0.287960	0.110521	0.100000
0.289384	0.106356	0.100000
0.295056	0.102133	0.100000
0.298176	0.099453	0.100000
0.297383	0.097288	0.100000
0.293878	0.094110	0.100000
0.288882	0.094942	0.100000
0.282590	0.101920	0.100000
0.272951	0.116913	0.100000
0.260537	0.131294	0.100000
0.246626	0.139204	0.100000
0.233118	0.149244	0.100000
0.220284	0.166893	0.100000
0.208311	0.188447	0.100000
0.199553	0.209862	0.100000
0.191672	0.229206	0.100000
0.184062	0.247784	0.100000
0.178038	0.264481	0.100000
0.167978	0.275299	0.100000
0.156016	0.279591	0.100000
0.140437	0.277528	0.100000
0.112275	0.269445	0.100000
0.100000	0.258074	0.100000
0.100000	0.246879	0.100000
0.100000	0.240049	0.100000
0.100000	0.241070	0.100000
0.100000	0.246753	0.100000
0.100000	0.254118	0.100000
0.100000	0.264315	0.100000
0.100000	0.273051	0.100000
0.100000	0.278542	0.100000
0.100000	0.283720	0.100000
0.100000	0.290452	0.100000
0.100000	0.298003	0.100000
0.100000	0.305413	0.100000
0.100000	0.312639	0.100000
0.100000	0.319400	0.100000
0.100000	0.326648	0.100000
0.100000	0.334453	0.100000
0.113102	0.341947	0.100000
0.118103	0.348757	0.100000
0.114785	0.355905	0.100000
0.115895	0.364093	0.100000
0.120432	0.372501	0.100000
0.119233	0.380366	0.100000
0.106019	0.387053	0.100000
0.100000	0.392812	0.100000
0.100000	0.397906	0.100000
0.100000	0.400085	0.100000
0.100000	0.398033	0.100000
0.100000	0.392999	0.100000
0.100000	0.385020	0.100000
0.100000	0.375980	0.100000
0.100000	0.368985	0.100000
0.100000	0.362578	0.100000
0.100000	0.354863	0.100000
0.100000	0.347064	0.100000
0.100000	0.341435	0.100000
0.100000	0.339932	0.100000
0.100000	0.342690	0.100000
0.100000	0.346660	0.100000
0.100000	0.349416	0.100000
0.100000	0.349499	0.100000
0.100000	0.346177	0.100000
0.100000	0.339912	0.100000
0.100000	0.331756	0.100000
0.100000	0.324099	0.100000
0.100000	0.318518	0.100000
0.100000	0.316472	0.100000
0.100000	0.317455	0.100000
0.100000	0.317848	0.100000
0.100000	0.317518	0.100000
0.100000	0.315841	0.100000
0.100000	0.311171	0.100000
0.100000	0.305487	0.100000
0.100000	0.299213	0.100000
0.100000	0.291685	0.100000
0.100000	0.283355	0.100000
0.100000	0.274236	0.100000
0.100000	0.264088	0.100000
0.100000	0.253952	0.100000
0.100000	0.245124	0.100000
0.100000	0.237875	0.100000
0.100000	0.229567	0.100000
0.100000	0.221964	0.100000
0.100000	0.216515	0.100000
0.100000	0.213850	0.100000
0.100000	0.212902	0.100000
0.100000	0.213910	0.100000
0.100000	0.216603	0.100000
0.100000	0.217799	0.100000
0.100000	0.216097	0.100000
0.100000	0.212200	0.147765
0.100000	0.207022	0.259169
0.100000	0.198476	0.324708
0.100000	0.188009	0.362531
0.100000	0.178704	0.382498
0.100000	0.168565	0.386489
0.100000	0.154255	0.373307
0.100000	0.135445	0.342847
0.100000	0.110220	0.294842
0.100000	0.082466	0.232582
0.100000	0.047190	0.166861
0.100000	0.012695	0.112543
0.100000	0.013434	0.100000
0.100000	0.014206	0.115654
0.100000	0.015008	0.165076
0.100000	0.015844	0.220866
0.100000	0.016712	0.270798
0.100000	0.017613	0.308424
0.100000	0.018549	0.332266
0.100000	0.019519	0.342173
0.100000	0.020523	0.343166
0.100000	0.021564	0.339762
0.100000	0.022641	0.336087
0.100000	0.023754	0.337216
0.100000	0.024906	0.341325
0.100000	0.026095	0.346546
0.100000	0.027323	0.351749
0.100000	0.028592	0.355451
0.100000	0.029901	0.358431
0.100000	0.031251	0.360613
0.100000	0.032643	0.362725
0.100000	0.034078	0.366482
0.100000	0.035557	0.371729
0.100000	0.037081	0.374542
0.100000	0.038650	0.373760
0.100000	0.040267	0.373320
0.100000	0.041932	0.376015
0.100000	0.043644	0.383787
0.100000	0.045407	0.394088
0.100000	0.047221	0.402987
0.100000	0.049087	0.410604
0.100000	0.051007	0.416535
0.100000	0.052981	0.420837
0.100000	0.055010	0.423095
0.100000	0.057097	0.424157
0.100000	0.059242	0.424301
0.100000	0.061448	0.425334
0.100000	0.063714	0.428471
0.100000	0.066043	0.432906
0.100000	0.068436	0.437704
0.100000	0.070895	0.441570
0.100000	0.073420	0.444150
0.100000	0.076015	0.447064
0.100000	0.078681	0.451101
0.100000	0.081418	0.455132
0.100000	0.084229	0.458989
0.100000	0.087117	0.462258
0.100000	0.090081	0.463222
0.100000	0.093124	0.461666
0.100000	0.096249	0.458243
0.100000	0.099456	0.453624
0.100000	0.102456	0.450129
0.100000	0.106354	0.449536
0.100000	0.110521	0.451036
0.100000	0.114628	0.454180
0.100000	0.118676	0.457744
0.100000	0.122666	0.460247
0.100000	0.126597	0.461229
0.100000	0.130466	0.460765
0.100000	0.134276	0.459500
0.100000	0.138027	0.459294
0.100000	0.141714	0.459608
0.100000	0.145341	0.461229
0.100000	0.148908	0.465582
0.100000	0.152412	0.470475
0.100000	0.155855	0.473484
0.100000	0.159237	0.473915
0.100000	0.162556	0.472415
0.100000	0.165815	0.471678
0.100000	0.169011	0.472946
0.100000	0.172146	0.475830
0.100000	0.175220	0.479614
0.100000	0.178232	0.483151
0.100000	0.181183	0.485824
0.100000	0.184073	0.486876
0.100000	0.186902	0.484791
0.100000	0.189669	0.479296
0.100000	0.192377	0.469917
0.100000	0.195024	0.456880
0.100000	0.197611	0.443748
0.100000	0.200137	0.433869
0.100000	0.202604	0.427594
0.100000	0.205011	0.421081
0.100000	0.207359	0.410139
0.100000	0.209647	0.393099
0.100000	0.211877	0.369203
0.100000	0.214048	0.336875
0.100000	0.216161	0.297759
0.100000	0.218216	0.253690
0.100000	0.220212	0.209475
0.100000	0.222152	0.168016
0.100000	0.224034	0.125037
0.100000	0.225859	0.100000
0.100000	0.227626	0.100000
0.100000	0.229338	0.100000
0.100000	0.230993	0.100000
0.100000	0.232592	0.100000
0.100000	0.234135	0.100000
0.100000	0.235623	0.100000
0.100000	0.237055	0.100000
0.100000	0.238432	0.100000
0.100000	0.239754	0.100000
0.100000	0.241022	0.100000
0.100000	0.242235	0.100000
0.100000	0.243393	0.100000
0.100000	0.244498	0.100000
0.100000	0.245549	0.100000
0.100000	0.246546	0.100000
0.100000	0.247489	0.100000
0.100000	0.248380	0.100000
0.100000	0.249217	0.100000
0.100000	0.250001	0.100000
0.100000	0.250732	0.100000
0.100000	0.251410	0.100000
0.100000	0.252035	0.100000
0.100000	0.252608	0.100000
0.100000	0.253129	0.100000
0.100000	0.253597	0.100000
0.100000	0.254013	0.100000
0.100000	0.254377	0.100000
0.100000	0.254689	0.100000
0.100000	0.254949	0.100000
0.100000	0.255157	0.100000
0.100000	0.255312	0.100000
0.100000	0.255416	0.100000
0.100000	0.255468	0.100000
0.100000	0.255468	0.100000
0.100000	0.255417	0.100000
0.100000	0.255313	0.337067
0.100000	0.255157	0.350098
0.100000	0.254950	0.365631
0.100000	0.254690	0.382264
0.100000	0.254379	0.396379
0.100000	0.254015	0.406999
0.100000	0.253599	0.414416
0.100000	0.253131	0.417404
0.100000	0.252611	0.417679
0.100000	0.252038	0.414550
0.100000	0.251413	0.406649
0.100000	0.250735	0.394586
0.100000	0.250004	0.379002
0.100000	0.249220	0.358263
0.100000	0.248383	0.328074
0.100000	0.247493	0.283774
0.100000	0.246550	0.220413
0.100000	0.245553	0.139927
0.100000	0.244503	0.100000
0.100000	0.243398	0.100000
0.100000	0.242240	0.100000
0.100000	0.241027	0.100000
0.100000	0.239760	0.100000
0.100000	0.238438	0.100000
0.100000	0.237061	0.100000
0.100000	0.235629	0.100000
0.100000	0.234142	0.100000
0.100000	0.232599	0.100000
0.100000	0.231000	0.100000
0.100000	0.229345	0.100000
0.100000	0.227633	0.100000
0.100000	0.225866	0.100000
0.100000	0.224041	0.100000
0.100000	0.222159	0.100000
0.100000	0.220220	0.100000
0.114588	0.218223	0.100000
0.132328	0.216169	0.100000
0.150721	0.214056	0.100000
0.169053	0.211885	0.100000
0.186227	0.209655	0.100000
0.199244	0.207367	0.100000
0.207780	0.205019	0.100000
0.220525	0.202612	0.100000
0.243906	0.200145	0.100000
0.274249	0.197619	0.100000
0.302749	0.195032	0.100000
0.323202	0.192386	0.100000
0.335006	0.189678	0.100000
0.342380	0.186910	0.100000
0.348095	0.184081	0.100000
0.352673	0.181192	0.100000
0.357954	0.178241	0.100000
0.364893	0.175229	0.100000
0.372619	0.172155	0.100000
0.379921	0.169019	0.100000
0.386493	0.165823	0.100000
0.392970	0.162564	0.100000
0.400528	0.159245	0.100000
0.410283	0.155863	0.100000
0.418801	0.152420	0.100000
0.424560	0.148916	0.100000
0.428975	0.145349	0.100000
0.432705	0.141720	0.100000
0.437693	0.138033	0.100000
0.444918	0.134284	0.100000
0.454073	0.130473	0.100000
0.462715	0.126602	0.100000
0.470581	0.122672	0.100000
0.478708	0.118681	0.100000
0.487751	0.114632	0.100000
0.497398	0.110524	0.100000
0.506820	0.106358	0.100000
0.515774	0.110349	0.100000
0.523981	0.140507	0.100000
0.530795	0.170022	0.100000
0.536099	0.190910	0.100000
0.540200	0.208786	0.100000
0.543861	0.232343	0.100000
0.547653	0.259150	0.100000
0.550450	0.282700	0.100000
0.551793	0.302210	0.100000
0.551631	0.318339	0.100000
0.551043	0.331002	0.100000
0.551001	0.342771	0.100000
0.551599	0.355078	0.100000
0.552872	0.367160	0.100000
0.554456	0.378501	0.100000
0.556125	0.389875	0.100000
0.557551	0.400878	0.100000
0.558325	0.409079	0.100000
0.558906	0.414505	0.100000
0.559799	0.418706	0.100000
0.560717	0.422179	0.100000
0.561375	0.425213	0.100000
0.561640	0.427627	0.100000
0.562370	0.429889	0.100000
0.564193	0.433028	0.100000
0.566728	0.437338	0.100000
0.569397	0.442404	0.100000
0.572009	0.447771	0.100000
0.574716	0.453196	0.100000
0.577162	0.458311	0.100000
0.578745	0.463201	0.100000
0.579589	0.468554	0.100000
0.580536	0.474211	0.100000
0.581127	0.480095	0.100000
0.580907	0.485771	0.100000
0.580961	0.490878	0.100000
0.581466	0.495625	0.100000
0.581884	0.500398	0.100000
0.581921	0.505490	0.161683
0.581091	0.510173	0.283559
0.579444	0.513667	0.350586
0.577535	0.515907	0.381391
0.575919	0.517388	0.390643
0.574995	0.518722	0.386771
0.574630	0.519945	0.372779
0.574660	0.521042	0.343376
0.574763	0.521674	0.287618
0.575387	0.521639	0.187954
0.576354	0.520909	0.100000
0.576987	0.519926	0.100000
0.577478	0.519359	0.100000
0.578244	0.519354	0.100000
0.578905	0.519383	0.100000
0.579319	0.519485	0.100000
0.579841	0.519721	0.100000
0.580815	0.519460	0.100000
0.581648	0.518742	0.100000
0.582176	0.517787	0.100000
0.582607	0.517004	0.100000
0.582991	0.516711	0.100000
0.583295	0.517393	0.100000
0.583353	0.518584	0.100000
0.583216	0.519283	0.100000
0.583104	0.519168	0.100000
0.583697	0.518827	0.100000
0.584485	0.518761	0.100000
0.584691	0.519004	0.100000
0.583970	0.519057	0.100000
0.582516	0.518813	0.100000
0.580412	0.518723	0.100000
0.578118	0.518581	0.100000
0.576136	0.518329	0.100000
0.573715	0.518142	0.100000
0.570377	0.518126	0.100000
0.566567	0.518403	0.100000
0.563820	0.518894	0.100000
0.563335	0.519372	0.100000
0.564744	0.519699	0.100000
0.566598	0.519644	0.100000
0.567033	0.519372	0.100000
0.565312	0.519715	0.100000
0.561657	0.520437	0.100000
0.556739	0.521389	0.124072
0.551886	0.522937	0.192693
0.547840	0.524638	0.260298
0.544426	0.526168	0.325913
0.541774	0.527891	0.386366
0.540623	0.529539	0.437112
0.541142	0.531017	0.478749
0.541911	0.532804	0.510281
0.541928	0.535342	0.532615
0.541450	0.538575	0.548667
0.540297	0.541622	0.559042
0.538544	0.543846	0.563426
0.537161	0.545131	0.563179
0.536226	0.545615	0.558947
0.535158	0.545021	0.550526
0.534242	0.543852	0.537752
0.533027	0.542650	0.520964
0.531712	0.541286	0.501257
0.530496	0.539694	0.479363
0.528912	0.538402	0.458481
0.526582	0.537213	0.442571
0.523939	0.536192	0.432501
0.521759	0.535940	0.427225
0.520282	0.536437	0.425164
0.519144	0.537216	0.425969
0.518350	0.538018	0.431687
0.518426	0.538734	0.439946
0.518750	0.539148	0.445351
0.518809	0.539654	0.447817
0.518204	0.539870	0.450443
0.516641	0.539681	0.455418
0.514033	0.539480	0.460988
0.510544	0.539537	0.463164
0.507074	0.539959	0.462825
0.503720	0.540382	0.460690
0.500882	0.541162	0.457570
0.499167	0.542736	0.454708
0.498218	0.544543	0.451537
0.496510	0.546140	0.445730
0.494080	0.547358	0.439058
0.491239	0.547754	0.435038
0.488785	0.547435	0.435436
0.486523	0.547255	0.437199
0.484980	0.547567	0.437634
0.485061	0.548131	0.434939
0.486661	0.549396	0.427130
0.488632	0.551360	0.417616
0.489757	0.553470	0.410492
0.489923	0.554975	0.406309
0.490091	0.556291	0.402981
0.490922	0.558060	0.402258
0.491207	0.560017	0.402158
0.490779	0.562102	0.401687
0.491365	0.564005	0.404113
0.492436	0.565626	0.406997
0.493103	0.566863	0.406840
0.493879	0.568057	0.403214
0.494819	0.569793	0.396648
0.495314	0.572181	0.387609
0.495468	0.574949	0.378610
0.495627	0.577476	0.370116
0.495028	0.579019	0.364277
0.493443	0.579507	0.362856
0.491060	0.580107	0.366015
0.488081	0.581254	0.372359
0.485587	0.582370	0.380660
0.484188	0.583515	0.390189
0.485049	0.584958	0.398602
0.487954	0.586467	0.404728
0.492013	0.586843	0.409691
0.495777	0.585987	0.413995
0.497777	0.584848	0.417250
0.497935	0.583278	0.419576
0.496934	0.581295	0.423184
0.495628	0.579530	0.428710
0.495071	0.577941	0.433212
0.495722	0.576383	0.433024
0.497883	0.574919	0.428205
0.500647	0.573106	0.422256
0.501285	0.571068	0.419260
0.499565	0.569352	0.420378
0.497119	0.568061	0.422849
0.494645	0.566961	0.426649
0.492099	0.565094	0.431350
0.489294	0.562318	0.436925
0.486087	0.559404	0.444275
0.482579	0.556760	0.452780
0.478461	0.553951	0.463154
0.474528	0.550840	0.473168
0.471985	0.547822	0.481003
0.471565	0.545484	0.490554
0.472144	0.543452	0.503582
0.473907	0.540975	0.516117
0.477578	0.537777	0.525605
0.481329	0.533953	0.531432
0.484735	0.530010	0.533075
0.489777	0.525855	0.529970
0.495437	0.522171	0.521872
0.500115	0.518406	0.509020
0.503620	0.513143	0.491795
0.505688	0.506492	0.470264
0.506050	0.500345	0.445529
0.505491	0.495136	0.417273
0.504864	0.489518	0.383501
0.505446	0.483041	0.344273
0.507435	0.475899	0.299139
0.510710	0.468243	0.250782
0.514304	0.460203	0.199771
0.516806	0.450886	0.139520
0.518487	0.439275	0.100000
0.519940	0.423223	0.100000
0.521498	0.403396	0.100000
0.523003	0.381204	0.100000
0.524511	0.355641	0.100000
0.526540	0.326214	0.100000
0.529441	0.295817	0.100000
0.533736	0.269261	0.100000
0.538724	0.247218	0.100000
0.543161	0.238460	0.100000
0.546669	0.239782	0.100000
0.549511	0.241050	0.100000
0.551716	0.242263	0.100000
0.553848	0.243422	0.100000
0.556256	0.244527	0.100000
0.558508	0.245577	0.100000
0.560438	0.246575	0.100000
0.562850	0.247518	0.100000
0.566237	0.248409	0.100000
0.570119	0.249246	0.100000
0.573894	0.250030	0.100000
0.577134	0.250761	0.100000
0.579962	0.251439	0.100000
0.582892	0.252065	0.100000
0.586046	0.252638	0.100000
0.589332	0.253159	0.100000
0.592301	0.253627	0.100000
0.594850	0.254043	0.100000
0.596453	0.254407	0.100000
0.597781	0.254719	0.100000
0.599139	0.254979	0.100000
0.600461	0.255186	0.100000
0.602050	0.255342	0.100000
0.603777	0.255446	0.100000
0.605680	0.255498	0.100000
0.100000	0.255498	0.100000
0.610531	0.255447	0.100000
0.100000	0.255343	0.100000
0.100000	0.255187	0.100000
0.100000	0.254980	0.100000
0.100000	0.254720	0.100000
0.100000	0.254409	0.100000
0.100000	0.254045	0.100000
0.100000	0.253629	0.100000
0.100000	0.253161	0.100000
0.100000	0.252641	0.100000
0.124854	0.252068	0.100000
0.158933	0.251442	0.100000
0.181501	0.250764	0.100000
0.185438	0.250033	0.100000
0.180740	0.249249	0.100000
0.175541	0.248413	0.100000
0.168526	0.247522	0.100000
0.159324	0.246579	0.100000
0.152804	0.245582	0.100000
0.156865	0.244531	0.100000
0.173667	0.243427	0.100000
0.193606	0.242268	0.100000
0.208296	0.241055	0.100000
0.219609	0.239788	0.100000
0.230785	0.238465	0.100000
0.242632	0.237089	0.100000
0.253575	0.235656	0.100000
0.260952	0.234168	0.100000
0.266799	0.232626	0.100000
0.275858	0.231026	0.100000
0.286618	0.229371	0.100000
0.295484	0.227659	0.100000
0.300168	0.225891	0.100000
0.300883	0.224066	0.100000
0.298188	0.222185	0.100000
0.292506	0.220245	0.100000
0.286477	0.218248	0.100000
0.283135	0.216193	0.100000
0.283301	0.214080	0.100000
0.284540	0.211909	0.100000
0.287561	0.209679	0.100000
0.293993	0.207390	0.100000
0.299413	0.205042	0.100000
0.299589	0.202634	0.100000
0.296601	0.200167	0.100000
0.291045	0.197640	0.100000
0.281890	0.195053	0.100000
0.270950	0.192406	0.100000
0.260421	0.189698	0.100000
0.251014	0.186929	0.100000
0.242714	0.184100	0.100000
0.233318	0.181210	0.100000
0.219478	0.178258	0.100000
0.200040	0.175246	0.100000
0.174256	0.172171	0.100000
0.147172	0.169036	0.100000
0.121711	0.165838	0.100000
0.100546	0.162579	0.100000
0.100000	0.159259	0.100000
0.100000	0.155876	0.100000
0.100000	0.152432	0.100000
0.100000	0.148927	0.100000
0.100000	0.145360	0.100000
0.100000	0.141731	0.100000
0.100278	0.138043	0.100000
0.104104	0.134292	0.100000
0.107528	0.130480	0.100000
0.106074	0.126609	0.100000
0.101396	0.122678	0.100000
0.104896	0.118686	0.100000
0.106735	0.114636	0.100000
0.100000	0.110527	0.100000
0.100000	0.106360	0.100000
0.100000	0.102136	0.100000
0.100000	0.099453	0.100000
0.100000	0.097287	0.100000
0.100000	0.094108	0.100000
0.100000	0.091011	0.100000
0.100000	0.087997	0.100000
0.100000	0.085061	0.100000
0.100000	0.082203	0.100000
0.100000	0.079421	0.100000
0.100000	0.076713	0.100000
0.100000	0.074077	0.100000
0.100000	0.071511	0.100000
0.100000	0.069014	0.100000
0.100000	0.066585	0.100000
0.100000	0.064221	0.100000
0.100000	0.061922	0.100000
0.100000	0.059685	0.100000
0.100000	0.057510	0.100000
0.100000	0.055394	0.100000
0.100000	0.053337	0.100000
0.100000	0.051337	0.100000
0.100000	0.049393	0.100000
0.100000	0.047503	0.100000
0.100000	0.045666	0.100000
0.100000	0.043882	0.100000
0.100000	0.042149	0.100000
0.100000	0.040466	0.100000
0.100000	0.038831	0.100000
0.100000	0.037244	0.100000
0.100000	0.035704	0.100000
0.100000	0.034210	0.100000
0.100000	0.032760	0.100000
0.100000	0.031354	0.100000
0.100000	0.029991	0.100000
0.100000	0.028671	0.100000
0.100000	0.027392	0.100000
0.100000	0.026152	0.100000
0.100000	0.024953	0.100000
0.100000	0.023793	0.100000
0.100000	0.022671	0.100000
0.100000	0.021586	0.100000
0.100000	0.020539	0.100000
0.100000	0.019527	0.100000
0.100000	0.018551	0.100000
0.100000	0.017611	0.100000
0.100000	0.016704	0.100000
0.100000	0.015831	0.100000
0.100000	0.014992	0.100000
0.100000	0.014186	0.100000
0.100000	0.013411	0.100000
0.100000	0.012669	0.100000
0.100000	0.011958	0.100000
0.100000	0.011278	0.100000
0.100000	0.010629	0.100000
0.100000	0.010010	0.100000
0.100000	0.009421	0.100000
0.100000	0.008861	0.100000
0.100000	0.008330	0.100000
0.100000	0.007828	0.100000
0.100000	0.007355	0.100000
0.100000	0.006910	0.100000
0.100000	0.006493	0.100000
0.100000	0.006104	0.100000
0.100000	0.005742	0.100000
0.100000	0.005408	0.100000
0.100000	0.005100	0.100000
0.100000	0.004820	0.100000
0.100000	0.004566	0.100000
0.100000	0.004339	0.100000
0.100000	0.004139	0.100000
0.100000	0.003965	0.100000
0.100000	0.003817	0.100000
0.100000	0.003695	0.100000
0.100000	0.003600	0.100000
0.100000	0.003530	0.100000
0.100000	0.003487	0.100000
0.100000	0.003469	0.100000
0.100000	0.003515	0.100000
0.100000	0.003586	0.100000
0.100000	0.003684	0.100000
0.100000	0.003807	0.100000
0.100000	0.003957	0.100000
0.100000	0.004133	0.100000
0.100000	0.004335	0.100000
0.100000	0.004564	0.100000
0.100000	0.004819	0.100000
0.100000	0.005101	0.100000
0.100000	0.005410	0.100000
0.100000	0.005745	0.100000
0.100000	0.006108	0.100000
0.100000	0.006498	0.100000
0.100000	0.006916	0.148215
0.100000	0.007361	0.252850
0.100000	0.007834	0.297119
0.100000	0.008336	0.306760
0.100000	0.008867	0.292981
0.100000	0.009426	0.253126
0.100000	0.010014	0.175147
0.100000	0.010632	0.100000
0.100000	0.011280	0.100000
0.100000	0.011958	0.100000
0.100000	0.012666	0.100000
0.100000	0.013406	0.100000
0.100000	0.014177	0.100000
0.100000	0.014980	0.100000
0.100000	0.015815	0.100000
0.100000	0.016684	0.100000
0.100000	0.017585	0.100000
0.100000	0.018521	0.100000
0.100000	0.019491	0.100000
0.100000	0.020496	0.100000
0.100000	0.021537	0.100000
0.100000	0.022614	0.100000
0.100000	0.023727	0.100000
0.100000	0.024879	0.100000
0.100000	0.026069	0.100000
0.100000	0.027297	0.100000
0.100000	0.028566	0.100000
0.100000	0.029875	0.100000
0.100000	0.031225	0.100000
0.100000	0.032618	0.100000
0.100000	0.034053	0.100000
0.100000	0.035533	0.100000
0.100000	0.037057	0.100000
0.100000	0.038627	0.100000
0.100000	0.040244	0.100000
0.100000	0.041909	0.100000
0.100000	0.043622	0.100000
0.100000	0.045385	0.100000
0.100000	0.047200	0.100000
0.100000	0.049066	0.100000
0.100000	0.050986	0.100000
0.100000	0.052961	0.100000
0.100000	0.054992	0.100000
0.100000	0.057079	0.100000
0.100000	0.059225	0.100000
0.100000	0.061431	0.100000
0.100000	0.063698	0.100000
0.100000	0.066027	0.100000
0.100000	0.068422	0.100000
0.100000	0.070882	0.100000
0.100000	0.073408	0.100000
0.100000	0.076004	0.100000
0.100000	0.078671	0.100000
0.100000	0.081409	0.100000
0.100000	0.084221	0.100000
0.100000	0.087110	0.100000
0.100000	0.090075	0.100000
0.100000	0.093120	0.100000
0.100000	0.096246	0.100000
0.100000	0.099455	0.100000
0.100000	0.102457	0.100000
0.100000	0.106357	0.100000
0.100000	0.110525	0.100000
0.100000	0.114634	0.100000
0.100000	0.118685	0.100000
0.100000	0.122676	0.100000
0.100000	0.126609	0.100000
0.100000	0.130480	0.100000
0.100000	0.134292	0.100000
0.100000	0.138044	0.100000
0.100000	0.141733	0.100000
0.100000	0.145361	0.100000
0.100000	0.148929	0.100000
0.100000	0.152435	0.104405
0.100000	0.155880	0.124043
0.100000	0.159263	0.153267
0.100000	0.162584	0.182545
0.100000	0.165844	0.207913
0.100000	0.169041	0.227522
0.100000	0.172178	0.244442
0.100000	0.175253	0.262256
0.100000	0.178266	0.283716
0.100000	0.181218	0.304279
0.100000	0.184109	0.314905
0.100000	0.186939	0.313840
0.100000	0.189708	0.305478
0.100000	0.192417	0.295185
0.100000	0.195064	0.284656
0.100000	0.197652	0.276990
0.100000	0.200179	0.272530
0.100000	0.202647	0.270531
0.100000	0.205055	0.264974
0.100000	0.207404	0.245648
0.100000	0.209693	0.213968
0.100000	0.211924	0.168138
0.100000	0.214095	0.100000
0.100000	0.216208	0.100000
0.100000	0.218264	0.100000
0.100000	0.220262	0.100000
0.100000	0.222202	0.100000
0.100000	0.224084	0.100000
0.100000	0.225910	0.100000
0.100000	0.227678	0.100000
0.100000	0.229390	0.100000
0.100000	0.231045	0.100000
0.100000	0.232645	0.100000
0.100000	0.234189	0.100000
0.100000	0.235677	0.100000
0.100000	0.237110	0.100000
0.100000	0.238487	0.100000
0.100000	0.239810	0.100000
0.100000	0.241077	0.100000
0.100000	0.242291	0.100000
0.100000	0.243450	0.100000
0.100000	0.244555	0.100000
0.100000	0.245606	0.100000
0.100000	0.246603	0.100000
0.100000	0.247547	0.100000
0.100000	0.248437	0.100000
0.100000	0.249275	0.100000
0.100000	0.250059	0.100000
0.100000	0.250790	0.100000
0.100000	0.251468	0.100000
0.100000	0.252094	0.100000
0.100000	0.252667	0.100000
0.100000	0.253188	0.100000
0.100000	0.253657	0.100000
0.100000	0.254073	0.100000
0.100000	0.254437	0.100000
0.100000	0.254749	0.100000
0.100000	0.255008	0.100000
0.100000	0.255216	0.100000
0.100000	0.255372	0.100000
0.100000	0.255476	0.100000
0.100000	0.255528	0.100000
0.100000	0.255528	0.100000
0.100000	0.255477	0.100000
0.100000	0.255373	0.293190
0.100000	0.255217	0.317963
0.100000	0.255010	0.334906
0.100000	0.254750	0.341659
0.100000	0.254438	0.340179
0.100000	0.254075	0.335986
0.100000	0.253659	0.329376
0.100000	0.253191	0.318897
0.100000	0.252670	0.309303
0.100000	0.252097	0.301248
0.100000	0.251472	0.291333
0.100000	0.250794	0.278549
0.100000	0.250062	0.262205
0.100000	0.249279	0.242819
0.100000	0.248442	0.216189
0.100000	0.247552	0.175322
0.100000	0.246608	0.115349
0.100000	0.245611	0.100000
0.100000	0.244560	0.100000
0.100000	0.243455	0.100000
0.100000	0.242296	0.100000
0.100000	0.241083	0.100000
0.100000	0.239816	0.100000
0.100000	0.238493	0.100000
0.100000	0.237116	0.100000
0.100000	0.235683	0.100000
0.100000	0.234196	0.100000
0.100000	0.232652	0.100000
0.100000	0.231053	0.100000
0.124734	0.229398	0.100000
0.165193	0.227686	0.100000
0.195583	0.225917	0.100000
0.218724	0.224092	0.100000
0.239337	0.222210	0.100000
0.260582	0.220270	0.100000
0.277793	0.218273	0.100000
0.289762	0.216218	0.100000
0.300020	0.214104	0.100000
0.309920	0.211932	0.100000
0.319809	0.209702	0.100000
0.329617	0.207413	0.100000
0.340371	0.205064	0.100000
0.351319	0.202656	0.100000
0.363110	0.200189	0.100000
0.377616	0.197661	0.100000
0.394401	0.195074	0.100000
0.410524	0.192427	0.100000
0.423417	0.189718	0.100000
0.433230	0.186949	0.100000
0.440400	0.184119	0.100000
0.446192	0.181228	0.100000
0.452686	0.178276	0.100000
0.460150	0.175263	0.100000
0.467683	0.172188	0.100000
0.475209	0.169052	0.100000
0.481749	0.165854	0.100000
0.486041	0.162594	0.100000
0.488592	0.159273	0.100000
0.491071	0.155890	0.100000
0.494882	0.152445	0.100000
0.500220	0.148939	0.100000
0.506243	0.145371	0.100000
0.512088	0.141741	0.100000
0.516903	0.138052	0.100000
0.520637	0.134301	0.100000
0.523298	0.130488	0.100000
0.525902	0.126616	0.100000
0.528852	0.122684	0.100000
0.531682	0.118692	0.100000
0.534430	0.114640	0.100000
0.536734	0.110530	0.100000
0.539177	0.106362	0.100000
0.542315	0.102137	0.100000
0.545913	0.099453	0.100000
0.549746	0.097287	0.100000
0.552944	0.094106	0.100000
0.555457	0.134118	0.100000
0.557167	0.185599	0.100000
0.557350	0.222465	0.100000
0.556483	0.253808	0.100000
0.555603	0.280672	0.100000
0.555361	0.302927	0.100000
0.556340	0.321622	0.100000
0.557246	0.338811	0.100000
0.558000	0.351378	0.100000
0.559481	0.360211	0.100000
0.561593	0.369459	0.100000
0.563934	0.380592	0.100000
0.566116	0.393312	0.100000
0.568402	0.403837	0.100000
0.571033	0.410280	0.100000
0.573593	0.413481	0.100000
0.576091	0.414106	0.100000
0.578600	0.414440	0.100000
0.580909	0.417124	0.100000
0.582177	0.423458	0.100000
0.582278	0.431997	0.100000
0.582169	0.441075	0.100000
0.582729	0.449893	0.100000
0.584292	0.457583	0.100000
0.586244	0.464280	0.100000
0.587847	0.470764	0.100000
0.588872	0.477827	0.100000
0.590038	0.485007	0.100000
0.592103	0.491138	0.100000
0.594908	0.496181	0.100000
0.598031	0.500681	0.100000
0.600532	0.504778	0.100000
0.601623	0.508220	0.100000
0.601417	0.511066	0.100000
0.600630	0.514113	0.100000
0.599998	0.517078	0.100000
0.599510	0.519631	0.100000
0.599053	0.522508	0.100000
0.598799	0.525835	0.216740
0.598687	0.529098	0.286648
0.598605	0.532116	0.322601
0.598612	0.534467	0.339129
0.598394	0.536427	0.336401
0.597816	0.538236	0.310658
0.597414	0.539989	0.249507
0.597435	0.541184	0.125136
0.597638	0.541790	0.100000
0.597840	0.542063	0.100000
0.598393	0.541523	0.100000
0.599743	0.540501	0.100000
0.601565	0.539367	0.100000
0.603041	0.537903	0.100000
0.604221	0.535955	0.100000
0.605465	0.533516	0.100000
0.606722	0.530615	0.100000
0.607311	0.527297	0.100000
0.606840	0.525205	0.100000
0.605760	0.524893	0.100000
0.604461	0.525309	0.100000
0.603524	0.526106	0.100000
0.603279	0.526916	0.100000
0.603386	0.527688	0.100000
0.603552	0.528737	0.100000
0.603575	0.530249	0.100000
0.603392	0.531881	0.100000
0.603331	0.533672	0.100000
0.603433	0.535483	0.100000
0.603565	0.536740	0.100000
0.603800	0.537162	0.100000
0.603581	0.537026	0.100000
0.602593	0.536609	0.100000
0.601190	0.536308	0.100000
0.599924	0.536739	0.100000
0.598408	0.537499	0.112265
0.596427	0.537795	0.164092
0.594273	0.537735	0.209598
0.592389	0.537791	0.249487
0.590572	0.538110	0.286960
0.588601	0.538433	0.326719
0.586727	0.539540	0.367849
0.585791	0.541650	0.409034
0.586344	0.544068	0.448322
0.588040	0.546348	0.482898
0.589291	0.548464	0.510550
0.588994	0.550319	0.532482
0.587736	0.552013	0.550240
0.586536	0.554198	0.563427
0.585740	0.556896	0.572326
0.585764	0.559314	0.577108
0.586427	0.561148	0.578336
0.587367	0.562716	0.576683
0.588524	0.563862	0.572847
0.589915	0.564409	0.567244
0.591064	0.564199	0.560490
0.591136	0.563352	0.554447
0.590038	0.562310	0.550471
0.588243	0.561461	0.548336
0.586133	0.560499	0.547574
0.583885	0.559545	0.547821
0.582041	0.558893	0.550094
0.580605	0.558941	0.554705
0.579407	0.559467	0.560296
0.578545	0.559943	0.564840
0.577798	0.560248	0.568049
0.576649	0.559810	0.570411
0.574771	0.558890	0.572098
0.572687	0.557804	0.573406
0.571211	0.556439	0.574160
0.571035	0.555343	0.574796
0.572454	0.555028	0.575941
0.575249	0.555372	0.577553
0.578770	0.556182	0.579615
0.581787	0.557453	0.581444
0.583522	0.558897	0.582345
0.583974	0.559999	0.582752
0.583765	0.560348	0.582533
0.583603	0.560397	0.581514
0.583864	0.560951	0.580262
0.584274	0.562177	0.579108
0.584980	0.563684	0.578301
0.585566	0.564568	0.578489
0.585760	0.565288	0.579384
0.586128	0.566359	0.580515
0.586968	0.567550	0.581671
0.587637	0.568766	0.582899
0.588204	0.569552	0.584304
0.588986	0.569425	0.586036
0.589928	0.568459	0.588052
0.591375	0.566824	0.590271
0.592574	0.566237	0.592233
0.592575	0.568315	0.593709
0.591341	0.572754	0.594814
0.589884	0.577830	0.595475
0.589589	0.582419	0.595605
0.590082	0.586170	0.595480
0.590656	0.588968	0.595777
0.591212	0.591091	0.596656
0.590981	0.593199	0.597346
0.590419	0.595233	0.597252
0.590010	0.596974	0.596541
0.589827	0.598193	0.595647
0.590432	0.598980	0.595050
0.591726	0.599734	0.594495
0.593316	0.600803	0.593620
0.595051	0.602292	0.592657
0.596951	0.604095	0.591978
0.599168	0.606229	0.591106
0.601623	0.608414	0.589984
0.603974	0.610330	0.588523
0.605940	0.612241	0.587026
0.607046	0.613413	0.585957
0.607318	0.614014	0.585421
0.607125	0.614383	0.585440
0.606881	0.614436	0.585963
0.606814	0.613748	0.586795
0.606811	0.612414	0.587683
0.606701	0.611259	0.588664
0.606441	0.610237	0.588893
0.605995	0.608738	0.587463
0.605407	0.606408	0.584472
0.605315	0.603715	0.581200
0.605669	0.601116	0.579180
0.605756	0.598491	0.578734
0.606036	0.595794	0.579825
0.606532	0.592665	0.581899
0.606783	0.589437	0.584219
0.607164	0.586670	0.586421
0.607659	0.584282	0.588612
0.608160	0.582323	0.590458
0.608718	0.581185	0.590765
0.609310	0.580695	0.588706
0.610159	0.580693	0.585119
0.611393	0.581098	0.581057
0.612766	0.581663	0.577254
0.613932	0.581868	0.574380
0.614697	0.581437	0.572062
0.615173	0.580305	0.569111
0.615839	0.579156	0.565140
0.616739	0.578065	0.560190
0.617481	0.577065	0.554249
0.618199	0.575649	0.546807
0.619261	0.572961	0.538101
0.620741	0.569543	0.528102
0.622589	0.565574	0.516053
0.624573	0.561201	0.501283
0.626842	0.556116	0.484601
0.629637	0.549585	0.467350
0.632808	0.541484	0.450099
0.636006	0.532341	0.431514
0.638999	0.522633	0.410912
0.641769	0.514570	0.385262
0.643877	0.509099	0.349464
0.645189	0.504548	0.299724
0.646121	0.499329	0.225039
0.647171	0.493123	0.109216
0.648476	0.486926	0.100000
0.649740	0.480169	0.100000
0.650912	0.471927	0.100000
0.651779	0.461958	0.100000
0.652020	0.451478	0.100000
0.651771	0.443665	0.100000
0.651176	0.440527	0.100000
0.650552	0.440964	0.100000
0.650397	0.442134	0.100000
0.650809	0.443952	0.130136
0.651531	0.446976	0.197798
0.652532	0.451305	0.237503
0.653858	0.456657	0.249557
0.655445	0.462164	0.237036
0.657218	0.468030	0.208546
0.658827	0.472351	0.177040
0.660028	0.475118	0.146750
0.660968	0.478011	0.118213
0.661780	0.482598	0.100000
0.662575	0.487962	0.100000
0.663467	0.492412	0.100000
0.664424	0.497015	0.100000
0.665296	0.501742	0.100000
0.666167	0.506300	0.129319
0.667284	0.512081	0.178132
0.668873	0.519031	0.214017
0.670995	0.525802	0.228130
0.100000	0.531424	0.100000
0.675000	0.535241	0.218109
0.100000	0.255403	0.100000
0.100000	0.255247	0.100000
0.100000	0.255040	0.100000
0.114948	0.254780	0.100000
0.131454	0.254468	0.100000
0.139632	0.254104	0.100000
0.142082	0.253689	0.100000
0.150212	0.253220	0.100000
0.157231	0.252700	0.100000
0.166195	0.252127	0.100000
0.180911	0.251501	0.100000
0.195038	0.250823	0.100000
0.202800	0.250092	0.100000
0.207656	0.249308	0.100000
0.209487	0.248471	0.100000
0.206078	0.247580	0.100000
0.195982	0.246637	0.100000
0.185289	0.245639	0.100000
0.185146	0.244589	0.100000
0.194110	0.243484	0.100000
0.207202	0.242325	0.100000
0.218954	0.241111	0.100000
0.224219	0.239844	0.100000
0.224161	0.238521	0.100000
0.225320	0.237144	0.100000
0.233280	0.235711	0.100000
0.249179	0.234223	0.100000
0.264025	0.232680	0.100000
0.273269	0.231080	0.100000
0.277729	0.229424	0.100000
0.279578	0.227712	0.100000
0.284415	0.225943	0.100000
0.292013	0.224118	0.100000
0.297160	0.222235	0.100000
0.301156	0.220295	0.100000
0.307347	0.218298	0.100000
0.316320	0.216242	0.100000
0.326452	0.214128	0.100000
0.332323	0.211956	0.100000
0.331291	0.209725	0.100000
0.326413	0.207436	0.100000
0.314678	0.205087	0.100000
0.293023	0.202679	0.100000
0.266825	0.200211	0.100000
0.240757	0.197683	0.100000
0.216135	0.195094	0.100000
0.197050	0.192447	0.100000
0.188222	0.189738	0.100000
0.188625	0.186969	0.100000
0.188404	0.184138	0.100000
0.183146	0.181247	0.100000
0.177593	0.178294	0.100000
0.167051	0.175280	0.100000
0.144341	0.172205	0.100000
0.110415	0.169068	0.100000
0.100000	0.165869	0.100000
0.100000	0.162609	0.100000
0.100000	0.159287	0.100000
0.100000	0.155903	0.100000
0.100000	0.152457	0.100000
0.100000	0.148951	0.100000
0.100000	0.145382	0.100000
0.100000	0.141751	0.100000
0.100000	0.138061	0.100000
0.100000	0.134310	0.100000
0.100000	0.130496	0.100000
0.100000	0.126623	0.100000
0.100000	0.122690	0.100000
0.100000	0.118697	0.100000
0.100000	0.114644	0.100000
0.100000	0.110534	0.100000
0.100000	0.106365	0.100000
0.100000	0.102138	0.100000
0.100000	0.099453	0.100000
0.100000	0.097287	0.100000
0.100000	0.094106	0.100000
0.100000	0.091008	0.100000
0.100000	0.087992	0.100000
0.100000	0.085055	0.100000
0.100000	0.082195	0.100000
0.100000	0.079412	0.100000
0.100000	0.076703	0.100000
0.100000	0.074065	0.100000
0.100000	0.071498	0.100000
0.100000	0.069001	0.100000
0.100000	0.066571	0.100000
0.100000	0.064206	0.100000
0.100000	0.061906	0.100000
0.100000	0.059669	0.100000
0.100000	0.057492	0.100000
0.100000	0.055376	0.100000
0.100000	0.053318	0.100000
0.100000	0.051317	0.100000
0.100000	0.049373	0.100000
0.100000	0.047482	0.100000
0.100000	0.045645	0.100000
0.100000	0.043860	0.100000
0.100000	0.042127	0.100000
0.100000	0.040443	0.100000
0.100000	0.038808	0.100000
0.100000	0.037220	0.100000
0.100000	0.035680	0.100000
0.100000	0.034185	0.100000
0.100000	0.032735	0.100000
0.100000	0.031329	0.100000
0.100000	0.029966	0.100000
0.100000	0.028645	0.100000
0.100000	0.027366	0.100000
0.100000	0.026126	0.100000
0.100000	0.024927	0.100000
0.100000	0.023767	0.100000
0.100000	0.022644	0.100000
0.100000	0.021560	0.100000
0.100000	0.020512	0.100000
0.100000	0.019500	0.100000
0.100000	0.018524	0.100000
0.100000	0.017583	0.100000
0.100000	0.016676	0.100000
0.100000	0.015803	0.100000
0.100000	0.014964	0.100000
0.100000	0.014157	0.100000
0.100000	0.013383	0.100000
0.100000	0.012640	0.100000
0.100000	0.011930	0.100000
0.100000	0.011250	0.100000
0.100000	0.010600	0.100000
0.100000	0.009981	0.100000
0.100000	0.009392	0.100000
0.100000	0.008832	0.100000
0.100000	0.008301	0.100000
0.100000	0.007799	0.100000
0.100000	0.007326	0.100000
0.100000	0.006881	0.100000
0.100000	0.006463	0.100000
0.100000	0.006074	0.100000
0.100000	0.005712	0.100000
0.100000	0.005378	0.100000
0.100000	0.005070	0.100000
0.100000	0.004790	0.100000
0.100000	0.004536	0.100000
0.100000	0.004309	0.100000
0.100000	0.004109	0.100000
0.100000	0.003935	0.100000
0.100000	0.003787	0.100000
0.100000	0.003665	0.100000
0.100000	0.003570	0.100000
0.100000	0.003500	0.100000
0.100000	0.003457	0.100000
0.100000	0.003439	0.100000
0.100000	0.003485	0.100000
0.100000	0.003556	0.100000
0.100000	0.003654	0.100000
0.100000	0.003778	0.100000
0.100000	0.003927	0.100000
0.100000	0.004103	0.100000
0.100000	0.004306	0.100000
0.100000	0.004534	0.100000
0.100000	0.004789	0.171895
0.100000	0.005071	0.277479
0.100000	0.005380	0.353932
0.100000	0.005716	0.410788
0.100000	0.006078	0.453349
0.100000	0.006468	0.485211
0.100000	0.006886	0.507106
0.100000	0.007332	0.520000
0.100000	0.007805	0.525423
0.100000	0.008307	0.523990
0.100000	0.008837	0.516824
0.100000	0.009396	0.505337
0.100000	0.009985	0.490974
0.100000	0.010603	0.474444
0.100000	0.011251	0.457910
0.100000	0.011929	0.443307
0.100000	0.012637	0.429204
0.100000	0.013377	0.417381
0.100000	0.014148	0.412607
0.100000	0.014952	0.414974
0.100000	0.015787	0.420748
0.100000	0.016655	0.427203
0.100000	0.017557	0.433477
0.100000	0.018493	0.437928
0.100000	0.019463	0.439043
0.100000	0.020469	0.439183
0.100000	0.021509	0.439826
0.100000	0.022586	0.440675
0.100000	0.023700	0.441088
0.100000	0.024852	0.441132
0.100000	0.026042	0.441998
0.100000	0.027271	0.443786
0.100000	0.028540	0.446611
0.100000	0.029849	0.451261
0.100000	0.031200	0.457003
0.100000	0.032593	0.462425
0.100000	0.034029	0.468507
0.100000	0.035508	0.474979
0.100000	0.037033	0.480536
0.100000	0.038603	0.483766
0.100000	0.040220	0.484679
0.100000	0.041886	0.484404
0.100000	0.043599	0.483393
0.100000	0.045363	0.481652
0.100000	0.047178	0.479064
0.100000	0.049046	0.477381
0.100000	0.050966	0.477708
0.100000	0.052941	0.479237
0.100000	0.054972	0.482362
0.100000	0.057060	0.485779
0.100000	0.059207	0.487701
0.100000	0.061414	0.487937
0.100000	0.063682	0.486740
0.100000	0.066012	0.486204
0.100000	0.068408	0.487579
0.100000	0.070868	0.490789
0.100000	0.073395	0.493235
0.100000	0.075992	0.494392
0.100000	0.078660	0.495304
0.100000	0.081399	0.496487
0.100000	0.084213	0.497190
0.100000	0.087103	0.496567
0.100000	0.090070	0.496357
0.100000	0.093116	0.498212
0.100000	0.096244	0.502083
0.100000	0.099454	0.507377
0.100000	0.102457	0.511492
0.100000	0.106359	0.513740
0.100000	0.110529	0.515234
0.100000	0.114640	0.516211
0.100000	0.118693	0.516165
0.100000	0.122686	0.514307
0.100000	0.126621	0.511226
0.100000	0.130493	0.508370
0.100000	0.134307	0.505608
0.100000	0.138061	0.502842
0.100000	0.141752	0.501410
0.100000	0.145381	0.501451
0.100000	0.148952	0.502342
0.100000	0.152459	0.504148
0.100000	0.155905	0.506057
0.100000	0.159289	0.507832
0.100000	0.162612	0.510001
0.100000	0.165873	0.512209
0.100000	0.169072	0.513584
0.100000	0.172209	0.515101
0.100000	0.175286	0.516959
0.100000	0.178300	0.520889
0.100000	0.181253	0.528116
0.100000	0.184146	0.535532
0.100000	0.186976	0.541329
0.100000	0.189746	0.543996
0.100000	0.192456	0.542352
0.100000	0.195105	0.536314
0.100000	0.197693	0.525665
0.100000	0.200221	0.509886
0.100000	0.202690	0.488749
0.100000	0.205099	0.462529
0.100000	0.207448	0.431620
0.100000	0.209738	0.398414
0.100000	0.211970	0.365236
0.100000	0.214142	0.329681
0.100000	0.216257	0.285766
0.100000	0.218313	0.226036
0.100000	0.220311	0.144079
0.100000	0.222252	0.100000
0.100000	0.224134	0.100000
0.100000	0.225961	0.100000
0.100000	0.227730	0.100000
0.100000	0.229442	0.100000
0.100000	0.231098	0.100000
0.100000	0.232698	0.100000
0.100000	0.234242	0.100000
0.100000	0.235731	0.100000
0.100000	0.237164	0.100000
0.100000	0.238542	0.100000
0.100000	0.239865	0.100000
0.100000	0.241133	0.100000
0.100000	0.242347	0.100000
0.100000	0.243506	0.100000
0.100000	0.244611	0.100000
0.100000	0.245663	0.100000
0.100000	0.246660	0.100000
0.100000	0.247604	0.100000
0.100000	0.248495	0.100000
0.100000	0.249333	0.100000
0.100000	0.250117	0.100000
0.100000	0.250848	0.100000
0.100000	0.251527	0.100000
0.100000	0.252153	0.100000
0.100000	0.252726	0.100000
0.100000	0.253247	0.100000
0.100000	0.253716	0.100000
0.100000	0.254132	0.100000
0.100000	0.254496	0.100000
0.100000	0.254808	0.100000
0.100000	0.255068	0.100000
0.100000	0.255276	0.100000
0.100000	0.255432	0.100000
0.100000	0.255536	0.100000
0.100000	0.255588	0.100000
0.100000	0.255588	0.100000
0.100000	0.255536	0.100000
0.100000	0.255433	0.439896
0.100000	0.255277	0.443589
0.100000	0.255070	0.445143
0.100000	0.254810	0.444313
0.100000	0.254498	0.442562
0.100000	0.254134	0.442229
0.100000	0.253718	0.443512
0.100000	0.253250	0.446711
0.100000	0.252729	0.449420
0.100000	0.252156	0.449937
0.100000	0.251531	0.448201
0.100000	0.250852	0.441196
0.100000	0.250121	0.426765
0.100000	0.249337	0.406784
0.100000	0.248500	0.381487
0.100000	0.247609	0.350503
0.110604	0.246666	0.313724
0.140255	0.245668	0.264805
0.178866	0.244617	0.191747
0.229218	0.243512	0.100000
0.283799	0.242353	0.100000
0.332509	0.241139	0.100000
0.368928	0.239872	0.100000
0.390016	0.238549	0.100000
0.398965	0.237171	0.100000
0.404143	0.235738	0.100000
0.412901	0.234250	0.100000
0.424244	0.232706	0.100000
0.433835	0.231107	0.100000
0.440067	0.229450	0.100000
0.445103	0.227738	0.100000
0.450007	0.225969	0.100000
0.456249	0.224143	0.100000
0.465219	0.222261	0.100000
0.476103	0.220320	0.100000
0.486867	0.218323	0.100000
0.496655	0.216267	0.100000
0.504765	0.214152	0.100000
0.511710	0.211980	0.100000
0.518391	0.209749	0.100000
0.524817	0.207459	0.100000
0.530889	0.205109	0.100000
0.535623	0.202701	0.100000
0.539616	0.200232	0.100000
0.542850	0.197704	0.100000
0.545175	0.195115	0.100000
0.547445	0.192467	0.100000
0.550245	0.189758	0.100000
0.553317	0.186988	0.100000
0.556040	0.184157	0.100000
0.558650	0.181265	0.100000
0.561249	0.178312	0.100000
0.564184	0.175297	0.100000
0.567328	0.172221	0.100000
0.570207	0.169084	0.100000
0.572897	0.165884	0.100000
0.575420	0.162623	0.100000
0.577351	0.159301	0.100000
0.578413	0.155916	0.100000
0.578875	0.152470	0.100000
0.579447	0.148963	0.100000
0.580876	0.145393	0.100000
0.583186	0.141762	0.100000
0.585562	0.138071	0.100000
0.587655	0.134318	0.100000
0.589595	0.130504	0.100000
0.591647	0.126630	0.100000
0.593820	0.122696	0.100000
0.595743	0.118702	0.100000
0.597379	0.114648	0.100000
0.599232	0.110537	0.100000
0.600940	0.106367	0.100000
0.602291	0.102139	0.100000
0.603156	0.099453	0.100000
0.603484	0.097286	0.100000
0.603759	0.094105	0.100000
0.604212	0.091006	0.100000
0.604148	0.087989	0.100000
0.603772	0.085052	0.100000
0.603584	0.082192	0.100000
0.603892	0.079408	0.100000
0.604966	0.076698	0.100000
0.606767	0.074060	0.100000
0.609003	0.071492	0.100000
0.611418	0.068995	0.100000
0.613565	0.066564	0.100000
0.615082	0.064199	0.100000
0.616108	0.061898	0.100000
0.616781	0.059660	0.100000
0.617418	0.057484	0.100000
0.618069	0.055367	0.100000
0.618448	0.053309	0.100000
0.618812	0.051308	0.100000
0.619426	0.049363	0.100000
0.619970	0.047472	0.100000
0.620361	0.045635	0.100000
0.620889	0.046439	0.100000
0.621785	0.079476	0.100000
0.622890	0.104769	0.100000
0.623777	0.126302	0.100000
0.623828	0.151359	0.100000
0.623406	0.182591	0.100000
0.623491	0.217117	0.100000
0.624046	0.250101	0.100000
0.624563	0.277792	0.100000
0.624819	0.301369	0.100000
0.625023	0.322125	0.100000
0.625127	0.339366	0.100000
0.624894	0.353597	0.100000
0.624038	0.365976	0.100000
0.622423	0.377545	0.100000
0.620174	0.389451	0.218677
0.618330	0.401922	0.334788
0.617355	0.414782	0.404549
0.616925	0.427116	0.447574
0.617873	0.437653	0.472293
0.620215	0.445208	0.482137
0.622631	0.449564	0.478291
0.624254	0.451661	0.461019
0.624975	0.453181	0.428051
0.625282	0.456445	0.372612
0.625400	0.460701	0.280273
0.625297	0.464111	0.113554
0.625109	0.466790	0.100000
0.624699	0.470157	0.100000
0.623919	0.473256	0.100000
0.623303	0.474251	0.100000
0.622570	0.473605	0.100000
0.621873	0.472019	0.100000
0.621516	0.470706	0.100000
0.621080	0.470664	0.100000
0.620224	0.471646	0.100000
0.618708	0.472706	0.100000
0.617045	0.473506	0.100000
0.615838	0.474006	0.100000
0.615040	0.473829	0.100000
0.614610	0.474080	0.100000
0.614370	0.475372	0.100000
0.614171	0.476741	0.100000
0.613584	0.477894	0.100000
0.612838	0.478801	0.100000
0.612206	0.479467	0.121999
0.611978	0.479812	0.158062
0.612519	0.479456	0.201902
0.613391	0.478898	0.251826
0.614053	0.479172	0.295593
0.614305	0.481023	0.330290
0.613735	0.483243	0.356006
0.612781	0.485793	0.377160
0.611943	0.489032	0.397648
0.610772	0.491993	0.415009
0.609581	0.493970	0.428934
0.608352	0.495282	0.443495
0.606655	0.496559	0.460521
0.605009	0.497882	0.479197
0.603878	0.499495	0.499599
0.602947	0.501571	0.519380
0.602197	0.503810	0.537868
0.601350	0.506286	0.554263
0.599930	0.509335	0.567537
0.597896	0.512962	0.577659
0.595715	0.516992	0.584582
0.593655	0.521213	0.588325
0.591902	0.525012	0.588618
0.590198	0.527719	0.585842
0.588904	0.529593	0.581100
0.587432	0.531253	0.574386
0.585625	0.532896	0.565765
0.584199	0.533889	0.556456
0.583580	0.533795	0.547394
0.583852	0.533448	0.540266
0.584346	0.533787	0.536521
0.584187	0.534659	0.536001
0.582996	0.535735	0.537881
0.580709	0.537028	0.540896
0.578224	0.538434	0.544744
0.576440	0.539716	0.549567
0.575565	0.540990	0.554525
0.575673	0.542064	0.558960
0.576539	0.542894	0.563047
0.578024	0.543548	0.566235
0.579783	0.544194	0.567880
0.581389	0.544935	0.568052
0.582650	0.545922	0.567187
0.582978	0.546763	0.566522
0.582316	0.547123	0.566844
0.581724	0.547458	0.567850
0.582216	0.548179	0.568972
0.584059	0.549399	0.569777
0.586429	0.551088	0.570294
0.588569	0.552764	0.570493
0.589780	0.554033	0.570414
0.589738	0.555175	0.569725
0.589181	0.556534	0.568612
0.588766	0.558025	0.568090
0.588430	0.559401	0.567558
0.588336	0.560596	0.567009
0.588461	0.561675	0.566911
0.588105	0.562595	0.566868
0.586910	0.563867	0.566709
0.585552	0.565601	0.566208
0.584731	0.567438	0.565202
0.584654	0.569302	0.563742
0.584774	0.571205	0.562478
0.584358	0.572863	0.562194
0.583858	0.574151	0.563317
0.583609	0.576182	0.564517
0.583511	0.579686	0.564375
0.583571	0.583443	0.563778
0.583990	0.586514	0.563532
0.584945	0.589009	0.563773
0.586217	0.591087	0.564502
0.587611	0.593012	0.565618
0.589073	0.595365	0.566866
0.590262	0.598240	0.567256
0.591067	0.601260	0.565695
0.591458	0.603968	0.561549
0.592200	0.606180	0.555862
0.593671	0.608101	0.550496
0.595461	0.609859	0.546272
0.596724	0.611643	0.543867
0.597136	0.613495	0.543305
0.597343	0.615829	0.544103
0.597651	0.617642	0.545520
0.597826	0.617981	0.546575
0.597830	0.617430	0.547191
0.597769	0.616465	0.547277
0.597868	0.614919	0.546385
0.598124	0.612745	0.544299
0.598397	0.610278	0.541416
0.598585	0.607495	0.538486
0.598785	0.604883	0.536241
0.599294	0.602699	0.535159
0.600342	0.601051	0.534639
0.601190	0.600083	0.534612
0.601668	0.599351	0.534546
0.602205	0.598596	0.532969
0.602439	0.597777	0.530275
0.601960	0.597205	0.527210
0.601199	0.597260	0.524533
0.600666	0.597785	0.522965
0.600606	0.598450	0.521489
0.600426	0.599414	0.521438
0.599481	0.600806	0.524652
0.597695	0.602327	0.530202
0.595980	0.603425	0.536890
0.594496	0.603174	0.543356
0.593123	0.601498	0.548554
0.592050	0.599212	0.552087
0.591773	0.596228	0.553457
0.592082	0.593096	0.552118
0.592512	0.590841	0.547946
0.593256	0.589128	0.541001
0.594410	0.587749	0.531152
0.596102	0.586458	0.518620
0.598486	0.584540	0.503717
0.601217	0.582235	0.486834
0.603848	0.580116	0.468499
0.606222	0.578264	0.448489
0.608260	0.576100	0.421986
0.610165	0.572935	0.384216
0.612225	0.569255	0.335877
0.614396	0.565482	0.275639
0.616073	0.561454	0.198567
0.617283	0.556768	0.100000
0.618587	0.551163	0.100000
0.620368	0.545390	0.100000
0.622593	0.539643	0.100000
0.625156	0.533849	0.100000
0.627940	0.528412	0.100000
0.630664	0.523121	0.100000
0.633078	0.516755	0.100000
0.635275	0.509511	0.100000
0.637157	0.503318	0.100000
0.638696	0.499723	0.100000
0.639692	0.499137	0.100000
0.640136	0.499690	0.100000
0.640280	0.500904	0.100000
0.640213	0.503717	0.100000
0.639951	0.508258	0.100000
0.639952	0.514036	0.100000
0.640665	0.520120	0.100000
0.641983	0.525684	0.100000
0.643541	0.530883	0.100000
0.644837	0.535882	0.100000
0.645848	0.540680	0.100000
0.646768	0.544955	0.100000
0.647702	0.548211	0.100000
0.648935	0.550096	0.100000
0.650691	0.550042	0.100000
0.652816	0.549067	0.100000
0.655285	0.548713	0.100000
0.658204	0.549262	0.100000
0.661485	0.550293	0.100000
0.664893	0.551914	0.100000
0.667875	0.554191	0.100000
0.670023	0.556267	0.100000
0.671457	0.558253	0.100000
0.100000	0.560954	0.100000
0.673459	0.563686	0.100000
0.100000	0.255463	0.100000
0.100000	0.255307	0.100000
0.100000	0.255099	0.100000
0.100000	0.254840	0.100000
0.100000	0.254528	0.100000
0.100000	0.254164	0.100000
0.100000	0.253748	0.100000
0.100000	0.253280	0.100000
0.100000	0.252759	0.100000
0.100000	0.252186	0.100000
0.100000	0.251560	0.100000
0.100000	0.250882	0.100000
0.100000	0.250150	0.100000
0.100000	0.249366	0.100000
0.100000	0.248529	0.100000
0.100000	0.247638	0.100000
0.100000	0.246694	0.100000
0.100000	0.245697	0.100000
0.100000	0.244646	0.100000
0.100000	0.243541	0.100000
0.100000	0.242381	0.100000
0.100000	0.241168	0.100000
0.100000	0.239900	0.100000
0.100000	0.238576	0.100000
0.100000	0.237199	0.100000
0.100000	0.235765	0.100000
0.100000	0.234277	0.100000
0.100000	0.232733	0.100000
0.100000	0.231133	0.100000
0.100000	0.229477	0.100000
0.100000	0.227764	0.100000
0.100000	0.225995	0.100000
0.100000	0.224169	0.100000
0.100000	0.222286	0.100000
0.100000	0.220345	0.100000
0.100000	0.218347	0.100000
0.100000	0.216291	0.100000
0.100000	0.214176	0.100000
0.100000	0.212004	0.100000
0.100000	0.209772	0.100000
0.100000	0.207482	0.100000
0.100000	0.205132	0.100000
0.100000	0.202723	0.100000
0.100000	0.200254	0.100000
0.100000	0.197725	0.100000
0.100000	0.195136	0.100000
0.100000	0.192488	0.100000
0.100000	0.189778	0.100000
0.100000	0.187007	0.100000
0.100000	0.184176	0.100000
0.100000	0.181283	0.100000
0.100000	0.178330	0.100000
0.100000	0.175315	0.100000
0.100000	0.172238	0.100000
0.100000	0.169100	0.100000
0.100000	0.165900	0.100000
0.100000	0.162638	0.100000
0.100000	0.159315	0.100000
0.100000	0.155930	0.100000
0.100000	0.152483	0.100000
0.100000	0.148975	0.100000
0.100000	0.145405	0.100000
0.100000	0.141772	0.100000
0.100000	0.138080	0.100000
0.100000	0.134327	0.100000
0.100000	0.130512	0.100000
0.100000	0.126637	0.100000
0.100000	0.122702	0.100000
0.100000	0.118707	0.100000
0.100000	0.114652	0.100000
0.100000	0.110540	0.100000
0.100000	0.106369	0.100000
0.100000	0.102140	0.100000
0.100000	0.099453	0.100000
0.100000	0.097286	0.100000
0.100000	0.094103	0.100000
0.100000	0.091004	0.100000
0.100000	0.087987	0.100000
0.100000	0.085049	0.100000
0.100000	0.082188	0.100000
0.100000	0.079403	0.100000
0.100000	0.076693	0.100000
0.100000	0.074054	0.100000
0.100000	0.071486	0.100000
0.100000	0.068988	0.100000
0.100000	0.066557	0.100000
0.100000	0.064192	0.100000
0.100000	0.061891	0.100000
0.100000	0.059652	0.100000
0.100000	0.057475	0.100000
0.100000	0.055358	0.100000
0.100000	0.053300	0.100000
0.100000	0.051298	0.100000
0.100000	0.049353	0.100000
0.100000	0.047462	0.100000
0.100000	0.045624	0.100000
0.100000	0.043839	0.100000
0.100000	0.042105	0.100000
0.100000	0.040421	0.100000
0.100000	0.038785	0.100000
0.100000	0.037197	0.100000
0.100000	0.035656	0.100000
0.100000	0.034161	0.100000
0.100000	0.032711	0.100000
0.100000	0.031304	0.100000
0.100000	0.029941	0.100000
0.100000	0.028620	0.100000
0.100000	0.027340	0.100000
0.100000	0.026100	0.100000
0.100000	0.024901	0.100000
0.100000	0.023740	0.100000
0.100000	0.022618	0.100000
0.100000	0.021533	0.100000
0.100000	0.020484	0.100000
0.100000	0.019473	0.100000
0.100000	0.018496	0.100000
0.100000	0.017555	0.100000
0.100000	0.016648	0.100000
0.100000	0.015775	0.100000
0.100000	0.014936	0.100000
0.100000	0.014129	0.100000
0.100000	0.013355	0.100000
0.100000	0.012612	0.100000
0.100000	0.011901	0.100000
0.100000	0.011221	0.100000
0.100000	0.010571	0.100000
0.100000	0.009952	0.100000
0.100000	0.009363	0.100000
0.100000	0.008802	0.100000
0.100000	0.008272	0.100000
0.100000	0.007770	0.100000
0.100000	0.007296	0.100000
0.100000	0.006851	0.100000
0.100000	0.006434	0.100000
0.100000	0.006045	0.100000
0.100000	0.005683	0.100000
0.100000	0.005348	0.100000
0.100000	0.005041	0.100000
0.100000	0.004760	0.100000
0.100000	0.004507	0.100000
0.100000	0.004280	0.100000
0.100000	0.004079	0.100000
0.100000	0.003905	0.100000
0.100000	0.003757	0.100000
0.100000	0.003635	0.100000
0.100000	0.003540	0.100000
0.100000	0.003470	0.100000
0.100000	0.003427	0.100000
0.100000	0.003409	0.100000
0.100000	0.003455	0.100000
0.100000	0.003526	0.100000
0.100000	0.003624	0.100000
0.100000	0.003748	0.100000
0.100000	0.003897	0.100000
0.100000	0.004073	0.100000
0.100000	0.004276	0.100000
0.100000	0.004504	0.100000
0.100000	0.004760	0.100000
0.100000	0.005042	0.162226
0.100000	0.005350	0.282051
0.100000	0.005686	0.357449
0.100000	0.006049	0.405419
0.100000	0.006439	0.434081
0.100000	0.006857	0.448295
0.100000	0.007302	0.450862
0.100000	0.007776	0.442897
0.100000	0.008277	0.426785
0.100000	0.008808	0.405577
0.100000	0.009367	0.380995
0.100000	0.009956	0.354263
0.100000	0.010574	0.328177
0.100000	0.011222	0.309148
0.100000	0.011900	0.304506
0.100000	0.012609	0.310420
0.100000	0.013348	0.318263
0.100000	0.014120	0.325051
0.100000	0.014923	0.332898
0.100000	0.015759	0.341746
0.100000	0.016627	0.345802
0.100000	0.017529	0.342346
0.100000	0.018465	0.335467
0.100000	0.019436	0.330008
0.100000	0.020441	0.328613
0.100000	0.021482	0.331834
0.100000	0.022559	0.339500
0.100000	0.023673	0.351790
0.100000	0.024826	0.366210
0.100000	0.026016	0.377138
0.100000	0.027245	0.384986
0.100000	0.028514	0.392553
0.100000	0.029824	0.398699
0.100000	0.031174	0.402792
0.100000	0.032567	0.408110
0.100000	0.034004	0.415348
0.100000	0.035484	0.424349
0.100000	0.037009	0.433394
0.100000	0.038580	0.440304
0.100000	0.040197	0.446169
0.100000	0.041863	0.452580
0.100000	0.043577	0.459308
0.100000	0.045342	0.466421
0.100000	0.047157	0.474724
0.100000	0.049024	0.484222
0.100000	0.050946	0.493860
0.100000	0.052922	0.502316
0.100000	0.054953	0.508493
0.100000	0.057042	0.513047
0.100000	0.059189	0.516932
0.100000	0.061397	0.521146
0.100000	0.063666	0.524931
0.100000	0.065996	0.527917
0.100000	0.068393	0.529864
0.100000	0.070855	0.531329
0.100000	0.073383	0.533016
0.100000	0.075980	0.534492
0.100000	0.078650	0.534427
0.100000	0.081390	0.532168
0.100000	0.084205	0.528617
0.100000	0.087096	0.525393
0.100000	0.090064	0.522942
0.100000	0.093111	0.521549
0.100000	0.096241	0.522070
0.100000	0.099452	0.524122
0.100000	0.102458	0.527860
0.100000	0.106361	0.532063
0.100000	0.110533	0.535038
0.100000	0.114646	0.537324
0.100000	0.118701	0.539956
0.100000	0.122696	0.542209
0.100000	0.126633	0.544222
0.100000	0.130507	0.546842
0.100000	0.134323	0.549863
0.100000	0.138078	0.552990
0.100000	0.141771	0.555786
0.100000	0.145402	0.557637
0.100000	0.148973	0.558396
0.100000	0.152483	0.558660
0.100000	0.155930	0.559127
0.100000	0.159316	0.560095
0.100000	0.162640	0.561465
0.100000	0.165902	0.562707
0.100000	0.169102	0.563822
0.100000	0.172241	0.565200
0.100000	0.175319	0.567244
0.100000	0.178334	0.570385
0.100000	0.181289	0.574781
0.100000	0.184182	0.579896
0.100000	0.187014	0.585156
0.100000	0.189784	0.590527
0.100000	0.192496	0.594992
0.100000	0.195145	0.597630
0.100000	0.197735	0.598575
0.100000	0.200264	0.597551
0.100000	0.202733	0.594559
0.100000	0.205143	0.589577
0.100000	0.207493	0.583195
0.100000	0.209784	0.576119
0.100000	0.212016	0.568802
0.100000	0.214190	0.561221
0.100000	0.216304	0.552757
0.100000	0.218361	0.543194
0.100000	0.220360	0.532723
0.100000	0.222301	0.521575
0.100000	0.224185	0.509589
0.100000	0.226011	0.495732
0.100000	0.227781	0.478924
0.100000	0.229494	0.459398
0.100000	0.231150	0.436901
0.100000	0.232751	0.411430
0.100000	0.234296	0.382287
0.100000	0.235785	0.348106
0.100000	0.237218	0.306865
0.100000	0.238597	0.254144
0.100000	0.239920	0.174909
0.100000	0.241188	0.100000
0.100000	0.242403	0.100000
0.100000	0.243562	0.100000
0.100000	0.244668	0.100000
0.100000	0.245720	0.100000
0.100000	0.246718	0.100000
0.100000	0.247662	0.100000
0.100000	0.248553	0.212864
0.100000	0.249391	0.319426
0.100000	0.250175	0.390075
0.100000	0.250907	0.435945
0.100000	0.251586	0.464600
0.100000	0.252212	0.480744
0.100000	0.252785	0.487079
0.100000	0.253306	0.486867
0.100000	0.253775	0.482616
0.100000	0.254192	0.473228
0.100000	0.254556	0.458239
0.100000	0.254868	0.439335
0.100000	0.255128	0.418267
0.100000	0.255336	0.397688
0.100000	0.255492	0.383539
0.100000	0.255596	0.381036
0.100000	0.255648	0.386971
0.100000	0.255648	0.100000
0.100000	0.255596	0.417357
0.100000	0.255493	0.575893
0.100000	0.255337	0.579567
0.100000	0.255129	0.582486
0.100000	0.254870	0.584602
0.100000	0.254558	0.586008
0.100000	0.254194	0.586245
0.100000	0.253778	0.584775
0.100000	0.253309	0.581656
0.100000	0.252789	0.577507
0.100000	0.252215	0.573863
0.100000	0.251590	0.571453
0.100000	0.250911	0.569927
0.100000	0.250180	0.568919
0.100000	0.249395	0.568120
0.100000	0.248558	0.567026
0.100000	0.247667	0.565405
0.100000	0.246723	0.563214
0.100000	0.245726	0.560192
0.100000	0.244674	0.556014
0.100000	0.243569	0.550681
0.100000	0.242410	0.544845
0.100000	0.241196	0.539336
0.100000	0.239927	0.534569
0.136627	0.238604	0.529910
0.174704	0.237226	0.524327
0.206528	0.235793	0.516902
0.233020	0.234304	0.508374
0.249932	0.232760	0.499566
0.262287	0.231160	0.490660
0.276645	0.229503	0.481363
0.293165	0.227790	0.471912
0.309825	0.226021	0.462851
0.327034	0.224194	0.452862
0.343158	0.222311	0.441828
0.354560	0.220370	0.428996
0.360322	0.218372	0.412313
0.361193	0.216315	0.390748
0.361817	0.214201	0.366078
0.366697	0.212028	0.338397
0.374369	0.209796	0.309215
0.382608	0.207505	0.280029
0.391801	0.205155	0.254121
0.402587	0.202745	0.238668
0.415672	0.200276	0.230320
0.428867	0.197747	0.213326
0.440012	0.195157	0.186129
0.451210	0.192508	0.163527
0.461362	0.189798	0.150122
0.469935	0.187027	0.147022
0.478428	0.184195	0.154734
0.486836	0.181302	0.166689
0.496279	0.178348	0.177934
0.505877	0.175332	0.189518
0.513870	0.172255	0.195162
0.520418	0.169116	0.190014
0.525977	0.165915	0.173295
0.530393	0.162653	0.151120
0.533365	0.159329	0.128707
0.535486	0.155943	0.101215
0.537134	0.152495	0.100000
0.538728	0.148987	0.100000
0.540780	0.145415	0.100000
0.543360	0.141783	0.100000
0.546434	0.138090	0.100000
0.549993	0.134336	0.100000
0.553791	0.130520	0.100000
0.557493	0.126644	0.100000
0.561494	0.122708	0.100000
0.565573	0.118712	0.100000
0.568952	0.114656	0.100000
0.571699	0.110543	0.100000
0.573681	0.106371	0.100000
0.575218	0.102141	0.100000
0.576711	0.099453	0.100000
0.578384	0.097286	0.100000
0.580386	0.094102	0.100000
0.582014	0.091002	0.100000
0.582507	0.087984	0.100000
0.581825	0.085045	0.100000
0.581109	0.082184	0.100000
0.580945	0.079399	0.100000
0.581978	0.076688	0.100000
0.584021	0.074049	0.100000
0.585970	0.071480	0.100000
0.588423	0.068982	0.100000
0.590824	0.066550	0.100000
0.592299	0.064184	0.100000
0.593246	0.061883	0.100000
0.593969	0.059644	0.100000
0.594696	0.057467	0.100000
0.595994	0.055349	0.100000
0.598161	0.053290	0.100000
0.600932	0.051288	0.100000
0.603659	0.049343	0.100000
0.605586	0.047452	0.100000
0.606708	0.045614	0.100000
0.607556	0.069686	0.139442
0.608854	0.105533	0.217971
0.610614	0.147548	0.282892
0.612285	0.186780	0.334476
0.614056	0.217034	0.373406
0.615922	0.238798	0.400408
0.617341	0.253971	0.416869
0.618301	0.262405	0.421589
0.619245	0.264147	0.412437
0.620415	0.260372	0.387953
0.621777	0.252557	0.346337
0.623276	0.243121	0.290936
0.624206	0.235695	0.223835
0.624459	0.236169	0.133469
0.624573	0.243390	0.100000
0.624570	0.252723	0.100000
0.624381	0.259168	0.100000
0.623996	0.260521	0.100000
0.623548	0.263748	0.100000
0.623563	0.270669	0.100000
0.623745	0.276578	0.100000
0.624072	0.284311	0.100000
0.624607	0.295090	0.100000
0.625232	0.305607	0.100000
0.626026	0.316255	0.100000
0.626984	0.326244	0.100000
0.628092	0.333325	0.100000
0.629073	0.336961	0.100000
