0.000579
-0.012050
-0.012971
-0.015061
-0.011779
-0.015021
-0.018996
0.000888
-0.009961
-0.030343
-0.016949
-0.011583
-0.030619
-0.031737
-0.032168
-0.024447
-0.036107
-0.036593
-0.050653
-0.032736
-0.043902
-0.050934
-0.029657
-0.031156
-0.044181
-0.025597
-0.036560
-0.037491
-0.038118
-0.018846
-0.032216
-0.013324
-0.012896
-0.010581
-0.002164
-0.010111
-0.008920
0.007376
0.002549
-0.009961
-0.009420
-0.008918
-0.008531
0.001506
-0.021046
-0.027419
-0.006679
-0.011623
0.004171
-0.031318
-0.030585
-0.010040
-0.024716
-0.026408
-0.030120
-0.004325
-0.004826
-0.009692
-0.001004
-0.008377
-0.020039
0.000888
0.000270
-0.000541
-0.008262
-0.013322
-0.022004
-0.000695
-0.004440
-0.021235
-0.012086
-0.019729
0.002433
-0.020159
-0.009656
-0.019075
-0.021355
-0.019884
-0.004210
-0.027384
-0.005792
-0.010736
-0.014176
-0.007492
0.009385
-0.001931
-0.008418
0.015559
-0.013900
-0.010427
-0.009035
-0.004285
-0.015679
-0.032273
0.003476
-0.004634
-0.003243
0.000154
0.007877
0.013124
0.012626
0.011082
0.037033
0.038920
0.040036
0.042662
0.039924
0.035176
0.013357
0.014521
-0.010895
-0.013711
-0.030122
-0.047974
-0.039072
-0.058025
-0.054581
-0.030435
-0.026956
-0.026333
-0.023869
-0.043253
-0.036950
-0.019804
-0.019574
-0.009885
-0.004789
-0.006642
-0.013206
-0.004441
0.000193
0.003282
0.014129
0.002626
-0.001776
-0.019152
0.001313
-0.010737
-0.000039
0.000888
0.000734
0.005058
-0.009190
-0.007872
0.007220
-0.016834
-0.019849
0.019073
0.004634
0.024356
0.012431
0.018685
0.025640
0.027759
0.027035
0.053821
0.057883
0.055679
0.067910
0.055799
0.060740
0.017880
0.008920
-0.022127
-0.046921
-0.033947
-0.019920
-0.020805
-0.023670
-0.047021
-0.032287
-0.011433
-0.004979
0.004941
-0.012626
-0.016959
-0.005946
0.007452
-0.005328
-0.021476
-0.009691
-0.021507
-0.023090
-0.007067
-0.004518
-0.007104
0.001352
-0.009113
0.004092
-0.017497
-0.004635
0.009656
-0.020772
-0.006449
-0.016334
-0.011623
-0.002432
-0.000618
-0.002047
-0.015212
0.002471
0.002896
-0.012047
-0.010349
-0.019537
-0.000965
-0.004825
-0.017683
-0.016057
-0.028143
-0.009961
-0.002702
-0.011699
0.001004
-0.005598
-0.005638
-0.007954
-0.011194
-0.008765
-0.000154
-0.010118
-0.002394
-0.016061
-0.009964
-0.014329
-0.006217
0.001699
-0.001892
-0.031388
-0.006409
-0.007262
-0.003823
-0.026417
-0.010155
-0.007414
-0.020212
-0.010851
-0.009419
-0.039272
0.000463
-0.011084
-0.001776
-0.008996
0.002317
0.004557
0.004558
-0.011968
-0.011312
-0.015293
-0.017682
-0.010629
-0.028763
-0.032470
-0.035248
-0.022621
-0.044983
-0.030040
-0.036771
-0.036142
-0.035445
-0.010931
-0.026561
-0.020056
-0.042226
-0.043437
-0.032089
-0.016057
-0.031204
-0.020426
-0.039468
-0.049892
-0.025061
-0.030588
-0.037146
-0.028120
-0.026149
-0.022816
-0.028959
-0.009803
-0.007337
0.006795
0.011777
0.037505
0.032275
0.027534
0.009886
0.010040
0.011509
-0.012739
-0.013549
-0.016253
-0.028342
-0.022162
-0.046390
-0.020623
-0.021318
-0.009075
-0.001776
-0.007683
0.005290
0.005058
0.003745
0.004825
0.005559
-0.001815
-0.003744
0.009464
0.003861
-0.019148
-0.019384
-0.016836
-0.035131
0.003167
-0.014787
-0.015100
-0.017457
-0.015755
-0.031386
-0.023740
-0.039342
-0.043796
-0.048805
-0.047948
-0.045571
-0.041003
-0.034984
-0.035257
-0.027223
-0.028340
-0.032008
-0.045820
-0.030255
-0.034065
-0.043910
-0.037991
-0.032738
-0.025677
-0.046840
-0.040709
-0.010966
-0.004787
-0.001776
-0.004982
-0.011508
-0.015100
-0.020313
-0.019121
-0.007685
-0.007373
-0.017720
-0.007337
-0.022090
-0.014715
-0.011080
-0.014365
-0.032947
0.007335
-0.014829
-0.017994
-0.009344
-0.012124
-0.012505
-0.021627
-0.020855
-0.020546
-0.013281
-0.010774
-0.002394
-0.009230
-0.014057
-0.020004
-0.023678
-0.009769
-0.008921
-0.002278
-0.010464
-0.024092
-0.022439
-0.019925
-0.010930
-0.006798
-0.011817
-0.019926
-0.014481
-0.013706
0.002973
-0.009231
-0.015713
-0.007376
0.000579
-0.001390
0.002124
0.003977
-0.001467
-0.007255
-0.015331
-0.008609
-0.002317
-0.010117
-0.007066
0.013554
0.019615
0.022783
0.038927
0.036913
0.034102
0.034708
0.048497
0.069593
0.052237
0.061192
0.043705
0.050978
0.016217
-0.012316
-0.024401
-0.040230
-0.056601
-0.087794
-0.087975
-0.081913
-0.082588
-0.074344
-0.075163
-0.051741
-0.034337
-0.022861
-0.007876
0.011546
0.011043
0.014633
0.030192
0.025600
0.008688
0.024249
-0.005099
0.008960
-0.011353
-0.013708
-0.009458
-0.010502
-0.014676
-0.014080
0.002393
-0.001892
-0.011003
0.004711
-0.002858
-0.004941
-0.011466
-0.005792
0.008725
0.014364
0.032582
0.031509
0.027725
0.054332
0.059231
0.060006
0.049123
0.059377
0.045323
0.040200
0.035399
-0.008377
-0.021123
-0.036423
-0.052051
-0.053744
-0.056678
-0.052769
-0.043942
-0.025366
-0.012277
-0.014946
0.020315
-0.013936
0.017758
-0.011702
-0.015140
-0.009541
-0.001892
-0.001544
-0.000695
0.006216
0.008726
0.003358
-0.014290
-0.028106
-0.015638
-0.031473
-0.012510
-0.024455
-0.004171
-0.005406
-0.010929
-0.011815
-0.012900
-0.021821
-0.008617
-0.023554
-0.012047
-0.000232
-0.014404
-0.009847
-0.010544
-0.021622
0.000888
0.004941
0.013164
0.008458
0.002085
-0.004479
-0.037847
-0.005714
0.006566
-0.003359
-0.006257
-0.000463
-0.012398
0.004286
-0.005984
-0.007029
-0.027066
-0.025052
-0.022360
-0.005791
-0.018154
-0.007570
-0.017135
-0.029002
-0.004093
-0.011583
-0.012626
-0.009964
-0.014522
-0.007065
-0.006564
-0.006527
-0.007838
-0.004249
-0.006873
-0.003437
0.014329
-0.018654
0.000270
-0.003551
-0.019573
-0.021973
-0.015333
-0.037836
-0.024402
-0.024366
-0.026295
-0.041241
-0.029111
-0.038424
-0.038342
-0.051984
-0.020702
-0.022129
-0.030662
-0.028141
-0.043251
-0.028888
-0.047413
-0.049191
-0.048538
-0.016605
-0.050916
-0.033175
-0.032388
-0.057148
-0.033364
-0.032628
-0.016026
-0.010039
-0.015864
-0.009231
0.015678
0.019848
0.025242
0.022276
0.006062
-0.001429
-0.010930
-0.040581
-0.037878
-0.035651
-0.012854
-0.016682
-0.016399
-0.020272
-0.001428
0.001081
-0.014325
-0.011588
0.006797
-0.003860
-0.006139
-0.007953
-0.009539
-0.008223
-0.015447
-0.006217
-0.010890
-0.012049
-0.012899
-0.008999
-0.017371
-0.029155
-0.016294
-0.029229
-0.019768
-0.043816
-0.049309
-0.051244
-0.034441
-0.030546
-0.041504
-0.038956
-0.031383
-0.032940
-0.020736
-0.024681
-0.033519
-0.016257
-0.050896
-0.045161
-0.043862
-0.033828
-0.033359
-0.052830
-0.057814
-0.055921
-0.031543
-0.030201
-0.044435
-0.015212
-0.030586
-0.022168
-0.004634
-0.009809
-0.013825
-0.017684
-0.012126
-0.013826
-0.011430
-0.008456
-0.010386
-0.007104
-0.018839
-0.017110
-0.024252
0.007258
-0.007492
-0.003321
-0.025837
-0.007954
-0.018611
-0.017145
-0.014591
-0.010772
-0.016455
-0.011007
-0.009307
-0.010695
-0.021618
-0.023209
-0.021073
-0.010347
-0.016292
-0.022315
-0.000734
-0.006638
-0.003512
-0.010969
-0.031589
-0.028540
-0.023666
-0.008649
-0.004440
-0.022894
-0.013976
0.009074
-0.010388
-0.011820
-0.013320
-0.008649
-0.022282
-0.026868
-0.010156
-0.008804
-0.014480
-0.000232
-0.013052
-0.018879
0.017109
0.040341
0.023362
0.041512
0.039504
0.047514
0.040390
0.034454
0.037146
0.042319
0.046156
0.034555
0.025868
0.028618
0.038799
0.050423
0.021820
0.020274
0.010845
-0.007646
-0.008107
-0.042335
-0.065010
-0.067724
-0.080144
-0.062098
-0.078568
-0.061671
-0.078273
-0.057732
-0.044973
-0.025690
-0.009155
0.010080
-0.000309
0.004980
0.027647
0.027960
0.027649
0.004788
0.008186
0.013167
0.001081
0.004633
-0.012201
0.001853
-0.003745
-0.012475
0.006873
-0.022516
-0.021123
-0.018800
-0.012510
0.000232
0.010078
-0.003746
0.014051
0.015137
0.015879
0.020692
0.038608
0.074012
0.059472
0.063631
0.035680
0.030545
0.025022
0.037001
-0.000888
-0.001120
-0.016372
-0.042437
-0.054490
-0.046985
-0.047448
-0.027036
-0.017842
-0.010927
0.013905
0.014710
0.009773
0.015407
0.006063
-0.003939
-0.014016
-0.026726
-0.008107
-0.017723
-0.003669
0.002162
-0.016026
-0.003398
-0.013359
-0.011935
-0.007297
-0.014053
-0.005289
-0.003476
-0.007027
-0.025992
-0.013511
-0.000232
-0.002471
0.010581
-0.009614
-0.009806
-0.000733
-0.013474
-0.005831
-0.018802
-0.004789
-0.017879
0.003977
-0.006254
-0.004402
-0.007915
-0.012817
-0.009767
0.001931
-0.003900
-0.010694
-0.002278
-0.012628
-0.023746
-0.016608
-0.020190
-0.016918
-0.001505
-0.003243
-0.009697
-0.000193
-0.013632
-0.012625
-0.015097
-0.014094
-0.011780
0.000541
-0.019767
0.008109
0.003127
-0.014597
-0.017484
-0.018301
-0.014248
0.005521
-0.005288
-0.001043
-0.005402
-0.009616
-0.009922
-0.019271
-0.032740
-0.025831
-0.041546
-0.029614
-0.008263
-0.010620
-0.013975
-0.037177
-0.036916
-0.037377
-0.038529
-0.043207
-0.025599
-0.033926
-0.014135
-0.027495
-0.028381
-0.029666
-0.053617
-0.052984
-0.049769
-0.029653
-0.034865
-0.036444
-0.037878
-0.031669
0.008573
-0.015290
-0.009689
0.014706
-0.003166
0.004980
0.013670
0.015259
0.020655
0.019307
-0.002084
-0.003861
0.015020
-0.026022
-0.025863
-0.027877
-0.015758
-0.027871
-0.011469
-0.003476
-0.016482
-0.013090
0.000695
-0.014478
-0.005482
0.007142
-0.010461
0.007260
0.006139
0.008147
0.006989
-0.009344
-0.000232
-0.009576
-0.020196
-0.003552
-0.031960
-0.024096
-0.026252
-0.025488
-0.038887
-0.046221
-0.046533
-0.045192
-0.022997
-0.043095
-0.044055
-0.028260
-0.019536
-0.041940
-0.041674
-0.036091
-0.031507
-0.041277
-0.037064
-0.037899
-0.038188
-0.034444
-0.042281
-0.027882
-0.012975
-0.015332
-0.022671
-0.027526
-0.018766
-0.009150
-0.039653
-0.037224
-0.031950
-0.034370
-0.030731
-0.029647
-0.021123
-0.034979
-0.007376
-0.014792
-0.007877
-0.000309
-0.014167
-0.009188
-0.025153
0.003705
-0.010156
-0.017297
-0.021504
-0.021391
-0.019074
-0.002780
0.000734
0.002779
0.000232
-0.011699
-0.018531
-0.016450
-0.017720
0.003705
-0.006681
-0.006873
-0.008881
-0.012933
-0.018374
-0.003013
-0.001892
0.017917
-0.017146
-0.017449
-0.017532
-0.003900
-0.007608
-0.010386
0.001428
-0.029770
-0.027724
-0.025752
-0.028752
-0.012900
-0.000734
-0.014058
-0.011740
-0.007299
-0.000579
0.005792
0.026638
0.000193
0.033484
0.038022
0.038694
0.040767
0.052363
0.028032
0.038325
0.031160
0.037528
0.042853
0.036871
0.047847
0.058104
0.042751
0.039244
-0.022691
-0.023981
-0.022782
-0.023823
-0.036383
-0.068789
-0.072347
-0.071938
-0.075325
-0.093557
-0.088640
-0.050856
-0.046110
-0.015218
-0.014554
0.015519
0.024592
0.033212
0.020152
0.015021
0.004479
-0.000270
-0.004324
-0.009186
0.018070
-0.008768
-0.002432
-0.003514
0.002587
-0.005135
0.001158
-0.005562
-0.008728
-0.000695
-0.023516
-0.000039
0.005985
0.010890
-0.004249
0.001043
0.009576
0.000772
0.026177
0.030193
0.028270
0.056832
0.051775
0.050092
0.063392
0.022439
0.025366
0.024243
-0.018645
-0.040229
-0.024174
-0.055302
-0.056410
-0.062731
-0.051093
-0.045251
-0.046738
-0.012936
-0.015680
-0.014983
-0.013781
-0.012281
-0.002974
0.016218
-0.012274
-0.026219
-0.004826
0.002587
0.007878
-0.015328
-0.032083
-0.002664
-0.027184
-0.007414
-0.015058
-0.020162
-0.036994
-0.002394
-0.005753
0.004092
-0.026262
-0.013205
-0.032432
-0.033757
-0.004014
-0.009656
-0.012129
-0.021663
0.007182
-0.029763
-0.001969
0.003630
-0.022819
-0.021352
-0.020187
-0.020732
-0.022323
-0.008803
-0.023323
-0.000077
-0.008997
0.001815
-0.006796
0.001506
-0.001622
-0.010504
-0.008417
-0.002626
-0.008379
-0.010002
-0.008881
0.006373
-0.003207
-0.018994
-0.032482
-0.018148
-0.007336
0.003089
-0.003823
-0.015911
0.005639
-0.010966
0.005484
0.005136
0.002587
0.019731
-0.011966
-0.000850
0.042550
0.029121
-0.006292
-0.001930
-0.017336
-0.030193
-0.045415
-0.047607
-0.048038
-0.047069
-0.048852
-0.034088
-0.050786
-0.045838
-0.035547
-0.040780
-0.021195
-0.036521
-0.037878
-0.010968
-0.010197
-0.023477
-0.036720
-0.039618
-0.043632
-0.032586
-0.032203
-0.029106
-0.018147
-0.019954
-0.016027
-0.017916
0.007685
0.003861
-0.000425
-0.004478
0.011698
0.016413
0.020732
0.003013
0.017107
-0.010656
0.010502
-0.007144
-0.028767
-0.020657
-0.038722
-0.027106
-0.013746
-0.014285
0.002587
0.002471
-0.003592
0.002240
0.011546
0.007650
0.003899
0.006799
0.011002
-0.001969
-0.007646
-0.008381
-0.008032
0.017797
-0.023207
-0.024866
-0.022318
-0.022586
-0.019774
-0.014053
-0.014284
-0.042470
-0.028140
-0.044830
-0.029972
-0.050158
-0.054838
-0.045334
-0.050513
-0.051530
-0.053397
-0.051269
-0.053762
-0.070846
-0.064320
-0.057146
-0.059160
-0.067591
-0.049895
-0.055403
-0.034752
-0.030653
-0.018305
-0.014519
-0.008341
-0.031086
-0.005716
-0.013981
0.004981
-0.018381
-0.005368
-0.024484
-0.009382
-0.011622
0.005212
-0.007491
-0.017956
-0.006910
-0.004171
0.002510
-0.006372
-0.008957
-0.012045
-0.023318
-0.019951
-0.013322
0.004403
-0.016526
-0.015604
-0.006411
0.001776
-0.012664
-0.031005
0.006874
-0.006795
-0.034107
-0.018882
-0.011272
-0.012555
-0.012741
-0.018834
-0.023479
-0.007181
-0.017068
-0.006987
0.002316
-0.020622
-0.015868
-0.019770
-0.017648
-0.005675
0.003514
-0.000116
-0.005947
-0.020460
-0.005640
-0.010540
-0.019728
-0.013825
-0.002317
-0.007376
-0.027457
-0.006488
-0.009845
-0.004518
0.022086
0.023438
0.024055
0.022781
0.012595
0.010968
0.046172
0.055485
0.039185
0.042745
0.057342
0.063176
0.064475
0.039920
0.039698
0.038881
0.033822
0.016565
0.011119
-0.030701
-0.039743
-0.095682
-0.113391
-0.121290
-0.124784
-0.119254
-0.096062
-0.092432
-0.056541
-0.043942
0.002896
0.037920
0.047576
0.054644
0.039128
0.007917
0.004017
-0.000927
0.001429
-0.024951
-0.045522
-0.019468
-0.030034
-0.053146
-0.023985
-0.015602
-0.053412
-0.004055
0.007875
-0.010669
-0.006635
-0.009534
0.001197
0.036382
0.023896
0.042328
0.052324
0.057132
0.076980
0.075458
0.077297
0.087658
0.081161
0.007029
0.008492
0.005058
-0.027570
-0.034021
-0.036415
-0.065390
-0.061627
-0.075484
-0.057342
-0.064211
-0.041696
-0.036589
-0.016024
0.008650
0.010193
0.016987
0.002240
0.000077
-0.003900
-0.020697
-0.003283
-0.021702
-0.009846
-0.011274
-0.003822
-0.009033
-0.013359
0.006990
0.011429
0.011159
-0.002239
-0.007761
0.011158
0.002471
-0.012129
-0.018969
-0.023126
0.000348
-0.036988
-0.020770
-0.033012
-0.010230
-0.009774
-0.005290
-0.008651
-0.004365
-0.005829
-0.014518
0.012279
-0.006680
-0.008799
-0.017149
-0.010463
-0.021078
-0.010966
-0.023281
-0.027108
-0.028730
-0.015139
-0.010691
0.006179
-0.016681
-0.002356
0.000425
-0.002819
-0.014983
-0.007837
0.002046
-0.013090
-0.011774
-0.012084
-0.011541
-0.009930
0.001274
0.003630
0.002781
-0.008575
-0.001043
-0.011506
0.004518
0.000309
0.012395
-0.012197
-0.029812
-0.023363
-0.015599
-0.011892
-0.018727
-0.004480
-0.016607
-0.007026
-0.033512
-0.043791
-0.019109
-0.044846
-0.043671
-0.048576
-0.040625
-0.039765
-0.038574
-0.041692
-0.047267
-0.043135
-0.052317
-0.037335
-0.046647
-0.031548
-0.036612
-0.045721
-0.054797
-0.040268
-0.027105
-0.038191
-0.014669
-0.007029
0.032049
0.032782
0.042082
0.035368
0.040076
0.040346
0.030509
0.010576
-0.002780
-0.033244
-0.037414
-0.051504
-0.029317
-0.023946
-0.029850
-0.011237
-0.004210
0.014131
0.009463
0.007837
0.012892
0.003514
-0.001120
0.004363
-0.013242
-0.023785
-0.014098
-0.004905
-0.025260
-0.020813
-0.002510
-0.022085
-0.021239
-0.020197
-0.022938
-0.019072
-0.037030
-0.037034
-0.035288
-0.034827
-0.037455
-0.039850
-0.039800
-0.030593
-0.032525
-0.043050
-0.048989
-0.055513
-0.044832
-0.045404
-0.037493
-0.061320
-0.031206
-0.036639
-0.029346
-0.043018
-0.036117
-0.028224
-0.047844
-0.036383
-0.035142
-0.037146
-0.043594
-0.033358
-0.033327
-0.046261
-0.022161
-0.018961
0.005290
-0.003899
0.002549
-0.008261
-0.008647
-0.002239
-0.015670
-0.013054
-0.004750
-0.009692
-0.011581
-0.010000
-0.020467
-0.020461
-0.018536
0.019734
-0.011780
-0.015062
0.007643
-0.013553
-0.014551
-0.004248
0.004596
-0.015248
-0.007105
-0.007568
-0.003900
-0.002085
-0.009538
-0.006525
-0.008261
-0.027641
-0.022356
-0.018725
-0.003707
-0.010000
-0.016142
0.001584
-0.023905
-0.006873
-0.037726
-0.036292
-0.033555
-0.014552
-0.016368
-0.026878
-0.006448
-0.006063
-0.003476
-0.005059
-0.007723
0.000965
0.012782
0.013674
0.048886
0.055614
0.065105
0.043013
0.045873
0.029229
0.039732
0.034795
0.057615
0.047418
0.044706
0.047837
0.037600
0.051638
-0.006332
-0.006177
-0.003205
-0.019385
-0.052469
-0.058096
-0.086423
-0.077593
-0.076371
-0.085698
-0.081326
-0.062760
-0.050337
-0.029892
0.013557
0.014287
0.019115
0.015216
0.024101
0.024636
0.015792
-0.020385
-0.009576
0.010545
-0.011970
0.012818
-0.006523
-0.003398
0.006372
0.011314
0.016020
0.014633
-0.000232
0.015597
-0.016645
0.015832
0.005869
0.006912
0.005637
0.017223
0.031746
0.030075
0.048588
0.048152
0.045178
0.025980
0.044293
0.032397
0.001544
0.000579
-0.031859
-0.024410
-0.039691
-0.032359
-0.045106
-0.031153
-0.008187
-0.011815
-0.016842
-0.010693
-0.010543
0.021506
0.010193
0.002356
-0.022395
0.000348
-0.010426
-0.008224
-0.008147
-0.019464
0.000000
-0.001776
-0.004981
0.001736
-0.019996
-0.019344
-0.005097
-0.029688
-0.019460
-0.012391
-0.016722
-0.009652
0.003552
-0.014737
-0.005597
-0.011393
-0.002394
-0.005872
0.001854
-0.005097
-0.002046
-0.011079
-0.008494
-0.007800
-0.016133
-0.015751
-0.010079
0.002162
-0.007104
-0.022934
-0.022477
-0.015598
-0.013709
-0.006682
-0.024294
-0.018963
-0.012779
-0.009151
-0.029928
-0.010347
-0.029077
-0.008266
-0.014051
-0.006642
-0.009346
-0.004710
-0.009770
-0.009380
-0.005254
-0.033202
-0.037125
-0.037311
-0.001081
-0.002317
-0.003629
0.005213
-0.004671
-0.004093
-0.004132
0.000618
-0.014439
-0.037809
-0.044316
-0.023548
-0.023243
-0.016291
-0.011274
-0.027882
-0.039234
-0.028656
-0.035061
-0.033984
-0.048102
-0.030264
-0.046922
-0.046642
-0.049960
-0.031364
-0.034526
-0.031592
-0.044532
-0.030820
-0.055760
-0.051980
-0.049900
-0.069528
-0.049795
-0.048346
-0.037071
-0.001660
0.013750
0.019964
0.014900
0.019269
0.020544
0.007451
0.012354
0.010658
-0.025218
-0.029583
-0.036531
-0.014555
-0.010347
-0.021938
-0.015557
-0.018225
-0.018457
0.009226
-0.002548
0.004016
0.016949
0.009462
-0.025794
-0.024175
-0.020851
0.008534
-0.034407
-0.016256
-0.025100
-0.019450
0.007374
0.004905
-0.005753
-0.018226
-0.008959
-0.036297
-0.026839
-0.022550
-0.021932
-0.036692
-0.028495
-0.024327
-0.021198
-0.027758
-0.023155
-0.025022
-0.018188
-0.039000
-0.033257
-0.033330
-0.052436
-0.051877
-0.052730
-0.060505
-0.046361
-0.039493
-0.065299
-0.054011
-0.048034
-0.051511
-0.039690
-0.015795
-0.011389
-0.012937
0.008150
0.004866
-0.000502
0.009927
-0.015794
-0.013705
-0.007801
-0.012666
0.007104
-0.008225
0.003205
-0.009307
-0.014901
-0.016911
-0.010963
-0.016064
-0.021047
-0.018805
-0.009538
-0.019036
-0.004866
-0.027109
-0.013127
-0.014788
-0.002664
-0.020463
-0.017882
0.006911
-0.001660
-0.005637
-0.005098
-0.028114
-0.013242
-0.014840
-0.000772
-0.019118
-0.025061
-0.008108
-0.001545
-0.014321
-0.014946
-0.007837
-0.015834
-0.012697
-0.010428
-0.012203
0.007414
-0.001390
-0.008648
0.009071
-0.014948
-0.022746
-0.002779
-0.018068
-0.014520
-0.018267
-0.011080
-0.006912
-0.003669
-0.011893
-0.016142
0.027886
0.022591
0.028799
0.056965
0.042962
0.012973
0.036325
0.040739
0.028842
0.045557
0.044595
0.045933
0.048458
0.052508
0.060458
0.052124
0.052284
0.025409
-0.007299
-0.027562
-0.040161
-0.033273
-0.063208
-0.070129
-0.082767
-0.088570
-0.090367
-0.074741
-0.064489
-0.049693
-0.003747
-0.001776
0.000579
0.001236
0.022046
0.031972
0.040385
0.008611
0.001815
0.005482
-0.009036
0.002471
-0.007067
-0.005599
0.016179
0.016563
0.014670
0.027491
0.021039
0.002047
-0.014092
0.006680
0.002703
-0.018345
0.025530
0.031356
0.029850
0.038034
0.039542
0.038611
0.040846
0.043906
0.034640
0.031537
-0.006449
-0.014946
-0.032090
-0.048263
-0.040856
-0.042989
-0.035953
-0.043744
-0.019300
-0.028879
-0.038224
-0.006334
0.004286
-0.005755
-0.010120
-0.008225
-0.006370
-0.020504
-0.022278
-0.000927
-0.014513
-0.011043
-0.018072
-0.011081
-0.006255
-0.011044
-0.004132
0.001699
-0.007764
-0.009689
0.008145
-0.008803
-0.008302
-0.022936
-0.012820
-0.013318
-0.016949
-0.019036
-0.020428
0.000039
-0.008764
-0.010930
0.003977
-0.019635
-0.017532
-0.017609
-0.017835
0.003244
-0.005714
0.000309
-0.031400
-0.003206
-0.011315
-0.004824
-0.022244
-0.018611
0.003244
0.002047
0.001815
0.002895
-0.028262
-0.005482
-0.009033
-0.012164
-0.021241
-0.027834
-0.014013
-0.010421
-0.024331
-0.013244
-0.001506
-0.011740
-0.007957
-0.002702
-0.015249
-0.004209
-0.003629
-0.010617
-0.016444
0.004750
-0.013436
0.030547
0.020849
-0.015642
-0.001351
-0.039629
-0.039957
-0.048041
-0.055135
-0.060379
-0.054214
-0.050161
-0.046741
-0.028773
-0.035097
-0.045421
-0.049129
-0.049551
-0.041006
-0.047179
-0.043293
-0.040237
-0.052273
-0.052994
-0.036723
-0.046680
-0.044486
-0.047559
-0.019959
-0.037308
-0.026489
0.008534
0.016138
0.051540
0.049618
0.045862
0.041556
0.013744
0.028191
-0.007415
-0.003938
-0.028420
-0.029468
-0.042317
-0.040243
-0.036936
-0.013859
0.003127
0.000463
-0.002008
0.019111
-0.004787
0.012321
0.012740
0.006872
-0.011547
0.000309
-0.000232
-0.012508
-0.006950
-0.019460
-0.000579
-0.000540
-0.004247
0.004247
-0.021392
-0.010272
-0.018572
-0.045825
-0.038189
-0.024754
-0.040976
-0.030695
-0.036063
-0.053137
-0.053831
-0.049769
-0.038839
-0.049513
-0.048461
-0.046797
-0.039183
-0.033133
-0.060610
-0.037181
-0.024531
-0.055147
-0.063712
-0.061106
-0.047867
-0.046738
-0.041114
-0.028760
-0.010036
-0.011469
-0.009307
0.014555
0.009075
-0.017893
0.010658
-0.021198
-0.003321
0.004866
-0.021088
-0.012589
-0.005560
-0.012661
0.000000
-0.010119
-0.001970
-0.015017
-0.013743
-0.008958
-0.006371
-0.017609
-0.007839
-0.028887
-0.014480
-0.015907
0.001815
-0.003745
-0.009766
-0.034050
-0.028804
-0.014751
-0.016371
-0.020154
-0.015752
-0.017375
-0.014017
-0.014712
-0.028493
-0.025327
-0.007105
0.005330
-0.009382
0.000077
-0.007258
0.002626
0.000888
-0.008918
-0.019346
-0.020002
0.004169
-0.005213
-0.031165
-0.005677
-0.029086
0.001815
0.006914
0.012164
-0.000888
0.030380
0.024749
0.017910
0.024629
0.026526
0.041777
0.042701
0.035419
0.022241
0.033204
0.035761
0.055401
0.047371
0.063087
0.061780
0.061582
0.053172
0.046674
0.036441
0.013012
-0.012316
-0.044323
-0.061678
-0.066044
-0.077910
-0.082127
-0.081358
-0.086210
-0.066208
-0.068469
-0.046071
-0.039154
-0.015022
0.014442
0.033823
0.032897
0.034402
0.035291
-0.002472
0.012820
0.006215
0.000695
0.000927
-0.004247
0.003322
0.012508
-0.005638
-0.000965
0.038325
0.010037
0.005752
0.005870
-0.002742
0.016872
0.015365
-0.008692
0.006835
0.026948
0.025638
0.029196
0.050886
0.024249
0.055595
0.026269
0.023396
0.011391
-0.007183
-0.023751
-0.045637
-0.036917
-0.036224
-0.055547
-0.045294
-0.027797
-0.034889
-0.001390
-0.005367
-0.001893
-0.001120
-0.005756
0.009112
0.009806
-0.002703
0.000077
0.005676
-0.016217
-0.017757
-0.018684
-0.016220
0.003051
-0.003245
-0.007799
-0.011123
-0.013283
-0.008225
-0.015446
-0.011045
-0.025411
-0.009537
0.000927
-0.030735
-0.000463
-0.010579
-0.015721
-0.011199
-0.019310
-0.017492
-0.018572
-0.004286
-0.001391
0.005482
-0.027334
-0.024679
0.001661
-0.010118
-0.003785
-0.006641
-0.003475
-0.008188
-0.027385
-0.037218
-0.044526
-0.017228
-0.011969
-0.015912
-0.000695
-0.008222
-0.001931
-0.010045
-0.015760
-0.006796
-0.016759
-0.021469
-0.023326
-0.016749
-0.013595
-0.007724
-0.005713
-0.016871
-0.001815
-0.020539
-0.030501
-0.010080
-0.018847
-0.005677
-0.007341
-0.024211
0.019454
0.015875
0.007258
0.012859
-0.002008
-0.003167
-0.009886
-0.023557
-0.033137
-0.035209
-0.041160
-0.045647
-0.040653
-0.042898
-0.037222
-0.035751
-0.039512
-0.073210
-0.052408
-0.034747
-0.049586
-0.042480
-0.045533
-0.050296
-0.051742
-0.046617
-0.044330
-0.064657
-0.049117
-0.052713
-0.024474
-0.028571
-0.007724
0.014444
0.030162
0.035102
0.038572
0.040306
0.009382
-0.005019
-0.007220
-0.027377
-0.026372
-0.032192
-0.026218
-0.020861
-0.028416
-0.028297
-0.009344
0.001120
-0.000039
-0.009308
0.005793
0.010156
0.003207
-0.001390
-0.001738
0.000154
0.000386
-0.013590
-0.007337
0.003668
-0.017646
-0.031817
-0.032040
-0.033677
-0.027613
-0.017489
-0.019348
-0.033315
-0.033761
-0.019344
-0.034909
-0.036262
-0.036685
-0.040868
-0.036105
-0.029539
-0.031280
-0.032433
-0.031934
-0.035506
-0.041374
-0.047036
-0.051474
-0.044879
-0.044022
-0.036870
-0.045634
-0.048429
-0.037143
-0.037694
-0.035250
-0.036196
-0.047798
-0.052324
-0.047732
-0.034750
-0.034798
-0.030350
-0.023320
-0.003631
-0.018184
-0.000309
-0.004093
-0.009615
-0.007724
-0.011542
-0.020002
-0.011784
-0.005946
-0.011545
-0.013516
-0.012971
-0.009540
-0.014518
-0.008341
-0.033978
-0.034181
-0.005019
-0.014594
-0.025461
-0.010969
-0.008841
-0.016996
-0.035671
-0.025292
-0.025721
-0.027028
0.008030
-0.016795
-0.015368
-0.013131
0.004402
-0.007877
0.000772
-0.018182
-0.002356
-0.003784
-0.014943
-0.008726
-0.014366
-0.023165
-0.011350
-0.005829
-0.015329
-0.007103
-0.014168
-0.009536
0.005947
-0.018038
0.002317
0.009307
0.030468
0.037603
0.036597
0.033431
0.033519
0.030012
0.017839
0.040379
0.051745
0.036208
0.025589
0.028342
0.050901
0.049348
0.054297
0.050043
0.050704
0.046450
0.021781
0.021624
0.000463
-0.032205
-0.028760
-0.064708
-0.069821
-0.065726
-0.068830
-0.067428
-0.072258
-0.017068
-0.018805
-0.021236
0.001660
0.005289
0.003937
0.015483
0.012820
0.009113
0.020548
-0.032386
0.008804
-0.015405
-0.015288
-0.014558
-0.016640
-0.015517
0.006872
0.014442
0.004828
-0.000656
0.009577
-0.012105
0.022048
0.011160
0.016175
0.022706
0.014287
0.029508
0.036485
0.041482
0.054454
0.033446
0.043063
0.041707
0.035018
0.027996
0.005983
-0.010658
-0.026292
-0.037853
-0.049887
-0.034283
-0.035530
-0.035867
-0.033913
-0.023362
-0.006217
0.005907
-0.016557
-0.016451
-0.012200
-0.000618
-0.011584
-0.033227
-0.026262
-0.012046
-0.010809
-0.007762
-0.007840
-0.002162
0.003980
-0.005637
-0.022632
-0.000579
-0.004286
-0.016718
-0.012165
0.006409
-0.008070
0.004942
-0.013165
-0.011968
-0.000657
0.000540
-0.005946
0.002509
0.007683
0.006989
0.001197
-0.005946
-0.014518
-0.000270
-0.005907
0.007144
-0.019615
-0.002549
-0.020274
-0.000077
-0.008729
-0.014835
-0.033667
-0.028603
-0.019189
-0.009075
-0.019501
-0.006603
0.000618
-0.008068
0.012470
-0.016782
-0.015754
-0.000386
0.002008
-0.019655
0.002626
0.001159
-0.005175
-0.001931
-0.010616
-0.017027
-0.015916
-0.006566
-0.004902
-0.004711
-0.006835
-0.015214
-0.004092
-0.003320
0.005562
0.012931
0.017645
0.010154
0.013480
0.012008
-0.016832
-0.016952
-0.019541
-0.041921
-0.035175
-0.053998
-0.041553
-0.033591
-0.035962
-0.040886
-0.048258
-0.039504
-0.039573
-0.036682
-0.041940
-0.048744
-0.047943
-0.036799
-0.047036
-0.035364
-0.044692
-0.039729
-0.044281
-0.046945
-0.070755
-0.038115
-0.025440
-0.008378
0.002509
0.048165
0.046728
0.049271
0.050997
0.038382
0.039234
0.013356
0.005870
-0.016174
-0.025100
-0.016524
-0.022978
-0.052373
-0.035408
-0.032277
-0.029040
-0.019075
0.004633
0.010039
-0.007220
0.031775
0.005907
0.003050
0.006641
-0.003012
0.000154
-0.005058
-0.023515
-0.030695
-0.027801
-0.021657
0.004788
-0.011505
-0.009188
-0.009193
-0.009844
-0.019111
-0.013901
-0.018766
-0.023294
-0.028191
-0.026530
-0.017642
-0.014519
-0.014443
-0.025956
-0.028352
-0.035613
-0.014864
-0.024553
-0.019542
-0.027183
-0.015756
-0.018386
-0.030574
-0.016260
-0.033168
-0.033356
-0.032318
-0.018830
-0.034014
-0.013364
-0.023785
-0.005715
0.001351
-0.018543
-0.042362
-0.008999
0.004246
-0.011661
0.003282
-0.000966
-0.006875
-0.004402
0.002085
-0.021857
-0.015564
-0.023173
-0.006063
-0.015137
-0.023447
-0.022198
-0.007413
-0.003937
-0.018037
-0.022833
-0.022239
-0.007221
0.003553
-0.017611
-0.007027
-0.015910
-0.006600
-0.017375
-0.010041
-0.019887
-0.004982
-0.015173
-0.008032
-0.011395
-0.016600
-0.020506
-0.007563
-0.011853
-0.013476
-0.020310
-0.001931
-0.001313
-0.006334
0.001236
0.007067
0.001351
0.005058
0.006756
0.007453
0.024746
0.006059
0.024550
0.028689
0.027344
0.025105
0.021968
0.010966
-0.000618
-0.010039
-0.041296
-0.052381
-0.055547
-0.053206
-0.023741
-0.043119
-0.055676
-0.032242
-0.037537
-0.033362
-0.024977
-0.037916
-0.020779
-0.027303
-0.021465
-0.015642
-0.017569
-0.025250
-0.007647
-0.009227
-0.003900
0.001467
