-0.009154
0.005484
0.007180
0.003707
-0.013710
-0.015639
-0.006950
-0.007221
-0.015366
-0.024321
-0.014169
-0.011815
-0.024210
-0.025174
-0.027765
-0.045610
-0.011701
-0.013124
-0.010347
-0.018376
-0.001120
-0.011392
-0.013979
-0.012238
-0.026725
-0.013397
-0.008146
-0.014556
-0.014946
-0.024716
-0.017460
-0.013324
-0.008340
0.010195
-0.008268
-0.017212
-0.008379
-0.010543
-0.024097
-0.012124
-0.001004
-0.004208
-0.012083
0.007994
-0.027765
0.000309
-0.005830
-0.002124
-0.013517
-0.004750
-0.009268
0.005484
-0.003785
-0.011814
-0.014056
-0.006101
-0.016561
0.010233
-0.019545
-0.016716
-0.010077
-0.016022
-0.015484
-0.017684
-0.011737
-0.020272
-0.006794
-0.018223
-0.017105
0.004170
-0.021971
-0.012008
-0.016569
0.001313
-0.007956
0.006024
0.004982
0.001042
-0.015952
-0.019891
-0.029270
0.007338
-0.020510
-0.014752
-0.006450
-0.015446
-0.008186
-0.027759
-0.003321
-0.006024
-0.002008
0.000888
-0.022630
-0.018607
0.007879
-0.006411
-0.013128
-0.012511
-0.025175
-0.021924
-0.017182
-0.020194
-0.015949
-0.026410
-0.024438
-0.018648
-0.005328
-0.017414
-0.007181
-0.022090
-0.028975
0.003669
-0.013053
-0.024026
-0.017760
-0.010462
-0.004632
-0.005253
-0.004402
-0.007259
-0.009965
-0.012049
-0.002201
-0.017642
-0.014864
-0.011121
-0.019465
-0.023325
-0.003012
-0.016103
-0.019726
-0.015561
-0.019611
-0.008110
-0.024559
-0.033438
-0.022857
-0.019852
-0.031709
-0.033018
-0.030319
-0.021813
-0.032590
-0.014355
-0.005367
-0.008031
-0.005638
-0.006873
-0.023091
-0.020033
-0.026174
-0.023009
-0.020080
-0.016177
-0.013826
-0.024632
-0.035950
-0.019383
-0.024515
-0.029155
-0.008688
-0.014404
-0.019964
-0.014713
-0.014482
-0.021357
-0.000386
-0.002277
-0.007066
-0.012199
-0.027575
-0.015527
-0.028523
-0.027022
-0.007298
-0.017654
-0.031276
0.000811
-0.019380
-0.023021
-0.014865
-0.016487
-0.019228
-0.013169
-0.026374
-0.014362
-0.018193
-0.008804
-0.027022
-0.012862
-0.001004
-0.013132
-0.015444
-0.006372
-0.025448
-0.022666
-0.018489
-0.022786
-0.026143
-0.007722
-0.015057
-0.006140
-0.012047
-0.027495
-0.020618
-0.016721
-0.013627
-0.006950
-0.008029
-0.016175
-0.003243
-0.027485
-0.020117
-0.024172
-0.025056
-0.012667
-0.012665
-0.013433
-0.003745
-0.011510
-0.022708
-0.007801
-0.005019
-0.025953
-0.014097
-0.011933
-0.013594
-0.003051
-0.027758
-0.011892
-0.014987
-0.016567
-0.011972
-0.016796
-0.034214
-0.027632
-0.018188
-0.027020
-0.006294
-0.014363
-0.020585
-0.007723
-0.004672
-0.018997
-0.017377
-0.017458
-0.011968
0.002895
-0.009886
-0.016061
-0.010011
0.006834
0.002510
-0.020500
-0.022930
-0.019962
-0.008418
-0.006212
-0.011816
-0.022781
-0.004519
-0.004864
0.005322
0.000154
0.010000
-0.009538
-0.019145
-0.008882
-0.011854
-0.008033
-0.013361
-0.009229
-0.008960
-0.007105
-0.015451
-0.014793
-0.012161
-0.021005
-0.014203
-0.012203
-0.010038
-0.000734
0.010699
0.002471
-0.001506
0.006179
0.005097
0.003939
0.001081
-0.003899
-0.012392
0.004634
-0.007490
-0.005910
-0.005793
0.005638
0.009306
-0.025323
-0.013088
-0.007376
-0.012626
-0.017876
-0.030995
0.004401
-0.001969
0.004516
-0.014331
-0.005097
-0.002779
0.012588
0.001853
-0.019534
-0.021934
-0.011081
-0.014174
-0.016607
-0.013052
0.000193
-0.001583
0.000425
-0.022091
-0.018765
-0.004169
0.001004
-0.003552
-0.021701
-0.007376
0.011932
0.008880
0.002896
-0.018413
-0.013893
0.012282
-0.000657
-0.019304
-0.021311
0.000888
-0.009924
-0.015295
-0.007105
0.003011
-0.021624
-0.017648
-0.007646
-0.008844
-0.022708
-0.004210
-0.012551
0.001428
0.002973
-0.017223
-0.022244
-0.021976
-0.011543
0.003475
0.002820
-0.006641
0.012280
-0.002703
-0.012588
-0.009730
-0.009804
0.001699
-0.000695
-0.007106
-0.003784
-0.006912
-0.010733
-0.013091
-0.013979
-0.009964
-0.010468
-0.016797
-0.026067
-0.016254
-0.004750
-0.015907
-0.017804
-0.017068
-0.008226
0.001313
-0.027033
-0.012975
-0.020659
-0.018879
-0.011931
-0.022132
-0.020268
-0.004441
-0.003281
-0.009032
-0.013244
-0.016256
-0.015985
-0.010188
-0.016103
-0.014785
-0.011354
-0.016373
-0.010541
-0.013167
-0.009885
-0.011894
-0.022862
-0.021314
-0.017727
-0.011466
-0.016603
-0.018489
-0.023435
-0.007142
-0.029497
-0.016529
-0.025947
-0.022276
-0.019459
-0.023088
-0.025327
-0.019613
-0.020314
-0.020121
-0.018572
-0.019271
-0.028606
-0.015136
-0.004133
-0.010195
-0.005174
-0.014171
-0.021005
-0.020579
-0.013822
-0.018186
-0.015793
-0.021933
-0.018851
-0.027884
-0.026722
-0.036103
-0.010230
-0.007104
-0.005639
-0.004436
-0.023857
-0.037647
-0.024515
-0.028883
-0.022630
-0.028641
-0.019960
-0.022474
-0.013744
-0.023477
-0.035516
-0.030814
-0.022241
-0.010542
-0.017839
-0.023709
-0.014829
-0.017991
-0.013512
-0.014713
-0.037252
-0.020114
-0.020968
-0.046929
-0.014828
-0.017374
-0.020772
-0.014370
-0.012125
-0.018493
-0.011351
-0.014251
-0.009887
-0.007450
-0.010423
-0.027226
-0.033679
-0.030244
-0.020272
-0.021621
-0.024094
-0.020655
-0.014054
-0.025825
-0.013826
-0.002625
-0.012008
-0.017648
-0.015135
-0.015956
-0.019309
-0.005097
-0.015023
-0.014673
-0.012127
0.001429
-0.026236
-0.030891
-0.015831
-0.012666
0.001738
-0.002819
-0.031323
-0.031816
-0.032713
-0.007335
-0.026443
-0.031398
-0.033675
-0.019151
-0.015216
0.001622
-0.014291
-0.006371
-0.010197
-0.002781
-0.020664
-0.013166
-0.030307
-0.013054
-0.019035
-0.020111
-0.023441
-0.009575
-0.009579
-0.019002
-0.001158
-0.019734
-0.014829
-0.018302
-0.020503
-0.006179
0.011278
-0.003591
-0.027030
-0.031245
-0.028381
-0.023947
-0.005715
-0.016490
-0.034643
-0.009230
-0.001429
0.000232
-0.015789
-0.004595
-0.004210
-0.004556
-0.023784
-0.018265
-0.012626
-0.022010
-0.033049
-0.013400
-0.004672
0.001236
-0.004326
-0.001274
-0.014134
0.006601
-0.013284
-0.017225
-0.005328
-0.002317
0.000039
-0.003398
-0.006524
-0.008458
-0.017256
0.002394
-0.020466
-0.002587
-0.009384
0.004247
0.015941
-0.008381
-0.004866
-0.003630
0.008491
0.009381
-0.005212
-0.021898
-0.018422
-0.009692
-0.015483
-0.017111
-0.002509
-0.017146
-0.009145
0.008379
-0.014091
-0.005482
-0.006525
0.001236
0.019541
0.015982
-0.002973
0.001930
-0.001506
-0.001969
-0.007801
-0.004672
-0.009655
-0.004094
0.002781
0.010234
0.026404
-0.002896
-0.009730
-0.005521
0.004401
-0.017874
-0.016797
-0.014250
-0.003012
-0.005059
0.001815
-0.002973
-0.012082
-0.004904
-0.014326
-0.010622
-0.003707
-0.006062
0.005406
0.000154
-0.002317
-0.011816
-0.012510
0.000927
-0.000888
-0.003707
-0.021350
-0.010814
0.005984
-0.007953
-0.019386
-0.022708
-0.007414
-0.008959
-0.009268
-0.010503
0.001467
-0.012513
-0.015137
-0.004595
-0.007374
0.010424
-0.011427
-0.021358
-0.010118
-0.008493
-0.009191
-0.013362
-0.013633
-0.009808
-0.013514
-0.008418
-0.002702
-0.007915
-0.014987
-0.013324
-0.010002
-0.014633
-0.020537
-0.015563
-0.010806
-0.014285
-0.002780
0.002857
-0.011392
-0.020609
-0.010845
-0.014367
-0.010504
-0.015718
-0.021427
-0.014054
-0.017875
-0.010771
-0.017374
-0.012240
-0.008457
-0.018387
-0.008764
-0.011429
-0.024599
-0.004169
-0.027148
-0.029502
-0.021353
-0.001467
-0.017763
-0.015250
-0.028696
-0.015403
-0.011083
-0.003823
-0.001043
-0.006677
-0.024481
-0.002704
-0.002471
0.005483
0.016517
-0.007143
-0.004556
-0.026610
-0.011157
-0.009266
0.003901
-0.016799
-0.018719
-0.024947
-0.014902
-0.022249
-0.015181
-0.016217
-0.021204
-0.012358
-0.003127
0.003823
-0.028460
-0.021432
-0.019804
-0.013251
-0.021130
-0.012320
-0.025794
-0.000965
-0.039926
-0.044179
-0.046494
-0.021544
-0.019461
-0.018032
-0.012200
-0.008571
-0.014672
-0.030350
-0.017877
-0.030628
-0.040002
-0.022130
-0.031703
-0.028451
-0.026565
-0.024862
-0.027916
-0.010233
-0.019996
-0.023787
0.001429
-0.025633
-0.031272
0.002510
-0.022012
-0.029808
-0.017377
-0.017724
-0.015754
-0.017612
-0.024066
-0.009924
-0.021933
-0.034328
-0.017571
-0.025888
-0.007220
-0.024564
-0.020546
-0.010464
-0.006026
-0.007374
-0.013405
-0.023284
-0.017879
-0.030196
-0.007297
-0.016066
-0.023936
-0.030310
-0.009925
-0.017064
-0.009461
-0.015446
-0.028493
-0.027540
-0.020193
-0.013744
-0.015560
-0.026109
-0.014054
-0.020353
-0.019533
-0.009885
-0.003706
-0.031049
-0.031700
-0.014979
-0.021424
-0.019111
-0.022513
-0.016022
-0.009578
-0.022977
-0.009382
-0.011504
-0.013978
-0.014169
-0.011504
-0.010848
-0.016989
-0.017491
-0.013782
-0.018802
-0.024060
-0.015406
-0.024873
-0.012160
-0.025338
-0.016251
-0.020927
-0.022523
-0.021275
-0.016875
-0.049226
-0.021970
0.010001
-0.009539
-0.008343
-0.012200
-0.010812
-0.019112
-0.020466
-0.010460
-0.008649
-0.012935
-0.013398
-0.020034
-0.008533
-0.007100
-0.003360
-0.006370
-0.011625
-0.007799
-0.002355
-0.003089
-0.018803
-0.012279
-0.011778
-0.003938
-0.013937
-0.004943
0.001004
-0.027102
0.004286
-0.011236
0.009225
-0.002549
-0.001158
-0.005444
-0.016301
-0.019648
-0.017687
-0.016410
0.009730
-0.022728
-0.022855
-0.020966
-0.013363
-0.002471
-0.002394
0.006678
-0.001274
-0.014673
-0.008532
0.015600
0.001352
0.006911
0.000386
0.003551
-0.019304
-0.012317
0.007799
0.004092
-0.003243
0.001699
0.007721
-0.002201
-0.001004
-0.004902
0.004904
-0.011812
-0.010849
-0.011812
-0.000116
-0.000579
-0.000772
0.001737
0.000116
-0.000193
-0.001776
-0.002934
-0.005251
-0.008303
-0.020540
-0.005481
-0.005561
-0.005250
-0.006179
-0.005754
0.011777
0.012782
0.008961
-0.003396
0.011430
0.001429
-0.002780
0.003011
-0.010195
0.006373
0.016945
-0.001390
-0.007066
-0.005096
-0.020300
-0.016719
-0.013129
-0.011391
-0.000386
-0.008032
-0.012628
-0.010621
-0.006988
-0.006719
-0.008996
-0.008610
-0.016681
-0.011783
0.008573
0.010269
0.005018
-0.008380
-0.015984
-0.016026
-0.004750
-0.012124
-0.011889
-0.004053
-0.006794
-0.008616
-0.011346
-0.008920
-0.006255
-0.000888
0.003784
-0.023939
-0.008727
-0.009768
-0.010809
0.003938
-0.000348
0.004710
-0.015832
0.005521
0.001158
0.011161
0.003166
0.004325
0.005829
0.001853
-0.007338
-0.005290
-0.007877
0.002008
-0.000309
-0.026800
-0.014093
-0.029236
-0.000965
-0.013005
-0.007298
-0.007182
-0.011699
-0.008143
-0.016144
-0.019036
-0.005639
-0.008805
-0.016646
-0.015100
-0.018611
0.003938
-0.002201
-0.005986
-0.009534
-0.004634
-0.001699
-0.015137
-0.020696
-0.012286
0.000193
-0.033049
-0.019767
0.003899
-0.020352
-0.018029
-0.022592
-0.033372
-0.022151
-0.018884
-0.013824
-0.011004
-0.016608
-0.010544
-0.018965
0.004827
-0.019497
-0.016224
-0.007258
-0.005522
-0.021858
-0.010660
-0.008609
-0.003474
-0.026831
-0.008342
-0.015751
-0.011932
-0.016602
-0.018576
-0.015212
-0.012737
0.004170
-0.027773
-0.020733
-0.031622
-0.019578
-0.033553
-0.014287
-0.020933
-0.041709
-0.032114
-0.025601
0.001660
0.000270
-0.005716
-0.020780
-0.040748
-0.034596
-0.036767
-0.029574
-0.016371
-0.023095
-0.024632
-0.015432
-0.004441
-0.007799
-0.026533
-0.019883
-0.014978
-0.027061
-0.018377
-0.009036
-0.021163
-0.021892
-0.011774
-0.029544
-0.010039
-0.022944
-0.022667
-0.027188
-0.016065
-0.015402
-0.015680
-0.020198
-0.012357
-0.008183
-0.022049
-0.014711
-0.024130
-0.021627
-0.026603
-0.023590
-0.015715
-0.025948
-0.012434
-0.014518
-0.017844
-0.032129
-0.013825
-0.025288
-0.008956
-0.027421
-0.005251
-0.011197
-0.007725
-0.018605
-0.018771
-0.016687
-0.008379
-0.010579
-0.026675
-0.012084
-0.000927
-0.022819
-0.014170
-0.010151
-0.014864
-0.019465
-0.012432
-0.014828
-0.025183
-0.018497
-0.022594
-0.020234
-0.010853
-0.014600
0.002858
-0.011197
-0.003012
-0.019422
-0.021201
-0.019307
-0.016569
-0.014487
-0.008107
-0.010698
-0.002471
-0.016603
-0.037449
-0.017030
-0.015757
-0.018770
-0.021237
-0.021549
-0.022360
-0.020657
-0.026449
-0.012738
-0.012899
-0.005328
-0.020624
0.000502
-0.004015
-0.019729
-0.004556
0.010581
-0.017413
-0.010581
-0.013553
-0.018730
-0.022584
-0.012629
-0.015717
0.000347
-0.011662
0.000888
-0.016909
-0.019113
-0.008264
-0.011279
-0.008495
-0.015406
-0.008572
-0.004788
-0.001930
0.008726
-0.007566
-0.010193
-0.009301
-0.006218
-0.013746
0.001352
-0.006718
-0.012241
-0.009033
0.008764
0.004750
-0.001351
-0.003786
-0.008148
-0.000309
0.005792
0.001043
-0.001815
-0.010695
-0.001506
-0.029577
0.013206
-0.019768
-0.001120
-0.003629
-0.007994
0.000154
0.012937
-0.003941
-0.022352
0.003167
-0.008917
-0.015328
-0.002394
0.002201
0.022396
-0.000888
0.001660
0.002548
0.004093
-0.015945
-0.025567
0.005173
-0.011504
-0.012046
-0.011928
-0.000425
0.006952
0.007221
-0.009114
-0.008418
0.001467
-0.000077
0.000347
-0.005405
-0.009501
0.001737
0.007644
-0.005869
-0.006179
-0.012314
-0.007801
-0.013320
-0.011816
-0.005559
-0.003167
-0.004479
-0.011198
0.002433
0.000000
-0.015989
-0.016641
-0.004943
-0.017802
-0.015447
-0.010695
-0.010463
-0.011543
-0.010811
-0.017261
-0.020268
-0.018615
-0.021975
-0.006990
-0.017374
-0.005714
-0.009034
-0.005673
-0.008766
0.002549
-0.010425
-0.011278
-0.000850
-0.010576
-0.003784
-0.018109
-0.002935
0.006409
-0.026304
-0.014944
-0.018221
-0.018891
-0.015907
0.000926
-0.009808
0.006872
-0.013670
-0.000347
-0.020768
-0.015138
0.008378
-0.002162
-0.026298
-0.023432
-0.011469
-0.010773
-0.010040
-0.001853
-0.010739
-0.007915
-0.002895
-0.000772
-0.010503
-0.024447
-0.015331
-0.015447
-0.001815
-0.005291
-0.022549
-0.024905
-0.028766
0.002934
-0.009427
0.008651
-0.018839
-0.008842
-0.013010
-0.030929
-0.024983
-0.002317
-0.018454
-0.004015
-0.027109
-0.030773
-0.028880
-0.050700
-0.015983
-0.030469
-0.023367
-0.023399
-0.018152
-0.003474
-0.010038
-0.030460
-0.015290
-0.022780
-0.035208
-0.017222
-0.015871
-0.025409
-0.018922
-0.042055
-0.014639
-0.024138
-0.023484
-0.015674
-0.028068
-0.036229
-0.027607
-0.021322
-0.002162
-0.043111
-0.014561
-0.014675
-0.012706
-0.025451
-0.016832
-0.023656
-0.021371
-0.023740
-0.019268
-0.022478
-0.022815
-0.001159
-0.011855
-0.036118
-0.035883
-0.003707
-0.034286
-0.020003
-0.007104
-0.014443
-0.018142
-0.022821
-0.015754
-0.017416
-0.020737
-0.020200
-0.008649
-0.029567
-0.025678
-0.018650
-0.018686
-0.022231
-0.025136
-0.031278
-0.030038
-0.029573
-0.013515
-0.019069
-0.018806
-0.020388
-0.013789
-0.009731
-0.008379
-0.018455
-0.028300
-0.016985
-0.025405
-0.031627
-0.027801
-0.019653
-0.009109
-0.023747
-0.015405
-0.011970
0.000618
-0.012942
-0.024053
-0.004287
-0.009730
-0.027642
-0.012085
-0.011002
-0.014255
-0.014094
-0.013594
-0.012940
-0.017642
-0.020001
-0.002857
-0.026604
-0.022537
0.001004
-0.017877
-0.002316
0.000077
-0.008996
-0.011276
-0.015215
-0.015835
-0.005674
-0.011663
-0.010889
-0.014095
-0.000347
-0.011625
0.007028
-0.015405
-0.022583
0.015947
-0.012005
-0.010849
-0.011618
-0.003902
-0.027380
0.001776
-0.005329
-0.012283
-0.015563
-0.014440
0.005213
-0.010501
-0.016565
-0.017909
-0.011585
-0.014404
-0.017529
-0.001699
-0.018496
-0.006952
-0.014213
0.001313
-0.006718
-0.007183
-0.009535
-0.013558
0.004132
-0.011739
-0.023865
-0.019458
-0.013399
-0.010037
-0.012126
-0.007453
0.001274
-0.014787
-0.014596
-0.010696
0.002549
-0.013670
-0.014481
-0.011158
0.000000
-0.020041
-0.007026
-0.004403
0.008032
0.001120
0.006563
0.007491
0.006718
0.001892
-0.025720
-0.006021
-0.000463
-0.001737
0.003127
-0.005096
0.016957
-0.006952
0.001738
0.006835
-0.012244
-0.008340
-0.008845
-0.011467
-0.000154
-0.003360
-0.026533
-0.004980
0.006756
-0.007954
-0.004751
-0.006218
0.011587
-0.001660
-0.012628
0.004479
-0.000309
-0.005831
-0.004171
-0.007567
0.003977
-0.014636
0.026177
-0.014827
-0.008727
-0.005869
0.007759
-0.019932
0.008344
-0.004363
0.000656
0.002625
-0.007684
-0.000849
-0.008147
0.004248
-0.003012
-0.018571
-0.000927
-0.006951
0.002743
-0.024286
-0.006989
-0.008652
-0.008496
-0.009113
-0.008920
-0.003011
-0.011161
0.001776
0.005560
0.004132
-0.007066
-0.011621
-0.006952
-0.013974
-0.004324
0.001467
-0.004554
-0.006488
-0.000965
-0.015638
-0.019225
-0.011622
-0.003398
0.001004
-0.001004
-0.005831
-0.006604
-0.014289
-0.008956
-0.017106
0.002432
-0.011971
-0.010852
-0.007682
-0.017376
0.002008
-0.004518
-0.004324
-0.003669
-0.019805
-0.005096
-0.022159
-0.030541
-0.014864
-0.012974
-0.009614
-0.000695
-0.036347
0.000851
-0.005637
-0.006217
-0.009807
-0.011314
-0.000425
-0.003629
-0.012126
-0.001197
-0.007531
-0.009655
-0.033557
-0.017686
-0.006834
-0.001506
-0.000618
-0.017068
-0.019156
-0.019771
0.005019
0.002162
-0.002046
-0.003359
-0.025913
-0.029812
-0.024558
-0.015906
-0.012085
-0.024629
-0.017651
-0.014286
-0.018841
-0.017183
-0.014287
-0.026601
-0.018850
-0.007183
-0.013479
-0.016988
-0.015409
-0.002125
0.001197
-0.011658
-0.022091
-0.004751
-0.008572
-0.012010
-0.033444
-0.027963
-0.019076
-0.023669
-0.006950
-0.013129
-0.019506
-0.016758
-0.021157
-0.018488
-0.009576
-0.018651
-0.015715
-0.013163
-0.034940
-0.025564
-0.021928
-0.014096
-0.040081
-0.024095
-0.026684
-0.015443
-0.034369
-0.023636
-0.023434
0.001854
-0.000888
-0.006564
-0.041344
-0.030082
-0.018496
-0.012663
-0.016258
-0.002047
-0.017612
-0.009884
-0.012743
-0.005329
-0.024668
-0.032903
-0.027182
-0.023949
-0.028837
-0.024601
-0.012471
-0.026408
-0.018116
-0.017607
-0.023285
-0.030582
-0.030848
-0.016023
-0.012203
-0.001390
0.000540
0.002819
-0.002585
-0.022157
-0.022356
-0.023167
-0.012779
-0.011274
-0.009148
-0.021047
-0.002317
-0.028957
-0.013657
-0.006060
-0.007917
-0.028263
-0.003941
-0.012512
-0.010658
0.001197
-0.032464
-0.030580
-0.030120
-0.006947
0.004169
-0.025061
-0.013747
-0.015444
-0.038378
-0.002858
-0.022548
-0.010543
-0.000425
-0.012244
-0.008922
-0.008146
-0.004363
-0.000888
-0.004787
-0.010387
-0.011974
-0.027484
-0.015987
-0.018923
-0.011427
-0.015408
-0.018490
-0.020088
-0.019380
-0.022600
-0.019776
0.000077
-0.020927
-0.026253
0.002896
-0.023280
-0.018996
-0.003823
-0.020081
-0.010810
-0.015023
-0.013461
-0.005173
-0.006872
-0.012817
-0.016139
-0.018151
-0.013747
-0.002781
-0.014905
-0.019773
-0.006254
-0.003629
-0.004827
-0.002548
-0.008726
0.008652
0.008110
0.005175
-0.000425
0.000463
0.001081
-0.023789
-0.012127
-0.007262
0.001621
-0.006101
-0.015137
-0.004286
-0.023560
-0.026220
-0.018220
-0.025988
-0.010812
-0.002973
-0.008416
-0.012357
-0.001197
-0.002240
-0.001004
0.000039
-0.016060
-0.012823
-0.006833
-0.010734
-0.006333
-0.005134
-0.009111
-0.013746
-0.002123
0.002974
0.012047
0.012590
0.013824
-0.007994
0.007994
-0.001583
-0.009500
0.005634
0.000656
-0.019967
0.003205
0.007955
-0.019695
0.015059
-0.001815
-0.005560
-0.013514
0.004326
-0.015599
-0.009576
-0.018958
0.003590
0.009416
-0.004248
0.001661
-0.009576
-0.012399
-0.005600
0.005097
0.008106
0.010114
-0.015561
-0.002895
-0.008840
-0.001352
0.009922
-0.005097
-0.012434
0.004556
0.002974
0.003899
-0.001197
-0.020277
-0.015216
-0.005831
-0.037351
-0.024367
-0.009072
-0.015911
-0.013825
-0.003784
-0.000116
-0.004286
-0.020196
-0.009033
-0.002162
-0.025555
-0.022474
-0.016799
-0.009769
0.002973
-0.010078
-0.024407
-0.008959
-0.000695
-0.012394
-0.014634
-0.016293
0.007763
-0.008301
0.000811
-0.002780
-0.003476
-0.011740
-0.007219
0.000232
-0.019765
-0.016182
-0.012241
-0.021776
-0.005483
0.011542
-0.010466
-0.004054
-0.008419
-0.002123
-0.008034
-0.018073
-0.010658
-0.000077
-0.014285
-0.015710
-0.014408
-0.008380
-0.014052
-0.021928
-0.002780
-0.013092
-0.010540
-0.008071
-0.014172
-0.011584
-0.019232
0.001468
-0.014868
0.008184
-0.007917
-0.022118
-0.021159
-0.023432
-0.002278
-0.014711
-0.018068
-0.015328
-0.017987
-0.013553
-0.008494
-0.010424
-0.028803
-0.027339
-0.006642
-0.025605
-0.018529
-0.029889
-0.010345
0.003668
-0.012203
-0.008416
-0.029935
-0.017996
0.008116
-0.014983
-0.019962
-0.020435
-0.018381
-0.022589
-0.026487
-0.024363
-0.023091
-0.009807
-0.028382
-0.018879
-0.027720
-0.015910
-0.032582
-0.032478
-0.026065
-0.024752
-0.025288
-0.027874
-0.033515
-0.033160
-0.011005
-0.037951
-0.024288
-0.025643
-0.023056
-0.037348
-0.016837
-0.010001
-0.018187
-0.029116
-0.023862
-0.020230
-0.009306
-0.027998
-0.022350
-0.020273
-0.015873
-0.013632
-0.023475
-0.029889
-0.031644
-0.033404
-0.026139
-0.018142
-0.016525
-0.016139
-0.006179
-0.019501
-0.020125
-0.020549
-0.038344
-0.000734
-0.021507
0.008070
-0.010121
-0.020535
-0.000309
-0.019925
-0.017800
-0.021854
-0.029657
-0.010466
-0.029887
-0.018348
-0.016561
-0.001197
-0.003938
-0.012472
-0.004711
-0.015059
-0.012006
-0.031775
-0.022279
-0.016103
-0.014012
-0.011775
-0.000193
-0.017956
-0.021644
-0.020930
-0.018150
-0.025633
-0.007878
-0.001853
-0.033051
-0.010312
-0.017577
-0.008843
-0.004361
-0.016606
-0.014441
-0.005716
0.001583
0.003050
0.004826
-0.016988
-0.022932
-0.015286
-0.019887
-0.016530
-0.007528
-0.011079
-0.002779
-0.005561
-0.008147
-0.021430
-0.018382
-0.017768
-0.014283
-0.009613
-0.006525
-0.013127
-0.014092
-0.010654
-0.018187
-0.005637
-0.013268
-0.025636
0.010157
-0.012086
-0.001854
-0.001814
-0.000850
-0.008803
0.002625
-0.003630
-0.007022
-0.009889
-0.002433
-0.004440
-0.009501
0.005562
-0.016105
0.002162
0.007181
0.008690
0.008109
0.002934
0.018874
0.007453
-0.019112
-0.009345
-0.024765
-0.014708
0.008497
-0.005869
-0.014172
-0.001313
-0.020809
-0.013939
-0.009419
-0.014521
-0.003166
-0.014289
0.000154
-0.001622
-0.012202
0.001275
0.000463
0.008033
0.002431
-0.007219
0.011545
0.013359
0.013978
-0.003745
0.008726
0.007532
0.020384
0.004015
-0.009153
0.004555
-0.000309
-0.014130
-0.004016
-0.007259
-0.015715
-0.012739
-0.001158
0.010271
0.001776
-0.006874
-0.009768
0.002278
-0.028613
0.002819
-0.007299
-0.000811
-0.012356
-0.000077
0.018999
0.022356
0.021929
0.009115
-0.006140
-0.030271
-0.016175
0.006179
0.016881
-0.010000
-0.016032
-0.016915
0.001390
-0.012237
0.009233
0.007957
0.006447
-0.003667
0.003397
-0.010234
0.005445
0.001660
-0.000270
-0.000271
-0.019231
0.007143
-0.020929
-0.007106
-0.002549
-0.000077
-0.009036
-0.012353
-0.000463
-0.009346
0.005677
-0.009072
-0.007258
-0.003089
-0.007374
-0.017918
-0.018112
-0.013053
-0.002973
0.004633
-0.001969
-0.015328
-0.005829
-0.010037
0.004170
-0.010349
-0.010734
-0.008726
0.005096
-0.022471
-0.005522
-0.023053
-0.014054
-0.007490
-0.012125
-0.035609
-0.005135
-0.015829
-0.002625
-0.002781
-0.000425
-0.004671
-0.001583
-0.014905
-0.015130
-0.010387
-0.015100
-0.004827
-0.015876
-0.020039
-0.005137
-0.009924
-0.021119
-0.011774
-0.007375
-0.004246
-0.013048
-0.019422
-0.036140
-0.006641
0.001429
-0.017608
-0.019073
-0.019155
-0.009382
-0.023126
-0.023243
-0.034828
-0.032934
-0.033633
0.001120
-0.020228
-0.015947
0.025829
-0.002471
-0.019195
-0.020238
-0.018377
-0.006525
-0.018727
-0.017072
-0.014447
-0.025758
-0.023673
-0.004170
-0.038501
-0.003012
-0.019537
-0.026256
-0.028688
-0.034750
-0.011431
-0.015059
-0.019881
-0.012972
-0.020697
-0.015907
-0.033293
-0.008184
-0.021701
-0.003746
-0.003975
-0.018529
-0.018261
-0.019773
-0.035490
-0.007915
-0.019998
-0.034961
-0.007684
-0.033820
-0.029731
-0.011122
-0.015830
-0.025870
-0.012432
-0.030209
-0.030267
-0.029231
-0.018536
-0.025605
-0.017273
-0.031897
-0.005329
-0.045742
-0.017415
-0.010964
-0.010652
-0.006949
-0.024596
-0.029006
-0.031237
-0.033724
-0.010270
-0.014130
-0.011969
-0.007259
-0.010464
-0.003398
-0.012430
-0.012276
-0.014289
-0.031705
-0.020087
-0.002162
0.002704
0.003707
-0.014404
-0.012975
-0.027882
-0.024021
-0.009924
-0.012977
-0.020696
-0.008183
-0.018223
-0.031017
-0.028576
-0.011046
-0.010233
-0.010155
-0.024210
-0.028205
-0.004556
-0.019149
-0.014406
-0.014405
-0.006488
-0.006256
-0.011042
-0.008262
-0.011510
-0.015643
-0.015829
-0.018807
0.005871
-0.006641
-0.009269
-0.026875
-0.017796
-0.005483
-0.015144
-0.019546
-0.015369
-0.015832
-0.010271
-0.016452
-0.015051
-0.017225
-0.011354
-0.006640
-0.003899
-0.029702
-0.007953
-0.010579
-0.026765
-0.026339
-0.011546
-0.013368
-0.009460
-0.031497
-0.029007
-0.030655
-0.004209
-0.031426
-0.015524
-0.018846
-0.000850
-0.021782
-0.013667
-0.006255
-0.008651
-0.000039
0.002278
-0.006332
-0.006949
-0.006527
-0.010481
-0.001892
-0.000618
-0.005716
-0.023557
-0.004673
-0.001505
0.003707
-0.001815
0.004093
0.000888
-0.003707
-0.006724
0.001544
-0.012973
-0.005098
-0.023636
-0.012629
-0.014945
-0.017568
-0.019149
0.001120
0.001544
-0.003822
-0.007839
-0.019731
-0.005095
-0.009229
-0.005640
0.004865
0.007682
0.000849
0.014633
0.017872
0.017032
0.013440
-0.009692
-0.012711
-0.006486
0.004209
0.005329
0.000541
-0.003011
-0.010272
0.009383
0.001892
0.003321
0.000849
-0.000309
-0.002279
-0.008301
-0.013015
-0.002586
-0.022636
-0.011776
-0.016759
-0.010852
0.004711
-0.011279
-0.015021
0.001815
-0.005406
-0.005251
-0.011623
0.003361
-0.018581
-0.002549
-0.013863
-0.001699
0.004634
-0.011312
-0.006409
-0.021859
0.002239
0.001545
0.000734
0.000502
-0.003552
-0.012859
-0.001390
-0.009035
-0.003901
-0.021855
-0.010425
-0.020779
-0.007606
-0.013901
-0.009807
-0.017801
-0.014212
-0.006060
-0.001699
-0.033651
-0.000927
-0.010927
-0.006256
-0.004478
-0.006064
-0.018842
-0.008804
-0.017143
-0.022671
-0.008416
-0.023011
-0.003318
-0.006875
0.004672
-0.000695
-0.030267
-0.001815
0.003090
0.007645
-0.020075
-0.004826
-0.012897
-0.023712
-0.017610
-0.012434
-0.007027
-0.009458
-0.006990
-0.012587
-0.022742
-0.024402
-0.021472
-0.014362
-0.020616
-0.012314
-0.006448
-0.006949
-0.005366
-0.023125
-0.012126
-0.019274
-0.024409
-0.005059
-0.024135
-0.006023
-0.006949
-0.008725
-0.016296
-0.005523
-0.003861
-0.019765
-0.010967
-0.034201
-0.011309
-0.020928
-0.005175
0.004325
-0.015988
-0.004093
-0.002742
-0.002741
-0.011740
-0.023709
-0.014288
-0.001236
-0.010385
-0.018609
-0.019049
0.001081
-0.019109
-0.022012
-0.018914
-0.019925
-0.018187
-0.016526
-0.014242
-0.013165
-0.019224
-0.012085
-0.015832
-0.022781
-0.038932
-0.014939
-0.014056
-0.012316
-0.028183
-0.028073
-0.027991
-0.026171
-0.011197
-0.030043
-0.032403
-0.010152
-0.026106
-0.019299
-0.014248
-0.026452
-0.021580
-0.016759
-0.024635
-0.019234
-0.015327
-0.009994
-0.017765
-0.042637
-0.017187
-0.019618
-0.025829
-0.022127
-0.026982
-0.017763
-0.012934
-0.004172
-0.016603
-0.022546
-0.027729
-0.028531
-0.025879
-0.021894
-0.022978
-0.020270
-0.025125
-0.010659
-0.016216
-0.020389
-0.023168
-0.024892
-0.017997
-0.013205
-0.012817
-0.013477
-0.030241
-0.011429
-0.028244
-0.009498
-0.023327
-0.028068
-0.013631
-0.007684
-0.021047
-0.030885
-0.021352
0.001004
-0.015790
-0.024167
-0.011780
-0.020615
-0.034594
-0.010923
-0.029691
-0.032241
-0.037721
-0.021853
-0.005097
-0.017032
-0.007914
-0.019039
-0.013437
-0.033215
-0.012628
-0.021464
-0.029277
-0.007572
-0.014208
-0.020497
-0.027529
-0.025062
-0.012936
-0.024982
-0.013130
-0.002586
-0.007760
-0.010223
-0.010811
-0.029107
-0.008033
-0.006912
-0.018691
-0.014522
-0.009731
-0.015601
-0.021347
-0.010077
-0.001236
-0.030356
-0.009380
-0.028884
-0.022126
-0.022628
-0.028255
-0.026100
-0.032677
-0.023893
-0.019344
-0.006525
-0.008150
-0.010232
-0.009266
-0.011392
-0.003321
-0.018220
-0.017259
-0.008993
-0.005638
-0.004170
0.014408
0.012625
0.009960
-0.007916
-0.010694
0.001158
0.003398
-0.020085
-0.022543
0.013013
-0.002085
0.002316
-0.007455
-0.011776
-0.001969
-0.009574
-0.008574
0.007221
-0.005289
-0.006756
-0.004594
-0.001584
0.004789
0.011739
-0.017488
-0.013592
-0.018458
-0.019301
-0.013439
-0.012932
-0.010735
0.003397
-0.005986
-0.007725
-0.004363
0.003089
0.005715
0.011120
-0.012199
-0.004093
0.017954
-0.016100
0.009845
0.012779
0.002008
-0.022704
0.003552
0.002124
-0.007375
-0.009460
-0.006024
-0.005675
-0.010271
-0.002162
0.004941
-0.010661
0.000656
-0.001042
-0.003321
0.005560
0.003361
-0.006874
0.001043
-0.003590
-0.005560
-0.002240
-0.001931
-0.016300
0.003090
-0.016871
-0.022159
-0.004248
-0.002780
-0.008573
-0.008884
-0.001544
-0.013402
-0.022665
-0.021465
-0.024364
-0.003241
-0.003513
-0.015295
-0.011352
-0.004325
-0.002819
0.005640
-0.012010
-0.009616
0.011504
-0.020465
-0.000348
0.000425
-0.004867
0.016216
-0.009963
-0.009963
-0.003901
-0.007261
-0.014713
-0.019230
-0.009232
-0.017874
-0.008494
-0.008724
-0.008227
-0.006143
-0.003784
-0.007298
-0.008187
0.005716
-0.010502
-0.015524
-0.006909
-0.022239
-0.005638
-0.013091
-0.005600
-0.007529
-0.026877
-0.031018
-0.028413
-0.002587
-0.019062
0.010231
-0.015097
-0.020155
0.015292
-0.034841
-0.014985
-0.014749
-0.014790
-0.013090
0.001583
-0.001660
-0.003823
-0.015249
-0.024971
-0.014668
-0.010541
0.002703
-0.012823
-0.017412
0.001313
-0.014288
-0.022627
-0.012323
-0.006258
-0.008112
-0.009576
-0.008300
-0.036556
-0.013900
-0.013476
-0.023943
-0.020697
-0.024437
-0.017838
-0.003708
-0.031087
-0.004478
-0.019891
-0.012086
-0.011351
-0.011663
-0.010000
-0.021356
-0.004789
