0.000002
0.001865
0.005635
0.008956
0.008701
0.005124
0.002001
0.000654
-0.000673
-0.003568
-0.005938
-0.006221
-0.006918
-0.008911
-0.011355
-0.015878
-0.017501
-0.014461
-0.010043
-0.006935
-0.003733
-0.000971
-0.000401
-0.000911
-0.003414
-0.005791
-0.005575
-0.004653
-0.004333
-0.005622
-0.007259
-0.007407
-0.005872
-0.001200
0.003000
0.003042
0.001619
0.000516
-0.002101
-0.004448
-0.003533
-0.000846
0.000586
0.002934
0.002430
0.001037
0.001521
0.002547
0.002442
0.001923
0.001626
0.002941
0.004816
0.004543
0.002399
0.000823
-0.000688
0.000622
0.001535
-0.000424
-0.001963
-0.003059
-0.004190
-0.005275
-0.005519
-0.005870
-0.005276
-0.004611
-0.005031
-0.002985
-0.001733
-0.002352
-0.003221
-0.002134
0.000013
0.002945
0.006656
0.009144
0.007956
0.003429
-0.002898
-0.004600
-0.004005
-0.004527
-0.003777
-0.003043
-0.002437
-0.003834
-0.004463
-0.002632
0.000007
0.003059
0.002792
-0.000511
-0.000483
0.001624
0.001844
0.000663
-0.002348
-0.006144
-0.008386
-0.009345
-0.009273
-0.009719
-0.011010
-0.011400
-0.009072
-0.006479
-0.004285
-0.003737
-0.006305
-0.006019
-0.003639
-0.003983
-0.005618
-0.005847
-0.004000
-0.001286
0.001146
0.002558
0.002573
0.001482
0.001263
0.000436
-0.001548
-0.002768
-0.004063
-0.006345
-0.006241
-0.004903
-0.005102
-0.005702
-0.006435
-0.005959
-0.006100
-0.009154
-0.012139
-0.012947
-0.013866
-0.015892
-0.017643
-0.017496
-0.017159
-0.015538
-0.010919
-0.005715
-0.001545
0.001206
0.000489
-0.002639
-0.006460
-0.009777
-0.011367
-0.011061
-0.009376
-0.008698
-0.011077
-0.013090
-0.013514
-0.014249
-0.012766
-0.009519
-0.007619
-0.006622
-0.005725
-0.005950
-0.004572
-0.001125
0.001515
0.002038
-0.000892
-0.004440
-0.007846
-0.011372
-0.011400
-0.009408
-0.009803
-0.008307
-0.005918
-0.006153
-0.006726
-0.006723
-0.006985
-0.006780
-0.007536
-0.008228
-0.008061
-0.006752
-0.006723
-0.007168
-0.004841
-0.002370
-0.001916
-0.001482
-0.002727
-0.005814
-0.008083
-0.009584
-0.011219
-0.010472
-0.008105
-0.005236
-0.002789
-0.003668
-0.006298
-0.007834
-0.007762
-0.005898
-0.003266
-0.002125
-0.001025
-0.002071
-0.005113
-0.008021
-0.010632
-0.010964
-0.009087
-0.006869
-0.003916
-0.001476
-0.002031
-0.002860
-0.001818
-0.002661
-0.004557
-0.005004
-0.004740
-0.003068
-0.003373
-0.004756
-0.005118
-0.005458
-0.005270
-0.005086
-0.007623
-0.011465
-0.013042
-0.013502
-0.011588
-0.008229
-0.006686
-0.005246
-0.002604
-0.001666
-0.002832
-0.004429
-0.005108
-0.002823
-0.000099
0.000112
-0.000593
0.001219
0.004667
0.004580
0.000549
-0.003944
-0.005736
-0.004571
-0.002979
-0.003542
-0.003578
-0.001693
0.001771
0.005321
0.008761
0.009734
0.006355
0.002421
-0.000142
-0.001280
-0.001851
-0.002024
-0.001559
-0.000688
-0.000753
-0.001902
-0.002810
-0.004260
-0.005543
-0.005529
-0.004514
-0.001955
0.002932
0.007583
0.009662
0.010742
0.011728
0.012173
0.011807
0.010293
0.007135
0.005455
0.004895
0.003990
0.003337
0.004419
0.007499
0.006572
0.002478
0.000003
-0.001294
0.000394
-0.003142
-0.003314
0.000514
0.005244
0.007365
0.007243
0.007395
0.009796
0.012617
0.011154
0.005945
0.001661
-0.000509
-0.001853
-0.002292
-0.000222
0.003397
0.006822
0.006625
0.003254
0.001597
0.003120
0.005488
0.004862
0.003247
0.005451
0.010127
0.013587
0.012383
0.008098
0.007382
0.009177
0.007955
0.003762
0.002035
0.002510
0.002066
0.001883
0.003920
0.004191
0.001822
0.000609
0.000986
0.000050
-0.000162
0.000682
0.002731
0.006286
0.007140
0.004095
-0.000235
-0.002644
-0.000740
0.003813
0.007041
0.010402
0.012858
0.011631
0.008611
0.005879
0.005418
0.006806
0.007565
0.007682
0.007422
0.006288
0.004417
0.002379
0.001217
0.001033
0.000449
-0.001933
-0.004090
-0.003207
-0.001611
-0.001430
-0.001968
-0.001474
0.001377
0.001784
0.000163
-0.001525
-0.003317
-0.003642
-0.003911
-0.004823
-0.003580
-0.000106
0.002788
0.003622
0.002605
0.000827
-0.000051
-0.000532
-0.001122
-0.001045
-0.001022
-0.000764
-0.000253
0.000400
0.001003
-0.000154
-0.002593
-0.004340
-0.004217
-0.003407
-0.003248
-0.004206
-0.003784
-0.004188
-0.005311
-0.006408
-0.007646
-0.007919
-0.007915
-0.008428
-0.008511
-0.007940
-0.007285
-0.006547
-0.005904
-0.006717
-0.007104
-0.004535
-0.001117
0.001844
0.003195
0.001810
-0.000955
-0.002687
-0.003462
-0.003753
-0.004323
-0.005055
-0.006523
-0.008634
-0.011556
-0.011676
-0.007741
-0.002644
0.001929
0.002767
-0.001759
-0.007002
-0.010510
-0.012028
-0.012501
-0.011890
-0.010478
-0.008223
-0.006599
-0.008106
-0.011077
-0.012362
-0.010316
-0.007225
-0.005927
-0.005134
-0.004309
-0.003413
-0.002442
-0.004665
-0.007615
-0.008592
-0.011883
-0.013686
-0.011681
-0.009282
-0.006840
-0.004107
-0.002546
-0.001566
-0.000766
0.000034
0.001355
0.002411
0.000669
-0.004210
-0.009324
-0.011640
-0.011427
-0.010662
-0.009661
-0.007651
-0.006602
-0.005815
-0.002770
0.000308
0.001007
0.000323
-0.000625
-0.001945
-0.001597
-0.000554
-0.000389
-0.000273
0.001758
0.001841
-0.002130
-0.005301
-0.005497
-0.002276
0.002333
0.002288
-0.002452
-0.008093
-0.009532
-0.008873
-0.009961
-0.012257
-0.012841
-0.010683
-0.005423
-0.000635
0.002229
0.003833
0.005084
0.004304
0.002130
-0.001533
-0.004319
-0.005150
-0.005665
-0.006442
-0.005686
-0.003166
-0.001755
0.000207
0.001237
0.000472
-0.000817
-0.002605
-0.002534
0.001873
0.006727
0.006136
0.000671
-0.005461
-0.009473
-0.008843
-0.006083
-0.006475
-0.006573
-0.003113
0.001894
0.004391
0.005107
0.006017
0.006769
0.004786
0.001046
-0.001229
-0.002972
-0.006347
-0.008093
-0.005739
-0.000702
0.004020
0.007267
0.007732
0.008335
0.008289
0.005591
0.003617
0.003962
0.005766
0.007504
0.008047
0.007413
0.005150
0.004448
0.003537
0.002867
0.003307
0.005179
0.009953
0.012737
0.012117
0.010736
0.011048
0.013250
0.013906
0.010243
0.004575
0.000960
-0.000788
-0.002074
-0.001141
0.000005
0.000571
0.003741
0.005996
0.006252
0.006301
0.007139
0.011155
0.016757
0.018842
0.017757
0.012548
0.010183
0.007523
0.005260
0.003403
0.002420
0.003453
0.006660
0.012717
0.016229
0.014133
0.010129
0.008015
0.005338
0.001125
-0.002226
-0.002695
-0.001039
0.001755
0.004354
0.004599
0.003848
0.002363
0.000524
0.000239
0.001030
0.003299
0.006027
0.007437
0.006499
0.003833
0.002771
0.003693
0.004673
0.002916
0.000131
0.000767
0.002487
0.001440
-0.001999
-0.003927
-0.003478
-0.002343
-0.001399
0.000629
0.001952
0.000983
0.000398
0.000773
0.003448
0.005312
0.003024
0.000078
-0.001112
-0.001206
-0.001418
-0.002056
-0.002248
-0.002313
-0.002014
-0.000428
0.001169
0.000968
-0.000388
-0.001298
-0.002064
-0.003765
-0.005352
-0.005408
-0.004805
-0.002951
0.000761
0.003025
0.001583
-0.000665
-0.002193
-0.002878
-0.003333
-0.004799
-0.005917
-0.006390
-0.005936
-0.005376
-0.004890
-0.003590
-0.003185
-0.002976
-0.002325
-0.003584
-0.003971
-0.004874
-0.008248
-0.010975
-0.009437
-0.006699
-0.005393
-0.006483
-0.007879
-0.007233
-0.004571
-0.000705
0.002223
0.001218
-0.000090
0.000912
0.003650
0.008570
0.011186
0.010256
0.005536
0.000310
-0.002083
-0.000838
0.000222
-0.001280
-0.004436
-0.006791
-0.008190
-0.008639
-0.008037
-0.007886
-0.007310
-0.004690
-0.000127
0.000638
-0.002547
-0.005683
-0.007012
-0.007631
-0.007428
-0.007809
-0.006463
-0.007331
-0.013146
-0.020230
-0.023086
-0.020822
-0.016630
-0.011829
-0.006982
-0.003781
-0.004650
-0.006894
-0.009570
-0.014148
-0.016970
-0.017861
-0.018221
-0.017721
-0.016594
-0.015722
-0.013220
-0.010237
-0.009226
-0.006446
-0.004679
-0.007076
-0.006832
-0.005456
-0.007286
-0.009142
-0.009396
-0.008705
-0.007845
-0.008132
-0.007639
-0.007127
-0.009457
-0.011422
-0.012197
-0.010701
-0.009070
-0.008940
-0.007801
-0.005010
-0.001994
-0.000548
-0.001950
-0.004430
-0.007777
-0.008893
-0.007734
-0.007761
-0.009833
-0.010241
-0.008822
-0.006720
-0.004907
-0.005903
-0.008932
-0.011008
-0.010641
-0.008971
-0.008699
-0.008549
-0.008140
-0.008224
-0.007186
-0.004244
-0.004148
-0.007943
-0.010322
-0.010735
-0.010547
-0.010369
-0.009741
-0.007648
-0.006571
-0.005736
-0.004191
-0.003261
-0.003083
-0.002941
-0.002514
-0.002795
-0.003946
-0.004742
-0.005473
-0.007136
-0.008163
-0.009044
-0.008926
-0.008888
-0.008992
-0.008858
-0.009308
-0.009878
-0.009675
-0.012895
-0.016331
-0.012324
-0.005690
-0.001364
0.000526
0.000734
-0.000731
-0.003480
-0.004918
-0.004263
-0.003280
-0.002877
-0.003706
-0.004004
-0.002729
-0.000515
0.001499
0.001961
0.001649
0.002151
0.003288
0.002332
0.000084
-0.001442
-0.001236
-0.000889
-0.000380
0.001678
0.000849
0.000347
0.001124
0.003355
0.006074
0.007358
0.007307
0.004928
0.000731
-0.003221
-0.005716
-0.003527
-0.001590
-0.003356
-0.005981
-0.007147
-0.005303
-0.001634
0.003018
0.006746
0.006681
0.004565
0.005788
0.008571
0.010642
0.011591
0.011613
0.008643
0.003899
0.002850
0.005045
0.006741
0.007728
0.009405
0.010253
0.009750
0.008432
0.007988
0.006828
0.004198
0.001597
0.001065
0.002582
0.006872
0.008760
0.010191
0.010875
0.010843
0.010225
0.009116
0.007479
0.004193
0.001809
0.001830
0.002875
0.003990
0.004816
0.007579
0.012240
0.016110
0.016732
0.016557
0.016235
0.014448
0.012844
0.010597
0.009504
0.012089
0.014217
0.013148
0.010734
0.006632
0.001884
-0.001127
-0.002087
-0.000388
0.002057
0.002876
0.002631
0.002659
0.003173
0.003494
0.003486
0.002354
0.000898
0.002733
0.007617
0.012018
0.012893
0.009843
0.005211
0.002532
0.001482
0.000703
0.001253
0.002612
0.003467
0.003376
0.002963
0.003092
0.004349
0.006858
0.006168
0.003622
0.002271
0.001527
0.003000
0.005877
0.008837
0.008950
0.008610
0.009648
0.011848
0.013907
0.014768
0.015216
0.015015
0.013050
0.010239
0.007660
0.006843
0.007612
0.005256
0.001297
-0.003034
-0.004264
-0.002734
-0.000870
0.001217
0.002301
0.002715
0.002067
0.000015
-0.000670
0.000260
0.000325
-0.000536
-0.001860
-0.000507
0.002977
0.005392
0.005938
0.005855
0.006371
0.005575
0.002453
-0.000299
0.000190
-0.001139
-0.004359
-0.003271
-0.001503
-0.001917
-0.003488
-0.006944
-0.009902
-0.010416
-0.008832
-0.005940
-0.003687
-0.002036
-0.001547
0.000557
0.001968
0.000833
0.000383
0.001404
0.000866
-0.000314
-0.000134
0.001413
0.000653
-0.000744
-0.001230
-0.001436
-0.001702
-0.002621
-0.003337
-0.003152
-0.000256
0.000577
-0.001804
-0.005626
-0.008577
-0.011045
-0.011567
-0.010158
-0.011581
-0.014574
-0.015715
-0.011712
-0.004178
0.002010
0.003579
-0.001140
-0.008383
-0.014519
-0.017925
-0.016969
-0.014045
-0.011884
-0.009568
-0.005505
-0.001133
-0.000446
-0.002401
-0.003698
-0.005460
-0.007012
-0.006069
-0.004983
-0.005361
-0.005033
-0.005792
-0.006020
-0.005754
-0.006544
-0.008119
-0.008635
-0.007437
-0.005806
-0.005011
-0.004199
-0.002310
-0.001820
-0.002423
-0.003824
-0.005777
-0.007857
-0.009549
-0.009363
-0.008995
-0.007903
-0.005767
-0.004362
-0.005752
-0.006979
-0.007542
-0.006700
-0.006283
-0.005088
-0.002521
-0.000162
0.000457
-0.000861
-0.002396
-0.002377
-0.001207
-0.002112
-0.003326
-0.001551
-0.000709
-0.001453
-0.001332
-0.001099
-0.001912
-0.002496
-0.002471
-0.003745
-0.005368
-0.006607
-0.007461
-0.006522
-0.004660
-0.001029
0.002287
0.004331
0.004019
0.001022
-0.002254
-0.004284
-0.004754
-0.003448
-0.001461
0.001102
0.002238
-0.001501
-0.005700
-0.006915
-0.006843
-0.006857
-0.007178
-0.007676
-0.007983
-0.008705
-0.008225
-0.006084
-0.002852
-0.001214
0.000573
0.003405
0.003522
0.002915
0.005531
0.006700
0.005175
0.003194
0.000587
-0.002598
-0.004313
-0.004426
-0.002099
0.000651
0.003327
0.004224
0.002181
0.000607
0.000279
0.000617
0.000533
0.000505
0.001639
0.003690
0.007225
0.009419
0.008613
0.006632
0.005144
0.003577
0.003578
0.004641
0.004404
0.003569
0.005267
0.008766
0.010964
0.011172
0.009716
0.008521
0.009261
0.010591
0.011013
0.009550
0.008000
0.004116
0.003019
0.003238
0.003179
0.004476
0.005212
0.006147
0.009327
0.011700
0.005895
0.003487
0.002628
0.000667
-0.000220
0.001381
0.006609
0.010974
0.011976
0.011684
0.011210
0.008382
0.002167
-0.000878
-0.001027
-0.001592
-0.002223
-0.001248
0.002178
0.006484
0.008009
0.006524
0.005492
0.005656
0.006180
0.006030
0.004571
0.003978
0.005716
0.006824
0.006061
0.003909
0.001717
-0.000204
-0.001858
-0.002041
-0.000669
0.001061
0.001519
0.002426
0.004276
0.003783
0.000838
-0.000948
-0.002320
-0.004095
-0.004758
-0.004308
-0.003627
-0.003033
-0.003376
-0.005017
-0.006854
-0.008574
-0.008224
-0.006996
-0.005225
-0.002991
-0.001023
0.000261
0.002077
0.003079
0.002146
0.001891
0.001739
0.001606
0.000341
-0.000507
0.001666
0.001271
-0.001759
-0.004446
-0.006702
-0.007890
-0.005909
-0.002880
0.000910
0.003028
0.003650
0.002167
-0.001041
-0.000622
0.002094
0.000999
-0.003330
-0.006105
-0.006301
-0.005219
-0.002771
-0.000731
0.000134
0.001198
0.002820
0.003227
0.000328
-0.003373
-0.005611
-0.004951
-0.002400
-0.002240
-0.005054
-0.009100
-0.008965
-0.005684
-0.000813
0.001705
0.001258
0.000118
-0.003694
-0.008592
-0.009248
-0.007870
-0.005700
-0.005315
-0.008432
-0.012317
-0.018122
-0.020912
-0.020275
-0.018856
-0.016803
-0.014345
-0.009980
-0.005374
-0.005061
-0.006624
-0.008075
-0.011402
-0.013558
-0.012795
-0.012098
-0.011691
-0.013829
-0.015197
-0.014494
-0.013932
-0.012518
-0.011941
-0.014076
-0.016472
-0.016748
-0.013040
-0.012005
-0.012612
-0.011041
-0.008729
-0.008130
-0.008512
-0.009251
-0.010308
-0.011312
-0.011695
-0.011705
-0.011907
-0.009416
-0.005741
-0.006612
-0.011427
-0.012540
-0.012657
-0.013427
-0.011273
-0.008159
-0.006610
-0.007050
-0.007751
-0.007920
-0.008405
-0.009147
-0.008286
-0.008539
-0.010686
-0.011809
-0.011556
-0.011251
-0.011709
-0.013424
-0.015650
-0.017344
-0.016302
-0.013566
-0.011321
-0.010027
-0.008769
-0.006702
-0.004269
-0.003454
-0.005729
-0.008206
-0.010128
-0.012922
-0.015473
-0.015874
-0.013165
-0.010712
-0.009324
-0.007501
-0.004034
-0.001294
-0.002256
-0.003055
-0.002392
-0.004086
-0.006055
-0.006017
-0.005467
-0.005134
-0.004897
-0.004629
-0.004952
-0.006186
-0.005528
-0.005640
-0.007786
-0.006850
-0.005033
-0.003133
0.000103
0.002144
0.002015
0.000302
-0.002085
-0.002912
-0.002675
-0.002529
-0.002792
-0.001715
-0.000481
0.001800
0.002860
0.000095
0.000661
0.002581
0.002058
0.000669
0.000181
-0.002058
-0.002983
-0.001254
-0.000425
-0.001260
-0.002741
-0.001509
0.000408
-0.000144
-0.002329
-0.003959
-0.004699
-0.005548
-0.004511
-0.003583
-0.003070
-0.002682
-0.001164
0.000894
0.001828
0.001715
0.000461
0.000918
0.001636
-0.000773
-0.004459
-0.006547
-0.006436
-0.005386
-0.003820
-0.000885
0.000661
-0.000268
-0.001474
-0.000432
0.000476
-0.000550
-0.001771
-0.001028
-0.001145
-0.001842
-0.001029
0.002032
0.005551
0.008398
0.010877
0.012562
0.012802
0.008413
0.003096
0.001331
0.001855
0.003693
0.005025
0.007828
0.009588
0.009295
0.009701
0.008353
0.005302
0.002628
0.000411
0.000136
0.001406
0.003714
0.001792
0.003794
0.006163
0.007086
0.007294
0.009274
0.011498
0.010600
0.009767
0.010192
0.009874
0.009014
0.007874
0.008053
0.007466
0.010126
0.012130
0.010223
0.008123
0.008482
0.007548
0.007273
0.008418
0.009289
0.010552
0.010533
0.009875
0.008842
0.008798
0.009432
0.007518
0.005795
0.005505
0.006541
0.005351
0.003167
0.002561
0.002626
0.002889
0.003133
0.004076
0.004596
0.005676
0.008426
0.011346
0.012035
0.009978
0.007465
0.004956
0.003645
0.004819
0.006512
0.007169
0.007747
0.006806
0.003622
0.000944
0.000926
0.003359
0.006352
0.008011
0.008136
0.006543
0.004589
0.002455
0.002497
0.003461
0.003332
0.003293
0.002370
0.002856
0.004820
0.006298
0.007302
0.005864
0.004113
0.001910
-0.002609
-0.005743
-0.005772
-0.003899
-0.000261
-0.000498
-0.000950
0.001341
0.003495
0.004532
0.004308
0.004859
0.006220
0.006186
0.006161
0.006383
0.005777
0.001742
-0.002945
-0.003819
-0.001179
0.002866
0.004458
0.002796
-0.000070
0.000387
0.004102
0.007416
0.009152
0.006800
0.000709
-0.005085
-0.007680
-0.006979
-0.006318
-0.006151
-0.005139
-0.004292
-0.003953
-0.003385
-0.004156
-0.005473
-0.004461
-0.002430
-0.001538
-0.001481
0.000055
0.003500
0.005542
0.003932
0.002428
0.002516
0.002441
-0.000733
-0.005728
-0.008556
-0.009501
-0.007738
-0.004493
-0.002860
-0.002569
-0.003206
-0.004145
-0.003584
-0.002848
-0.002718
-0.002269
-0.004326
-0.007781
-0.009580
-0.008893
-0.009907
-0.011809
-0.012404
-0.011122
-0.010723
-0.011230
-0.010936
-0.007152
-0.000825
0.003962
0.001932
-0.004290
-0.008120
-0.008138
-0.006473
-0.003069
-0.000437
0.000705
0.001311
0.002210
0.001250
-0.003125
-0.007858
-0.010579
-0.012086
-0.012632
-0.010696
-0.008840
-0.007763
-0.006429
-0.006002
-0.007527
-0.010202
-0.010814
-0.008518
-0.003862
0.001861
0.007042
0.010209
0.008732
0.003817
-0.001394
-0.004158
-0.004023
-0.002306
-0.001680
-0.000419
-0.000817
-0.002395
-0.001637
0.000383
-0.000351
-0.000885
0.000026
0.000723
0.002837
0.001852
-0.003133
-0.008270
-0.009172
-0.004470
-0.001297
-0.000912
-0.000919
-0.004163
-0.005593
-0.005028
-0.004127
-0.000888
0.001957
0.003211
0.003901
0.004735
0.006219
0.007429
0.007135
0.005557
0.001726
-0.002079
-0.004182
-0.004371
-0.003510
-0.003204
-0.003702
-0.004469
-0.005494
-0.006312
-0.004045
-0.001854
-0.002930
-0.001889
-0.000787
-0.001888
-0.001286
-0.000753
-0.000753
-0.000628
-0.000685
0.000399
0.002253
0.003037
0.002189
0.000309
-0.001153
-0.000255
0.000895
0.000084
-0.000079
0.001689
0.003905
0.005918
0.006766
0.008535
0.011821
0.014475
0.015199
0.014518
0.013591
0.009697
0.004678
0.002199
0.002997
0.004816
0.004711
0.004354
0.002566
-0.001532
-0.004781
-0.007076
-0.007202
-0.003955
-0.000081
0.002046
0.003951
0.006208
0.008094
0.009596
0.008609
0.005720
0.003848
0.002949
0.002870
0.003723
0.004354
0.003764
0.003854
0.005958
0.009998
0.014746
0.018787
0.018849
0.012629
0.010996
0.007867
0.006085
0.006123
0.003811
0.002096
0.003874
0.003586
0.004300
0.006411
0.006481
0.004321
0.003294
0.002166
0.000152
-0.002336
-0.002414
0.001415
0.004706
0.006387
0.006105
0.003654
0.001522
0.002072
0.004995
0.008699
0.008713
0.006357
0.004069
0.002778
0.004374
0.005926
0.004703
0.004100
0.005325
0.006962
0.007795
0.005171
0.000609
-0.001920
-0.006075
-0.011195
-0.012233
-0.010726
-0.008933
-0.006003
-0.001927
0.001406
0.001164
-0.000597
-0.000602
-0.002197
-0.005880
-0.008477
-0.008528
-0.005222
-0.001811
-0.002288
-0.003658
-0.002528
-0.001350
-0.001849
-0.003342
-0.001967
0.000496
0.002411
0.004023
0.004668
0.003631
0.001948
0.001804
0.000502
-0.002397
-0.004377
-0.006309
-0.006566
-0.002348
0.001476
0.002882
0.002982
0.002901
0.002612
0.000473
-0.001902
-0.001720
-0.001322
-0.002469
-0.003935
-0.004270
-0.004197
-0.005515
-0.005390
-0.004187
-0.003499
-0.002645
-0.002478
-0.002892
-0.004166
-0.003571
-0.002456
-0.000037
0.002457
0.001008
-0.002937
-0.007109
-0.007842
-0.006527
-0.006309
-0.006572
-0.007045
-0.007174
-0.006062
-0.004483
-0.005631
-0.009182
-0.010055
-0.010035
-0.010556
-0.011938
-0.011923
-0.007691
-0.003471
-0.001360
-0.003036
-0.006388
-0.005125
-0.002720
-0.003286
-0.005473
-0.007560
-0.009413
-0.011593
-0.013455
-0.014346
-0.012799
-0.011730
-0.011693
-0.012312
-0.012386
-0.013209
-0.015708
-0.017440
-0.017636
-0.017087
-0.016750
-0.017549
-0.019107
-0.017735
-0.016812
-0.017138
-0.016772
-0.016012
-0.016852
-0.016896
-0.013777
-0.010530
-0.010225
-0.011591
-0.012340
-0.010909
-0.010273
-0.011191
-0.011718
-0.011191
-0.009658
-0.009136
-0.010918
-0.014035
-0.017304
-0.019046
-0.018004
-0.015106
-0.011972
-0.008238
-0.005950
-0.006192
-0.007535
-0.011294
-0.012013
-0.010347
-0.006335
-0.001868
-0.001405
-0.001142
-0.001596
-0.003829
-0.006545
-0.010146
-0.011501
-0.012221
-0.012876
-0.012012
-0.008615
-0.003919
-0.001225
0.000125
-0.000001
-0.001305
-0.004987
-0.009393
-0.011288
-0.010805
-0.008975
-0.005368
-0.003098
-0.004120
-0.006507
-0.008431
-0.010360
-0.010255
-0.006878
-0.006394
-0.007314
-0.007341
-0.006572
-0.004268
-0.003043
-0.003469
-0.003155
-0.000857
0.002560
0.005936
0.005833
0.001480
-0.003121
-0.006509
-0.008543
-0.008034
-0.006193
-0.003553
-0.000817
0.000669
-0.000677
-0.003731
-0.006348
-0.007616
-0.007076
-0.005086
-0.003548
-0.003339
-0.003390
-0.004166
-0.004167
-0.003621
-0.005286
-0.004073
-0.001394
0.000394
0.002335
0.003972
0.004147
0.004366
0.004841
0.004274
0.002733
0.001854
0.001929
0.001546
0.002503
0.002452
0.002256
0.004426
0.007693
0.010654
0.012021
0.013911
0.015603
0.012319
0.006519
0.000124
-0.005080
-0.004557
-0.001409
-0.000397
0.000315
-0.000532
-0.002792
-0.003836
-0.004326
-0.003505
-0.002681
-0.001290
0.001132
0.001850
0.002385
0.003887
0.006292
0.008468
0.008235
0.008528
0.010981
0.013957
0.014199
0.013142
0.012851
0.014472
0.015616
0.013040
0.010065
0.012553
0.009600
0.006848
0.005430
0.003544
0.001517
0.001703
0.005315
0.009435
0.010810
0.009504
0.008674
0.005474
0.003160
0.003509
0.004735
0.005163
0.005613
0.009550
0.016173
0.022488
0.025399
0.022997
0.014485
0.005101
0.001928
0.005627
0.008837
0.007702
0.004366
0.003210
0.003263
0.005236
0.009383
0.013063
0.014183
0.013891
0.012027
0.010681
0.010905
0.011117
0.011086
0.008553
0.007174
0.005568
0.003361
0.003363
0.005027
0.006054
0.005282
0.005154
0.005329
0.006650
0.007664
0.007120
0.006770
0.006442
0.004460
0.001267
-0.000990
-0.000521
0.002885
0.006526
0.007012
0.006001
0.004995
0.005653
0.006341
0.005435
0.004317
0.005344
0.004811
0.003297
0.001147
-0.001245
-0.001436
-0.000631
-0.003042
-0.004537
-0.003729
-0.001511
0.001963
0.005359
0.007541
0.008653
0.007638
0.004703
0.002300
0.000583
0.000445
0.000570
-0.000808
-0.000961
0.000243
-0.000175
-0.001038
-0.000416
0.001479
0.002599
0.001464
-0.003048
-0.005654
-0.002973
-0.000432
-0.000595
-0.001988
-0.002302
-0.002905
-0.004797
-0.008226
-0.012280
-0.015470
-0.013140
-0.008517
-0.005609
0.001563
0.009057
0.009957
0.006168
0.001537
-0.000582
-0.001540
-0.002725
-0.003210
-0.004469
-0.006541
-0.005744
-0.006468
-0.006395
-0.004733
-0.005261
-0.007512
-0.010907
-0.011524
-0.009074
-0.006933
-0.005048
-0.004072
-0.003849
-0.005748
-0.006508
-0.005930
-0.003948
-0.000209
0.001435
0.000440
-0.001563
-0.005615
-0.007477
-0.006866
-0.008438
-0.008472
-0.008585
-0.010670
-0.010287
-0.007806
-0.006810
-0.005932
-0.006306
-0.008804
-0.011421
-0.011962
-0.011385
-0.010106
-0.009926
-0.008264
-0.009017
-0.010827
-0.009098
-0.005688
-0.001949
-0.000916
-0.003508
-0.007648
-0.011903
-0.012379
-0.009423
-0.005890
-0.002213
0.000628
0.002991
0.004080
0.003522
0.002182
-0.001546
-0.005496
-0.005149
-0.000782
0.004729
0.007106
0.006035
0.002048
-0.003061
-0.005175
-0.004555
-0.004229
-0.003254
-0.002343
-0.004271
-0.007794
-0.008621
-0.006347
-0.003279
-0.002441
-0.004588
-0.004801
-0.003761
-0.003252
-0.002641
-0.001138
0.001136
0.002564
0.003175
0.003144
0.002019
0.000311
-0.001601
-0.000257
0.002854
0.004380
0.002373
-0.001111
-0.001891
-0.001406
-0.002000
-0.002777
-0.003094
-0.002477
-0.001886
-0.001866
-0.002231
-0.002124
-0.000690
0.001726
0.000916
-0.000719
-0.000542
-0.001966
-0.005178
-0.006393
-0.005294
-0.003191
-0.003636
-0.006807
-0.010272
-0.009773
-0.008698
-0.008228
-0.007037
-0.003880
-0.001658
-0.001351
-0.000203
0.001403
0.003657
0.006719
0.008463
0.008318
0.007421
0.005978
0.005392
0.006290
0.007048
0.004803
0.002585
0.003143
0.005675
0.008175
0.010250
0.011775
0.011795
0.010365
0.009460
0.007947
0.006186
0.003163
0.000022
-0.001615
-0.002765
-0.003870
-0.002251
0.002070
0.005769
0.007247
0.005534
0.003661
0.003067
0.003217
0.005314
0.009043
0.011898
0.014766
0.018631
0.022128
0.024044
0.021536
0.015245
0.009491
0.007378
0.008473
0.006165
0.006712
0.005404
0.005465
0.006999
0.008220
0.008824
0.008634
0.007804
0.005966
0.003006
0.001212
-0.001198
-0.003777
-0.005370
-0.005871
-0.003251
-0.000555
-0.000512
0.000203
0.001700
0.002472
0.001952
0.002326
0.001614
0.000581
-0.000234
-0.000282
0.001964
0.003165
0.002732
0.000235
-0.000891
0.001045
0.003588
0.005629
0.006404
0.004889
0.003380
0.002379
0.001769
-0.000318
-0.002741
-0.004915
-0.005743
-0.005348
-0.004625
-0.004577
-0.005125
-0.004404
-0.002010
-0.003177
-0.004406
-0.003505
-0.002307
-0.000621
0.000806
-0.000013
-0.001496
-0.002980
-0.005584
-0.006703
-0.007419
-0.006672
-0.004086
-0.000267
0.003507
0.002033
-0.000442
0.000630
0.003946
0.004259
0.002546
0.000855
-0.002539
-0.006029
-0.007431
-0.006431
-0.004482
-0.002555
-0.001603
-0.003122
-0.006457
-0.009481
-0.010423
-0.010380
-0.009479
-0.006917
-0.003823
-0.001143
-0.001424
-0.003154
-0.004905
-0.007553
-0.007928
-0.007846
-0.007111
-0.004685
-0.002489
-0.002080
-0.001867
-0.000554
-0.000981
-0.002417
-0.006021
-0.008909
-0.009808
-0.008566
-0.004046
-0.000994
0.000249
0.001729
0.003060
0.002845
-0.000332
-0.003872
-0.004105
-0.002827
-0.003164
-0.004924
-0.004310
-0.003516
-0.005142
-0.007239
-0.008832
-0.009684
-0.009636
-0.008779
-0.007450
-0.006931
-0.006550
-0.006120
-0.007019
-0.010954
-0.013634
-0.012715
-0.010233
-0.009584
-0.011358
-0.013664
-0.015365
-0.014304
-0.013339
-0.014752
-0.014190
-0.012860
-0.012204
-0.010705
-0.010309
-0.011012
-0.010917
-0.011057
-0.011322
-0.010561
-0.008518
-0.006944
-0.009866
-0.013041
-0.013400
-0.013519
-0.013629
-0.013973
-0.013616
-0.011568
-0.007767
-0.004953
-0.005204
-0.007886
-0.011489
-0.014296
-0.015298
-0.015056
-0.014117
-0.013488
-0.011772
-0.009371
-0.008356
-0.008926
-0.010491
-0.011359
-0.010450
-0.008531
-0.006729
-0.007627
-0.008622
-0.009749
-0.009863
-0.009501
-0.010952
-0.011402
-0.009192
-0.007574
-0.009136
-0.011344
-0.009509
-0.006471
-0.006371
-0.006738
-0.007149
-0.010091
-0.011656
-0.012383
-0.014688
-0.017999
-0.019390
-0.015990
-0.011390
-0.007442
-0.005315
-0.004833
-0.007136
-0.009274
-0.009962
-0.011708
-0.011433
-0.009167
-0.008083
-0.009258
-0.011427
-0.011679
-0.011449
-0.010718
-0.007497
-0.003718
-0.001475
-0.000750
-0.003220
-0.005450
-0.004864
-0.004649
-0.005234
-0.004996
-0.004768
-0.005890
-0.006402
-0.004334
-0.004581
-0.005833
-0.007663
-0.010266
-0.011946
-0.013579
-0.015037
-0.016683
-0.017497
-0.016345
-0.012608
-0.007737
-0.004056
-0.001881
-0.001064
-0.000194
-0.000649
-0.002834
-0.004038
-0.003315
-0.001472
0.002868
0.008680
0.013113
0.013321
0.009667
0.006585
0.005938
0.003694
-0.001188
-0.001636
0.001334
0.004089
0.005229
0.003930
0.002785
0.001963
0.000887
0.002083
0.003830
0.003983
0.003571
0.003618
0.004940
0.007944
0.007828
0.004160
-0.000294
-0.004511
-0.006890
-0.007278
-0.006414
-0.003246
0.000224
0.001821
0.002496
0.003883
0.006256
0.009371
0.009550
0.007277
0.008139
0.007853
0.007218
0.014788
0.016544
0.013491
0.010206
0.009980
0.009736
0.008378
0.007143
0.006644
0.006026
0.006110
0.008138
0.009150
0.009435
0.010207
0.010534
0.011504
0.013060
0.012953
0.012215
0.011568
0.010432
0.009617
0.009498
0.007902
0.007195
0.006347
0.003084
0.001423
0.002741
0.004363
0.005107
0.006200
0.006352
0.003768
-0.000021
-0.003600
-0.003771
-0.000509
0.001823
0.002555
0.003705
0.005596
0.008530
0.009713
0.008492
0.009496
0.009116
0.007771
0.008383
0.009050
0.011747
0.013279
0.011445
0.009452
0.008051
0.005986
0.002888
0.000991
-0.000071
-0.000147
0.001069
0.002553
0.004082
0.005738
0.006803
0.006904
0.008262
0.009058
0.007236
0.005409
0.002917
0.001434
0.001381
0.002177
0.003590
0.002257
-0.002244
-0.006975
-0.007067
-0.004847
-0.000078
0.004103
0.003920
0.005998
0.005488
0.001785
-0.000379
-0.001336
-0.001337
0.001086
0.004881
0.007696
0.007729
0.004276
0.000641
-0.000638
0.001461
0.003715
0.003398
0.004037
0.004711
0.002682
0.000565
0.000702
0.002081
0.003261
0.004081
0.001073
-0.002566
-0.003331
-0.003998
-0.005038
-0.006135
-0.006493
-0.004029
-0.003157
-0.002393
-0.001293
-0.000809
0.000132
0.001053
0.001914
0.001245
0.001136
