0.000010
0.010697
0.042985
0.094298
0.144143
0.173487
0.184927
0.188652
0.184783
0.164316
0.130241
0.094531
0.054803
0.003595
-0.061700
-0.152982
-0.253636
-0.336970
-0.395147
-0.435661
-0.457949
-0.464576
-0.468033
-0.474390
-0.495112
-0.529456
-0.562546
-0.590407
-0.616534
-0.650019
-0.692799
-0.736277
-0.770700
-0.778090
-0.761114
-0.743675
-0.734298
-0.731051
-0.742533
-0.767396
-0.787149
-0.791686
-0.788169
-0.771166
-0.757131
-0.751503
-0.743358
-0.729311
-0.715562
-0.704765
-0.696148
-0.680272
-0.653765
-0.629029
-0.616853
-0.613600
-0.618471
-0.615334
-0.606521
-0.608638
-0.619695
-0.637101
-0.660761
-0.690366
-0.721284
-0.754417
-0.784636
-0.811271
-0.840163
-0.857401
-0.867676
-0.881725
-0.900634
-0.913189
-0.913470
-0.897051
-0.859652
-0.808282
-0.763630
-0.744906
-0.762378
-0.789344
-0.812748
-0.839003
-0.860463
-0.877174
-0.890256
-0.911043
-0.935366
-0.949570
-0.949048
-0.931233
-0.915152
-0.918596
-0.922076
-0.913132
-0.902531
-0.898301
-0.910860
-0.944610
-0.990702
-1.041970
-1.092268
-1.144259
-1.202860
-1.263090
-1.309641
-1.341308
-1.360935
-1.378281
-1.411498
-1.444382
-1.464931
-1.488841
-1.523224
-1.559779
-1.586405
-1.597502
-1.594136
-1.582015
-1.569223
-1.562485
-1.557091
-1.556340
-1.566664
-1.583563
-1.607404
-1.643920
-1.679660
-1.707653
-1.736656
-1.768939
-1.805184
-1.838545
-1.872732
-1.924665
-1.993913
-2.067904
-2.147206
-2.238075
-2.338918
-2.438854
-2.536872
-2.625682
-2.688048
-2.720648
-2.729461
-2.722503
-2.719586
-2.734526
-2.771329
-2.827156
-2.892124
-2.955387
-3.009067
-3.058960
-3.122627
-3.198012
-3.276038
-3.358485
-3.432624
-3.488227
-3.532838
-3.571473
-3.604517
-3.638364
-3.664002
-3.669762
-3.660376
-3.647869
-3.651972
-3.676437
-3.720686
-3.785567
-3.850934
-3.904948
-3.961206
-4.009039
-4.043354
-4.078904
-4.117524
-4.155888
-4.195442
-4.233719
-4.276499
-4.323491
-4.369824
-4.408854
-4.447903
-4.489483
-4.517585
-4.531689
-4.543180
-4.551977
-4.567672
-4.600825
-4.647002
-4.702041
-4.766753
-4.827207
-4.874125
-4.904840
-4.921578
-4.943127
-4.979330
-5.024145
-5.068676
-5.102482
-5.120957
-5.132416
-5.137278
-5.148384
-5.177267
-5.223232
-5.284551
-5.347962
-5.400632
-5.440431
-5.463121
-5.471874
-5.483875
-5.500684
-5.511408
-5.526720
-5.552662
-5.581092
-5.608315
-5.626384
-5.645915
-5.672915
-5.701939
-5.733109
-5.763032
-5.791610
-5.834768
-5.899882
-5.973948
-6.050750
-6.116143
-6.162097
-6.199533
-6.229189
-6.244111
-6.254051
-6.271168
-6.297885
-6.328483
-6.345551
-6.346445
-6.345553
-6.348367
-6.340409
-6.312047
-6.283498
-6.277725
-6.297376
-6.327031
-6.349923
-6.363619
-6.380524
-6.398115
-6.405509
-6.393466
-6.361011
-6.308291
-6.249581
-6.210405
-6.194085
-6.192738
-6.197939
-6.205924
-6.214619
-6.220751
-6.221952
-6.223633
-6.232134
-6.246150
-6.268682
-6.298901
-6.329580
-6.355149
-6.366836
-6.351501
-6.310469
-6.258065
-6.199426
-6.134711
-6.066987
-6.000754
-5.942502
-5.901770
-5.870170
-5.841425
-5.817508
-5.797146
-5.770678
-5.726833
-5.688689
-5.674325
-5.674400
-5.663201
-2.532042
-2.531643
-2.532225
-2.510813
-2.462197
-2.401374
-2.341230
-2.280121
-2.205132
-2.113904
-2.031012
-1.977979
-1.949531
-1.933536
-1.925255
-1.919505
-1.901933
-1.863691
-1.805922
-1.749434
-1.712454
-1.685174
-1.649344
-1.600066
-1.554399
-1.517958
-1.468822
-1.392808
-1.296938
-1.208086
-1.143934
-1.083959
-1.013835
-0.950876
-0.912006
-0.882959
-0.851226
-0.822218
-0.794147
-0.753911
-0.711499
-0.682148
-0.659490
-0.634697
-0.615497
-0.597807
-0.575396
-0.541145
-0.486487
-0.426897
-0.384816
-0.367692
-0.364388
-0.350147
-0.310083
-0.251460
-0.173275
-0.080983
0.004284
0.072300
0.124682
0.174261
0.231497
0.292812
0.354730
0.415333
0.469849
0.514043
0.546683
0.572464
0.596755
0.617478
0.624683
0.619914
0.620532
0.630153
0.640356
0.647068
0.656532
0.682606
0.711335
0.730808
0.740505
0.739894
0.737739
0.734435
0.725934
0.724488
0.743129
0.778659
0.819288
0.854419
0.879533
0.899495
0.916260
0.929203
0.942460
0.955827
0.970648
0.988789
1.011506
1.038609
1.060131
1.068669
1.067823
1.067946
1.072977
1.079628
1.081434
1.086024
1.088267
1.083769
1.072173
1.051834
1.027853
1.001815
0.970897
0.937517
0.905625
0.876367
0.850872
0.829119
0.803063
0.775494
0.763768
0.772929
0.800374
0.836903
0.866640
0.881327
0.886701
0.888071
0.887789
0.884109
0.875891
0.858855
0.829305
0.782555
0.734793
0.709399
0.713105
0.742951
0.777677
0.786623
0.765593
0.724512
0.674786
0.622340
0.573333
0.532353
0.504307
0.485641
0.458450
0.414330
0.362866
0.323116
0.301060
0.286377
0.276128
0.270480
0.269836
0.274627
0.266560
0.241526
0.210944
0.161669
0.102312
0.054746
0.021231
0.001964
-0.001494
0.003971
0.014824
0.029962
0.049241
0.075720
0.107949
0.130041
0.124302
0.089457
0.041443
-0.005371
-0.047883
-0.084816
-0.110457
-0.130266
-0.145489
-0.142853
-0.122123
-0.096955
-0.075456
-0.059304
-0.050842
-0.040728
-0.024917
-0.008287
0.009000
0.038090
0.067780
0.074858
0.063882
0.051594
0.057548
0.089826
0.121803
0.126762
0.099388
0.063406
0.030609
-0.008986
-0.062009
-0.118288
-0.161413
-0.173624
-0.158373
-0.126995
-0.086612
-0.039215
0.003722
0.034160
0.043525
0.036977
0.026093
0.012948
-0.004101
-0.016757
-0.015141
-0.005670
0.014870
0.041502
0.063794
0.078498
0.082804
0.087402
0.117213
0.174781
0.228821
0.251396
0.238737
0.203007
0.170823
0.154405
0.135404
0.115769
0.116100
0.145167
0.188807
0.237051
0.290896
0.349530
0.397252
0.423710
0.437168
0.440821
0.425314
0.399925
0.388175
0.405567
0.450008
0.512656
0.577622
0.645853
0.713889
0.766583
0.808147
0.852013
0.906511
0.970804
1.038007
1.101490
1.151832
1.198220
1.239475
1.276771
1.316242
1.365926
1.442525
1.534764
1.623036
1.702885
1.784083
1.877624
1.974925
2.051483
2.095921
2.120133
2.134805
2.142398
2.155364
2.174765
2.197266
2.237827
2.291211
2.345964
2.400959
2.460760
2.543571
2.658487
-2.889030
2.888217
-0.353277
-0.293823
-0.249631
-0.218420
-0.197852
-0.182929
-0.162108
-0.122917
-0.049047
0.044829
0.126572
0.185251
0.231718
0.262659
0.269112
0.255964
0.239888
0.233296
0.242736
0.267045
0.292768
0.314246
0.327361
0.330139
0.331325
0.337107
0.355699
0.389421
0.430748
0.466473
0.486944
0.501196
0.520291
0.544487
0.558534
0.557000
0.559389
0.572067
0.579226
0.567008
0.544282
0.524745
0.512079
0.504879
0.509249
0.521159
0.527501
0.530583
0.535923
0.556718
0.588136
0.606183
0.606962
0.601058
0.595122
0.588382
0.577866
0.565956
0.553437
0.542349
0.540184
0.547210
0.553154
0.551411
0.544645
0.533674
0.512834
0.482484
0.451395
0.423709
0.406804
0.411154
0.428746
0.438615
0.436092
0.425057
0.409617
0.390641
0.362545
0.327986
0.291286
0.257541
0.227073
0.199950
0.180858
0.164190
0.148535
0.136439
0.116796
0.094305
0.066338
0.019248
-0.043208
-0.096429
-0.133635
-0.163462
-0.199154
-0.241371
-0.278342
-0.298782
-0.296027
-0.275703
-0.260692
-0.253213
-0.240264
-0.211807
-0.155128
-0.083533
-0.017690
0.020571
0.028649
0.023276
0.025067
0.032454
0.030491
0.009347
-0.026486
-0.071827
-0.121714
-0.170086
-0.219178
-0.265820
-0.297780
-0.303532
-0.304707
-0.323783
-0.360106
-0.402986
-0.448114
-0.490659
-0.534254
-0.569447
-0.609003
-0.681303
-0.793821
-0.922764
-1.039086
-1.131708
-1.197126
-1.235043
-1.254913
-1.279987
-1.318024
-1.371510
-1.451247
-1.547222
-1.648464
-1.751899
-1.852503
-1.946583
-2.035521
-2.110041
-2.167424
-2.218987
-2.254635
-2.280207
-2.319568
-2.357619
-2.387939
-2.428944
-2.480771
-2.534185
-2.583699
-2.628338
-2.674605
-2.717922
-2.758105
-2.811286
-2.875233
-2.943130
-3.002081
-3.051550
-3.100420
-3.143100
-3.170359
-3.181042
-3.184027
-3.195470
-3.221337
-3.266283
-3.317247
-3.360948
-3.404317
-3.459293
-3.516586
-3.566040
-3.603642
-3.630946
-3.663976
-3.714261
-3.776392
-3.836361
-3.886761
-3.935759
-3.984048
-4.029777
-4.075629
-4.115567
-4.138972
-4.162398
-4.207920
-4.266981
-4.328308
-4.388371
-4.447215
-4.502163
-4.544942
-4.581401
-4.613224
-4.636542
-4.654771
-4.672072
-4.688422
-4.702099
-4.717463
-4.739670
-4.766463
-4.797428
-4.837815
-4.883580
-4.933825
-4.982978
-5.031670
-5.081221
-5.130624
-5.183044
-5.239091
-5.294086
-5.367309
-5.459880
-5.529159
-5.560245
-5.566785
-5.562613
-5.557550
-5.561531
-5.581424
-5.609121
-5.632431
-5.649621
-5.664699
-5.685016
-5.707448
-5.722818
-5.725456
-5.716348
-5.704167
-5.692948
-5.678004
-5.655699
-5.638252
-5.633927
-5.639153
-5.643930
-5.646729
-5.645985
-5.632728
-5.623639
-5.616950
-5.605770
-5.582047
-5.543296
-5.497759
-5.452753
-5.421395
-5.413552
-5.427416
-5.454794
-5.469534
-5.473559
-5.488098
-5.517924
-5.554656
-5.581746
-5.588883
-5.570015
-5.530558
-5.492084
-5.466037
-5.433299
-5.384952
-5.325075
-5.260029
-5.194697
-5.145852
-5.123867
-5.107389
-5.077534
-5.037243
-4.990942
-4.934887
-4.874031
-4.816396
-4.766593
-4.719462
-4.679158
-4.654031
-4.643836
-10.636318
-4.607522
-2.097052
-2.032499
-1.959831
-1.883293
-1.806850
-1.733822
-1.667027
-1.609472
-1.570664
-1.545437
-1.520013
-1.488571
-1.450751
-1.408222
-1.349892
-1.264934
-1.157913
-1.047436
-0.938053
-0.830603
-0.733464
-0.645526
-0.570485
-0.501805
-0.418431
-0.322944
-0.233673
-0.158337
-0.106589
-0.082133
-0.074983
-0.073412
-0.062134
-0.036679
-0.006249
0.022959
0.052339
0.084636
0.118862
0.152947
0.180196
0.198776
0.227631
0.284347
0.366262
0.453321
0.522970
0.566286
0.594621
0.617298
0.635932
0.657971
0.687842
0.722399
0.756380
0.788137
0.820575
0.859947
0.913356
0.962563
0.997296
1.024765
1.048566
1.081283
1.130575
1.196490
1.262561
1.326256
1.395941
1.478563
1.573217
1.672915
1.775101
1.875859
1.965262
2.038784
2.098183
2.153218
2.212299
2.257325
2.279404
2.276714
2.267040
2.266356
2.276197
2.297342
2.324068
2.352679
2.377515
2.391150
2.401464
2.417434
2.434015
2.445984
2.450833
2.464271
2.498262
2.546652
2.599064
2.651860
2.708275
2.760754
2.795517
2.814314
2.835615
2.849055
2.844029
2.845275
2.856795
2.866368
2.867232
2.848219
2.811057
2.768877
2.733897
2.714176
2.706445
2.707077
2.709258
2.722517
2.743250
2.756946
2.767625
2.784432
2.799064
2.808278
2.819964
2.841951
2.860966
2.873105
2.883085
2.891994
2.899100
2.900472
2.897249
2.894649
2.908524
2.927145
2.932036
2.914965
2.880972
2.832820
2.781666
2.738552
2.687217
2.618690
2.543533
2.491250
2.482180
2.508647
2.544126
2.552546
2.519442
2.451150
2.363322
2.280945
2.215267
2.161873
2.121608
2.104455
2.112162
2.123662
2.123916
2.116753
2.099628
2.073919
2.053958
2.040592
2.025474
2.012638
1.995764
1.977718
1.961226
1.940000
1.909341
1.875325
1.847869
1.829555
1.815607
1.805951
1.806880
1.810810
1.811527
1.804193
1.785412
1.754617
1.714482
1.675711
1.639268
1.609209
1.591363
1.581602
1.564204
1.539860
1.511970
1.488375
1.467006
1.452643
1.453395
1.468298
1.486914
1.497665
1.499264
1.500874
1.508893
1.511657
1.507512
1.513198
1.523647
1.530198
1.537866
1.547213
1.552159
1.553704
1.555300
1.549301
1.533550
1.510237
1.481686
1.458277
1.445341
1.453288
1.480479
1.519504
1.556813
1.577082
1.578702
1.568504
1.555312
1.549729
1.556253
1.578172
1.606742
1.613438
1.595483
1.570374
1.545474
1.520346
1.493226
1.462930
1.430625
1.393760
1.359586
1.338005
1.334474
1.339345
1.354281
1.386002
1.419314
1.450376
1.497855
1.553395
1.601192
1.638204
1.660536
1.664478
1.658394
1.651585
1.657895
1.679692
1.716372
1.757784
1.787376
1.807617
1.825349
1.844609
1.863479
1.882625
1.908803
1.947051
2.005587
2.076549
2.142542
2.196755
2.242067
2.278127
2.313758
2.354937
2.394394
2.428961
2.473150
2.537160
2.613495
2.690964
2.760132
2.822676
2.889696
2.964539
3.042165
3.111780
3.172840
3.211859
3.244568
3.278388
3.311645
3.352099
3.396631
3.446458
-6.917815
3.577044
-0.203824
-0.188243
-0.177541
-0.178027
-0.183532
-0.179829
-0.146155
-0.087452
-0.022989
0.039757
0.099707
0.143361
0.151336
0.141833
0.131500
0.117849
0.100434
0.088420
0.095872
0.127821
0.168238
0.199917
0.225511
0.251889
0.281121
0.309362
0.329112
0.345196
0.370897
0.402730
0.430093
0.444983
0.447285
0.438652
0.420782
0.402304
0.392266
0.392760
0.396467
0.405591
0.425416
0.442563
0.443125
0.433616
0.416262
0.388561
0.356853
0.327671
0.302642
0.281329
0.258026
0.225208
0.181905
0.128975
0.078251
0.034556
0.000841
-0.020487
-0.031039
-0.034499
-0.027274
-0.013995
-0.006069
0.000428
0.006354
0.011718
0.009432
0.002152
0.007589
0.010470
-0.004557
-0.035142
-0.078542
-0.128569
-0.167199
-0.188666
-0.188429
-0.175945
-0.159706
-0.151483
-0.161453
-0.169231
-0.161774
-0.160888
-0.184779
-0.224080
-0.263892
-0.297148
-0.316566
-0.324573
-0.327766
-0.325136
-0.313484
-0.299425
-0.301712
-0.325344
-0.361964
-0.394723
-0.412670
-0.429005
-0.460411
-0.514051
-0.566276
-0.599523
-0.605071
-0.595990
-0.588609
-0.587024
-0.606925
-0.654551
-0.705461
-0.748020
-0.778182
-0.806652
-0.853597
-0.923398
-1.027206
-1.147851
-1.266104
-1.377812
-1.479790
-1.570039
-1.637320
-1.679624
-1.720822
-1.770845
-1.828495
-1.904061
-1.990528
-2.070910
-2.145353
-2.215688
-2.296994
-2.385523
-2.470156
-2.552140
-2.626654
-2.698367
-2.782766
-2.881416
-2.981971
-3.061386
-3.134969
-3.212023
-3.279936
-3.334522
-3.385584
-3.438670
-3.495884
-3.559129
-3.628137
-3.699363
-3.770705
-3.843321
-3.901829
-3.939494
-3.982406
-4.053214
-4.130749
-4.209292
-4.292584
-4.363848
-4.417221
-4.461291
-4.507377
-4.556876
-4.606651
-4.658584
-4.714086
-4.763949
-4.814585
-4.877042
-4.945677
-5.012890
-5.078692
-5.147741
-5.227624
-5.321422
-5.425971
-5.525178
-5.608859
-5.679524
-5.742283
-5.797366
-5.840198
-5.868770
-5.892591
-5.929581
-5.980955
-6.043396
-6.122088
-6.215958
-6.312740
-6.394289
-6.461607
-6.520890
-6.569802
-6.598622
-6.611129
-6.628353
-6.649852
-6.667180
-6.693678
-6.730975
-6.767980
-6.802277
-6.835319
-6.867579
-6.898727
-6.932024
-6.972357
-7.009177
-7.046965
-7.096976
-7.141191
-7.174527
-7.196498
-7.199612
-7.190771
-7.182209
-7.182931
-7.197165
-7.216475
-7.235354
-7.254105
-7.274730
-7.289629
-7.297797
-7.292774
-7.281350
-7.285776
-7.286922
-7.276806
-7.269405
-7.269755
-7.272810
-7.288970
-7.311048
-7.323835
-7.332047
-7.344957
-7.366080
-7.380035
-7.383167
-7.389922
-7.409284
-7.437073
-7.467868
-7.502762
-7.531558
-7.555067
-7.575939
-7.594897
-7.605382
-7.603775
-7.595731
-7.587598
-7.586084
-7.581198
-7.571485
-7.575162
-7.599926
-7.636833
-7.673299
-7.703754
-7.725171
-7.729576
-7.725101
-7.726042
-7.734180
-7.736781
-7.734322
-7.737422
-7.747266
-7.753160
-7.760165
-7.771832
-7.779881
-7.772103
-7.746195
-7.705745
-7.652278
-7.589769
-7.526147
-7.487539
-7.478702
-7.478791
-7.474187
-7.457229
-7.431014
-7.387818
-7.334457
-7.283030
-7.229783
-7.184992
-7.158587
-7.148319
-7.151248
-16.326412
-7.130667
-1.934227
-1.906246
-1.866503
-1.812748
-1.753348
-1.692662
-1.620563
-1.535634
-1.455913
-1.381040
-1.303713
-1.228183
-1.157561
-1.093473
-1.028335
-0.966508
-0.889421
-0.800882
-0.723332
-0.657889
-0.590473
-0.528509
-0.468209
-0.401424
-0.329729
-0.250905
-0.172301
-0.097569
-0.028825
0.039557
0.111477
0.172403
0.223471
0.272856
0.328108
0.376515
0.412313
0.444509
0.477003
0.510956
0.546211
0.586802
0.630377
0.680065
0.745511
0.827903
0.914716
0.990308
1.051960
1.099482
1.139510
1.186242
1.242538
1.302377
1.365436
1.423103
1.462504
1.486536
1.510340
1.547844
1.602289
1.666595
1.732099
1.788544
1.833941
1.867202
1.900509
1.939201
1.977313
2.015257
2.047833
2.083151
2.129740
2.184918
2.245876
2.298555
2.341154
2.370783
2.373989
2.358876
2.343671
2.339521
2.356392
2.372171
2.385423
2.411727
2.449971
2.493381
2.534837
2.579329
2.631963
2.684662
2.737578
2.792307
2.844084
2.873119
2.875463
2.872938
2.885908
2.922567
2.969318
3.007931
3.031531
3.058580
3.107094
3.174231
3.250781
3.313426
3.341153
3.335913
3.315911
3.299960
3.287663
3.276224
3.269889
3.267086
3.265031
3.265225
3.259782
3.245445
3.235504
3.236030
3.241024
3.246035
3.259764
3.293538
3.339686
3.377566
3.408203
3.440793
3.474063
3.489791
3.477213
3.448570
3.414462
3.390068
3.383736
3.386502
3.390790
3.391403
3.386647
3.385071
3.387712
3.391149
3.397225
3.391552
3.366035
3.330139
3.298075
3.260128
3.211238
3.158902
3.113864
3.071059
3.025273
2.981060
2.958378
2.971756
3.012372
3.041225
3.034336
3.005409
2.976417
2.957151
2.957714
2.973756
2.996732
3.023506
3.055704
3.082576
3.084284
3.058581
3.017026
2.966637
2.912955
2.870000
2.837189
2.810251
2.791090
2.774634
2.749618
2.709434
2.665839
2.635561
2.631991
2.661028
2.719567
2.796057
2.864143
2.904426
2.915054
2.910118
2.906315
2.912457
2.922147
2.938912
2.952946
2.957616
2.966502
2.986937
3.003122
3.016135
3.034166
3.056020
3.089906
3.118253
3.118289
3.089096
3.054984
3.048123
3.059594
3.073026
3.086067
3.080626
3.067470
3.057931
3.053668
3.067781
3.098171
3.135940
3.177715
3.224097
3.279093
3.341169
3.401752
3.453320
3.482708
3.489960
3.484823
3.478298
3.476513
3.476456
3.473518
3.466616
3.454797
3.439272
3.436833
3.446181
3.448475
3.455879
3.469031
3.475706
3.485865
3.499105
3.512571
3.527628
3.543687
3.566843
3.600819
3.639021
3.671808
3.693498
3.707056
3.726128
3.752087
3.773641
3.794609
3.825880
3.869957
3.925793
3.986742
4.057774
4.147301
4.251660
4.360031
4.464430
4.563697
4.641075
4.690013
4.725164
4.765147
4.815454
4.864767
4.911067
4.945680
4.955351
4.945343
4.921581
4.896804
4.890683
4.906995
4.935744
4.975956
5.029896
5.095387
5.169846
5.238603
5.290677
5.331909
5.367890
5.403361
5.443531
5.487094
5.527134
5.567549
5.619927
5.695573
5.798630
-8.843804
6.025278
-0.096244
-0.040943
-0.003583
0.023538
0.050851
0.064932
0.069223
0.083716
0.096549
0.113386
0.142177
0.171252
0.187867
0.198502
0.202561
0.195025
0.173248
0.151032
0.150741
0.169296
0.197498
0.223998
0.236256
0.236120
0.238851
0.257935
0.297869
0.337517
0.363453
0.376329
0.381739
0.396093
0.419254
0.435387
0.448163
0.468420
0.498801
0.534656
0.556226
0.552390
0.534515
0.493148
0.422391
0.345269
0.276405
0.217537
0.175514
0.157040
0.157872
0.157415
0.146681
0.135556
0.115021
0.073211
0.016284
-0.041163
-0.079653
-0.098533
-0.119954
-0.149219
-0.172131
-0.188292
-0.207082
-0.234302
-0.253787
-0.258903
-0.252504
-0.236536
-0.216746
-0.203298
-0.200039
-0.197916
-0.203149
-0.224884
-0.258239
-0.302803
-0.348536
-0.369839
-0.369231
-0.360547
-0.351314
-0.342640
-0.335626
-0.340847
-0.359321
-0.376246
-0.390701
-0.411508
-0.440717
-0.472389
-0.504018
-0.543410
-0.582315
-0.614523
-0.642855
-0.666118
-0.688105
-0.712244
-0.743739
-0.771309
-0.791452
-0.796718
-0.786450
-0.783359
-0.802730
-0.846301
-0.894141
-0.934559
-0.973727
-1.014204
-1.057181
-1.100706
-1.137669
-1.165320
-1.199382
-1.253824
-1.313746
-1.374775
-1.440537
-1.516043
-1.592849
-1.646513
-1.676993
-1.696225
-1.725733
-1.774888
-1.816845
-1.844630
-1.874954
-1.916679
-1.969090
-2.031126
-2.105040
-2.189193
-2.278095
-2.357835
-2.431434
-2.505066
-2.582543
-2.660729
-2.743834
-2.841377
-2.948924
-3.057593
-3.163098
-3.266687
-3.374903
-3.492140
-3.601610
-3.705846
-3.811965
-3.915997
-4.015649
-4.120147
-4.225091
-4.312442
-4.381506
-4.449145
-4.524900
-4.605192
-4.677506
-4.746322
-4.820433
-4.897295
-4.970555
-5.034269
-5.094094
-5.163326
-5.249865
-5.354841
-5.469668
-5.578658
-5.671346
-5.746196
-5.799911
-5.841187
-5.884523
-5.935919
-6.008971
-6.086165
-6.153628
-6.197683
-6.216017
-6.231762
-6.246031
-6.262835
-6.292377
-6.337600
-6.403605
-6.477560
-6.555975
-6.638384
-6.715839
-6.774029
-6.805476
-6.821361
-6.828998
-6.836795
-6.851760
-6.887627
-6.948544
-7.020096
-7.089116
-7.148170
-7.186877
-7.213018
-7.245122
-7.290503
-7.346413
-7.412943
-7.479064
-7.526414
-7.571576
-7.621799
-7.671760
-7.717241
-7.749613
-7.774804
-7.801972
-7.827493
-7.840570
-7.834810
-7.810297
-7.785999
-7.785933
-7.811934
-7.857144
-7.913579
-7.966335
-8.008060
-8.034775
-8.045870
-8.048475
-8.059319
-8.088218
-8.132428
-8.184258
-8.233042
-8.270386
-8.299082
-8.326612
-8.354103
-8.386109
-8.418275
-8.448233
-8.489311
-8.523743
-8.542206
-8.548876
-8.542126
-8.523797
-8.502545
-8.478481
-8.450747
-8.426023
-8.410416
-8.400778
-8.391869
-8.385732
-8.374022
-8.362185
-8.351242
-8.327801
-8.285652
-8.226734
-8.159975
-8.082080
-7.994512
-7.925979
-7.890798
-7.892282
-7.924133
-7.953705
-7.965802
-7.973397
-7.978923
-7.991954
-8.020676
-8.057287
-8.097601
-8.132786
-8.162245
-8.182237
-8.186597
-8.185013
-8.178625
-8.162153
-8.130802
-8.086433
-8.043667
-8.000323
-7.944229
-7.872039
-7.799345
-7.733185
-7.668858
-7.595425
-7.515491
-19.893826
-7.377125
-0.789102
-0.718278
-0.662978
-0.615538
-0.578814
-0.553852
-0.527976
-0.481582
-0.411523
-0.333397
-0.262573
-0.196134
-0.147619
-0.112201
-0.074734
-0.030264
0.016584
0.066019
0.138087
0.248122
0.394248
0.556919
0.705715
0.805637
0.851669
0.879387
0.928215
0.995357
1.055888
1.097228
1.131869
1.166719
1.212759
1.282458
1.373159
1.470234
1.565667
1.650517
1.727764
1.806450
1.886546
1.966536
2.032035
2.089583
2.137828
2.173435
2.209005
2.253992
2.304818
2.351204
2.396909
2.443684
2.498082
2.558287
2.615274
2.670185
2.723223
2.764861
2.788169
2.798399
2.811132
2.843322
2.896544
2.952856
3.003551
3.048277
3.096313
3.148021
3.194517
3.234640
3.280701
3.323782
3.358276
3.380547
3.389027
3.396180
3.407948
3.406301
3.396502
3.391634
3.399639
3.427668
3.475274
3.535355
3.601518
3.661443
3.704458
3.733879
3.753317
3.771794
3.790804
3.801940
3.812625
3.830787
3.846938
3.858600
3.874389
3.901378
3.934952
3.962148
3.963737
3.950743
3.953353
3.970445
3.986430
3.994366
4.000714
4.003940
3.996702
3.970204
3.920732
3.853017
3.798457
3.769984
3.757493
3.785073
3.854234
3.927054
3.976884
3.999223
4.008768
4.012469
4.009245
4.003388
3.990649
3.966532
3.947587
3.925196
3.904044
3.893268
3.880136
3.854498
3.809575
3.760963
3.726106
3.703261
3.691012
3.684200
3.678562
3.661982
3.641036
3.623384
3.617045
3.632112
3.656550
3.675218
3.682359
3.666252
3.639446
3.616076
3.583676
3.551073
3.517736
3.472282
3.428811
3.399260
3.375163
3.355846
3.334195
3.298226
3.247411
3.193825
3.144062
3.102328
3.062299
3.032264
2.998333
2.954378
2.920374
2.905770
2.912170
2.923849
2.920080
2.892128
2.839537
2.783998
2.745095
2.726306
2.728628
2.747241
2.779601
2.818664
2.855026
2.884079
2.891708
2.876345
2.862710
2.874032
2.917051
2.973800
3.024546
3.052567
3.051583
3.038678
3.029068
3.021326
3.019181
3.022055
3.013858
2.985530
2.952625
2.932989
2.931149
2.934010
2.924113
2.912328
2.906456
2.904152
2.905571
2.915431
2.938075
2.968660
3.002544
3.036169
3.063796
3.082652
3.091844
3.109376
3.144443
3.187645
3.218522
3.228654
3.233745
3.241346
3.245697
3.245779
3.244273
3.246730
3.253083
3.259866
3.264544
3.269533
3.282269
3.308623
3.330140
3.342308
3.356070
3.362078
3.349789
3.330367
3.316837
3.315311
3.310753
3.286944
3.242444
3.200307
3.164285
3.131338
3.105824
3.099276
3.106593
3.116786
3.134506
3.162207
3.203285
3.262085
3.330819
3.398481
3.460784
3.515257
3.567009
3.623915
3.684934
3.732864
3.767874
3.806028
3.858786
3.925917
4.004851
4.092670
4.180775
4.260675
4.334960
4.399835
4.453700
4.489011
4.504869
4.510017
4.507599
4.498256
4.498282
4.523826
4.571516
4.628651
4.676814
4.714839
4.749759
4.785553
4.833277
4.902291
4.987481
5.088758
5.211843
5.354779
5.508586
5.647899
5.751109
5.821379
-11.428066
5.921426
-0.934351
-0.902545
-0.878185
-0.853461
-0.819935
-0.779377
-0.735357
-0.692446
-0.654341
-0.626809
-0.616260
-0.616030
-0.629669
-0.658141
-0.695791
-0.736411
-0.762138
-0.772555
-0.782844
-0.789087
-0.786763
-0.780028
-0.776298
-0.770479
-0.768862
-0.773371
-0.782815
-0.792761
-0.789977
-0.780323
-0.773146
-0.780365
-0.794077
-0.796644
-0.784544
-0.760662
-0.732401
-0.713086
-0.702695
-0.698102
-0.696874
-0.707372
-0.731442
-0.767421
-0.807635
-0.845145
-0.878087
-0.910541
-0.946104
-0.977605
-0.995633
-1.020585
-1.052597
-1.079371
-1.099278
-1.109563
-1.111665
-1.118465
-1.133731
-1.157772
-1.197348
-1.243520
-1.293576
-1.339285
-1.370089
-1.378733
-1.365570
-1.361145
-1.371361
-1.375735
-1.361287
-1.344614
-1.337167
-1.339161
-1.360499
-1.401514
-1.450213
-1.492923
-1.524520
-1.545202
-1.560398
-1.584399
-1.627667
-1.688417
-1.754876
-1.821303
-1.882478
-1.928858
-1.957394
-1.970499
-1.985189
-2.009524
-2.043764
-2.093107
-2.144249
-2.194175
-2.238847
-2.268688
-2.285373
-2.299486
-2.312413
-2.318151
-2.326543
-2.342918
-2.379685
-2.433082
-2.491908
-2.543620
-2.569168
-2.576888
-2.577226
-2.568982
-2.553180
-2.539057
-2.543845
-2.569769
-2.598214
-2.620554
-2.646033
-2.682756
-2.716753
-2.746606
-2.785879
-2.837123
-2.896971
-2.960835
-3.023683
-3.080990
-3.130151
-3.176008
-3.219483
-3.260393
-3.306451
-3.375076
-3.459252
-3.538356
-3.603354
-3.664742
-3.736355
-3.821206
-3.915807
-4.004317
-4.087297
-4.178423
-4.266393
-4.346813
-4.423518
-4.491687
-4.557690
-4.627853
-4.697634
-4.768371
-4.840794
-4.909112
-4.966056
-5.014403
-5.079820
-5.163643
-5.249692
-5.336517
-5.423944
-5.513065
-5.599555
-5.673481
-5.724655
-5.758697
-5.793434
-5.843192
-5.913469
-5.999838
-6.092155
-6.183622
-6.270602
-6.354633
-6.428977
-6.489517
-6.544352
-6.602567
-6.669376
-6.740495
-6.806103
-6.860837
-6.905596
-6.955912
-7.012363
-7.075802
-7.140243
-7.202316
-7.272391
-7.345060
-7.404913
-7.455223
-7.514697
-7.587182
-7.649544
-7.694623
-7.738802
-7.784935
-7.833612
-7.899304
-7.974156
-8.053616
-8.146802
-8.259249
-8.379511
-8.479654
-8.552933
-8.603398
-8.641891
-8.677506
-8.726007
-8.786293
-8.850309
-8.924442
-8.996909
-9.055611
-9.106973
-9.164442
-9.234535
-9.306475
-9.377611
-9.445466
-9.495609
-9.524966
-9.541784
-9.553865
-9.579763
-9.618664
-9.654024
-9.688038
-9.725799
-9.762495
-9.798010
-9.839804
-9.883932
-9.915482
-9.948101
-9.988030
-10.038805
-10.104788
-10.180317
-10.265121
-10.358482
-10.461790
-10.570653
-10.674011
-10.756744
-10.811951
-10.846230
-10.867249
-10.881983
-10.890180
-10.899145
-10.918849
-10.943787
-10.963367
-10.972143
-10.956362
-10.907567
-10.833273
-10.757667
-10.703070
-10.666370
-10.633570
-10.613461
-10.620973
-10.630995
-10.624042
-10.601498
-10.572594
-10.551235
-10.536467
-10.526271
-10.521467
-10.509345
-10.487854
-10.467033
-10.450665
-10.437023
-10.419120
-10.386591
-10.356387
-10.347792
-10.364504
-10.404312
-10.456024
-10.507865
-10.552521
-10.577367
-10.581347
-10.575069
-10.563999
-10.544676
-10.511897
-10.461794
-10.411736
-10.376108
-10.336466
-25.641859
-10.235622
-1.841125
-1.723571
-1.623178
-1.541248
-1.460292
-1.380219
-1.307221
-1.240716
-1.176789
-1.116681
-1.056544
-0.985083
-0.907984
-0.829323
-0.746174
-0.661052
-0.570270
-0.470453
-0.371104
-0.275886
-0.184407
-0.099568
-0.019555
0.059715
0.129854
0.196014
0.257301
0.299824
0.332752
0.373177
0.422833
0.476685
0.536765
0.597672
0.643737
0.668042
0.671781
0.674469
0.695787
0.730423
0.769228
0.814634
0.870972
0.944197
1.024086
1.096856
1.175443
1.251958
1.320891
1.393470
1.469941
1.561870
1.662591
1.752720
1.831230
1.901493
1.959835
2.000437
2.030108
2.053566
2.076598
2.106776
2.145574
2.193067
2.249891
2.312791
2.376504
2.448166
2.524423
2.590216
2.645517
2.686497
2.718926
2.750954
2.787528
2.832240
2.869363
2.880759
2.865026
2.848625
2.844894
2.868536
2.916166
2.962688
3.021168
3.076954
3.111729
3.134285
3.151608
3.169123
3.200639
3.253997
3.323570
3.393573
3.443979
3.473697
3.496359
3.531319
3.579346
3.625584
3.675324
3.728529
3.769553
3.797606
3.825418
3.860211
3.901159
3.946773
3.975383
3.983198
3.986736
3.986649
3.980801
3.968914
3.955124
3.955582
3.961176
3.971263
3.987790
4.007213
4.032071
4.062272
4.097520
4.129051
4.160082
