0.007097
0.018547
0.024547
0.020399
0.007995
-0.010349
-0.036822
-0.057961
-0.066596
-0.083691
-0.117146
-0.154861
-0.201672
-0.268471
-0.355620
-0.452714
-0.557198
-0.672855
-0.808912
-0.958630
-1.114099
-1.281766
-1.449559
-1.601920
-1.746623
-1.882424
-2.008920
-2.134969
-2.265330
-2.387189
-2.496624
-2.588710
-2.655226
-2.697359
-2.714406
-2.713659
-2.706139
-2.685632
-2.647500
-2.606051
-2.574506
-2.555171
-2.545334
-2.533902
-2.527624
-2.544930
-2.575808
-2.604926
-2.617564
-2.629053
-2.664872
-2.714039
-2.768069
-2.831438
-2.907260
-2.976883
-3.020448
-3.040178
-3.039372
-3.025259
-3.016749
-3.011381
-2.996365
-2.969778
-2.939815
-2.918641
-2.918141
-2.927200
-2.929886
-2.935488
-2.949617
-2.972973
-2.991511
-3.005007
-3.019341
-3.037866
-3.067694
-3.109075
-3.146943
-3.184276
-3.219364
-3.243910
-3.262341
-3.275042
-3.267716
-3.238568
-3.203303
-3.156042
-3.105754
-3.070487
-3.050999
-3.039362
-3.036005
-3.057286
-3.086723
-3.101814
-3.100286
-3.082195
-3.044306
-2.982266
-2.897908
-2.799080
-2.674672
-2.511064
-2.310747
-2.081574
-1.834679
-1.584136
-1.355219
-1.163938
-1.025201
-0.947713
-0.932954
-0.987497
-1.099671
-1.258920
-1.456675
-1.660128
-1.838554
-1.983214
-2.096906
-2.201441
-2.314193
-2.424367
-2.518616
-2.588245
-2.626936
-2.638522
-2.637262
-2.629526
-2.611454
-2.579306
-2.525528
-2.454952
-2.383318
-2.332438
-2.300614
-2.279891
-2.262982
-2.239415
-2.206105
-2.161140
-2.114711
-2.078177
-2.042019
-2.011468
-2.002618
-1.989932
-1.953088
-1.883332
-1.783332
-1.663926
-1.526006
-1.369218
-1.197592
-0.997496
-0.752967
-0.468120
-0.147194
0.196682
0.549216
0.873742
1.132342
1.298648
1.350299
1.303228
1.206510
1.100147
1.000603
0.894320
0.775347
0.667667
0.594499
0.567464
0.572128
0.581521
0.589030
0.608329
0.640003
0.662334
0.668484
0.657585
0.626039
0.588422
0.562941
0.553471
0.562236
0.582592
0.612891
0.641401
0.661208
0.689103
0.715625
0.730920
0.734278
0.726470
0.719946
0.725976
0.746042
0.766752
0.788086
0.819677
0.852380
0.875251
0.880340
0.877329
0.879710
0.880286
0.870652
0.842029
0.802233
0.772501
0.756550
0.756756
0.771945
0.794191
0.816796
0.833258
0.842491
0.853366
0.866555
0.881898
0.893087
0.895494
0.889500
0.881021
0.883266
0.900726
0.907989
0.899109
0.888654
0.885033
0.875446
0.855638
0.837274
0.816964
0.793605
0.773722
0.738045
0.695203
0.663883
0.649376
0.649478
0.663936
0.696825
0.746363
0.795532
0.828747
0.840989
0.831594
0.809717
0.772929
0.711312
0.622993
0.521740
0.407123
0.281267
0.151041
0.016927
-0.119072
-0.237162
-0.331614
-0.409932
-0.492015
-0.598149
-0.722941
-0.841512
-0.947471
-1.041713
-1.135735
-1.252416
-1.383024
-1.510880
-1.637562
-1.761133
-1.875093
-1.975762
-2.067897
-2.145150
-2.196348
-2.211885
-2.185620
-2.104230
-1.965993
-1.790973
-1.612312
-1.454176
-1.320170
-1.222470
-1.170682
-1.159490
-1.186558
-1.243179
-1.332557
-1.442137
-1.548101
-1.632929
-1.682700
-1.700944
-1.690835
-1.648286
-0.513606
-0.437186
-0.355774
-0.277635
-0.210785
-0.147204
-0.079561
-0.025692
-0.002066
-0.005960
-0.041326
-0.083957
-0.114007
-0.136407
-0.157068
-0.178964
-0.213463
-0.265012
-0.338269
-0.441451
-0.576411
-0.737909
-0.914755
-1.093712
-1.261814
-1.413432
-1.544875
-1.656205
-1.755778
-1.861970
-1.976828
-2.093266
-2.217210
-2.350296
-2.483847
-2.606134
-2.726615
-2.856773
-2.973940
-3.051303
-3.082288
-3.076625
-3.054165
-3.033564
-3.027805
-3.040583
-3.059906
-3.072736
-3.082612
-3.089832
-3.100192
-3.117798
-3.135881
-3.151889
-3.180548
-3.205606
-3.215448
-3.223439
-3.230976
-3.235986
-3.240087
-3.251105
-3.274950
-3.310151
-3.347618
-3.377171
-3.389224
-3.384619
-3.375148
-3.373913
-3.390079
-3.414927
-3.434432
-3.438811
-3.430134
-3.426931
-3.441751
-3.472493
-3.506300
-3.529151
-3.539474
-3.548408
-3.561365
-3.575993
-3.578187
-3.565124
-3.550999
-3.539360
-3.520699
-3.489968
-3.446631
-3.390379
-3.327303
-3.268783
-3.227432
-3.203614
-3.184801
-3.166767
-3.149573
-3.116332
-3.048455
-2.941445
-2.789973
-2.595698
-2.373218
-2.136883
-1.885893
-1.600791
-1.283312
-0.945322
-0.604785
-0.274118
0.022651
0.244546
0.369343
0.394406
0.323530
0.151133
-0.116390
-0.447881
-0.811261
-1.179446
-1.536120
-1.860790
-2.127625
-2.322911
-2.441933
-2.479750
-2.444798
-2.356729
-2.223935
-2.056119
-1.881008
-1.709935
-1.559581
-1.437265
-1.345916
-1.291626
-1.265641
-1.255568
-1.255820
-1.263248
-1.262280
-1.242905
-1.214721
-1.177381
-1.129997
-1.080485
-1.038467
-1.005380
-0.965862
-0.903285
-0.800325
-0.650852
-0.467510
-0.246967
0.020818
0.331161
0.663695
1.005932
1.345661
1.667132
1.962275
2.199917
2.348508
2.399630
2.355068
2.230224
2.048858
1.836420
1.619960
1.429846
1.291729
1.208308
1.190970
1.221915
1.285704
1.363247
1.424595
1.463638
1.492012
1.521619
1.557888
1.606918
1.673830
1.753690
1.825321
1.862408
1.864272
1.834743
1.788696
1.738065
1.697245
1.679929
1.681137
1.690440
1.700086
1.699659
1.692040
1.676432
1.654743
1.644178
1.645298
1.651050
1.659138
1.659672
1.660923
1.681283
1.731643
1.809903
1.900855
1.986554
2.033026
2.041399
2.048214
2.068591
2.097799
2.134259
2.170095
2.207802
2.249323
2.288247
2.307290
2.294663
2.256612
2.215814
2.182421
2.159749
2.145125
2.121453
2.095742
2.079561
2.070411
2.066685
2.064459
2.064783
2.071988
2.086486
2.105656
2.129058
2.155365
2.184090
2.229259
2.278238
2.320496
2.360850
2.388036
2.390222
2.372529
2.329371
2.262337
2.185525
2.105880
2.015043
1.913091
1.802754
1.682265
1.543685
1.403613
1.285263
1.185789
1.096373
1.001075
0.897081
0.779799
0.639230
0.476628
0.321795
0.177591
0.036754
-0.094401
-0.233344
-0.381570
-0.523940
-0.643313
-0.725092
-0.773802
-0.798109
-0.786174
-0.725717
-0.617671
-0.473776
-0.321412
-0.188432
-0.092440
-0.058098
-0.094178
-0.183232
-0.286683
-0.375296
-0.442584
-0.493839
-0.523704
-0.523430
-0.507010
-0.490709
-0.466413
-0.430451
-2.082510
-0.357862
-0.965042
-0.947729
-0.940461
-0.938928
-0.938234
-0.939590
-0.944088
-0.948831
-0.956681
-0.981192
-1.020743
-1.073237
-1.134627
-1.213278
-1.325365
-1.473495
-1.638370
-1.795891
-1.943724
-2.087406
-2.223479
-2.349432
-2.458848
-2.549400
-2.633454
-2.709982
-2.796285
-2.911844
-3.053161
-3.204117
-3.349862
-3.499465
-3.669882
-3.864076
-4.058554
-4.229324
-4.382045
-4.509967
-4.611798
-4.696019
-4.753284
-4.780846
-4.790958
-4.798173
-4.807281
-4.818007
-4.828957
-4.836013
-4.838295
-4.835189
-4.834429
-4.843762
-4.868164
-4.886837
-4.886008
-4.869881
-4.858345
-4.857738
-4.865829
-4.884110
-4.908104
-4.930378
-4.950143
-4.966745
-4.976512
-4.979827
-4.987356
-5.009575
-5.046200
-5.084442
-5.117095
-5.150148
-5.173668
-5.178584
-5.166614
-5.146364
-5.142713
-5.170852
-5.223776
-5.278544
-5.313837
-5.337066
-5.358010
-5.359579
-5.341182
-5.319302
-5.303572
-5.293780
-5.295559
-5.319025
-5.353118
-5.380376
-5.398719
-5.402310
-5.394123
-5.389711
-5.371433
-5.298912
-5.169005
-4.990903
-4.772210
-4.521793
-4.252249
-3.981830
-3.719576
-3.461927
-3.200597
-2.939496
-2.692828
-2.465499
-2.245684
-2.012597
-1.775514
-1.555980
-1.366137
-1.222024
-1.129071
-1.101662
-1.164019
-1.317544
-1.550177
-1.830287
-2.134907
-2.445105
-2.754284
-3.053970
-3.322685
-3.538515
-3.683372
-3.744825
-3.735883
-3.681606
-3.584463
-3.443718
-3.270194
-3.093537
-2.936935
-2.799454
-2.682009
-2.583860
-2.509904
-2.455037
-2.408622
-2.373358
-2.338330
-2.309730
-2.303418
-2.317866
-2.341269
-2.353699
-2.335621
-2.291449
-2.224236
-2.130471
-2.014492
-1.879897
-1.717274
-1.494263
-1.204167
-0.866204
-0.518463
-0.198188
0.079312
0.324284
0.528360
0.677553
0.768696
0.788118
0.725543
0.596453
0.428076
0.256237
0.114658
0.019676
-0.012002
0.024678
0.111256
0.228423
0.356421
0.472002
0.556016
0.593815
0.597703
0.584448
0.570378
0.574674
0.590504
0.611090
0.632135
0.647450
0.659990
0.669289
0.678394
0.694834
0.718343
0.731217
0.727621
0.725604
0.738039
0.774921
0.826296
0.873128
0.915167
0.949228
0.974703
0.988343
0.994825
0.995710
1.002055
1.021590
1.049864
1.081355
1.107448
1.125227
1.145666
1.174648
1.204377
1.233596
1.258966
1.266561
1.254333
1.227883
1.193160
1.167599
1.163320
1.174172
1.197284
1.224075
1.243294
1.250922
1.247310
1.237523
1.235934
1.238353
1.250919
1.285370
1.325375
1.350675
1.354349
1.341624
1.335427
1.346110
1.370795
1.403970
1.435831
1.460478
1.470318
1.450902
1.401146
1.320739
1.217519
1.122436
1.056109
1.016094
0.976168
0.912548
0.821235
0.706947
0.573374
0.437288
0.309666
0.202534
0.116870
0.040062
-0.036583
-0.135249
-0.272386
-0.442338
-0.617868
-0.778851
-0.924803
-1.061469
-1.189960
-1.280229
-1.325010
-1.341931
-1.324565
-1.279003
-1.218566
-1.141948
-1.047200
-0.933208
-0.802294
-0.676084
-0.575253
-0.489412
-0.429998
-0.417101
-0.448594
-0.504574
-0.572610
-0.638960
-0.683702
-0.709289
-0.726291
-0.729601
-0.724162
-0.715823
-3.844474
-0.663745
0.574106
0.625400
0.691085
0.767572
0.838127
0.895037
0.936920
0.954323
0.955938
0.937693
0.893105
0.828855
0.752032
0.659278
0.540556
0.394174
0.227372
0.065447
-0.084743
-0.235117
-0.379493
-0.501765
-0.612524
-0.731288
-0.859699
-0.989517
-1.121659
-1.258074
-1.396753
-1.536937
-1.675362
-1.814734
-1.949710
-2.060509
-2.138668
-2.195560
-2.248758
-2.302662
-2.347170
-2.397670
-2.474059
-2.572736
-2.685179
-2.802859
-2.918042
-3.021590
-3.118149
-3.198925
-3.254638
-3.286949
-3.293228
-3.284687
-3.273472
-3.274292
-3.277903
-3.273941
-3.272987
-3.285817
-3.315534
-3.357298
-3.392754
-3.404309
-3.387393
-3.348231
-3.305158
-3.278153
-3.273630
-3.288369
-3.300956
-3.298926
-3.286529
-3.269608
-3.255888
-3.254104
-3.256447
-3.249247
-3.214347
-3.166205
-3.133445
-3.124084
-3.125606
-3.125297
-3.122321
-3.110005
-3.104254
-3.125457
-3.172626
-3.239902
-3.309774
-3.356588
-3.378633
-3.387151
-3.385696
-3.370940
-3.336518
-3.266169
-3.170258
-3.049785
-2.889917
-2.691554
-2.462991
-2.205743
-1.939149
-1.679470
-1.431246
-1.192726
-0.953294
-0.710180
-0.458473
-0.184903
0.104846
0.393530
0.627382
0.763385
0.808785
0.789504
0.723129
0.598530
0.405763
0.156489
-0.132258
-0.458547
-0.818481
-1.171653
-1.478822
-1.710401
-1.856040
-1.910890
-1.873088
-1.754247
-1.584693
-1.400826
-1.231991
-1.095612
-0.995988
-0.931267
-0.874735
-0.817958
-0.767484
-0.721612
-0.674612
-0.626796
-0.578011
-0.529894
-0.488964
-0.451965
-0.428804
-0.415392
-0.390316
-0.340789
-0.276024
-0.208169
-0.134156
-0.055887
0.038459
0.166323
0.327339
0.532705
0.787510
1.077419
1.396306
1.711509
1.990086
2.228490
2.403888
2.483876
2.479264
2.402191
2.258569
2.062450
1.837982
1.613141
1.401742
1.229699
1.114308
1.047251
1.013785
1.001008
1.005983
1.042013
1.096412
1.133601
1.151011
1.169873
1.206519
1.249044
1.266103
1.263430
1.246727
1.222751
1.201214
1.177821
1.136263
1.090420
1.063739
1.066350
1.077997
1.080893
1.063091
1.013193
0.955569
0.914534
0.891235
0.873094
0.869203
0.868666
0.866137
0.879224
0.895025
0.894161
0.874355
0.839527
0.793644
0.750181
0.711048
0.685146
0.678963
0.692774
0.721211
0.759895
0.806506
0.849757
0.882574
0.910029
0.934494
0.953421
0.967170
0.988886
1.023097
1.051842
1.050626
1.019917
0.983255
0.965291
0.971956
0.986847
1.010196
1.039854
1.076177
1.126094
1.186930
1.266025
1.347997
1.416381
1.505336
1.637791
1.779164
1.896671
1.973904
1.996427
1.954140
1.849272
1.697316
1.517383
1.323616
1.134849
0.953552
0.773540
0.602063
0.441687
0.302037
0.181326
0.064735
-0.036011
-0.104667
-0.152106
-0.205240
-0.283006
-0.391539
-0.519914
-0.652428
-0.779005
-0.887229
-0.971852
-1.034881
-1.081798
-1.101358
-1.084964
-1.043441
-0.993226
-0.933841
-0.855046
-0.751922
-0.639423
-0.525247
-0.425508
-0.343192
-0.276345
-0.245559
-0.256050
-0.307939
-0.392325
-0.481374
-0.555250
-0.597323
-0.599626
-0.573626
-0.530336
-4.749386
-0.387641
-1.440084
-1.349112
-1.255549
-1.166470
-1.094723
-1.044805
-1.013127
-0.974599
-0.936448
-0.925149
-0.943775
-0.984849
-1.037619
-1.088619
-1.129670
-1.180669
-1.252271
-1.347956
-1.461411
-1.591913
-1.749340
-1.926708
-2.114503
-2.309651
-2.510965
-2.716023
-2.923500
-3.145834
-3.388779
-3.640709
-3.892277
-4.146705
-4.396127
-4.633244
-4.846210
-5.021809
-5.152879
-5.238400
-5.283040
-5.312247
-5.334337
-5.346796
-5.341884
-5.327383
-5.312132
-5.306777
-5.312876
-5.321298
-5.316585
-5.295866
-5.276522
-5.263011
-5.247536
-5.221193
-5.185839
-5.151049
-5.124376
-5.116794
-5.131658
-5.157933
-5.171553
-5.171399
-5.171299
-5.169823
-5.155609
-5.133068
-5.127413
-5.127405
-5.116308
-5.117235
-5.140255
-5.169884
-5.194803
-5.212461
-5.228232
-5.251638
-5.275482
-5.294721
-5.306280
-5.298682
-5.283684
-5.276936
-5.283106
-5.301394
-5.318609
-5.316294
-5.289297
-5.248069
-5.214160
-5.191532
-5.174508
-5.168604
-5.174033
-5.176460
-5.167790
-5.165046
-5.169427
-5.170520
-5.162933
-5.124525
-5.038562
-4.909033
-4.749298
-4.580504
-4.420285
-4.249012
-4.035443
-3.784298
-3.513199
-3.221895
-2.903308
-2.557206
-2.207608
-1.878734
-1.575933
-1.299032
-1.056807
-0.857731
-0.727518
-0.688514
-0.772590
-1.004754
-1.373026
-1.844647
-2.377587
-2.918880
-3.429234
-3.871836
-4.219572
-4.444499
-4.515371
-4.432050
-4.223386
-3.941163
-3.656844
-3.420348
-3.245896
-3.124652
-3.057172
-3.059258
-3.111797
-3.187201
-3.290833
-3.409086
-3.511041
-3.610949
-3.699798
-3.740981
-3.738069
-3.710871
-3.673737
-3.629401
-3.549575
-3.421497
-3.245680
-3.017120
-2.738034
-2.405209
-2.021323
-1.599932
-1.147761
-0.674527
-0.246835
0.080120
0.307452
0.435254
0.466473
0.422261
0.308180
0.130724
-0.099181
-0.357691
-0.622981
-0.871626
-1.082369
-1.238232
-1.317157
-1.315286
-1.245651
-1.138169
-1.024241
-0.922266
-0.851484
-0.808727
-0.789457
-0.787317
-0.789473
-0.784724
-0.770139
-0.752974
-0.724774
-0.670800
-0.589226
-0.495912
-0.411870
-0.332620
-0.251130
-0.180577
-0.136544
-0.125731
-0.127217
-0.143469
-0.180673
-0.235975
-0.293513
-0.333302
-0.347949
-0.341102
-0.318937
-0.286300
-0.254924
-0.215021
-0.164076
-0.115856
-0.082810
-0.065787
-0.065098
-0.075032
-0.093642
-0.127338
-0.178301
-0.234401
-0.278981
-0.293270
-0.284509
-0.263833
-0.228985
-0.183377
-0.141793
-0.110763
-0.079545
-0.049439
-0.027768
-0.014880
-0.008645
-0.005292
0.006823
0.038410
0.089264
0.145466
0.199070
0.244073
0.285707
0.332665
0.394001
0.458310
0.493926
0.490277
0.462245
0.429153
0.396816
0.374178
0.361343
0.355665
0.340135
0.288782
0.212614
0.117103
-0.004149
-0.150205
-0.311297
-0.474870
-0.633802
-0.787645
-0.943143
-1.102519
-1.270128
-1.440082
-1.608188
-1.767270
-1.912032
-2.053170
-2.208058
-2.374913
-2.532246
-2.674208
-2.791507
-2.868277
-2.875518
-2.797265
-2.641704
-2.431482
-2.189953
-1.932185
-1.675511
-1.446661
-1.270607
-1.173978
-1.167269
-1.244632
-1.373729
-1.511566
-1.639343
-1.741790
-1.803308
-1.810729
-1.766233
-1.687777
-7.975334
-1.483554
0.422911
0.504499
0.565911
0.591807
0.586058
0.569995
0.545322
0.507759
0.474936
0.448461
0.417151
0.378722
0.332528
0.281593
0.217659
0.131069
0.024185
-0.095575
-0.223400
-0.358594
-0.499989
-0.638450
-0.767104
-0.894095
-1.033289
-1.195509
-1.375193
-1.560260
-1.739050
-1.921337
-2.101444
-2.265054
-2.408003
-2.539754
-2.669814
-2.792922
-2.918136
-3.050912
-3.184458
-3.316584
-3.452559
-3.589531
-3.720292
-3.853099
-3.980345
-4.084618
-4.145110
-4.157650
-4.133254
-4.090361
-4.047144
-4.006866
-3.976834
-3.962692
-3.955023
-3.947504
-3.941548
-3.937010
-3.940093
-3.957194
-3.986152
-3.993862
-3.974064
-3.950584
-3.919198
-3.883303
-3.858153
-3.840437
-3.814648
-3.785868
-3.761648
-3.739887
-3.716974
-3.688576
-3.658786
-3.631215
-3.606123
-3.597903
-3.615106
-3.649369
-3.679791
-3.694962
-3.701919
-3.696186
-3.687616
-3.682554
-3.696220
-3.745971
-3.827018
-3.913629
-3.984457
-4.043341
-4.085667
-4.102499
-4.094770
-4.069008
-4.035172
-3.994486
-3.935849
-3.851986
-3.720188
-3.519236
-3.247486
-2.933059
-2.608176
-2.299449
-2.015305
-1.750769
-1.484695
-1.203652
-0.913626
-0.618443
-0.326550
-0.036290
0.218917
0.402822
0.520828
0.582006
0.571571
0.479484
0.298719
0.040226
-0.265936
-0.601318
-0.952364
-1.293706
-1.598154
-1.841942
-1.987767
-2.020832
-1.959753
-1.836387
-1.676165
-1.493839
-1.306899
-1.155068
-1.057664
-0.988329
-0.934543
-0.881443
-0.823084
-0.766716
-0.705952
-0.630054
-0.532179
-0.413620
-0.291753
-0.171315
-0.068995
0.019232
0.109390
0.202808
0.298667
0.403767
0.535624
0.700899
0.906350
1.154618
1.433529
1.714552
1.988261
2.253898
2.483886
2.658386
2.759567
2.786469
2.750346
2.669147
2.556650
2.429894
2.323911
2.257675
2.223186
2.211046
2.214974
2.251534
2.328295
2.426397
2.510469
2.572400
2.619380
2.653707
2.680749
2.696542
2.709957
2.734368
2.769275
2.814895
2.856280
2.877006
2.886444
2.881366
2.857876
2.829427
2.803565
2.785688
2.789851
2.809725
2.835159
2.861477
2.889855
2.922847
2.964273
3.012650
3.064012
3.110172
3.145349
3.171963
3.187996
3.191164
3.188128
3.195336
3.216845
3.233828
3.231501
3.214013
3.192180
3.177672
3.164269
3.143230
3.120234
3.104136
3.083573
3.057325
3.023479
2.988360
2.962364
2.949467
2.949930
2.962511
2.982729
3.004197
3.026714
3.032007
2.999097
2.926821
2.850705
2.805185
2.795255
2.819600
2.866727
2.920823
2.973614
3.025529
3.068380
3.075572
3.027698
2.942233
2.847462
2.762744
2.701172
2.652968
2.593362
2.516165
2.424485
2.320549
2.198931
2.067504
1.929279
1.778410
1.613409
1.449142
1.299662
1.167378
1.040908
0.916904
0.782100
0.622825
0.443559
0.238188
0.014382
-0.208390
-0.413127
-0.565320
-0.633520
-0.613366
-0.526275
-0.397951
-0.246151
-0.092868
0.048618
0.177105
0.268301
0.298850
0.267146
0.200472
0.134459
0.077497
0.028827
-0.012644
-0.050628
-0.067287
-0.054452
-0.017819
0.047237
0.136626
0.212725
0.245520
-8.232829
0.222055
-1.999941
-2.035314
-2.081493
-2.135149
-2.170175
-2.167670
-2.138613
-2.108922
-2.089494
-2.097210
-2.140285
-2.204872
-2.276862
-2.358968
-2.451657
-2.544549
-2.628823
-2.706351
-2.779930
-2.850485
-2.915032
-2.985257
-3.071621
-3.171118
-3.293215
-3.446178
-3.625947
-3.829963
-4.044777
-4.249397
-4.453032
-4.665672
-4.878222
-5.086218
-5.282311
-5.442659
-5.550620
-5.610978
-5.623257
-5.590641
-5.531613
-5.455791
-5.384340
-5.337508
-5.312129
-5.301858
-5.288510
-5.265472
-5.232344
-5.194666
-5.166798
-5.156301
-5.158448
-5.168574
-5.189273
-5.219880
-5.249567
-5.276017
-5.293734
-5.310968
-5.333216
-5.355409
-5.367560
-5.374366
-5.387016
-5.388804
-5.368134
-5.333589
-5.294026
-5.270917
-5.270324
-5.282238
-5.289992
-5.293506
-5.308158
-5.328409
-5.336388
-5.333659
-5.330699
-5.326938
-5.324335
-5.325374
-5.326826
-5.327437
-5.313406
-5.278340
-5.235325
-5.182890
-5.130476
-5.100732
-5.086668
-5.081560
-5.086270
-5.099676
-5.115994
-5.125027
-5.119726
-5.104763
-5.092130
-5.056483
-4.972962
-4.842026
-4.652063
-4.407815
-4.154705
-3.913024
-3.672164
-3.433879
-3.192520
-2.938070
-2.669272
-2.386589
-2.089369
-1.773026
-1.442122
-1.106648
-0.791326
-0.539765
-0.386371
-0.340421
-0.380115
-0.492627
-0.675701
-0.923479
-1.228232
-1.576462
-1.940680
-2.289237
-2.596624
-2.821277
-2.940485
-2.968828
-2.933694
-2.847447
-2.709848
-2.522175
-2.316054
-2.131519
-1.980745
-1.868853
-1.787469
-1.726110
-1.679345
-1.624280
-1.541332
-1.430686
-1.291461
-1.128168
-0.966021
-0.837460
-0.741509
-0.660973
-0.602066
-0.541226
-0.440812
-0.293206
-0.102480
0.124363
0.375599
0.641133
0.916208
1.191127
1.454789
1.676064
1.826085
1.894333
1.875975
1.787596
1.656713
1.509403
1.358869
1.225340
1.119380
1.026212
0.954189
0.926539
0.940150
0.974171
1.013652
1.053566
1.082851
1.090320
1.091260
1.095596
1.101350
1.104162
1.104462
1.110377
1.122702
1.142465
1.175814
1.218450
1.260277
1.309113
1.363457
1.412198
1.441458
1.449864
1.447325
1.438047
1.422226
1.399090
1.384283
1.387143
1.400625
1.428654
1.460064
1.478085
1.480319
1.469045
1.464024
1.476936
1.507608
1.531500
1.542959
1.552062
1.563967
1.571104
1.564777
1.562656
1.581536
1.621848
1.679054
1.725271
1.751201
1.768718
1.780284
1.779734
1.757824
1.722239
1.690064
1.659662
1.629899
1.614743
1.615183
1.624585
1.643867
1.664558
1.684092
1.708343
1.733487
1.749394
1.767149
1.789209
1.837052
1.929456
2.030758
2.114949
2.155284
2.130291
2.041845
1.897455
1.707043
1.488025
1.261096
1.041583
0.848767
0.689349
0.546446
0.400155
0.240542
0.072746
-0.098433
-0.270384
-0.437528
-0.605992
-0.785133
-0.964621
-1.138229
-1.308972
-1.480183
-1.634682
-1.767203
-1.882603
-1.955971
-1.963036
-1.880792
-1.704791
-1.461056
-1.183071
-0.916219
-0.681370
-0.497036
-0.374783
-0.319775
-0.331296
-0.401848
-0.518785
-0.661263
-0.795729
-0.885739
-0.920171
-0.911772
-0.862134
-0.788186
-0.704110
-0.608582
-0.507797
-10.961965
-0.364193
1.096069
1.121332
1.132146
1.126360
1.114246
1.111957
1.120802
1.143168
1.162483
1.166210
1.153752
1.104893
1.010923
0.893849
0.763844
0.627046
0.489884
0.339668
0.164346
-0.032104
-0.232394
-0.429858
-0.627166
-0.823599
-1.013006
-1.186204
-1.359940
-1.538791
-1.701362
-1.858633
-2.039227
-2.251648
-2.480491
-2.707160
-2.919620
-3.104467
-3.242889
-3.329302
-3.374196
-3.374090
-3.329906
-3.275865
-3.222543
-3.181838
-3.159771
-3.138402
-3.124468
-3.126452
-3.133829
-3.142343
-3.144784
-3.140283
-3.129769
-3.120173
-3.120283
-3.126875
-3.132674
-3.141659
-3.153229
-3.176323
-3.212764
-3.252973
-3.279822
-3.284035
-3.275019
-3.280955
-3.319109
-3.375100
-3.431805
-3.485654
-3.535227
-3.579490
-3.617398
-3.648776
-3.685666
-3.737018
-3.787976
-3.813273
-3.812422
-3.792910
-3.762838
-3.725524
-3.680422
-3.637256
-3.612180
-3.613529
-3.620698
-3.617077
-3.622379
-3.637949
-3.664861
-3.690760
-3.690195
-3.653133
-3.591524
-3.500644
-3.372811
-3.222245
-3.059381
-2.886621
-2.695750
-2.479105
-2.244823
-2.014191
-1.794085
-1.576936
-1.343156
-1.083749
-0.794407
-0.473369
-0.128863
0.223362
0.565465
0.881597
1.149289
1.340596
1.426615
1.392267
1.249279
1.018955
0.722365
0.383781
0.021297
-0.339747
-0.680349
-0.982253
-1.229871
-1.409433
-1.497948
-1.479121
-1.363822
-1.180392
-0.956222
-0.740069
-0.559567
-0.413377
-0.300241
-0.214162
-0.149002
-0.094224
-0.031989
0.035031
0.098088
0.185919
0.304765
0.430436
0.548687
0.649773
0.743377
0.844744
0.940353
1.024505
1.120682
1.245414
1.400265
1.595835
1.818495
2.064124
2.320775
2.562374
2.771603
2.929449
3.018910
3.025662
2.959589
2.848441
2.701299
2.528096
2.358404
2.208202
2.099162
2.044800
2.037396
2.064323
2.108503
2.166784
2.242980
2.325230
2.402420
2.476812
2.537120
2.569082
2.572443
2.555550
2.542662
2.548879
2.568481
2.590605
2.606642
2.617011
2.621038
2.619439
2.605610
2.583487
2.573190
2.562784
2.552086
2.550179
2.549359
2.546265
2.536611
2.517356
2.489775
2.466267
2.461009
2.481838
2.504368
2.501677
2.490457
2.485852
2.490367
2.504075
2.525294
2.549316
2.556892
2.526758
2.449177
2.348126
2.258086
2.190529
2.153303
2.144734
2.156911
2.178788
2.195273
2.204980
2.206353
2.192303
2.159933
2.116257
2.073086
2.040802
2.025490
2.018192
2.017805
2.016886
1.994962
1.958238
1.917541
1.882907
1.862998
1.844506
1.843872
1.884431
1.957260
2.050074
2.145500
2.226679
2.284273
2.307171
2.284792
2.216958
2.110065
1.970102
1.809229
1.639237
1.469922
1.309052
1.155811
0.981625
0.777004
0.569581
0.370264
0.178748
-0.005288
-0.188981
-0.379417
-0.574833
-0.768748
-0.972641
-1.188413
-1.407639
-1.607582
-1.771854
-1.890065
-1.942235
-1.913017
-1.804804
-1.633909
-1.420016
-1.203851
-1.030163
-0.916037
-0.869421
-0.886722
-0.953850
-1.050958
-1.154807
-1.256418
-1.356318
-1.441642
-1.493206
-1.506674
-1.497187
-1.471099
-1.423932
-1.361552
-1.297600
-12.308825
-1.185340
-2.488022
-2.442086
-2.411585
-2.381927
-2.356898
-2.358799
-2.397476
-2.468820
-2.559726
-2.649273
-2.724791
-2.796023
-2.876216
-2.958023
-3.041530
-3.135828
-3.243012
-3.363897
-3.493831
-3.621222
-3.739794
-3.851253
-3.958134
-4.064466
-4.178402
-4.308647
-4.460824
-4.629600
-4.804421
-4.973335
-5.135524
-5.299338
-5.460801
-5.612728
-5.752914
-5.882796
-6.014784
-6.163282
-6.329027
-6.495921
-6.650029
-6.785490
-6.897308
-6.971038
-7.010492
-7.021173
-7.005124
-6.976435
-6.946245
-6.920625
-6.909234
-6.911246
-6.913797
-6.912296
-6.910436
-6.910460
-6.909880
-6.909564
-6.907758
-6.919577
-6.962069
-7.013330
-7.053170
-7.089280
-7.120743
-7.138477
-7.147479
-7.170308
-7.214893
-7.273357
-7.340171
-7.386582
-7.405014
-7.411724
-7.413628
-7.400637
-7.371421
-7.330272
-7.291363
-7.258421
-7.223735
-7.193763
-7.171408
-7.156389
-7.156139
-7.166337
-7.172150
-7.172600
-7.167421
-7.158473
-7.148419
-7.124905
-7.094915
-7.061292
-7.009892
-6.919811
-6.775363
-6.580609
-6.352816
-6.109543
-5.864671
-5.634978
-5.413777
-5.175739
-4.920043
-4.666602
-4.426384
-4.183153
-3.919988
-3.631787
-3.322907
-3.002129
-2.678769
-2.377878
-2.117743
-1.911017
-1.784716
-1.745001
-1.796358
-1.940043
-2.153244
-2.408909
-2.685178
-2.970757
-3.220955
-3.397110
-3.504757
-3.547877
-3.529360
-3.465430
-3.366943
-3.243519
-3.109307
-2.966142
-2.849780
-2.766559
-2.705690
-2.670338
-2.654748
-2.652580
-2.657947
-2.649962
-2.605403
-2.525978
-2.430914
-2.328159
-2.233474
-2.138142
-2.027654
-1.901997
-1.757666
-1.600800
-1.430577
-1.236509
-1.012844
-0.752710
-0.470841
-0.183358
0.105868
0.389040
0.655836
0.886347
1.057491
1.154425
1.172912
1.116552
1.011048
0.887216
0.761495
0.642504
0.540930
0.474416
0.459056
0.478684
0.505545
0.529596
0.558370
0.592145
0.608122
0.594491
0.568028
0.547649
0.542526
0.554406
0.583436
0.632304
0.693635
0.743272
0.780755
0.818453
0.850264
0.872079
0.901197
0.942315
0.996002
1.053022
1.098835
1.139349
1.185464
1.236040
1.292134
1.361265
1.445648
1.537678
1.624308
1.691429
1.743160
1.788885
1.840236
1.888008
1.926835
1.952721
1.972500
1.995619
2.016132
2.015219
1.983953
1.936086
1.893945
1.862708
1.845247
1.851747
1.877663
1.926088
1.982513
2.023793
2.056293
2.094590
2.128139
2.158737
2.199481
2.247774
2.299320
2.346832
2.379027
2.392408
2.397098
2.405406
2.422769
2.447644
2.470501
2.491289
2.517307
2.556648
2.618846
2.709639
2.821195
2.943120
3.069988
3.176267
3.240832
3.264292
3.238895
3.165795
3.047852
2.896772
2.738197
2.587237
2.443176
2.295420
2.143042
1.991574
1.845574
1.703705
1.556353
1.397856
1.236738
1.076023
0.919838
0.767683
0.617341
0.466821
0.310863
0.130256
-0.066036
-0.244121
-0.375767
-0.443509
-0.417174
-0.284382
-0.065910
0.210121
0.509612
0.805930
1.069700
1.277504
1.414062
1.472225
1.470231
1.430956
1.348501
1.227850
1.092283
0.959408
0.844954
0.773724
0.761690
0.790490
-12.973098
0.954045
2.733339
2.813810
2.880274
2.929909
2.963609
2.969349
2.934017
2.861136
2.768263
2.690319
2.640501
2.609655
2.589555
2.573785
2.552414
2.521221
2.479920
2.424507
2.350751
2.261100
2.168329
2.085478
2.017208
1.953343
1.880279
1.788529
1.690113
1.595491
1.506362
1.419625
1.337386
1.263630
1.187534
1.109214
1.024900
0.924859
0.809313
0.693051
0.579193
0.474641
0.383065
0.310804
0.271190
0.250769
0.211164
0.152747
0.108320
0.083553
0.077983
0.091950
0.114328
0.136233
0.159715
0.171513
0.160743
0.127093
0.085360
0.046205
0.001872
-0.052907
-0.105940
-0.141977
-0.167041
-0.197311
-0.240496
-0.285505
-0.310770
-0.322232
-0.330235
-0.340499
-0.352299
-0.367381
-0.386893
-0.413273
-0.440343
-0.464386
-0.484614
-0.500136
-0.517252
-0.544388
-0.575346
-0.602432
-0.626848
-0.655862
-0.681187
-0.689711
-0.683800
-0.665076
-0.628969
-0.578800
-0.520114
-0.454240
-0.381764
-0.291263
-0.187138
-0.071762
0.064600
0.221739
0.391542
0.564289
0.725998
0.859311
0.951183
0.979230
0.925569
0.795349
0.610255
0.415924
0.235353
0.054286
-0.122635
-0.285279
-0.432506
-0.559162
-0.674147
-0.778622
-0.870411
-0.951853
-1.019238
-1.072304
-1.121526
-1.163408
-1.189431
-1.196942
-1.183068
