0.000012
0.012786
0.014266
0.011235
-0.003964
-0.005648
0.001935
0.001698
-0.005409
-0.013224
-0.004365
-0.002311
-0.013127
-0.013968
-0.016230
-0.031803
-0.002211
-0.003453
-0.001029
-0.008036
0.007023
-0.001941
-0.004199
-0.002680
-0.015322
-0.003691
0.000891
-0.004703
-0.005043
-0.013569
-0.007237
-0.003628
0.000722
0.016897
0.000785
-0.007020
0.000688
-0.001201
-0.013029
-0.002580
0.007124
0.004328
-0.002544
0.014976
-0.016230
0.008270
0.002912
0.006147
-0.003796
0.003855
-0.000088
0.012785
0.004697
-0.002310
-0.004266
0.002676
-0.006453
0.016930
-0.009056
-0.006587
-0.000794
-0.005982
-0.005512
-0.007432
-0.002242
-0.009691
0.002071
-0.007903
-0.006927
0.011639
-0.011173
-0.002479
-0.006459
0.009146
0.001057
0.013257
0.012347
0.008910
-0.005921
-0.009358
-0.017543
0.014403
-0.009899
-0.004874
0.002372
-0.005479
0.000857
-0.016225
0.005102
0.002743
0.006248
0.008775
-0.011749
-0.008238
0.014876
0.002405
-0.003456
-0.002918
-0.013970
-0.011133
-0.006994
-0.009623
-0.005918
-0.015047
-0.013326
-0.008273
0.003350
-0.007197
0.001734
-0.011278
-0.017286
0.011202
-0.003391
-0.012966
-0.007499
-0.001130
0.003958
0.003416
0.004158
0.001665
-0.000696
-0.002515
0.006079
-0.007396
-0.004971
-0.001705
-0.008987
-0.012355
0.005372
-0.006052
-0.009215
-0.005580
-0.009114
0.000923
-0.013432
-0.021180
-0.011947
-0.009324
-0.019671
-0.020814
-0.018458
-0.011035
-0.020440
-0.004527
0.003317
0.000992
0.003080
0.002003
-0.012151
-0.009482
-0.014841
-0.012079
-0.009523
-0.006117
-0.004066
-0.013496
-0.023372
-0.008915
-0.013394
-0.017442
0.000418
-0.004570
-0.009421
-0.004839
-0.004638
-0.010637
0.007663
0.006013
0.001834
-0.002646
-0.016064
-0.005550
-0.016891
-0.015581
0.001632
-0.007406
-0.019294
0.008708
-0.008912
-0.012089
-0.004972
-0.006388
-0.008780
-0.003492
-0.015015
-0.004534
-0.007877
0.000317
-0.015581
-0.003224
0.007124
-0.003460
-0.005477
0.002439
-0.014207
-0.011780
-0.008135
-0.011884
-0.014814
0.001261
-0.005140
0.002642
-0.002513
-0.015994
-0.009993
-0.006592
-0.003892
0.001935
0.000994
-0.006116
0.005170
-0.015985
-0.009555
-0.013094
-0.013865
-0.003054
-0.003053
-0.003723
0.004731
-0.002044
-0.011816
0.001192
0.003620
-0.014648
-0.004302
-0.002413
-0.003863
0.005338
-0.016224
-0.002377
-0.005079
-0.006457
-0.002448
-0.006657
-0.021857
-0.016114
-0.007872
-0.015580
0.002507
-0.004534
-0.009964
0.001260
0.003923
-0.008578
-0.007164
-0.007235
-0.002444
0.010527
-0.000627
-0.006016
-0.000736
0.013963
0.010190
-0.009890
-0.012010
-0.009420
0.000654
0.002579
-0.002311
-0.011880
0.004056
0.003755
0.012645
0.008135
0.016727
-0.000323
-0.008707
0.000249
-0.002344
0.000990
-0.003660
-0.000054
0.000181
0.001800
-0.005483
-0.004910
-0.002612
-0.010330
-0.004395
-0.002649
-0.000760
0.007360
0.017337
0.010156
0.006686
0.013392
0.012448
0.011438
0.008943
0.004598
-0.002814
0.012044
0.001463
0.002843
0.002945
0.012920
0.016121
-0.014099
-0.003421
0.001564
-0.003018
-0.007599
-0.019048
0.011841
0.006281
0.011941
-0.004506
0.003552
0.005574
0.018985
0.009617
-0.009047
-0.011141
-0.001670
-0.004369
-0.006493
-0.003390
0.008168
0.006619
0.008371
-0.011278
-0.008376
0.004362
0.008876
0.004900
-0.010938
0.001563
0.018412
0.015750
0.010527
-0.008068
-0.004124
0.018718
0.007427
-0.008846
-0.010597
0.008775
-0.000660
-0.005347
0.001800
0.010628
-0.010870
-0.007401
0.001328
0.000282
-0.011816
0.004326
-0.002953
0.009246
0.010594
-0.007030
-0.011412
-0.011178
-0.002073
0.011033
0.010461
0.002205
0.018716
0.005641
-0.002985
-0.000491
-0.000555
0.009483
0.007393
0.001799
0.004698
0.001968
-0.001366
-0.003424
-0.004199
-0.000695
-0.001135
-0.006658
-0.014748
-0.006184
0.003855
-0.005881
-0.007537
-0.006894
0.000821
0.009146
-0.015591
-0.003323
-0.010029
-0.008475
-0.002411
-0.011314
-0.009687
0.004125
0.005137
0.000118
-0.003557
-0.006186
-0.005950
-0.000891
-0.006053
-0.004902
-0.001908
-0.006288
-0.001198
-0.003491
-0.000626
-0.002379
-0.011951
-0.010600
-0.007469
-0.002006
-0.006489
-0.008135
-0.012451
0.001767
-0.017741
-0.006424
-0.014643
-0.011440
-0.008981
-0.012148
-0.014102
-0.009115
-0.009727
-0.009559
-0.008207
-0.008818
-0.016963
-0.005209
0.004394
-0.000896
0.003485
-0.004367
-0.010330
-0.009959
-0.004062
-0.007870
-0.005782
-0.011140
-0.008451
-0.016334
-0.015320
-0.023506
-0.000927
0.001800
0.003079
0.004129
-0.012819
-0.024853
-0.013393
-0.017205
-0.011748
-0.016994
-0.009418
-0.011612
-0.003994
-0.012488
-0.022993
-0.018890
-0.011409
-0.001200
-0.007567
-0.012690
-0.004941
-0.007700
-0.003791
-0.004839
-0.024509
-0.009552
-0.010298
-0.032954
-0.004940
-0.007162
-0.010127
-0.004541
-0.002581
-0.008138
-0.001905
-0.004436
-0.000628
0.001498
-0.001096
-0.015760
-0.021391
-0.018393
-0.009691
-0.010868
-0.013026
-0.010025
-0.004264
-0.014537
-0.004066
0.005709
-0.002479
-0.007401
-0.005208
-0.005924
-0.008850
0.003552
-0.005110
-0.004804
-0.002583
0.009247
-0.014895
-0.018957
-0.005815
-0.003054
0.009517
0.005540
-0.019334
-0.019764
-0.020548
0.001599
-0.015076
-0.019400
-0.021387
-0.008713
-0.005279
0.009415
-0.004471
0.002440
-0.000898
0.005574
-0.010032
-0.003489
-0.018448
-0.003392
-0.008611
-0.009550
-0.012456
-0.000356
-0.000359
-0.008582
0.006990
-0.009221
-0.004941
-0.007971
-0.009892
0.002608
0.017842
0.004867
-0.015588
-0.019266
-0.016767
-0.012898
0.003013
-0.006390
-0.022232
-0.000055
0.006753
0.008202
-0.005779
0.003990
0.004326
0.004024
-0.012755
-0.007939
-0.003019
-0.011208
-0.020841
-0.003694
0.003923
0.009078
0.004225
0.006888
-0.004334
0.013760
-0.003593
-0.007032
0.003350
0.005978
0.008034
0.005034
0.002307
0.000619
-0.007058
0.010089
-0.009860
0.005742
-0.000189
0.011707
0.021911
0.000686
0.003754
0.004832
0.015410
0.016187
0.003451
-0.011109
-0.008077
-0.000457
-0.005512
-0.006932
0.005810
-0.006962
0.000020
0.015312
-0.004297
0.003216
0.002306
0.009079
0.025053
0.021947
0.005406
0.009684
0.006686
0.006282
0.001193
0.003923
-0.000425
0.004428
0.010426
0.016931
0.031042
0.005473
-0.000491
0.003182
0.011841
-0.007598
-0.006658
-0.004435
0.005372
0.003585
0.009584
0.005406
-0.002544
0.003720
-0.004502
-0.001269
0.004765
0.002710
0.012718
0.008135
0.005978
-0.002312
-0.002917
0.008809
0.007225
0.004765
-0.010632
-0.001437
0.013222
0.001059
-0.008918
-0.011817
0.001530
0.000181
-0.000088
-0.001165
0.009281
-0.002919
-0.005209
0.003990
0.001565
0.017097
-0.001972
-0.010639
-0.000830
0.000588
-0.000021
-0.003660
-0.003897
-0.000559
-0.003793
0.000654
0.005642
0.001093
-0.005079
-0.003628
-0.000728
-0.004770
-0.009922
-0.005581
-0.001430
-0.004466
0.005574
0.010493
-0.001942
-0.009985
-0.001464
-0.004538
-0.001166
-0.005717
-0.010699
-0.004265
-0.007598
-0.001400
-0.007162
-0.002682
0.000620
-0.008046
0.000352
-0.001974
-0.013466
0.004362
-0.015691
-0.017745
-0.010634
0.006719
-0.007501
-0.005308
-0.017042
-0.005441
-0.001671
0.004664
0.007090
0.002173
-0.013364
0.005640
0.005843
0.012785
0.022414
0.001767
0.004024
-0.015222
-0.001736
-0.000086
0.011404
-0.006660
-0.008335
-0.013771
-0.005005
-0.011416
-0.005248
-0.006152
-0.010504
-0.002784
0.005271
0.011336
-0.016836
-0.010703
-0.009282
-0.003564
-0.010439
-0.002751
-0.014509
0.007158
-0.026842
-0.030554
-0.032573
-0.010801
-0.008983
-0.007736
-0.002647
0.000520
-0.004804
-0.018486
-0.007601
-0.018728
-0.026909
-0.011312
-0.019666
-0.016828
-0.015182
-0.013696
-0.016362
-0.000930
-0.009450
-0.012758
0.009247
-0.014369
-0.019290
0.010190
-0.011210
-0.018012
-0.007164
-0.007468
-0.005748
-0.007370
-0.013002
-0.000661
-0.011140
-0.021957
-0.007334
-0.014591
0.001700
-0.013436
-0.009929
-0.001132
0.002742
0.001565
-0.003698
-0.012319
-0.007602
-0.018351
0.001632
-0.006020
-0.012888
-0.018451
-0.000661
-0.006891
-0.000257
-0.005479
-0.016865
-0.016033
-0.009622
-0.003994
-0.005578
-0.014785
-0.004264
-0.009762
-0.009046
-0.000626
0.004766
-0.019096
-0.019664
-0.005072
-0.010696
-0.008678
-0.011647
-0.005982
-0.000359
-0.012051
-0.000187
-0.002039
-0.004198
-0.004365
-0.002039
-0.001467
-0.006826
-0.007264
-0.004027
-0.008408
-0.012996
-0.005444
-0.013706
-0.002612
-0.014112
-0.006181
-0.010263
-0.011655
-0.010566
-0.006727
-0.034957
-0.011173
0.016728
-0.000325
0.000720
-0.002647
-0.001435
-0.008679
-0.009860
-0.001128
0.000453
-0.003288
-0.003692
-0.009483
0.000553
0.001804
0.005068
0.002441
-0.002144
0.001194
0.005945
0.005304
-0.008409
-0.002715
-0.002279
0.004564
-0.004162
0.003687
0.008876
-0.015651
0.011740
-0.001805
0.016050
0.005776
0.006989
0.003249
-0.006225
-0.009146
-0.007435
-0.006320
0.016491
-0.011834
-0.011945
-0.010296
-0.003661
0.005843
0.005911
0.013828
0.006888
-0.004804
0.000554
0.021614
0.009180
0.014031
0.008337
0.011099
-0.008846
-0.002749
0.014806
0.011571
0.005170
0.009483
0.014737
0.006079
0.007124
0.003722
0.012280
-0.002308
-0.001467
-0.002308
0.007899
0.007495
0.007326
0.009516
0.008101
0.007832
0.006450
0.005439
0.003417
0.000755
-0.009924
0.003217
0.003147
0.003418
0.002608
0.002979
0.018278
0.019154
0.015820
0.005037
0.017975
0.009247
0.005574
0.010628
-0.000897
0.013561
0.022788
0.006787
0.001834
0.003553
-0.009715
-0.006590
-0.003457
-0.001940
0.007663
0.000991
-0.003020
-0.001269
0.001902
0.002137
0.000150
0.000486
-0.006557
-0.002283
0.015482
0.016962
0.012379
0.000687
-0.005948
-0.005986
0.003855
-0.002580
-0.002375
0.004463
0.002071
0.000481
-0.001902
0.000216
0.002542
0.007225
0.011302
-0.012891
0.000385
-0.000524
-0.001433
0.011437
0.007697
0.012110
-0.005816
0.012818
0.009010
0.017739
0.010763
0.011774
0.013087
0.009617
0.001596
0.003384
0.001126
0.009752
0.007730
-0.015387
-0.004299
-0.017514
0.007158
-0.003349
0.001632
0.001733
-0.002209
0.000894
-0.006089
-0.008612
0.003079
0.000316
-0.006526
-0.005177
-0.008241
0.011436
0.006080
0.002776
-0.000320
0.003956
0.006518
-0.005210
-0.010060
-0.002721
0.008168
-0.020841
-0.009250
0.011403
-0.009760
-0.007734
-0.011715
-0.021123
-0.011330
-0.008479
-0.004063
-0.001603
-0.006493
-0.001202
-0.008550
0.012212
-0.009014
-0.006158
0.001666
0.003181
-0.011075
-0.001303
0.000487
0.004968
-0.015415
0.000721
-0.005745
-0.002413
-0.006488
-0.008211
-0.005275
-0.003115
0.011639
-0.016237
-0.010093
-0.019595
-0.009085
-0.021280
-0.004468
-0.010268
-0.028398
-0.020024
-0.014341
0.009449
0.008236
0.003012
-0.010134
-0.027559
-0.022190
-0.024085
-0.017809
-0.006286
-0.012154
-0.013496
-0.005467
0.004124
0.001195
-0.015154
-0.009351
-0.005071
-0.015615
-0.008037
0.000114
-0.010468
-0.011105
-0.002275
-0.017782
-0.000760
-0.012023
-0.011780
-0.015726
-0.006019
-0.005441
-0.005683
-0.009626
-0.002783
0.000859
-0.011241
-0.004837
-0.013058
-0.010873
-0.015215
-0.012586
-0.005714
-0.014644
-0.002850
-0.004669
-0.007572
-0.020037
-0.004065
-0.014068
0.000184
-0.015929
0.003418
-0.001771
0.001259
-0.008236
-0.008381
-0.006562
0.000688
-0.001232
-0.015278
-0.002546
0.007191
-0.011913
-0.004366
-0.000859
-0.004971
-0.008986
-0.002849
-0.004940
-0.013976
-0.008141
-0.011717
-0.009657
-0.001471
-0.004741
0.010494
-0.001771
0.005371
-0.008949
-0.010501
-0.008849
-0.006459
-0.004643
0.000925
-0.001336
0.005843
-0.006489
-0.024681
-0.006862
-0.005750
-0.008380
-0.010533
-0.010805
-0.011513
-0.010027
-0.015081
-0.003116
-0.003256
0.003350
-0.009998
0.008438
0.004496
-0.009217
0.004024
0.017234
-0.007196
-0.001233
-0.003827
-0.008345
-0.011708
-0.003021
-0.005716
0.008303
-0.002177
0.008775
-0.006756
-0.008679
0.000788
-0.001843
0.000587
-0.005444
0.000519
0.003822
0.006315
0.015615
0.001397
-0.000895
-0.000117
0.002574
-0.003996
0.009180
0.002137
-0.002683
0.000117
0.015648
0.012145
0.006821
0.004696
0.000889
0.007730
0.013054
0.008910
0.006416
-0.001334
0.006686
-0.017811
0.019524
-0.009251
0.007023
0.004833
0.001024
0.008135
0.019289
0.004561
-0.011506
0.010764
0.000218
-0.005377
0.005911
0.009921
0.027544
0.007225
0.009449
0.010224
0.011572
-0.005915
-0.014311
0.012515
-0.002039
-0.002512
-0.002409
0.007629
0.014067
0.014301
0.000047
0.000654
0.009281
0.007933
0.008303
0.003283
-0.000291
0.009516
0.014671
0.002878
0.002608
-0.002746
0.001192
-0.003624
-0.002311
0.003149
0.005237
0.004091
-0.001772
0.010123
0.008000
-0.005953
-0.006522
0.003687
-0.007535
-0.005480
-0.001333
-0.001131
-0.002073
-0.001435
-0.007063
-0.009687
-0.008244
-0.011177
0.001900
-0.007162
0.003014
0.000117
0.003050
0.000350
0.010225
-0.001098
-0.001842
0.007259
-0.001229
0.004698
-0.007803
0.005439
0.013593
-0.014955
-0.005041
-0.007901
-0.008485
-0.005881
0.008808
-0.000559
0.013997
-0.003929
0.007697
-0.010123
-0.005211
0.015311
0.006113
-0.014949
-0.012448
-0.002008
-0.001401
-0.000762
0.006383
-0.001372
0.001093
0.005473
0.007326
-0.001166
-0.013334
-0.005379
-0.005480
0.006417
0.003383
-0.011678
-0.013734
-0.017103
0.010561
-0.000227
0.015549
-0.008440
0.000284
-0.003354
-0.018991
-0.013802
0.005978
-0.008105
0.004496
-0.015657
-0.018854
-0.017203
-0.036244
-0.005948
-0.018590
-0.012391
-0.012420
-0.007840
0.004968
-0.000760
-0.018581
-0.005343
-0.011879
-0.022725
-0.007029
-0.005850
-0.014173
-0.008513
-0.028700
-0.004775
-0.013064
-0.012494
-0.005678
-0.016494
-0.023615
-0.016091
-0.010607
0.006113
-0.029621
-0.004707
-0.004806
-0.003088
-0.014211
-0.006689
-0.012644
-0.010650
-0.012717
-0.008815
-0.011616
-0.011910
0.006989
-0.002345
-0.023519
-0.023313
0.004765
-0.021920
-0.009456
0.001800
-0.004604
-0.007832
-0.011915
-0.005748
-0.007198
-0.010097
-0.009628
0.000452
-0.017802
-0.014409
-0.008275
-0.008307
-0.011400
-0.013936
-0.019295
-0.018213
-0.017808
-0.003794
-0.008641
-0.008412
-0.009792
-0.004033
-0.000492
0.000688
-0.008105
-0.016696
-0.006822
-0.014170
-0.019600
-0.016261
-0.009151
0.000051
-0.012723
-0.005443
-0.002446
0.008539
-0.003294
-0.012990
0.004259
-0.000491
-0.016122
-0.002546
-0.001601
-0.004440
-0.004299
-0.003863
-0.003292
-0.007395
-0.009454
0.005506
-0.015217
-0.011667
0.008876
-0.007600
0.005979
0.008067
0.000150
-0.001840
-0.005277
-0.005818
0.003049
-0.002178
-0.001502
-0.004300
0.007697
-0.002144
0.014133
-0.005443
-0.011707
0.021917
-0.002477
-0.001467
-0.002138
0.004594
-0.015894
0.009550
0.003349
-0.002719
-0.005582
-0.004601
0.012549
-0.001164
-0.006456
-0.007629
-0.002110
-0.004570
-0.007297
0.006517
-0.008140
0.001933
-0.004403
0.009145
0.002137
0.001732
-0.000321
-0.003832
0.011605
-0.002244
-0.012827
-0.008980
-0.003693
-0.000759
-0.002582
0.001496
0.009112
-0.004904
-0.004738
-0.001334
0.010224
-0.003929
-0.004637
-0.001737
0.008000
-0.009489
0.001869
0.004158
0.015009
0.008977
0.013728
0.014537
0.013863
0.009651
-0.014445
0.002746
0.007596
0.006484
0.010729
0.003553
0.022798
0.001933
0.009516
0.013964
-0.002685
0.000722
0.000282
-0.002007
0.007865
0.005068
-0.015154
0.003654
0.013896
0.001059
0.003854
0.002574
0.018112
0.006551
-0.003020
0.011908
0.007730
0.002911
0.004361
0.001396
0.011471
-0.004772
0.030844
-0.004939
0.000385
0.002878
0.014771
-0.009394
0.015281
0.004193
0.008573
0.010291
0.001294
0.007259
0.000890
0.011707
0.005371
-0.008206
0.007191
0.001934
0.010393
-0.013194
0.001901
0.000450
0.000586
0.000048
0.000216
0.005372
-0.001739
0.009550
0.012852
0.011606
0.001834
-0.002141
0.001933
-0.004194
0.004227
0.009280
0.004026
0.002338
0.007157
-0.005647
-0.008777
-0.002142
0.005034
0.008876
0.007124
0.002911
0.002237
-0.004470
0.000185
-0.006927
0.010122
-0.002446
-0.001470
0.001296
-0.007164
0.009752
0.004058
0.004227
0.004799
-0.009283
0.003553
-0.011337
-0.018652
-0.004971
-0.003322
-0.000390
0.007393
-0.023719
0.008743
0.003080
0.002575
-0.000558
-0.001873
0.007629
0.004833
-0.002582
0.006955
0.001428
-0.000425
-0.021284
-0.007434
0.002036
0.006686
0.007461
-0.006894
-0.008717
-0.009253
0.012380
0.009887
0.006214
0.005069
-0.014613
-0.018015
-0.013431
-0.005880
-0.002546
-0.013493
-0.007403
-0.004467
-0.008442
-0.006995
-0.004468
-0.015214
-0.008450
0.001732
-0.003763
-0.006825
-0.005447
0.006146
0.009045
-0.002173
-0.011278
0.003854
0.000519
-0.002480
-0.021185
-0.016402
-0.008647
-0.012655
0.001935
-0.003457
-0.009022
-0.006624
-0.010463
-0.008134
-0.000356
-0.008276
-0.005714
-0.003487
-0.022491
-0.014309
-0.011136
-0.004301
-0.026977
-0.013027
-0.015286
-0.005477
-0.021993
-0.012626
-0.012450
0.009618
0.007225
0.002272
-0.028080
-0.018252
-0.008141
-0.003051
-0.006187
0.006214
-0.007370
-0.000626
-0.003120
0.003349
-0.013527
-0.020713
-0.015721
-0.012900
-0.017165
-0.013468
-0.002883
-0.015046
-0.007809
-0.007365
-0.012320
-0.018688
-0.018920
-0.005983
-0.002649
0.006787
0.008472
0.010460
0.005744
-0.011336
-0.011509
-0.012217
-0.003151
-0.001839
0.000017
-0.010367
0.005978
-0.017269
-0.003918
0.002711
0.001091
-0.016664
0.004561
-0.002919
-0.001301
0.009044
-0.020330
-0.018686
-0.018285
0.001937
0.011639
-0.013870
-0.003997
-0.005477
-0.025491
0.005506
-0.011677
-0.001200
0.007629
-0.002685
0.000214
0.000891
0.004193
0.007225
0.003822
-0.001065
-0.002450
-0.015985
-0.005951
-0.008513
-0.001972
-0.005446
-0.008136
-0.009530
-0.008913
-0.011722
-0.009258
0.008067
-0.010263
-0.014910
0.010527
-0.012316
-0.008577
0.004663
-0.009524
-0.001433
-0.005110
-0.003747
0.003486
0.002003
-0.003185
-0.006084
-0.007839
-0.003997
0.005573
-0.005007
-0.009255
0.002542
0.004833
0.003787
0.005776
0.000385
0.015550
0.015077
0.012516
0.007629
0.008404
0.008944
-0.012760
-0.002583
0.001663
0.009415
0.002676
-0.005210
0.004260
-0.012560
-0.014881
-0.007900
-0.014679
-0.001436
0.005406
0.000655
-0.002783
0.006955
0.006045
0.007124
0.008034
-0.006015
-0.003190
0.002037
-0.001367
0.002474
0.003520
0.000049
-0.003995
0.006147
0.010595
0.018513
0.018986
0.020063
0.001024
0.014976
0.006618
-0.000290
0.012917
0.008573
-0.009425
0.010797
0.014942
-0.009187
0.021142
0.006416
0.003148
-0.003793
0.011775
-0.005613
-0.000357
-0.008544
0.011133
0.016217
0.004293
0.009449
-0.000357
-0.002820
0.003113
0.012448
0.015074
0.016826
-0.005579
0.005473
0.000285
0.006821
0.016659
0.003552
-0.002850
0.011976
0.010595
0.011403
0.006955
-0.009695
-0.005278
0.002912
-0.024595
-0.013264
0.000083
-0.005885
-0.004064
0.004698
0.007899
0.004259
-0.009625
0.000117
0.006113
-0.014301
-0.011612
-0.006660
-0.000525
0.010595
-0.000795
-0.013299
0.000182
0.007394
-0.002816
-0.004771
-0.006219
0.014774
0.000756
0.008707
0.005574
0.004967
-0.002245
0.001700
0.008202
-0.009248
-0.006122
-0.002682
-0.011003
0.003215
0.018072
-0.001134
0.004463
0.000653
0.006148
0.000989
-0.007772
-0.001301
0.007933
-0.004466
-0.005709
-0.004573
0.000687
-0.004263
-0.011136
0.005574
-0.003425
-0.001198
0.000957
-0.004368
-0.002109
-0.008783
0.009281
-0.004975
0.015142
0.001091
-0.011301
-0.010465
-0.012448
0.006012
-0.004837
-0.007768
-0.005377
-0.007697
-0.003827
0.000588
-0.001096
-0.017135
-0.015858
0.002204
-0.014345
-0.008169
-0.018083
-0.001027
0.011201
-0.002649
0.000656
-0.018123
-0.007705
0.015082
-0.005075
-0.009420
-0.009833
-0.008041
-0.011713
-0.015115
-0.013260
-0.012151
-0.000558
-0.016768
-0.008475
-0.016191
-0.005884
-0.020433
-0.020342
-0.014746
-0.013600
-0.014068
-0.016325
-0.021247
-0.020938
-0.001604
-0.025118
-0.013195
-0.014378
-0.012120
-0.024592
-0.006693
-0.000728
-0.007871
-0.017408
-0.012823
-0.009654
-0.000121
-0.016433
-0.011504
-0.009692
-0.005852
-0.003896
-0.012486
-0.018083
-0.019614
-0.021151
-0.014810
-0.007832
-0.006420
-0.006084
0.002608
-0.009018
-0.009562
-0.009932
-0.025461
0.007360
-0.010769
0.015042
-0.000832
-0.009920
0.007730
-0.009388
-0.007533
-0.011071
-0.017881
-0.001134
-0.018081
-0.008012
-0.006452
0.006956
0.004563
-0.002884
0.003889
-0.005142
-0.002477
-0.019729
-0.011442
-0.006052
-0.004228
-0.002276
0.007831
-0.007669
-0.010888
-0.010265
-0.007839
-0.014369
0.001125
0.006383
-0.020843
-0.000999
-0.007338
0.000283
0.004194
-0.006491
-0.004602
0.003012
0.009382
0.010662
0.012211
-0.006825
-0.012012
-0.005340
-0.009355
-0.006425
0.001431
-0.001668
0.005575
0.003147
0.000890
-0.010701
-0.008041
-0.007505
-0.004464
-0.000389
0.002306
-0.003455
-0.004298
-0.001297
-0.007871
0.003081
-0.003578
-0.014372
0.016864
-0.002547
0.006382
0.006417
0.007259
0.000318
0.010291
0.004833
0.001872
-0.000630
0.005877
0.004125
-0.000291
0.012854
-0.006054
0.009887
0.014267
0.015583
0.015077
0.010560
0.024471
0.014504
-0.008679
-0.000155
-0.013611
-0.004835
0.015415
0.002878
-0.004367
0.006854
-0.010159
-0.004164
-0.000220
-0.004672
0.005237
-0.004469
0.008135
0.006585
-0.002648
0.009112
0.008404
0.015010
0.010122
0.001700
0.018075
0.019658
0.020198
0.004732
0.015615
0.014573
0.025789
0.011504
0.000013
0.011975
0.007730
-0.004331
0.004496
0.001665
-0.005714
-0.003116
0.006989
0.016963
0.009550
0.002001
-0.000525
0.009988
-0.016970
0.010460
0.001630
0.007292
-0.002782
0.007933
0.024580
0.027509
0.027137
0.015954
0.002642
-0.018417
-0.006115
0.013392
0.022732
-0.000727
-0.005991
-0.006761
0.009213
-0.002678
0.016058
0.014944
0.013626
0.004800
0.010964
-0.000931
0.012752
0.009449
0.007764
0.007764
-0.008782
0.014234
-0.010264
0.001799
0.005775
0.007933
0.000115
-0.002780
0.007596
-0.000156
0.012954
0.000083
0.001666
0.005304
0.001565
-0.007636
-0.007805
-0.003391
0.005405
0.012043
0.006282
-0.005377
0.002914
-0.000759
0.011639
-0.001031
-0.001367
0.000385
0.012447
-0.011610
0.003181
-0.012117
-0.004264
0.001464
-0.002581
-0.023075
0.003519
-0.005813
0.005709
0.005573
0.007629
0.003923
0.006618
-0.005007
-0.005204
-0.001064
-0.005177
0.003787
-0.005854
-0.009487
0.003517
-0.000661
-0.010430
-0.002274
0.001564
0.004295
-0.003387
-0.008949
-0.023538
0.002205
0.009247
-0.007366
-0.008644
-0.008716
-0.000187
-0.012181
-0.012283
-0.022394
-0.020740
-0.021350
0.008977
-0.009652
-0.005916
0.030540
0.005844
-0.008751
-0.009661
-0.008037
0.002306
-0.008343
-0.006898
-0.004607
-0.014478
-0.012658
0.004361
-0.025598
0.005371
-0.009049
-0.014912
-0.017035
-0.022325
-0.001975
-0.005142
-0.009349
-0.003320
-0.010061
-0.005882
-0.021054
0.000858
-0.010938
0.004731
0.004531
-0.008170
-0.007935
-0.009255
-0.022971
0.001093
-0.009452
-0.022509
0.001294
-0.021514
-0.017945
-0.001706
-0.005814
-0.014576
-0.002849
-0.018362
-0.018413
-0.017509
-0.008175
-0.014345
-0.007074
-0.019835
0.003349
-0.031918
-0.007197
-0.001568
-0.001296
0.001936
-0.013464
-0.017312
-0.019259
-0.021430
-0.000962
-0.004331
-0.002445
0.001665
-0.001132
0.005035
-0.002847
-0.002713
-0.004470
-0.019668
-0.009529
0.006113
0.010359
0.011235
-0.004569
-0.003322
-0.016331
-0.012962
-0.000660
-0.003324
-0.010060
0.000859
-0.007903
-0.019067
-0.016937
-0.001639
-0.000930
-0.000862
-0.013128
-0.016614
0.004024
-0.008711
-0.004571
-0.004571
0.002338
0.002540
-0.001636
0.000790
-0.002044
-0.005651
-0.005814
-0.008412
0.013124
0.002205
-0.000089
-0.015453
-0.007530
0.003215
-0.005216
-0.009057
-0.005412
-0.005816
-0.000963
-0.006357
-0.005134
-0.007032
-0.001908
0.002206
0.004597
-0.017920
0.001060
-0.001232
-0.015357
-0.014985
-0.002076
-0.003666
-0.000256
-0.019486
-0.017314
-0.018752
0.004327
-0.019424
-0.005547
-0.008446
0.007259
-0.011008
-0.003926
0.002541
0.000451
0.007966
0.009988
0.002474
0.001936
0.002304
-0.001146
0.006349
0.007461
0.003012
-0.012558
0.003922
0.006686
0.011235
0.006416
0.011572
0.008775
0.004765
0.002132
0.009347
-0.003321
0.003551
-0.012626
-0.003021
-0.005042
-0.007331
-0.008711
0.008977
0.009348
0.004665
0.001159
-0.009218
0.003554
-0.000053
0.003078
0.012245
0.014704
0.008741
0.020770
0.023596
0.022863
0.019729
-0.000458
-0.003093
0.002339
0.011673
0.012650
0.008472
0.005372
-0.000964
0.016188
0.009651
0.010898
0.008741
0.007730
0.006012
0.000756
-0.003357
0.005743
-0.011754
-0.002277
-0.006625
-0.001470
0.012111
-0.001843
-0.005109
0.009584
0.003282
0.003418
-0.002143
0.010933
-0.008215
0.005776
-0.004098
0.006517
0.012044
-0.001871
0.002407
-0.011075
0.009954
0.009348
0.008640
0.008438
0.004900
-0.003222
0.006787
0.000115
0.004596
-0.011072
-0.001097
-0.010133
0.001363
-0.004131
-0.000558
-0.007534
-0.004402
0.002711
0.006517
-0.021366
0.007191
-0.001536
0.002541
0.004092
0.002708
-0.008443
0.000317
-0.006960
-0.011785
0.000656
-0.012081
0.005105
0.002001
0.012077
0.007393
-0.018413
0.006416
0.010696
0.014672
-0.009519
0.003788
-0.003255
-0.012693
-0.007368
-0.002851
0.001867
-0.000254
0.001900
-0.002984
-0.011846
-0.013294
-0.010738
-0.004534
-0.009991
-0.002746
0.002373
0.001936
0.003317
-0.012180
-0.002582
-0.008820
-0.013301
0.003585
-0.013062
0.002744
0.001936
0.000386
-0.006221
0.003180
0.004630
-0.009248
-0.001570
-0.021846
-0.001869
-0.010263
0.003484
0.011774
-0.005952
0.004428
0.005607
0.005608
-0.002245
-0.012690
-0.004469
0.006922
-0.001062
-0.008240
-0.008624
0.008944
-0.008676
-0.011210
-0.008505
-0.009388
-0.007871
-0.006421
-0.004429
-0.003489
-0.008776
-0.002546
-0.005816
-0.011880
-0.025975
-0.005036
-0.004266
-0.002748
-0.016594
-0.016499
-0.016427
-0.014839
-0.001771
-0.018218
-0.020277
-0.000860
-0.014782
-0.008841
-0.004434
-0.015083
-0.010832
-0.006625
-0.013499
-0.008785
-0.005376
-0.000722
-0.007503
-0.029208
-0.006998
-0.009120
-0.014540
-0.011309
-0.015546
-0.007501
-0.003287
0.004360
-0.006489
-0.011675
-0.016198
-0.016898
-0.014584
-0.011106
-0.012052
-0.009689
-0.013925
-0.001301
-0.006151
-0.009792
-0.012218
-0.013722
-0.007706
-0.003523
-0.003185
-0.003761
-0.018390
-0.001974
-0.016648
-0.000289
-0.012357
-0.016494
-0.003895
0.001295
-0.010367
-0.018952
-0.010633
0.008876
-0.005780
-0.013090
-0.002280
-0.009990
-0.022189
-0.001532
-0.017910
-0.020135
-0.024918
-0.011070
0.003552
-0.006863
0.001094
-0.008614
-0.003726
-0.020985
-0.003020
-0.010731
-0.017549
0.001392
-0.004399
-0.009887
-0.016024
-0.013871
-0.003289
-0.013801
-0.003458
0.005743
0.001228
-0.000922
-0.001435
-0.017401
0.000990
0.001968
-0.008311
-0.004673
-0.000492
-0.005614
-0.010629
-0.000794
0.006921
-0.018491
-0.000186
-0.017206
-0.011309
-0.011746
-0.016657
-0.014776
-0.020516
-0.012850
-0.008881
0.002306
0.000888
-0.000929
-0.000086
-0.001941
0.005102
-0.007900
-0.007062
0.000152
0.003080
0.004361
0.020573
0.019017
0.016692
0.001092
-0.001333
0.009011
0.010966
-0.009527
-0.011673
0.019356
0.006180
0.010021
0.001494
-0.002276
0.006282
-0.000355
0.000518
0.014302
0.003385
0.002104
0.003991
0.006618
0.012179
0.018244
-0.007261
-0.003861
-0.008108
-0.008843
-0.003728
-0.003285
-0.001368
0.010965
0.002776
0.001259
0.004192
0.010695
0.012988
0.017704
-0.002646
0.004428
0.023668
-0.006050
0.016591
0.019152
0.009752
-0.011813
0.011100
0.009853
0.001564
-0.000255
0.002743
0.003048
-0.000963
0.006113
0.012312
-0.001303
0.008573
0.007090
0.005102
0.012852
0.010933
0.002001
0.008910
0.004867
0.003148
0.006045
0.006315
-0.006225
0.010697
-0.006723
-0.011338
0.004293
0.005574
0.000519
0.000247
0.006652
-0.003695
-0.011779
-0.010732
-0.013262
0.005171
0.004934
-0.005347
-0.001907
0.004226
0.005540
0.012922
-0.002480
-0.000392
0.018039
-0.009859
0.007697
0.008371
0.003753
0.022151
-0.000694
-0.000694
0.004596
0.001664
-0.004839
-0.008781
-0.000056
-0.007598
0.000588
0.000387
0.000821
0.002639
0.004698
0.001631
0.000855
0.012988
-0.001164
-0.005547
0.001971
-0.011408
0.003080
-0.003424
0.003113
0.001430
-0.015454
-0.019068
-0.016795
0.005742
-0.008635
0.016928
-0.005175
-0.009589
0.021345
-0.022405
-0.005077
-0.004871
-0.004906
-0.003423
0.009382
0.006551
0.004664
-0.005308
-0.013791
-0.004800
-0.001199
0.010359
-0.003190
-0.007195
0.009146
-0.004469
-0.011746
-0.002754
0.002539
0.000921
-0.000356
0.000757
-0.023901
-0.004130
-0.003760
-0.012895
-0.010061
-0.013325
-0.007567
0.004764
-0.019129
0.004092
-0.009358
-0.002547
-0.001906
-0.002178
-0.000726
-0.010636
0.003821
