0.012550
0.018449
0.021543
0.019930
0.020166
0.028387
0.016491
0.001024
0.002070
0.022284
0.038761
0.037517
0.045503
0.045939
0.043553
0.056835
0.047058
0.061694
0.042568
0.071604
0.053387
0.043417
0.075398
0.041253
0.048240
0.049273
0.042128
0.044289
0.045713
0.042982
0.039350
0.042007
0.052814
0.051271
0.045087
0.048951
0.043482
0.048948
0.049383
0.043513
0.056043
0.054863
0.054658
0.033108
0.046114
0.033950
0.024341
0.023400
0.023975
0.030140
0.028557
0.040217
0.024042
0.034482
0.035431
0.022017
0.038893
0.031824
0.018382
0.025148
0.023937
0.026564
0.022186
0.018378
0.001329
0.022052
-0.000287
0.019321
0.014975
0.014671
0.016525
-0.009824
-0.000190
0.001597
0.010225
0.000722
0.001496
0.004866
-0.004640
0.006753
0.000047
0.021279
-0.011719
-0.000560
0.008438
0.003552
0.000183
-0.017774
-0.019697
-0.008311
-0.010936
-0.013997
-0.005009
-0.020231
-0.015256
-0.012222
-0.019495
-0.014172
-0.017002
-0.026695
-0.026201
-0.019529
-0.017376
-0.016462
-0.016763
-0.020200
-0.035803
-0.027145
-0.020367
-0.034599
-0.033401
-0.037063
-0.042484
-0.045663
-0.040719
-0.033068
-0.053442
-0.030222
-0.032374
-0.037892
-0.054287
-0.045113
-0.047157
-0.039535
-0.045265
-0.055148
-0.040264
-0.047942
-0.049824
-0.054713
-0.047349
-0.048846
-0.047923
-0.048346
-0.055487
-0.060402
-0.064374
-0.058871
-0.040905
-0.041034
-0.051421
-0.055238
-0.048476
-0.064336
-0.051335
-0.062959
-0.045109
-0.057029
-0.044971
-0.051115
-0.047116
-0.028856
-0.058452
-0.059081
-0.056575
-0.051366
-0.051341
-0.042072
-0.054564
-0.036583
-0.049723
-0.035305
-0.056867
-0.051142
-0.064759
-0.068673
-0.070766
-0.068768
-0.068726
-0.052708
-0.057316
-0.051931
-0.067817
-0.060924
-0.041296
-0.026083
-0.058246
-0.063196
-0.044017
-0.043639
-0.046414
-0.047159
-0.048742
-0.047776
-0.050532
-0.032296
-0.037540
-0.046387
-0.063282
-0.049131
-0.045252
-0.051456
-0.046045
-0.033081
-0.028023
-0.028897
-0.031174
-0.043294
-0.041100
-0.032500
-0.039102
-0.011916
-0.050026
-0.027451
-0.022932
-0.017173
-0.034076
-0.027916
-0.025886
-0.030237
-0.023401
-0.020500
-0.030918
-0.022462
-0.006723
-0.019231
-0.022529
-0.018275
-0.027280
-0.005684
-0.017882
-0.003998
-0.020234
-0.001235
-0.004976
-0.013534
0.001529
-0.014613
-0.007801
-0.000356
0.004494
0.009516
0.001731
0.005473
0.007528
0.009922
0.010932
0.003823
0.023400
0.014806
0.019358
0.016358
0.011605
0.005978
0.006854
0.005910
0.006989
0.015109
0.017167
0.017164
0.007562
0.020095
0.023263
0.025283
0.016893
0.026836
-0.004333
0.032748
0.033744
0.036775
0.007697
0.019657
0.018703
0.028210
0.023129
0.018885
0.019655
0.025457
0.012010
0.039207
0.027006
0.030207
0.029098
0.030375
0.041101
0.018483
0.043071
0.050928
0.056029
0.042104
0.055505
0.055950
0.059537
0.056514
0.059393
0.059360
0.058144
0.055857
0.055567
0.054791
0.053985
0.046684
0.042502
0.054618
0.046555
0.062934
0.048809
0.054489
0.056684
0.042541
0.043414
0.043882
0.051014
0.072147
0.047795
0.066909
0.065205
0.061445
0.069043
0.047425
0.049447
0.069045
0.064007
0.049610
0.051914
0.054309
0.056390
0.054861
0.054724
0.051699
0.062531
0.052881
0.057187
0.046555
0.047218
0.038462
0.054000
0.062488
0.061371
0.054532
0.041450
0.037905
0.039075
0.042342
0.044994
0.046407
0.044829
0.031083
0.044604
0.039876
0.044453
0.037249
0.035600
0.033611
0.030547
0.027007
0.047001
0.058316
0.060450
0.049673
0.058144
0.039005
0.025088
0.041857
0.024916
0.028055
0.035560
0.037722
0.023366
0.027679
0.012111
0.030096
0.029434
0.032333
0.029771
0.010426
0.017402
0.028552
0.012213
0.016021
0.015077
-0.001067
0.018075
0.005001
0.009920
-0.004434
-0.001703
0.000619
0.002002
-0.000594
0.003753
0.009078
-0.002649
0.002575
-0.007734
-0.022830
0.000955
0.000555
-0.012388
-0.002879
-0.008168
-0.009420
-0.014003
-0.014575
-0.026418
-0.014680
-0.024913
-0.009997
-0.022800
-0.016091
-0.023844
-0.019630
-0.022059
-0.010738
-0.038770
-0.040970
-0.035967
-0.024146
-0.027941
-0.027613
-0.035765
-0.034587
-0.023343
-0.023606
-0.039740
-0.037418
-0.033779
-0.042404
-0.043076
-0.042081
-0.035712
-0.046888
-0.041104
-0.038188
-0.046722
-0.044951
-0.028867
-0.053188
-0.048712
-0.048203
-0.053829
-0.049547
-0.056055
-0.056798
-0.043758
-0.034947
-0.054418
-0.051445
-0.055720
-0.055769
-0.054807
-0.056038
-0.061918
-0.074065
-0.040285
-0.051530
-0.055485
-0.053671
-0.043133
-0.062246
-0.056228
-0.062146
-0.041130
-0.051292
-0.051643
-0.050363
-0.038268
-0.053933
-0.035604
-0.039451
-0.045635
-0.050418
-0.054714
-0.062576
-0.050924
-0.046018
-0.057627
-0.066807
-0.064102
-0.063428
-0.058614
-0.064246
-0.036979
-0.068345
-0.056473
-0.063450
-0.060016
-0.046307
-0.039485
-0.048490
-0.039292
-0.031123
-0.030207
-0.030480
-0.035025
-0.056220
-0.043238
-0.047138
-0.050017
-0.037657
-0.033753
-0.048807
-0.028175
-0.046122
-0.038031
-0.046630
-0.041330
-0.036152
-0.037668
-0.025348
-0.019160
-0.020641
-0.018151
-0.033216
-0.032538
-0.016166
-0.038499
-0.031266
-0.027373
-0.023566
-0.022568
-0.020915
-0.007769
-0.018827
-0.013430
-0.008044
-0.021012
-0.008987
-0.017545
-0.026211
-0.016023
-0.001333
-0.023074
0.004799
0.004463
0.003720
-0.002916
0.000989
-0.004336
0.011098
0.007023
-0.002245
0.004091
0.001564
0.017100
0.006450
0.003923
-0.004670
-0.004571
-0.004838
0.001191
0.007057
0.027041
0.008573
0.016392
0.020570
0.023562
0.021172
0.025692
0.010191
0.022757
0.021612
0.021782
0.022590
0.023905
0.021679
0.020031
0.022657
0.012112
0.025324
0.022121
0.020536
0.022856
0.030040
0.017235
0.025319
0.027071
0.029533
0.022221
0.023934
0.017538
0.028516
0.022894
0.031589
0.036339
0.046586
0.046076
0.050541
0.050233
0.062053
0.056255
0.047811
0.057086
0.046580
0.059396
0.047871
0.057431
0.054735
0.050976
0.050141
0.059492
0.050191
0.045504
0.046845
0.059887
0.061136
0.054721
0.066033
0.051997
0.057022
0.060623
0.058449
0.056278
0.065762
0.061476
0.063135
0.069807
0.048441
0.044432
0.068166
0.053998
0.058004
0.055342
0.051800
0.049673
0.048874
0.050090
0.046614
0.071725
0.045028
0.054394
0.060179
0.053326
0.069497
0.045177
0.054976
0.039709
0.051606
0.053945
0.045805
0.039475
0.058810
0.041162
0.044702
0.027345
0.057089
0.048039
0.046373
0.023296
0.032130
0.040691
0.035699
0.047632
0.049113
0.051670
0.043857
0.052419
0.038866
0.047660
0.048331
0.030911
0.025047
0.028256
0.035904
0.034413
0.013392
0.021076
0.032434
0.023703
0.018311
0.007393
0.037240
0.022455
0.006112
0.004731
0.006349
0.016255
0.029493
0.019829
-0.000083
0.011706
0.007461
0.000453
0.021514
0.018441
-0.006382
-0.005684
0.008674
0.007292
0.009044
-0.008982
-0.004971
0.011740
0.006181
0.001294
0.000148
-0.001439
0.004193
-0.007163
-0.017510
-0.015717
-0.024790
-0.025293
-0.020878
-0.019566
-0.011613
-0.008004
-0.022434
-0.015076
-0.009152
-0.033348
-0.020205
-0.017565
-0.017003
-0.023887
-0.022462
-0.023067
-0.025745
-0.018516
-0.025490
-0.026344
-0.027812
-0.020032
-0.022568
-0.027419
-0.027802
-0.032845
-0.028184
-0.032989
-0.057092
-0.053055
-0.048389
-0.064390
-0.040618
-0.040561
-0.063541
-0.056534
-0.047080
-0.041322
-0.034778
-0.037397
-0.052115
-0.049573
-0.059798
-0.060008
-0.060341
-0.058376
-0.048070
-0.051743
-0.039843
-0.050760
-0.062689
-0.044971
-0.064411
-0.062813
-0.049417
-0.064227
-0.059632
-0.059612
-0.061748
-0.062613
-0.055852
-0.055860
-0.055735
-0.068359
-0.044157
-0.057895
-0.045030
-0.058070
-0.042484
-0.052987
-0.057576
-0.055723
-0.053463
-0.054085
-0.065456
-0.047975
-0.051239
-0.060507
-0.061928
-0.057279
-0.068917
-0.052939
-0.076592
-0.058887
-0.067841
-0.070673
-0.069231
-0.042647
-0.044266
-0.049082
-0.054368
-0.050441
-0.051834
-0.040353
-0.049796
-0.064095
-0.049392
-0.039446
-0.053388
-0.049807
-0.045203
-0.047456
-0.025322
-0.049905
-0.036407
-0.042993
-0.041520
-0.028054
-0.050352
-0.037361
-0.026335
-0.030138
-0.026191
-0.030645
-0.031462
-0.036775
-0.024558
-0.012590
-0.035428
-0.022320
-0.027651
-0.030173
-0.026699
-0.012046
-0.015115
-0.004366
-0.017032
0.009449
-0.010502
-0.009892
-0.014515
-0.018378
0.011977
-0.001196
0.003350
0.007022
-0.004366
-0.016567
0.002576
-0.009757
0.018884
0.007966
-0.012223
0.002744
0.011302
-0.007061
0.006652
0.014433
0.014267
0.009247
0.014570
0.035252
0.023466
0.025846
0.018684
0.002913
0.015111
0.015817
0.028723
0.014267
0.022253
0.026735
0.027782
0.023631
0.013424
0.046281
0.020333
0.014873
0.024005
0.013694
0.031139
0.033008
0.023164
0.007292
0.006045
0.031007
0.027884
0.030407
0.020602
0.014004
0.028955
0.030407
0.035502
0.037385
0.038393
0.044821
0.039562
0.062857
0.033100
0.064814
0.064130
0.057559
0.053491
0.059401
0.051800
0.074615
0.056448
0.058529
0.058070
0.059567
0.049435
0.046048
0.056123
0.055529
0.059658
0.070591
0.065443
0.059272
0.063757
0.065638
0.050531
0.053992
0.058777
0.060534
0.058274
0.061034
0.047626
0.049619
0.044590
0.054619
0.053291
0.058669
0.059899
0.070714
0.067139
0.065255
0.061999
0.050764
0.050124
0.059586
0.045801
0.048835
0.053901
0.062905
0.042123
0.052342
0.051434
0.044725
0.046596
0.044089
0.045539
0.040652
0.043184
0.043316
0.043218
0.038772
0.034312
0.030172
0.035796
0.049141
0.052749
0.042557
0.031793
0.027743
0.024507
0.045642
0.032932
0.045643
0.036479
0.053016
0.040741
0.026561
0.019724
0.031703
0.024772
0.015986
0.038324
0.037884
0.033339
0.030373
0.019929
0.016052
0.022823
0.028823
0.025420
0.019657
0.024714
0.026092
0.002612
0.019761
-0.002177
0.002743
0.008168
0.020194
-0.003999
-0.003153
0.007259
0.018918
0.001801
-0.001301
0.001362
-0.002347
-0.006454
0.004329
-0.001805
-0.003591
-0.004702
0.001298
-0.008178
-0.021956
-0.012626
-0.013771
-0.018188
-0.017444
-0.023875
-0.017200
-0.014944
-0.016367
-0.018780
-0.018892
-0.019558
-0.023475
-0.019427
-0.014454
-0.022629
-0.015585
-0.026903
-0.023435
-0.023308
-0.019862
-0.019062
-0.035347
-0.035307
-0.038674
-0.035604
-0.032062
-0.041951
-0.036930
-0.051090
-0.046623
-0.054364
-0.042362
-0.041727
-0.044536
-0.055492
-0.041952
-0.051867
-0.062209
-0.051395
-0.058391
-0.047251
-0.051477
-0.036339
-0.059236
-0.060935
-0.061585
-0.048270
-0.053518
-0.052882
-0.065756
-0.055454
-0.052346
-0.064787
-0.055566
-0.058191
-0.055324
-0.054374
-0.056927
-0.059363
-0.059806
-0.064670
-0.056883
-0.043620
-0.065203
-0.047930
-0.047729
-0.059810
-0.053994
-0.045532
-0.062002
-0.049746
-0.044409
-0.037788
-0.043070
-0.058197
-0.056216
-0.059600
-0.057986
-0.074854
-0.050448
-0.062335
-0.063970
-0.063327
-0.048712
-0.069177
-0.047874
-0.045528
-0.048688
-0.053101
-0.048949
-0.050811
-0.053295
-0.039071
-0.063663
-0.044979
-0.048033
-0.041291
-0.043789
-0.049217
-0.030077
-0.032838
-0.043907
-0.038167
-0.042550
-0.051062
-0.040848
-0.029410
-0.035736
-0.036408
-0.017751
-0.030804
-0.029615
-0.041890
-0.015554
-0.022527
-0.026597
-0.019189
-0.030348
-0.020472
-0.029502
-0.013187
-0.011844
-0.010739
-0.013900
-0.021181
-0.029683
-0.021890
0.000214
-0.015386
-0.018997
-0.006359
-0.006895
-0.011946
-0.007501
-0.006320
-0.009018
-0.012151
-0.006863
0.005606
-0.008374
0.002506
-0.000155
-0.007500
0.005776
0.008506
0.007326
0.006045
-0.009522
0.006652
0.010460
0.010325
0.001025
0.011099
0.013527
0.021006
0.008337
0.011470
0.010898
0.014772
0.019793
0.013055
0.030811
0.008404
0.010864
0.018076
0.034648
0.019830
0.017604
0.022652
0.023637
0.024205
0.025653
0.018075
0.019458
0.006449
0.028825
0.019423
0.019457
0.022893
0.035089
0.038730
0.033804
0.032193
0.026086
0.033648
0.022354
0.030210
0.043310
0.035735
0.059139
0.045971
0.048273
0.054056
0.068139
0.037217
0.058471
0.060225
0.055348
0.058039
0.054600
0.038489
0.065148
0.059556
0.048835
0.036745
0.041828
0.050902
0.043045
0.045507
0.055136
0.053244
0.056541
0.063956
0.065988
0.052755
0.059197
0.052278
0.061399
0.064712
0.063259
0.055848
0.066658
0.055858
0.037445
0.044048
0.047959
0.044280
0.045100
0.052019
0.033912
0.055923
0.051201
0.044936
0.046766
0.049678
0.061635
0.051141
0.043276
0.034212
0.042774
0.053965
0.026561
0.031456
0.054933
0.043719
0.034952
0.043925
0.045740
0.048840
0.038970
0.037994
0.042580
0.051297
0.036240
0.039238
0.033882
0.057160
0.018479
0.043812
0.035630
0.036609
0.030539
0.023301
0.043624
0.025018
0.021140
0.029292
0.024575
0.025411
0.021243
0.019933
0.026263
0.024516
0.029704
0.014265
0.012313
0.016121
0.027815
0.025048
0.017944
0.001564
-0.000961
0.001359
0.008337
0.006585
0.016290
0.019118
-0.002581
-0.003016
0.006518
-0.000156
-0.007869
0.000520
-0.008479
0.006888
-0.007468
-0.004770
-0.000829
-0.016323
-0.023082
-0.012788
-0.025454
-0.012759
-0.017408
-0.038880
-0.009221
-0.033857
-0.023299
-0.020679
-0.009926
-0.010162
-0.009825
-0.008713
-0.024638
-0.027051
-0.025892
-0.021955
-0.015954
-0.035974
-0.026001
-0.026238
-0.035125
-0.033104
-0.048481
-0.046686
-0.037958
-0.034694
-0.015516
-0.046426
-0.034838
-0.030615
-0.051654
-0.038219
-0.046447
-0.039604
-0.044966
-0.033982
-0.060633
-0.063707
-0.052760
-0.053397
-0.071262
-0.053975
-0.036730
-0.045688
-0.045864
-0.046846
-0.040483
-0.053343
-0.048775
-0.063596
-0.069483
-0.061820
-0.067669
-0.035676
-0.061191
-0.049869
-0.062748
-0.074779
-0.069698
-0.070454
-0.041164
-0.050982
-0.041624
-0.041206
-0.044603
-0.052172
-0.042122
-0.046661
-0.045842
-0.040594
-0.043822
-0.057582
-0.057280
-0.059900
-0.050835
-0.059904
-0.084302
-0.063961
-0.049621
-0.066776
-0.069403
-0.053831
-0.065111
-0.045149
-0.062457
-0.039649
-0.041865
-0.048063
-0.031425
-0.057215
-0.054512
-0.043286
-0.035852
-0.041268
-0.032670
-0.058981
-0.045604
-0.044148
-0.045977
-0.028025
-0.027111
-0.030109
-0.042860
-0.027415
-0.042167
-0.028930
-0.031506
-0.031546
-0.020470
-0.048111
-0.032163
-0.026769
-0.037656
-0.036773
-0.040848
-0.042780
-0.026914
-0.016708
-0.040342
-0.025492
-0.016531
-0.014610
-0.010859
-0.004673
-0.015552
-0.009248
-0.018754
-0.026467
-0.024148
-0.021588
-0.006357
-0.002542
-0.009255
-0.010264
0.000620
-0.010833
-0.006998
-0.009860
-0.008273
0.005743
-0.001334
-0.006519
-0.004769
0.002308
0.009720
-0.009895
-0.007974
0.006517
0.004562
0.010393
-0.000221
0.026970
0.007191
0.008505
0.015747
0.007393
0.006079
0.002878
0.005170
0.027106
0.007258
0.025391
0.036568
0.029428
0.012246
0.012278
0.018281
0.032160
0.023366
0.032466
0.038321
0.036204
0.024440
0.027681
0.016930
0.024813
0.032225
0.037250
0.033913
0.033210
0.027141
0.051169
0.039502
0.039538
0.028455
0.049840
0.038063
0.041697
0.047930
0.052608
0.038056
0.040345
0.046780
0.038735
0.042019
0.056788
0.057429
0.058777
0.065816
0.059606
0.046761
0.051505
0.061815
0.033515
0.057395
0.061219
0.062952
0.056438
0.065188
0.070857
0.050956
0.056076
0.060970
0.063178
0.076317
0.065435
0.042068
0.042071
0.052947
0.053561
0.058315
0.059222
0.059076
0.047795
0.044228
0.080102
0.054970
0.068722
0.067241
0.055264
0.047642
0.042451
0.035864
0.041116
0.047213
0.044697
0.051059
0.055343
0.051605
0.059296
0.051227
0.053154
0.049180
0.068507
0.047254
0.036677
0.037930
0.038802
0.040079
0.040989
0.033809
0.030748
0.047089
0.034348
0.033443
0.032765
0.024475
0.042649
0.035219
0.020936
0.037042
0.048217
0.029638
0.030411
0.038966
0.032862
0.025353
0.023772
0.028416
0.034352
0.014639
0.028728
0.009348
0.006720
0.013425
0.031612
0.021412
0.018684
0.011537
0.004563
0.011841
0.023669
0.026260
0.027647
0.008842
0.006046
-0.000153
0.013492
0.008303
0.002609
0.000284
0.001193
0.004258
-0.021569
-0.000222
0.001227
0.001801
0.000418
-0.024303
-0.018412
-0.021050
-0.025459
-0.011514
-0.007907
-0.002211
-0.014847
-0.010498
-0.014612
-0.020248
-0.015588
-0.013435
-0.008040
-0.020236
-0.027382
-0.021146
-0.021483
-0.025936
-0.032236
-0.029269
-0.018818
-0.035161
-0.034717
-0.016301
-0.031556
-0.031622
-0.032604
-0.044164
-0.028488
-0.039935
-0.032978
-0.055466
-0.039238
-0.049126
-0.062835
-0.044544
-0.056543
-0.061091
-0.063959
-0.065124
-0.067588
-0.068568
-0.026514
-0.054813
-0.056931
-0.047525
-0.058652
-0.048593
-0.047330
-0.045165
-0.055894
-0.041935
-0.056330
-0.061717
-0.064258
-0.057262
-0.061959
-0.052373
-0.044947
-0.065796
-0.066537
-0.056669
-0.053790
-0.056906
-0.062776
-0.031250
-0.051793
-0.052419
-0.054474
-0.048427
-0.056939
-0.048039
-0.034384
-0.047233
-0.059163
-0.051658
-0.046449
-0.062294
-0.057582
-0.068977
-0.060413
-0.058176
-0.053688
-0.070796
-0.049598
-0.057131
-0.039372
-0.058575
-0.052922
-0.053432
-0.070716
-0.046008
-0.060635
-0.057178
-0.042332
-0.041989
-0.045410
-0.040852
-0.036735
-0.043316
-0.048203
-0.051732
-0.034118
-0.029895
-0.033013
-0.038024
-0.053523
-0.019808
-0.034882
-0.032882
-0.031962
-0.043514
-0.045315
-0.040326
-0.043770
0.003048
0.001868
-0.002514
-0.024064
-0.014034
-0.021284
-0.020577
-0.016798
-0.005275
-0.022467
-0.014844
-0.025801
-0.014145
-0.012662
-0.006324
-0.008205
-0.006387
-0.000998
0.023296
0.000418
0.004966
-0.014098
0.012853
-0.001099
0.001734
-0.014275
0.002913
0.012922
-0.003724
-0.006800
-0.008853
0.007798
0.002137
-0.000356
0.003721
-0.007127
0.014604
0.009517
0.008741
0.020129
0.025424
0.020150
0.027741
0.026598
0.026124
0.017569
0.021750
0.017975
0.037118
0.018513
0.034556
0.011638
0.012110
0.029805
0.013728
0.027003
0.009551
0.011033
0.013258
0.021111
0.019055
0.050459
0.031186
0.027683
0.025596
0.032590
0.039676
0.024512
0.029262
0.026605
0.039710
0.052129
0.052381
0.046754
0.040914
0.056785
0.052144
0.059125
0.056059
0.055313
0.062141
0.038793
0.059906
0.058092
0.070470
0.050862
0.052770
0.069047
0.053083
0.062278
0.075910
0.065487
0.060843
0.056523
0.049012
0.057976
0.061407
0.060705
0.071315
0.051496
0.067217
0.064236
0.050055
0.057134
0.059017
0.064111
0.062454
0.058207
0.063681
0.050523
0.038394
0.052309
0.057423
0.058113
0.052683
0.046721
0.049447
0.041000
0.038232
0.046615
0.045726
0.049973
0.037281
0.037207
0.040442
0.054537
0.047991
0.027004
0.043651
0.034348
0.042610
0.059583
0.024412
0.046121
0.044532
0.047325
0.038034
0.036072
0.041791
0.045745
0.049315
0.048501
0.035397
0.035868
0.050967
0.039599
0.023903
0.023429
0.026601
0.032501
0.020434
0.026029
0.026230
0.013460
0.013392
0.013323
0.033439
0.019962
0.025790
0.024481
0.002508
0.010662
0.010089
0.009955
0.012920
-0.011035
0.016094
-0.001702
0.016729
0.002777
0.014334
-0.001233
0.017736
-0.015019
0.001430
-0.008109
-0.007661
-0.006021
0.000518
-0.014578
-0.009587
0.003620
-0.005372
-0.008146
-0.008614
-0.026969
-0.016864
-0.014511
-0.003020
-0.006790
-0.009894
-0.009827
-0.025158
-0.013097
-0.020919
-0.017983
-0.008642
-0.014749
-0.027740
-0.009049
-0.031986
-0.023643
-0.023841
-0.025692
-0.026469
-0.025145
-0.031727
-0.029466
-0.032563
-0.037689
-0.035538
-0.040525
-0.035442
-0.040643
-0.047670
-0.049196
-0.048237
-0.035742
-0.041320
-0.033090
-0.052392
-0.059854
-0.064183
-0.061311
-0.060399
-0.063441
-0.064213
-0.065185
-0.045875
-0.050363
-0.055140
-0.061452
-0.058879
-0.058440
-0.053197
-0.063285
-0.050201
-0.064752
-0.066505
-0.066493
-0.063761
-0.051437
-0.064867
-0.060374
-0.054969
-0.037726
-0.052663
-0.051013
-0.059241
-0.061352
-0.059363
-0.045072
-0.060272
-0.058783
-0.053182
-0.040627
-0.040090
-0.048693
-0.039616
-0.052294
-0.060578
-0.046247
-0.054815
-0.061103
-0.050605
-0.059218
-0.068531
-0.067202
-0.063161
-0.050374
-0.061320
-0.055676
-0.043167
-0.047971
-0.051332
-0.065289
-0.042238
-0.051463
-0.051082
-0.037491
-0.049354
-0.049651
-0.048405
-0.037359
-0.041578
-0.022394
-0.049271
-0.053211
-0.044587
-0.037488
-0.034759
-0.024349
-0.033649
-0.027069
-0.040550
-0.039342
-0.025530
-0.034141
-0.035967
-0.033153
-0.030449
-0.031328
-0.033247
-0.033653
-0.012483
-0.033989
-0.021785
-0.032568
-0.019065
-0.012665
-0.009153
-0.014598
-0.016062
-0.018214
-0.014648
0.001833
0.003114
-0.000928
-0.012889
0.000521
-0.036466
0.005810
-0.011211
0.002172
0.006754
-0.006550
-0.008110
0.011134
-0.003423
0.008876
0.008607
0.006518
0.010392
0.003451
0.001262
0.013559
0.013861
-0.011376
0.007124
0.013655
0.026733
0.025492
0.006484
0.029437
0.027978
0.021750
0.021006
0.012784
0.020737
0.019516
0.019529
0.024548
0.009449
0.027751
0.027482
0.035671
0.034215
0.019994
0.019695
0.021816
0.024643
0.025212
0.023468
0.016188
0.031859
0.031904
0.030942
0.032671
0.025859
0.035464
0.028013
0.037075
0.039978
0.045259
0.050870
0.053012
0.060169
0.053432
0.053623
0.063060
0.061959
0.056182
0.061048
0.048316
0.065709
0.067470
0.066423
0.066161
0.044219
0.056450
0.062706
0.052606
0.052271
0.065259
0.056239
0.073915
0.058468
0.054704
0.058744
0.055276
0.059473
0.065205
0.040012
0.063263
0.068662
0.039976
0.050685
0.054738
0.044093
0.066946
0.050556
0.044525
0.053023
0.059559
0.055475
0.055977
0.042783
0.038766
0.037988
0.054388
0.048034
0.041407
0.039975
0.040735
0.054103
0.035025
0.040776
0.046805
0.043461
0.039028
0.044148
0.043977
0.024884
0.054943
0.039299
0.048070
0.041489
0.044530
0.045570
0.042438
0.045477
0.040155
0.026737
0.025792
0.033534
0.036437
0.039748
0.034591
0.036803
0.033334
0.026061
0.041053
0.031252
0.016863
0.020672
0.020636
0.015413
0.015851
0.017670
0.019891
0.015883
0.017030
0.004630
0.007663
0.008943
0.031046
-0.000626
0.003451
-0.001604
0.004361
0.006854
0.010291
-0.002718
-0.015754
-0.011271
-0.011405
0.010764
0.011403
0.005338
-0.005445
0.005911
-0.006821
-0.008747
-0.014680
-0.017983
-0.015899
-0.026536
-0.019336
-0.006120
-0.007263
-0.020600
-0.021482
-0.023731
-0.026295
-0.025459
-0.005747
-0.014978
-0.010100
-0.021047
-0.023941
-0.016804
-0.022356
-0.030037
-0.026299
-0.027920
-0.025053
-0.020879
-0.022692
-0.019758
-0.027751
-0.033812
-0.045706
-0.045959
-0.043904
-0.034990
-0.019125
-0.049587
-0.048087
-0.040946
-0.027015
-0.061524
-0.065055
-0.052423
-0.061824
-0.044294
-0.048809
-0.052144
-0.060872
-0.053199
-0.058854
-0.063654
-0.040246
-0.053193
-0.061678
-0.053748
-0.059983
-0.056428
-0.062196
-0.067748
-0.054524
-0.049037
-0.042686
-0.069005
-0.038596
-0.048802
-0.062019
-0.063270
-0.054060
-0.053324
-0.058323
-0.049682
-0.052046
-0.056418
-0.046747
-0.043681
-0.044264
-0.042953
-0.043194
-0.054487
-0.060543
-0.048955
-0.047952
-0.051139
-0.069556
-0.065221
-0.047050
-0.045542
-0.056544
-0.051337
-0.048600
-0.051636
-0.053586
-0.045706
-0.057572
-0.048443
-0.053124
-0.045361
-0.049203
-0.041407
-0.058154
-0.050723
-0.041058
-0.040805
-0.038434
-0.037526
-0.046927
-0.044437
-0.034733
-0.035030
-0.038982
-0.039240
-0.037541
-0.036339
-0.038348
-0.020914
-0.032646
-0.030651
-0.027548
-0.027145
-0.034552
-0.029668
0.001262
-0.005178
-0.033419
-0.022803
-0.019365
-0.021245
-0.015044
-0.003730
-0.010707
-0.012013
-0.017713
-0.014989
-0.010666
-0.013031
-0.006490
-0.010629
0.008674
-0.005620
-0.017349
-0.012219
-0.002177
-0.021652
-0.008514
-0.009243
-0.014244
0.005102
-0.004734
0.008034
0.007360
0.000049
0.007798
0.005472
0.018313
0.019559
0.015822
0.016728
0.027065
0.024887
0.021410
0.013695
-0.003792
0.010763
0.017706
-0.002245
0.027817
0.028484
0.014065
0.028895
0.015378
0.012481
0.027611
0.028013
0.026032
0.015864
0.013089
0.030708
0.021615
0.022222
0.016055
0.019419
0.032868
0.021246
0.029499
0.032961
0.027342
0.017713
0.034748
0.044994
0.048643
0.050264
0.034052
0.054337
0.056621
0.058874
0.059246
0.056314
0.054460
0.062758
0.058644
0.061423
0.053793
0.050410
0.044994
0.034311
0.057462
0.057092
0.053508
0.050905
0.061050
0.057166
0.046065
0.063055
0.066672
0.046885
0.055385
0.065614
0.046958
0.040921
0.070304
0.047491
0.045056
0.040692
0.064317
0.054797
0.054070
0.065775
0.065171
0.050960
0.064951
0.054877
0.063805
0.055058
0.047259
0.053726
0.058280
0.067370
0.049212
0.039120
0.052331
0.039543
0.042136
0.054175
0.049989
0.036738
0.053820
0.048240
0.037179
0.027750
0.027037
0.027923
0.037717
0.038497
0.030580
0.033945
0.035131
0.028285
0.043917
0.021482
0.049475
0.040686
0.020803
0.051771
0.048711
0.019622
0.044325
0.033320
0.024039
0.030542
0.029231
0.027337
0.022729
0.025589
0.011033
0.029969
0.021111
0.025519
0.024846
0.026381
0.005843
0.001767
0.026809
0.018107
0.000418
0.001260
0.004428
0.023767
0.018411
0.011841
-0.001167
-0.000695
-0.015184
0.009954
0.003183
-0.009694
-0.006353
0.004866
-0.009319
-0.010535
-0.011811
-0.004129
-0.005711
0.001699
-0.021780
-0.009755
0.001026
-0.004402
-0.015089
-0.005549
-0.015017
-0.023037
-0.022860
-0.028114
-0.027844
-0.014106
-0.018257
-0.021923
-0.019556
-0.013904
-0.005879
-0.030835
-0.033446
-0.010132
-0.018014
-0.029678
-0.033649
-0.036449
-0.038398
-0.026308
-0.032975
-0.029473
-0.029674
-0.023836
-0.040989
-0.058865
-0.029272
-0.047551
-0.054549
-0.037406
-0.054206
-0.054102
-0.054133
-0.071390
-0.061305
-0.055198
-0.050325
-0.026237
-0.058246
-0.053411
-0.039194
-0.071664
-0.052612
-0.057764
-0.052151
-0.057464
-0.058966
-0.042404
-0.064048
-0.080607
-0.051390
-0.055492
-0.040499
-0.057809
-0.058419
-0.062983
-0.054275
-0.050228
-0.055635
-0.057935
-0.057227
-0.052259
-0.052800
-0.050813
-0.051716
-0.045402
-0.054443
-0.049097
-0.054275
-0.052275
-0.052134
-0.067950
-0.068545
-0.068908
-0.065011
-0.070268
-0.068594
-0.048516
-0.046886
-0.045382
-0.047404
-0.051366
-0.056295
-0.053058
-0.058176
-0.048688
-0.055074
-0.051496
-0.053432
-0.059373
-0.043081
-0.035463
-0.048336
-0.028062
-0.036170
-0.034359
-0.032130
-0.046697
-0.050621
-0.040216
-0.051295
-0.036775
-0.019154
-0.038817
-0.025891
-0.029870
-0.028344
-0.032802
-0.032333
-0.030983
-0.044897
-0.036141
-0.020345
-0.035157
-0.016972
-0.023201
-0.009122
-0.005379
-0.013156
-0.017886
-0.018972
-0.018887
-0.018914
-0.022156
-0.016432
-0.003424
-0.006994
-0.010805
0.000757
0.000891
-0.000181
-0.002985
-0.011876
0.007933
0.012751
-0.007705
-0.008178
-0.006693
-0.001570
-0.001668
-0.005174
-0.001574
0.014808
0.015108
0.008472
0.014975
0.001530
0.015815
0.000183
0.026472
0.025280
0.021579
0.025554
0.028055
0.003384
0.028416
0.008640
0.003080
0.029694
0.032429
0.022989
0.021211
0.029497
0.024753
0.033438
0.041219
0.030746
0.038087
0.020130
0.021143
0.026066
0.020599
0.039911
0.019795
0.033200
0.041945
0.020904
0.036738
0.026665
0.023167
0.029466
0.050212
0.049947
0.039972
0.046122
0.042375
0.041090
0.051897
0.029701
0.053763
0.058664
0.053698
0.048188
0.065490
0.056718
0.063168
0.057546
0.058645
0.059011
0.056393
0.055915
0.047686
0.058948
0.059586
0.054731
0.074340
0.057964
0.051935
0.051670
0.053558
0.057296
0.060330
0.057295
0.049985
0.040779
0.049041
0.044455
0.056580
0.074538
0.054863
0.040715
0.060028
0.056454
0.075995
0.066033
0.042273
0.049404
0.049649
0.049115
0.051415
0.058090
0.040089
0.051899
0.058804
0.054913
0.044122
0.057404
0.049325
0.056107
0.043422
0.049142
0.055841
0.063900
0.045646
0.043073
0.062467
0.064339
0.041562
0.037956
0.042521
0.030410
0.035737
0.030908
0.035361
0.032362
0.022661
0.018988
0.045737
0.041362
0.039070
0.037019
0.019594
0.005540
0.024781
0.028529
0.016928
0.016423
0.015007
0.004394
0.002370
0.008741
0.012751
-0.006626
0.019392
0.018243
0.014066
-0.003014
-0.001839
0.022491
0.001564
0.018685
-0.003489
-0.000088
-0.005652
-0.006958
0.012887
0.003286
0.002778
-0.000592
0.010022
-0.014713
-0.001236
-0.004066
-0.011273
-0.010433
-0.017913
-0.006321
-0.011103
-0.020205
-0.026802
-0.008672
-0.010257
-0.026066
-0.008245
-0.008381
-0.021481
-0.029875
-0.025767
-0.032165
-0.039905
-0.043037
-0.044249
-0.046046
-0.042768
-0.036635
-0.019966
-0.040489
-0.036957
-0.054541
-0.049237
-0.019360
-0.044915
-0.051683
-0.022051
-0.040433
-0.045341
-0.031353
-0.048687
-0.053016
-0.054986
-0.042012
