0.001239
0.001998
0.001047
-0.000726
-0.002169
-0.003208
-0.004628
-0.003696
-0.001511
-0.002987
-0.005843
-0.006587
-0.008174
-0.011661
-0.015208
-0.016937
-0.018218
-0.020159
-0.023712
-0.026091
-0.027089
-0.029218
-0.029239
-0.026545
-0.025209
-0.023655
-0.022030
-0.021952
-0.022704
-0.021218
-0.019048
-0.016019
-0.011552
-0.007291
-0.002911
0.000194
0.001374
0.003639
0.006716
0.007296
0.005570
0.003443
0.001789
0.002064
0.001159
-0.002962
-0.005338
-0.005039
-0.002170
-0.001973
-0.006219
-0.008546
-0.009393
-0.011023
-0.013196
-0.012115
-0.007568
-0.003408
0.000173
0.002492
0.001513
0.000964
0.002647
0.004666
0.005251
0.003715
0.000104
-0.001565
-0.000452
-0.000958
-0.002444
-0.004058
-0.003225
-0.002350
-0.002498
-0.003228
-0.005201
-0.007216
-0.006605
-0.006512
-0.006120
-0.004277
-0.003209
-0.002212
0.001282
0.005090
0.006157
0.008245
0.008764
0.006136
0.003380
0.002009
0.000566
-0.003733
-0.005158
-0.002656
0.000243
0.003132
0.006586
0.010796
0.014684
0.017205
0.021667
0.028508
0.034914
0.039949
0.043035
0.043661
0.039884
0.033313
0.024138
0.013442
0.002487
-0.009617
-0.019683
-0.027900
-0.034624
-0.035620
-0.031245
-0.025347
-0.019947
-0.018358
-0.019798
-0.019349
-0.016570
-0.012278
-0.006883
-0.002154
0.000083
0.001206
0.003004
0.005458
0.009231
0.012161
0.012341
0.008707
0.005363
0.003408
0.002740
0.003912
0.005617
0.007644
0.007889
0.006143
0.006061
0.005068
0.001278
0.001953
0.006178
0.011930
0.017214
0.020616
0.023851
0.027124
0.029688
0.034641
0.042389
0.049429
0.055727
0.059739
0.061255
0.056374
0.044863
0.028737
0.008697
-0.008573
-0.017278
-0.018991
-0.017815
-0.018980
-0.021171
-0.019176
-0.013148
-0.005107
0.000433
0.001301
0.000997
0.003036
0.005178
0.003549
0.000731
-0.002242
-0.005848
-0.006912
-0.004803
-0.001999
0.001206
0.003236
0.004944
0.004597
0.003065
0.004473
0.004234
0.002298
0.000257
-0.001649
-0.001397
0.000791
0.003215
0.003312
0.003412
0.005225
0.005429
0.003706
0.000617
-0.000766
0.000188
-0.000133
-0.001919
-0.005238
-0.007188
-0.005420
-0.003012
-0.000195
0.002445
0.003706
0.003775
0.002700
0.001424
0.001716
0.002137
0.002538
0.001826
0.000308
-0.001132
-0.001557
0.000325
0.002982
0.001193
-0.001618
-0.001867
-0.000634
-0.001644
-0.003412
-0.003148
-0.003473
-0.003989
-0.003379
-0.006115
-0.007334
-0.005299
-0.002348
0.000199
0.002681
0.005864
0.008742
0.008659
0.005881
0.002248
-0.001497
-0.003665
-0.006260
-0.010569
-0.015197
-0.017438
-0.019758
-0.021750
-0.022531
-0.023172
-0.023443
-0.020310
-0.016216
-0.013427
-0.014088
-0.018276
-0.021533
-0.020457
-0.018256
-0.016222
-0.016169
-0.020088
-0.022494
-0.021997
-0.021783
-0.021218
-0.019541
-0.017220
-0.015685
-0.013018
-0.008424
-0.002170
0.005158
0.014808
0.024749
0.031177
0.031818
0.028234
0.024012
0.017659
0.009629
0.002528
-0.004172
-0.009365
-0.015101
-0.018633
-0.017987
-0.014282
-0.008160
-0.002649
0.002289
0.006939
0.011097
0.012842
0.013753
0.013219
0.011275
0.010736
0.011462
0.009071
0.003775
-0.001075
-0.006587
-0.007845
-0.005653
-0.004338
-0.004051
-0.004271
-0.006470
-0.009446
-0.013241
-0.018461
-0.024002
-0.028633
-0.031324
-0.031718
-0.029858
-0.027000
-0.023460
-0.019917
-0.017847
-0.019019
-0.020575
-0.020896
-0.022237
-0.023844
-0.023922
-0.021948
-0.021643
-0.023343
-0.021079
-0.014130
-0.006038
0.000347
0.003263
0.002920
0.000308
-0.002925
-0.004025
-0.002832
-0.002277
-0.001793
-0.002348
-0.003661
-0.003789
-0.003464
-0.005709
-0.005097
-0.002439
-0.002120
-0.002056
-0.001643
-0.001504
-0.002709
-0.004935
-0.006905
-0.007314
-0.005962
-0.002919
-0.000022
0.000813
-0.000635
-0.003694
-0.005225
-0.004300
-0.001667
0.000596
-0.000382
-0.003543
-0.006327
-0.006863
-0.004949
-0.002751
-0.002503
-0.003207
-0.003509
-0.001375
0.001263
0.001453
0.001021
0.002246
0.004353
0.006549
0.008792
0.009968
0.009148
0.006131
0.003058
0.002183
0.002051
0.001905
0.004702
0.010740
0.017564
0.025330
0.032788
0.037671
0.040051
0.042596
0.048556
0.054216
0.057796
0.058232
0.056512
0.050611
0.037544
0.020580
0.003160
-0.013600
-0.031340
-0.047961
-0.059130
-0.064702
-0.065550
-0.063542
-0.057962
-0.047880
-0.035384
-0.022073
-0.007919
0.004764
0.014014
0.021804
0.027902
0.029158
0.028453
0.024867
0.019992
0.014580
0.008092
0.003126
0.000328
-0.001489
-0.002756
-0.001324
0.001888
0.003454
0.005067
0.006824
0.007207
0.005896
0.004315
0.005411
0.009436
0.016503
0.024629
0.030542
0.037052
0.045306
0.052747
0.056646
0.058349
0.057898
0.054680
0.050036
0.039963
0.024417
0.007403
-0.009329
-0.023385
-0.033285
-0.038721
-0.039429
-0.034793
-0.025690
-0.016146
-0.004624
0.003789
0.009536
0.011987
0.009205
0.005346
0.003527
0.003791
0.004992
0.007235
0.010316
0.012517
0.011038
0.004974
-0.001179
-0.006626
-0.009490
-0.010267
-0.008539
-0.004439
-0.001218
0.000179
0.000241
-0.001502
-0.002723
-0.004056
-0.005056
-0.003067
-0.001020
-0.000241
0.000159
-0.001175
-0.001081
0.002238
0.007481
0.012371
0.014611
0.013741
0.006937
0.000311
0.000067
0.002440
0.003980
0.005244
0.005105
0.005404
0.006092
0.005656
0.002218
-0.003240
-0.007612
-0.008059
-0.006757
-0.004893
-0.003479
-0.005031
-0.005381
-0.003725
-0.002503
-0.001535
-0.001243
-0.000793
0.000381
0.001610
0.002385
0.003105
0.003628
0.004123
0.007064
0.007771
0.006636
0.006343
0.004073
-0.000269
-0.003749
-0.008212
-0.012382
-0.014084
-0.014571
-0.016513
-0.018445
-0.019910
-0.021683
-0.024859
-0.025132
-0.021333
-0.018035
-0.016275
-0.017282
-0.018794
-0.021116
-0.025173
-0.029002
-0.027641
-0.025795
-0.025229
-0.023549
-0.024907
-0.026514
-0.025457
-0.021384
-0.014757
-0.008928
-0.004627
0.001742
0.010248
0.018555
0.024801
0.026258
0.022863
0.016399
0.005636
-0.006648
-0.015893
-0.018414
-0.015821
-0.012094
-0.009313
-0.005606
-0.000346
0.002499
0.002499
0.003916
0.005955
0.006429
0.005686
0.004070
0.002732
0.000981
-0.000009
-0.000148
-0.000489
-0.001046
-0.001136
-0.001703
-0.004616
-0.007249
-0.009514
-0.011079
-0.014110
-0.019965
-0.026268
-0.029201
-0.027894
-0.026183
-0.025460
-0.024126
-0.022355
-0.019451
-0.016157
-0.015038
-0.013755
-0.015488
-0.020600
-0.025101
-0.026803
-0.025895
-0.026566
-0.030208
-0.034389
-0.034449
-0.030295
-0.027131
-0.022826
-0.018315
-0.015262
-0.010561
-0.005363
-0.002286
-0.001744
-0.002054
-0.002325
-0.002367
-0.001699
-0.000868
0.000053
-0.000403
-0.002212
-0.004863
-0.003865
-0.000481
0.002155
0.001346
-0.000556
-0.002080
-0.003887
-0.004887
-0.004569
-0.004144
-0.003631
-0.002478
-0.001368
-0.002078
-0.004605
-0.007122
-0.007426
-0.006471
-0.006567
-0.004905
-0.001634
0.001306
0.002711
-0.000209
-0.005755
-0.010068
-0.010399
-0.007029
-0.004927
-0.004509
-0.001119
0.002362
0.002959
0.001881
0.000834
-0.001222
-0.005053
-0.006957
-0.005815
-0.004292
-0.001729
0.000340
-0.000285
0.002152
0.011616
0.021638
0.030028
0.037078
0.042603
0.045944
0.046098
0.044666
0.043855
0.044489
0.044451
0.041936
0.038557
0.037235
0.039550
0.040256
0.037194
0.032005
0.024007
0.015063
0.003611
-0.012105
-0.028089
-0.041950
-0.050289
-0.054589
-0.055538
-0.055358
-0.053725
-0.048328
-0.039080
-0.026653
-0.012055
0.000237
0.008125
0.015560
0.023112
0.028779
0.029285
0.025778
0.022456
0.018995
0.015659
0.011423
0.008077
0.006578
0.004585
0.004522
0.003383
-0.000533
-0.004175
-0.005756
-0.003861
0.001457
0.006021
0.010056
0.014675
0.018558
0.021829
0.026747
0.037301
0.049027
0.057397
0.059087
0.054262
0.046773
0.041083
0.033914
0.024322
0.014207
0.001687
-0.012654
-0.024291
-0.031187
-0.031810
-0.026562
-0.018460
-0.007425
0.004482
0.013168
0.018551
0.020542
0.018458
0.012982
0.004920
-0.001006
-0.003986
-0.004114
-0.000947
0.001022
0.001867
0.001967
0.000965
0.000486
-0.000071
-0.000048
0.001275
0.002521
0.000669
-0.002214
-0.001916
0.000606
0.004853
0.007410
0.006668
0.005881
0.004520
0.003027
0.000938
-0.000320
-0.001242
-0.000259
0.002045
0.003571
0.004115
0.003157
0.001740
0.002270
0.003846
0.004036
0.004025
0.003420
0.000324
-0.003168
-0.005710
-0.007136
-0.005466
-0.001690
0.001011
0.003173
0.003756
0.002385
0.000335
-0.001583
-0.002568
-0.001129
-0.000459
0.001330
0.005149
0.006110
0.003587
-0.000117
-0.002931
-0.001760
0.001274
0.003817
0.005361
0.005145
0.003815
0.001144
-0.004005
-0.009274
-0.014590
-0.018551
-0.017092
-0.012024
-0.007400
-0.007406
-0.011507
-0.016295
-0.020339
-0.023748
-0.024234
-0.022765
-0.019137
-0.015352
-0.013849
-0.013924
-0.017801
-0.024466
-0.030121
-0.031055
-0.028540
-0.025932
-0.024282
-0.022797
-0.016054
-0.008049
-0.003119
0.002912
0.007916
0.010552
0.013415
0.016672
0.020100
0.023068
0.022242
0.017791
0.015201
0.010624
0.002501
-0.005264
-0.009554
-0.011696
-0.011470
-0.007742
-0.004404
-0.002884
-0.000431
0.001169
0.001706
0.004126
0.005675
0.006942
0.009433
0.011903
0.013779
0.012745
0.010371
0.007725
0.003402
0.000588
-0.002909
-0.007503
-0.010908
-0.013060
-0.015774
-0.020238
-0.025029
-0.028594
-0.027794
-0.025829
-0.025916
-0.024917
-0.021109
-0.019122
-0.020496
-0.022179
-0.022448
-0.022867
-0.023636
-0.024059
-0.024348
-0.024059
-0.024243
-0.023493
-0.019282
-0.013587
-0.009885
-0.009268
-0.009437
-0.007833
-0.008863
-0.013318
-0.017158
-0.019569
-0.020543
-0.020187
-0.018185
-0.016958
-0.014178
-0.009775
-0.005649
-0.001068
0.001495
0.001880
-0.000290
-0.000820
0.000451
-0.000082
-0.002442
-0.005344
-0.007427
-0.006349
-0.002236
0.002682
0.006553
0.007244
0.004437
0.000508
-0.002849
-0.002512
-0.000009
0.001742
0.002461
0.001864
-0.000205
-0.000923
0.000707
0.005519
0.007856
0.005195
0.001098
-0.000825
-0.000531
-0.000098
0.001519
0.000375
-0.004332
-0.008873
-0.012382
-0.012840
-0.008861
-0.004590
-0.002260
-0.000543
0.001758
0.005166
0.011420
0.015885
0.020184
0.027066
0.033783
0.039048
0.044041
0.045661
0.044461
0.042467
0.040778
0.040929
0.041551
0.043036
0.046849
0.049681
0.049478
0.039864
0.022734
0.006880
-0.004424
-0.012658
-0.022834
-0.034762
-0.044664
-0.051596
-0.058169
-0.064030
-0.062833
-0.054814
-0.041630
-0.026636
-0.010826
0.005311
0.019433
0.028283
0.030797
0.028214
0.022568
0.016123
0.009983
0.008536
0.008587
0.007497
0.006677
0.006850
0.006991
0.007147
0.007014
0.005754
0.005066
0.002656
0.000956
0.002984
0.007239
0.009876
0.010403
0.011507
0.012264
0.015074
0.020949
0.026736
0.034460
0.043096
0.049215
0.054262
0.053640
0.047299
0.040336
0.029333
0.012630
-0.002197
-0.014896
-0.026583
-0.035781
-0.040727
-0.040800
-0.038465
-0.031573
-0.021676
-0.013227
-0.007312
-0.003648
-0.000527
0.004900
0.008106
0.005091
0.001654
0.001896
0.004981
0.006014
0.001594
-0.001819
-0.004259
-0.005497
-0.005010
-0.005307
-0.008480
-0.009242
-0.005943
-0.000869
0.000729
-0.000752
-0.004334
-0.009873
-0.011160
-0.008240
-0.005171
-0.004269
-0.001737
-0.001123
-0.001446
0.001282
0.001752
-0.001165
-0.004456
-0.007023
-0.008889
-0.008423
-0.007666
-0.005410
-0.002027
0.001486
0.004094
0.005897
0.007300
0.006753
0.004956
0.004034
0.003528
0.002571
0.001658
0.003041
0.005259
0.004340
-0.000862
-0.005979
-0.007019
-0.003748
0.000591
0.002074
0.003583
0.004659
0.005791
0.008180
0.010125
0.013326
0.013837
0.011497
0.015144
0.022771
0.024326
0.020151
0.013119
0.003594
-0.007698
-0.018575
-0.026772
-0.031687
-0.034124
-0.033206
-0.031846
-0.031611
-0.030122
-0.028179
-0.024551
-0.021232
-0.020518
-0.017775
-0.012230
-0.008550
-0.009527
-0.013816
-0.019172
-0.022586
-0.023223
-0.022117
-0.018882
-0.014774
-0.011024
-0.008243
-0.003499
0.002802
0.007235
0.008841
0.010536
0.013974
0.018258
0.019960
0.020263
0.017722
0.014694
0.012007
0.005718
-0.001491
-0.008768
-0.014465
-0.015251
-0.012596
-0.007098
-0.000230
0.004676
0.007683
0.010873
0.013718
0.015290
0.015432
0.015938
0.015218
0.012216
0.008399
0.005191
0.006367
0.006311
0.001644
-0.003582
-0.007499
-0.009544
-0.009297
-0.007647
-0.009439
-0.013065
-0.017284
-0.020376
-0.023363
-0.028062
-0.031513
-0.033319
-0.034607
-0.035684
-0.036308
-0.036699
-0.039302
-0.042957
-0.044584
-0.044528
-0.045052
-0.044237
-0.042089
-0.037835
-0.031305
-0.023535
-0.015572
-0.008413
-0.005712
-0.004490
-0.002828
0.000216
0.001895
0.002009
0.000255
-0.001728
-0.002148
0.000113
0.002899
0.002654
0.001621
0.001925
0.003815
0.005389
0.005257
0.003812
0.000465
-0.003465
-0.005472
-0.003287
-0.000892
-0.000895
-0.000636
0.001581
0.002991
0.000000
-0.000986
0.000980
-0.001103
-0.005000
-0.006240
-0.005501
-0.004275
-0.003952
-0.005255
-0.005272
-0.004456
-0.003163
0.000141
0.001408
-0.000073
-0.002359
-0.004498
-0.004308
-0.000893
0.003403
0.005884
0.004581
0.002541
0.001504
-0.000487
-0.002491
-0.001966
-0.000073
-0.001128
-0.002384
-0.001834
-0.000318
0.005101
0.013463
0.021123
0.026437
0.028009
0.026453
0.028313
0.035653
0.042210
0.045673
0.049165
0.053910
0.058687
0.059263
0.055585
0.050954
0.046387
0.040335
0.032873
0.020895
0.004964
-0.016519
-0.042407
-0.066219
-0.084300
-0.095029
-0.096502
-0.091091
-0.079297
-0.062842
-0.041492
-0.014642
0.012213
0.034047
0.046938
0.047393
0.039107
0.028306
0.019042
0.009647
-0.002534
-0.011416
-0.015530
-0.020561
-0.023185
-0.020302
-0.019875
-0.017903
-0.009578
-0.001958
0.002174
0.003824
0.005111
0.011413
0.019953
0.028399
0.037680
0.046506
0.055875
0.064779
0.071311
0.076687
0.080376
0.072385
0.054714
0.037232
0.019808
0.002920
-0.010362
-0.022676
-0.033731
-0.042852
-0.047860
-0.049033
-0.046110
-0.039439
-0.029813
-0.016321
-0.002116
0.009776
0.016453
0.017587
0.015422
0.009927
0.005064
0.001020
-0.001902
-0.002667
-0.001532
0.000150
0.000585
0.002565
0.007183
0.012108
0.014177
0.012557
0.011698
0.012071
0.010178
0.005567
-0.000175
-0.002337
-0.004974
-0.008628
-0.011786
-0.012204
-0.009152
-0.004826
-0.001072
0.001712
0.003607
0.003407
0.004967
0.007002
0.006641
0.004115
0.001390
-0.001437
-0.003311
-0.004915
-0.007657
-0.010743
-0.011613
-0.009483
-0.004084
-0.000004
0.002135
0.004640
0.006512
0.005790
0.003926
0.003999
0.003875
0.002427
0.000884
-0.000266
-0.000703
0.000844
0.004186
0.007537
0.008515
0.008136
0.006677
0.006183
0.007205
0.009731
0.010262
0.005252
-0.001638
-0.005953
-0.006890
-0.006703
-0.004938
-0.003152
-0.001750
-0.003318
-0.009546
-0.013962
-0.017423
-0.021907
-0.026185
-0.028744
-0.029072
-0.028158
-0.027245
-0.027570
-0.028331
-0.029853
-0.030273
-0.029885
-0.028230
-0.025676
-0.025040
-0.027382
-0.029380
-0.027671
-0.025015
-0.020709
-0.013605
-0.001457
0.013502
0.027069
0.036635
0.042063
0.044876
0.044662
0.039779
0.030607
0.016850
0.001266
-0.013295
-0.022244
-0.023792
-0.022114
-0.017722
-0.010659
-0.001287
0.007809
0.013822
0.017512
0.018589
0.016983
0.014746
0.011168
0.004928
-0.000598
-0.002331
-0.003760
-0.006072
-0.005412
-0.004433
-0.005326
-0.006556
-0.007861
-0.008635
-0.010905
-0.014928
-0.018431
-0.020603
-0.021958
-0.023184
-0.024267
-0.023838
-0.022262
-0.022132
-0.024392
-0.028462
-0.031510
-0.032413
-0.031246
-0.031793
-0.031352
-0.028437
-0.024830
-0.022897
-0.022575
-0.021344
-0.021791
-0.023232
-0.023468
-0.023282
-0.023978
-0.024176
-0.023138
-0.023493
-0.022504
-0.018508
-0.010897
-0.002583
0.003848
0.007101
0.007129
0.006590
0.004856
0.002122
0.000973
0.000938
0.000663
0.000379
-0.001015
-0.003511
-0.005583
-0.001904
0.002861
0.003446
0.004721
0.005425
0.003569
0.002337
0.003784
0.004292
0.003428
0.002931
0.003135
0.004158
0.004485
0.004114
0.003614
0.000560
-0.003949
-0.006949
-0.006304
-0.003682
-0.002287
-0.000089
0.000331
-0.000355
-0.003625
-0.009889
-0.015315
-0.016335
-0.013690
-0.011707
-0.008909
-0.004490
-0.000160
0.003076
0.004544
0.005756
0.008881
0.013243
0.021565
0.033619
0.045995
0.053450
0.055224
0.052348
0.048026
0.044577
0.044799
0.047364
0.048931
0.049826
0.049211
0.048935
0.042841
0.030386
0.018857
0.008877
-0.003664
-0.017938
-0.033430
-0.047055
-0.055441
-0.060585
-0.063408
-0.061773
-0.055359
-0.044816
-0.027778
-0.008157
0.008221
0.019046
0.025569
0.029559
0.030410
0.024303
0.014795
0.009883
0.007184
0.007097
0.008017
0.007677
0.008439
0.011023
0.014772
0.018322
0.018864
0.018616
0.015514
0.013076
0.013360
0.013884
0.014312
0.015943
0.020604
0.026507
0.033614
0.041117
0.046454
0.046810
0.045510
0.044085
0.037918
0.028295
0.015476
0.002455
-0.008566
-0.016474
-0.021997
-0.024566
-0.021007
-0.014089
-0.008523
-0.004633
-0.001825
0.003907
0.011004
0.014788
0.012341
0.008468
0.005785
0.003534
0.002255
0.000274
-0.000098
0.001920
0.003838
0.005776
0.005105
0.001537
-0.000450
-0.003045
-0.006273
-0.007068
-0.006529
-0.005089
-0.001290
0.001453
0.002478
0.002665
0.003047
0.003828
0.005226
0.006376
0.006857
0.006079
0.004447
0.003210
0.001459
-0.000803
-0.001945
-0.000235
0.002210
0.001443
-0.001910
-0.004563
-0.005356
-0.004102
-0.003888
-0.005159
-0.005428
-0.004164
-0.004881
-0.005726
-0.006926
-0.007105
-0.005569
-0.003323
-0.000992
0.001112
0.002384
0.002555
0.002787
-0.000173
-0.006863
-0.013793
-0.014470
-0.009090
-0.002852
0.003151
0.007114
0.008353
0.008198
0.008103
0.006596
0.000485
-0.009032
-0.015517
-0.017078
-0.015285
-0.011259
-0.008965
-0.010998
-0.014044
-0.016541
-0.018647
-0.021746
-0.023545
-0.024765
-0.026985
-0.029449
-0.029339
-0.026821
-0.023874
-0.022864
-0.022405
-0.024155
-0.028270
-0.031693
-0.036253
-0.039485
-0.039279
-0.036130
-0.026988
-0.012361
0.003074
0.014859
0.022203
0.026411
0.026705
0.024676
0.022453
0.015994
0.005454
-0.005393
-0.011473
-0.011400
-0.009866
-0.008410
-0.007088
-0.006442
-0.002745
0.002414
0.006580
0.011541
0.015847
0.013593
0.006040
-0.001209
-0.002436
-0.003732
-0.006253
-0.008126
-0.009378
-0.006107
0.000447
0.005104
0.005188
0.003344
-0.001421
-0.007586
-0.011315
-0.012597
-0.014354
-0.016225
-0.016356
-0.014937
-0.013773
-0.013051
-0.012495
-0.011458
-0.012481
-0.015349
-0.017714
-0.021703
-0.027097
-0.031756
-0.035992
-0.037916
-0.036173
-0.035977
-0.037496
-0.037505
-0.036758
-0.034716
-0.028496
-0.019292
-0.010973
-0.002607
0.005238
0.009873
0.012811
0.012021
0.007703
0.003970
0.001375
0.001962
0.003653
0.005365
0.006147
0.004443
0.001353
-0.000960
-0.002443
-0.004324
-0.006079
-0.005945
-0.005385
-0.003896
-0.003878
-0.004815
-0.004790
-0.002989
-0.002019
-0.003006
-0.001157
0.002668
0.005017
0.005845
0.002959
-0.001035
-0.003258
-0.002544
-0.001787
-0.003706
-0.004658
-0.002518
-0.000639
-0.000644
-0.000584
-0.000852
-0.001551
-0.001663
-0.001513
0.001031
0.004670
0.006074
0.007756
0.007758
0.003786
0.000972
-0.000687
-0.002449
-0.003943
-0.004389
-0.003073
-0.000552
0.001090
0.000626
0.004598
0.012916
0.021203
0.031537
0.040989
0.042524
0.040497
0.040293
0.039805
0.040316
0.042579
0.045071
0.047472
0.049979
0.053286
0.055781
0.056531
0.052965
0.041803
0.024645
0.005840
-0.009183
-0.021958
-0.034277
-0.045533
-0.055422
-0.063007
-0.065888
-0.063295
-0.056235
-0.041874
-0.023517
-0.007692
0.003359
0.012323
0.021381
0.030184
0.033402
0.029596
0.023665
0.016867
0.011521
0.008023
0.005461
0.006847
0.011639
0.016420
0.021427
0.025653
0.025451
0.019606
0.014011
0.011418
0.007676
0.007984
0.014809
0.022963
0.030487
0.036805
0.041038
0.043524
0.045253
0.045342
0.043452
0.036099
0.023658
0.009287
-0.005911
-0.018179
-0.025673
-0.028587
-0.029180
-0.026293
-0.021590
-0.019430
-0.015713
-0.007910
-0.000666
0.002991
0.004054
0.004186
0.002279
-0.001559
-0.002676
-0.002074
-0.001764
-0.002218
-0.002653
-0.001691
-0.000544
0.000810
0.003305
0.004989
0.004763
0.005885
0.006825
0.005900
0.002625
-0.000899
-0.002727
-0.003897
-0.005105
-0.006398
-0.004928
-0.001856
-0.000016
0.002532
0.003144
0.000817
-0.001947
-0.004224
-0.003062
0.000099
0.003197
0.002023
-0.000059
-0.000335
0.000263
-0.000526
-0.002885
-0.002172
0.001562
0.005455
0.008538
0.006642
0.003093
0.001480
0.000345
-0.001755
-0.005421
-0.007675
-0.006997
-0.006701
-0.006554
-0.003960
-0.001194
0.000445
0.002227
0.002520
0.002330
0.003112
0.003266
0.001713
0.001988
0.002656
0.007176
0.015097
0.016851
0.013941
0.006336
-0.004967
-0.015982
-0.025744
-0.033840
-0.038900
-0.040309
-0.039025
-0.034342
-0.028535
-0.025655
-0.026177
-0.028383
-0.029680
-0.030241
-0.030448
-0.029696
-0.029977
-0.031853
-0.031913
-0.030921
-0.030414
-0.030419
-0.027421
-0.023517
-0.020509
-0.013159
-0.001578
0.014029
0.030458
0.042382
0.048496
0.046699
0.041266
0.032559
0.021765
0.010074
-0.001475
-0.011756
-0.019852
-0.024362
-0.022988
-0.015168
-0.005388
0.002146
0.009278
0.013401
0.015124
0.017095
0.017961
0.015248
0.011496
0.008701
0.006131
0.003586
0.000640
-0.000515
0.001171
0.003137
0.005446
0.004860
0.002194
-0.000652
-0.007101
-0.015025
-0.019110
-0.021343
-0.022478
-0.022571
-0.024890
-0.029254
-0.032905
-0.033555
-0.033110
-0.033207
-0.033193
-0.032009
-0.029149
-0.029238
-0.030165
-0.027366
-0.026422
-0.030489
-0.036084
-0.038957
-0.038565
-0.036097
-0.031291
-0.023183
-0.014172
-0.006942
0.000946
0.008672
0.010415
0.010293
0.008098
0.004842
0.004718
0.003405
0.000542
-0.000531
-0.000823
0.000218
0.001465
0.002552
0.002414
0.000723
-0.000452
-0.000330
-0.000883
-0.001403
-0.003521
-0.005936
-0.006669
-0.004401
-0.000486
0.001821
-0.000785
-0.006411
-0.009572
-0.009772
-0.009329
-0.008533
-0.007579
-0.006532
-0.005481
-0.006513
-0.009057
-0.008962
-0.004482
-0.000010
0.003121
0.004866
0.006151
0.007637
0.007416
0.004285
-0.000332
-0.001379
0.000429
-0.001230
-0.003136
-0.005208
-0.005122
-0.000573
0.005820
0.010192
0.015342
0.021765
0.025674
0.027748
0.029413
0.032603
0.037182
0.040334
0.039723
0.037845
0.037289
0.040162
0.044575
0.049735
0.055221
0.059295
0.060658
0.058923
0.054427
0.045978
0.032593
0.014092
-0.007072
-0.026157
-0.041441
-0.052922
-0.060204
-0.064434
-0.064240
-0.060644
-0.053921
-0.044603
-0.032857
-0.017054
0.001675
0.018574
0.030513
0.037609
0.036176
0.029918
0.023869
0.018117
0.013458
0.009803
0.007965
0.009236
0.010042
0.009316
0.013578
0.018968
0.020215
0.019034
0.016064
0.014780
0.016198
0.015176
0.013085
0.015116
0.020089
0.025343
0.032470
0.037238
0.041261
0.043208
0.040641
0.035056
0.026139
0.014237
-0.000229
-0.013050
-0.021005
-0.027304
-0.031850
-0.031310
-0.028034
-0.020876
-0.011247
-0.002983
0.003039
0.006082
0.008561
0.011680
0.012745
0.011850
0.011346
0.008884
0.003956
-0.001003
-0.004488
-0.003790
-0.000500
0.001849
0.002353
0.001373
0.000464
-0.000620
-0.001629
-0.003756
-0.005156
-0.003056
-0.003068
-0.003119
-0.001577
-0.001384
-0.001714
-0.002777
-0.004415
-0.005839
-0.005097
-0.001920
0.002609
0.003028
-0.001151
-0.002573
-0.001478
0.000066
0.001642
0.002961
0.003539
0.000775
-0.005749
-0.014035
-0.018168
-0.016259
-0.012330
-0.007006
-0.001968
0.001752
0.003546
0.002584
0.001320
-0.000160
-0.002900
-0.006149
-0.008122
-0.008037
-0.006073
-0.003016
-0.001511
-0.000182
-0.000210
-0.003842
-0.006398
-0.007026
-0.005856
-0.003195
-0.002896
0.000290
0.007564
0.013245
0.016710
0.017017
0.014373
0.010215
0.004110
-0.003765
-0.011545
-0.018256
-0.023952
-0.027569
-0.029211
-0.029109
-0.027582
-0.026191
-0.029851
-0.035238
-0.035745
-0.034302
-0.032929
-0.031645
-0.031622
-0.032764
-0.033585
-0.033286
-0.034963
-0.036993
-0.037630
-0.034281
-0.027964
-0.019765
-0.008073
0.006198
0.020028
0.031063
0.038679
0.039172
0.031811
0.021417
0.009641
-0.001499
-0.010183
-0.015430
-0.016667
-0.016374
-0.016227
-0.013756
-0.007818
-0.001105
0.002931
0.005866
0.009588
0.012221
0.012486
0.011219
0.009847
0.009986
0.007807
0.005099
0.004855
0.004034
-0.000646
-0.007113
-0.012903
-0.016323
-0.016024
-0.013532
-0.012717
-0.014191
-0.014450
-0.014744
-0.016631
-0.018882
-0.021281
-0.022924
-0.022547
-0.021025
-0.019727
-0.018899
-0.018884
-0.020295
-0.023217
-0.027123
-0.030028
-0.031041
-0.030020
-0.028849
-0.029103
-0.028716
-0.027157
-0.025250
-0.023573
-0.023983
-0.026833
-0.029817
-0.030010
-0.027766
-0.024522
-0.020373
-0.013734
-0.007728
-0.002629
0.002017
0.004229
0.004583
0.003771
0.001243
-0.001113
-0.001274
-0.000639
-0.000619
-0.000978
-0.000914
-0.000998
-0.000810
-0.003227
-0.008576
-0.010091
-0.008071
-0.007392
-0.006635
-0.004388
-0.002930
-0.005319
-0.009155
-0.011680
-0.013225
-0.009640
-0.004656
-0.002545
-0.001742
0.000754
0.003426
0.005420
0.005040
0.003979
0.004230
0.003409
0.002078
0.000751
-0.001891
-0.003743
-0.002969
-0.001984
-0.001022
-0.000429
-0.000224
0.002177
0.003302
0.003916
0.006986
0.013649
0.023025
0.031690
0.037355
0.040043
0.040373
0.037761
0.036300
0.039278
0.042446
0.042058
0.039633
0.040109
0.043617
0.047971
0.051497
0.053460
0.053798
0.049835
0.042730
0.033427
0.019416
0.004349
-0.011559
-0.027835
-0.040085
-0.047550
-0.051245
-0.052916
-0.046768
-0.033910
-0.022018
-0.010877
-0.000246
0.007641
0.013719
0.018259
0.020280
0.021842
0.017177
0.011313
0.007290
0.002766
-0.000710
-0.003061
-0.004402
-0.002031
0.004370
0.010311
0.012935
0.014294
0.013000
0.013213
0.015863
0.018450
0.021659
0.023861
0.026217
0.030373
0.035515
0.041881
0.045699
0.046709
0.047041
0.046027
0.043185
0.036842
0.026453
0.013460
-0.000260
-0.013417
-0.022153
-0.025501
-0.025925
-0.024811
-0.021816
-0.015621
-0.006503
-0.000196
0.001213
0.000783
0.001575
0.002382
-0.000805
-0.006012
-0.008261
-0.007200
-0.004531
-0.001594
0.001419
0.005018
0.007305
0.005391
0.003406
0.003526
0.002555
0.000775
0.001906
0.003884
0.005986
0.006541
0.004741
0.003975
0.005061
0.005929
0.006942
0.009219
0.011846
0.013146
0.012105
0.008590
0.005938
0.004959
0.006046
0.005555
0.004156
0.002108
0.001192
0.001803
0.001291
-0.002531
-0.007900
-0.010866
-0.009898
-0.007907
-0.005353
-0.001069
0.002424
0.006482
0.007979
0.005379
0.003792
0.004796
0.004095
0.003634
0.005325
0.006533
0.007043
0.006338
0.003667
0.000392
-0.001005
-0.000166
0.001569
0.002983
0.002636
0.002262
0.003130
0.005494
0.009658
0.014809
0.018554
0.020471
0.021272
0.017601
0.010248
0.002902
-0.005662
-0.013822
-0.021486
-0.027203
-0.028459
-0.027089
-0.025830
-0.026343
-0.027049
-0.026832
-0.025926
-0.025358
-0.026440
-0.028476
-0.028898
-0.028782
-0.027965
-0.027138
-0.026776
-0.026804
-0.027760
-0.032135
-0.034934
-0.031648
-0.023300
-0.011971
0.004547
0.023174
0.038118
0.048188
0.052234
0.051658
0.046103
0.036484
0.024116
0.010524
0.000127
-0.006301
-0.013794
-0.020464
-0.023080
-0.022639
-0.019468
-0.012011
-0.001731
0.005422
0.012769
0.018750
0.018140
0.017080
0.014523
0.011480
0.008649
0.003786
-0.003351
-0.009929
-0.013543
-0.011062
-0.006238
-0.002927
-0.000867
0.000065
-0.000946
-0.002727
-0.004495
-0.006846
-0.009894
-0.012709
-0.013424
-0.011841
-0.009403
-0.008686
-0.010266
-0.013548
-0.014753
-0.014047
-0.013013
-0.012600
-0.011826
-0.010345
-0.010748
-0.011170
-0.012279
-0.015024
-0.017634
-0.017711
-0.017363
-0.015748
-0.013378
-0.009995
-0.004434
-0.001242
-0.004767
-0.008207
-0.005877
-0.002507
0.000820
0.004165
0.005509
0.005434
0.005848
0.003935
0.000065
-0.004000
-0.005660
-0.005423
-0.006381
-0.008222
-0.007962
-0.005049
-0.003238
-0.004297
-0.006657
-0.006992
-0.003602
-0.001194
-0.000477
-0.000765
-0.001059
-0.001764
-0.002553
-0.003729
-0.003810
-0.003291
-0.002719
-0.002018
-0.002424
-0.004177
-0.004770
-0.004043
-0.003569
-0.004343
-0.003753
-0.000919
0.001544
0.003711
0.006663
0.009019
0.010454
0.011711
0.012823
0.015856
0.018185
0.020200
0.023857
0.027487
0.029768
0.030298
0.028269
0.023176
0.015810
0.004508
-0.009932
-0.023453
-0.033153
-0.034830
-0.032410
-0.032347
-0.031496
-0.028976
-0.026379
-0.022950
-0.020894
-0.018986
-0.016822
-0.014983
-0.012451
-0.009968
-0.009296
-0.008041
-0.005389
-0.002307
0.001358
