0.008506
-0.002516
-0.003319
-0.005143
-0.002279
-0.005109
-0.008577
0.008775
-0.000692
-0.018479
-0.006791
-0.002108
-0.018720
-0.019696
-0.020072
-0.013334
-0.023509
-0.023934
-0.036203
-0.020568
-0.030311
-0.036448
-0.017881
-0.019189
-0.030555
-0.014338
-0.023904
-0.024717
-0.025264
-0.008446
-0.020114
-0.003628
-0.003254
-0.001234
0.006112
-0.000823
0.000216
0.014437
0.010224
-0.000693
-0.000220
0.000218
0.000555
0.009314
-0.010366
-0.015928
0.002171
-0.002143
0.011640
-0.019330
-0.018690
-0.000762
-0.013569
-0.015046
-0.018285
0.004226
0.003789
-0.000458
0.007124
0.000690
-0.009487
0.008775
0.008236
0.007528
0.000790
-0.003626
-0.011202
0.007394
0.004125
-0.010531
-0.002547
-0.009217
0.010123
-0.009592
-0.000426
-0.008646
-0.010636
-0.009352
0.004326
-0.015897
0.002945
-0.001369
-0.004371
0.001462
0.016190
0.006315
0.000654
0.021578
-0.004130
-0.001099
0.000116
0.004261
-0.005683
-0.020164
0.011033
0.003956
0.005170
0.008135
0.014874
0.019453
0.019018
0.017671
0.040318
0.041964
0.042938
0.045230
0.042840
0.038697
0.019657
0.020672
-0.001507
-0.003965
-0.018287
-0.033866
-0.026097
-0.042636
-0.039631
-0.018560
-0.015523
-0.014980
-0.012830
-0.029745
-0.024245
-0.009282
-0.009081
-0.000626
0.003821
0.002204
-0.003524
0.004125
0.008168
0.010864
0.020330
0.010292
0.006450
-0.008713
0.009146
-0.001370
0.007966
0.008775
0.008640
0.012414
-0.000020
0.001130
0.014301
-0.006690
-0.009321
0.024645
0.012044
0.029254
0.018848
0.024306
0.030375
0.032225
0.031592
0.054967
0.058512
0.056589
0.067262
0.056694
0.061006
0.023603
0.015784
-0.011310
-0.032946
-0.021624
-0.009384
-0.010156
-0.012656
-0.033034
-0.020176
-0.001977
0.003655
0.012312
-0.003018
-0.006799
0.002811
0.014503
0.003351
-0.010741
-0.000457
-0.010768
-0.012149
0.001833
0.004057
0.001801
0.009180
0.000048
0.011571
-0.007269
0.003956
0.016426
-0.010127
0.002372
-0.006254
-0.002143
0.005878
0.007461
0.006214
-0.005275
0.010156
0.010527
-0.002513
-0.001031
-0.009049
0.007158
0.003789
-0.007431
-0.006013
-0.016559
-0.000693
0.005642
-0.002210
0.008876
0.003115
0.003080
0.001058
-0.001769
0.000351
0.007865
-0.000830
0.005911
-0.006016
-0.000695
-0.004504
0.002574
0.009483
0.006349
-0.019391
0.002407
0.001663
0.004664
-0.015053
-0.000862
0.001530
-0.009638
-0.001470
-0.000219
-0.026271
0.008404
-0.001673
0.006450
0.000150
0.010022
0.011976
0.011977
-0.002444
-0.001871
-0.005346
-0.007431
-0.001276
-0.017101
-0.020335
-0.022760
-0.011741
-0.031255
-0.018215
-0.024089
-0.023540
-0.022932
-0.001539
-0.015179
-0.009502
-0.028849
-0.029906
-0.020003
-0.006013
-0.019230
-0.009825
-0.026442
-0.035539
-0.013870
-0.018693
-0.024416
-0.016540
-0.014819
-0.011911
-0.017272
-0.000555
0.001597
0.013930
0.018277
0.040729
0.036165
0.032028
0.016627
0.016762
0.018043
-0.003117
-0.003824
-0.006183
-0.016733
-0.011340
-0.032483
-0.009997
-0.010603
0.000081
0.006450
0.001295
0.012617
0.012414
0.011268
0.012210
0.012851
0.006416
0.004733
0.016259
0.011370
-0.008709
-0.008916
-0.006692
-0.022657
0.010763
-0.004904
-0.005178
-0.007234
-0.005749
-0.019389
-0.012717
-0.026332
-0.030219
-0.034590
-0.033842
-0.031768
-0.027782
-0.022529
-0.022767
-0.015757
-0.016731
-0.019932
-0.031985
-0.018403
-0.021727
-0.030319
-0.025153
-0.020570
-0.014407
-0.032876
-0.027525
-0.001570
0.003822
0.006450
0.003653
-0.002042
-0.005178
-0.009727
-0.008686
0.001293
0.001566
-0.007463
0.001597
-0.011277
-0.004841
-0.001669
-0.004536
-0.020752
0.014401
-0.004940
-0.007703
-0.000155
-0.002580
-0.002913
-0.010873
-0.010199
-0.009929
-0.003590
-0.001402
0.005911
-0.000054
-0.004267
-0.009457
-0.012663
-0.000525
0.000215
0.006012
-0.001132
-0.013024
-0.011582
-0.009388
-0.001538
0.002067
-0.002312
-0.009389
-0.004637
-0.003961
0.010594
-0.000056
-0.005712
0.001563
0.008505
0.006787
0.009853
0.011471
0.006720
0.001669
-0.005379
0.000488
0.005978
-0.000829
0.001834
0.019828
0.025117
0.027882
0.041971
0.040213
0.037759
0.038288
0.050322
0.068732
0.053585
0.061400
0.046140
0.052487
0.022152
-0.002747
-0.013294
-0.027108
-0.041393
-0.068615
-0.068773
-0.063483
-0.064072
-0.056877
-0.057592
-0.037152
-0.021964
-0.011950
0.001127
0.018075
0.017637
0.020770
0.034348
0.030340
0.015582
0.029162
0.003550
0.015819
-0.001907
-0.003962
-0.000253
-0.001165
-0.004808
-0.004287
0.010089
0.006349
-0.001602
0.012111
0.005506
0.003688
-0.002006
0.002945
0.015614
0.020535
0.036433
0.035497
0.032194
0.055414
0.059689
0.060365
0.050868
0.059816
0.047551
0.043081
0.038892
0.000689
-0.010433
-0.023785
-0.037423
-0.038900
-0.041461
-0.038050
-0.030347
-0.014136
-0.002714
-0.005043
0.025728
-0.004161
0.023497
-0.002212
-0.005212
-0.000326
0.006349
0.006652
0.007393
0.013424
0.015615
0.010931
-0.004470
-0.016527
-0.005647
-0.019465
-0.002917
-0.013341
0.004360
0.003282
-0.001538
-0.002311
-0.003257
-0.011042
0.000481
-0.012555
-0.002513
0.007798
-0.004570
-0.000593
-0.001201
-0.010869
0.008775
0.012312
0.019488
0.015381
0.009820
0.004091
-0.025028
0.003013
0.013730
0.005069
0.002540
0.007596
-0.002819
0.011740
0.002778
0.001866
-0.015620
-0.013862
-0.011513
0.002946
-0.007842
0.001394
-0.006953
-0.017309
0.004428
-0.002108
-0.003018
-0.000695
-0.004673
0.001834
0.002272
0.002304
0.001160
0.004292
0.002002
0.005001
0.020504
-0.008278
0.008236
0.004901
-0.009080
-0.011175
-0.005380
-0.025018
-0.013294
-0.013263
-0.014947
-0.027989
-0.017404
-0.025531
-0.025459
-0.037364
-0.010066
-0.011312
-0.018758
-0.016558
-0.029744
-0.017210
-0.033376
-0.034927
-0.034357
-0.006491
-0.036433
-0.020950
-0.020264
-0.041871
-0.021116
-0.020473
-0.005985
-0.000761
-0.005844
-0.000056
0.021682
0.025321
0.030027
0.027439
0.013290
0.006753
-0.001538
-0.027414
-0.025055
-0.023111
-0.003217
-0.006558
-0.006311
-0.009691
0.006753
0.008943
-0.004501
-0.002113
0.013931
0.004631
0.002643
0.001060
-0.000324
0.000824
-0.005480
0.002575
-0.001504
-0.002515
-0.003256
0.000147
-0.007159
-0.017442
-0.006220
-0.017507
-0.009251
-0.030237
-0.035030
-0.036719
-0.022056
-0.018656
-0.028219
-0.025995
-0.019387
-0.020746
-0.010095
-0.013538
-0.021251
-0.006187
-0.036415
-0.031411
-0.030277
-0.021520
-0.021111
-0.038103
-0.042453
-0.040800
-0.019526
-0.018356
-0.030777
-0.005275
-0.018691
-0.011345
0.003956
-0.000560
-0.004064
-0.007433
-0.002582
-0.004065
-0.001974
0.000621
-0.001063
0.001801
-0.008440
-0.006931
-0.013164
0.014334
0.001462
0.005102
-0.014547
0.001058
-0.008241
-0.006962
-0.004733
-0.001401
-0.006360
-0.001605
-0.000122
-0.001333
-0.010866
-0.012254
-0.010389
-0.001030
-0.006217
-0.011473
0.007360
0.002207
0.004935
-0.001572
-0.019566
-0.016906
-0.012653
0.000452
0.004126
-0.011979
-0.004197
0.015919
-0.001065
-0.002315
-0.003624
0.000452
-0.011445
-0.015447
-0.000863
0.000317
-0.004636
0.007798
-0.003390
-0.008475
0.022931
0.043204
0.028387
0.044226
0.042473
0.049463
0.043247
0.038067
0.040416
0.044930
0.048279
0.038155
0.030574
0.032974
0.041858
0.052003
0.027042
0.025693
0.017464
0.001327
0.000925
-0.028944
-0.048732
-0.051100
-0.061939
-0.046191
-0.060563
-0.045818
-0.060306
-0.042381
-0.031246
-0.014419
0.000011
0.016796
0.007730
0.012346
0.032127
0.032399
0.032128
0.012178
0.015143
0.019490
0.008943
0.012043
-0.002647
0.009617
0.004732
-0.002887
0.013998
-0.011649
-0.010433
-0.008406
-0.002917
0.008202
0.016794
0.004731
0.020262
0.021210
0.021857
0.026057
0.041692
0.072588
0.059899
0.063529
0.039137
0.034655
0.029835
0.040289
0.007225
0.007023
-0.006287
-0.029033
-0.039551
-0.033002
-0.033406
-0.015594
-0.007570
-0.001536
0.020135
0.020837
0.016529
0.021445
0.013291
0.004563
-0.004231
-0.015322
0.000925
-0.007466
0.004798
0.009887
-0.005986
0.005035
-0.003658
-0.002415
0.001632
-0.004264
0.003384
0.004967
0.001868
-0.014682
-0.003791
0.007798
0.005844
0.017234
-0.000390
-0.000557
0.007360
-0.003759
0.002911
-0.008408
0.003821
-0.007603
0.011470
0.002542
0.004159
0.001093
-0.003185
-0.000524
0.009685
0.004597
-0.001332
0.006012
-0.003020
-0.012722
-0.006493
-0.009619
-0.006764
0.006686
0.005170
-0.000462
0.007832
-0.003896
-0.003017
-0.005175
-0.004299
-0.002280
0.008472
-0.009250
0.015076
0.010729
-0.004738
-0.007258
-0.007971
-0.004434
0.012818
0.003385
0.007090
0.003286
-0.000392
-0.000659
-0.008818
-0.020571
-0.014542
-0.028255
-0.017843
0.000789
-0.001268
-0.004195
-0.024443
-0.024215
-0.024617
-0.025623
-0.029705
-0.014339
-0.021606
-0.004335
-0.015994
-0.016767
-0.017889
-0.038790
-0.038238
-0.035432
-0.017877
-0.022425
-0.023804
-0.025055
-0.019636
0.015481
-0.005343
-0.000456
0.020834
0.005237
0.012346
0.019929
0.021316
0.026025
0.024848
0.006181
0.004631
0.021107
-0.014708
-0.014570
-0.016328
-0.005751
-0.016322
-0.002009
0.004967
-0.006383
-0.003423
0.008606
-0.004634
0.003216
0.014233
-0.001129
0.014336
0.013357
0.015109
0.014099
-0.000154
0.007798
-0.000357
-0.009625
0.004900
-0.019891
-0.013028
-0.014909
-0.014243
-0.025935
-0.032336
-0.032608
-0.031437
-0.012069
-0.029608
-0.030445
-0.016661
-0.009048
-0.028599
-0.028367
-0.023495
-0.019495
-0.028021
-0.024345
-0.025073
-0.025326
-0.022058
-0.028897
-0.016332
-0.003323
-0.005379
-0.011785
-0.016021
-0.008376
0.000015
-0.026604
-0.024484
-0.019881
-0.021994
-0.018818
-0.017872
-0.010434
-0.022525
0.001563
-0.004908
0.001126
0.007731
-0.004363
-0.000018
-0.013950
0.011233
-0.000863
-0.007095
-0.010766
-0.010667
-0.008645
0.005574
0.008640
0.010426
0.008202
-0.002210
-0.008171
-0.006355
-0.007464
0.011233
0.002170
0.002002
0.000250
-0.003286
-0.008034
0.005371
0.006349
0.023635
-0.006962
-0.007227
-0.007299
0.004597
0.001360
-0.001063
0.009246
-0.017979
-0.016194
-0.014473
-0.017091
-0.003257
0.007360
-0.004268
-0.002245
0.001630
0.007494
0.013054
0.031246
0.008168
0.037220
0.041181
0.041767
0.043576
0.053696
0.032462
0.041445
0.035192
0.040749
0.045396
0.040176
0.049755
0.058705
0.045307
0.042246
-0.011801
-0.012927
-0.011881
-0.012789
-0.023750
-0.052030
-0.055134
-0.054778
-0.057733
-0.073644
-0.069353
-0.036381
-0.032239
-0.005280
-0.004701
0.021543
0.029461
0.036983
0.025586
0.021109
0.011908
0.007764
0.004226
-0.000016
0.023769
0.000348
0.005877
0.004934
0.010258
0.003519
0.009011
0.003147
0.000383
0.007394
-0.012522
0.007966
0.013223
0.017504
0.004292
0.008910
0.016356
0.008674
0.030844
0.034348
0.032671
0.057595
0.053182
0.051713
0.063320
0.027582
0.030136
0.029156
-0.008271
-0.027107
-0.013095
-0.040260
-0.041227
-0.046743
-0.036587
-0.031489
-0.032787
-0.003289
-0.005683
-0.005076
-0.004026
-0.002718
0.005405
0.022153
-0.002711
-0.014880
0.003788
0.010257
0.014875
-0.005377
-0.019998
0.005675
-0.015723
0.001530
-0.005141
-0.009595
-0.024283
0.005911
0.002980
0.011571
-0.014918
-0.003524
-0.020303
-0.021458
0.004497
-0.000426
-0.002585
-0.010904
0.014267
-0.017973
0.006282
0.011168
-0.011913
-0.010633
-0.009617
-0.010092
-0.011480
0.000318
-0.012353
0.007933
0.000148
0.009584
0.002069
0.009314
0.006584
-0.001166
0.000655
0.005708
0.000688
-0.000728
0.000250
0.013561
0.005202
-0.008576
-0.020346
-0.007837
0.001598
0.010695
0.004664
-0.005885
0.012921
-0.001570
0.012786
0.012482
0.010258
0.025218
-0.002442
0.007259
0.045132
0.033413
0.002509
0.006315
-0.007128
-0.018348
-0.031632
-0.033545
-0.033921
-0.033076
-0.034631
-0.021747
-0.036319
-0.032001
-0.023021
-0.027587
-0.010496
-0.023870
-0.025055
-0.001571
-0.000899
-0.012488
-0.024044
-0.026573
-0.030076
-0.020437
-0.020102
-0.017399
-0.007836
-0.009413
-0.005987
-0.007635
0.014707
0.011369
0.007629
0.004092
0.018209
0.022323
0.026092
0.010629
0.022929
-0.001299
0.017165
0.001766
-0.017104
-0.010027
-0.025791
-0.015654
-0.003996
-0.004466
0.010258
0.010156
0.004866
0.009954
0.018076
0.014676
0.011403
0.013933
0.017601
0.006282
0.001327
0.000686
0.000991
0.023531
-0.012252
-0.013699
-0.011476
-0.011710
-0.009256
-0.004263
-0.004465
-0.029062
-0.016557
-0.031121
-0.018155
-0.035771
-0.039855
-0.031561
-0.036081
-0.036968
-0.038598
-0.036741
-0.038916
-0.053825
-0.048130
-0.041870
-0.043627
-0.050984
-0.035542
-0.040348
-0.022327
-0.018749
-0.007974
-0.004670
0.000722
-0.019128
0.003012
-0.004201
0.012347
-0.008041
0.003316
-0.013366
-0.000188
-0.002142
0.012548
0.001463
-0.007669
0.001969
0.004360
0.010191
0.002440
0.000183
-0.002511
-0.012348
-0.009411
-0.003626
0.011843
-0.006422
-0.005617
0.002405
0.009549
-0.003051
-0.019057
0.013998
0.002070
-0.021764
-0.008478
-0.001837
-0.002956
-0.003119
-0.008436
-0.012489
0.001734
-0.006894
0.001902
0.010021
-0.009996
-0.005848
-0.009252
-0.007401
0.003048
0.011067
0.007899
0.002810
-0.009855
0.003078
-0.001198
-0.009216
-0.004065
0.005978
0.001563
-0.015961
0.002338
-0.000591
0.004057
0.027273
0.028454
0.028992
0.027880
0.018992
0.017572
0.048293
0.056420
0.042195
0.045302
0.058040
0.063131
0.064265
0.042837
0.042643
0.041930
0.037516
0.022456
0.017703
-0.018792
-0.026682
-0.075498
-0.090952
-0.097846
-0.100894
-0.096068
-0.075830
-0.072663
-0.041342
-0.030347
0.010527
0.041091
0.049518
0.055686
0.042146
0.014909
0.011506
0.007191
0.009247
-0.013773
-0.031725
-0.008989
-0.018210
-0.038378
-0.012931
-0.005615
-0.038611
0.004461
0.014873
-0.001310
0.002210
-0.000320
0.009045
0.039749
0.028853
0.044938
0.053661
0.057857
0.075177
0.073850
0.075455
0.084496
0.078826
0.014134
0.015411
0.012414
-0.016059
-0.021689
-0.023778
-0.049064
-0.045780
-0.057872
-0.042040
-0.048035
-0.028387
-0.023930
-0.005983
0.015548
0.016895
0.022824
0.009954
0.008067
0.004596
-0.010061
0.005135
-0.010939
-0.000592
-0.001838
0.004664
0.000117
-0.003658
0.014100
0.017974
0.017738
0.006046
0.001227
0.017737
0.010157
-0.002584
-0.008554
-0.012182
0.008303
-0.024278
-0.010125
-0.020808
-0.000928
-0.000529
0.003384
0.000451
0.004191
0.002913
-0.004669
0.018716
0.002171
0.000322
-0.006965
-0.001131
-0.010394
-0.001569
-0.012316
-0.015656
-0.017072
-0.005212
-0.001330
0.013392
-0.006557
0.005944
0.008371
0.005540
-0.005075
0.001161
0.009785
-0.003423
-0.002274
-0.002546
-0.002071
-0.000666
0.009112
0.011168
0.010426
0.000517
0.007090
-0.002041
0.011942
0.008270
0.018817
-0.002644
-0.018015
-0.012388
-0.005613
-0.002378
-0.008343
0.004090
-0.006493
0.001869
-0.021245
-0.030214
-0.008676
-0.031136
-0.030110
-0.034390
-0.027452
-0.026701
-0.025663
-0.028383
-0.033249
-0.029642
-0.037656
-0.024581
-0.032707
-0.019531
-0.023950
-0.031899
-0.039819
-0.027141
-0.015654
-0.025328
-0.004801
0.001866
0.035968
0.036608
0.044724
0.038864
0.042973
0.043208
0.034624
0.017229
0.005574
-0.021011
-0.024650
-0.036946
-0.017584
-0.012897
-0.018049
-0.001806
0.004326
0.020332
0.016258
0.014839
0.019251
0.011067
0.007023
0.011807
-0.003556
-0.012757
-0.004303
0.003720
-0.014044
-0.010163
0.005809
-0.011273
-0.010534
-0.009625
-0.012017
-0.008644
-0.024315
-0.024319
-0.022795
-0.022393
-0.024686
-0.026776
-0.026732
-0.018698
-0.020383
-0.029568
-0.034751
-0.040444
-0.031124
-0.031622
-0.024719
-0.045512
-0.019232
-0.023974
-0.017610
-0.029540
-0.023518
-0.016630
-0.033752
-0.023750
-0.022667
-0.024416
-0.030043
-0.021110
-0.021083
-0.032370
-0.011340
-0.008546
0.012616
0.004597
0.010225
0.000791
0.000454
0.006046
-0.005675
-0.003392
0.003855
-0.000457
-0.002107
-0.000727
-0.009861
-0.009856
-0.008175
0.025221
-0.002280
-0.005144
0.014670
-0.003827
-0.004698
0.004293
0.012011
-0.005307
0.001800
0.001396
0.004597
0.006181
-0.000324
0.002306
0.000791
-0.016121
-0.011509
-0.008341
0.004765
-0.000727
-0.006087
0.009382
-0.012861
0.002002
-0.024922
-0.023671
-0.021282
-0.004699
-0.006284
-0.015456
0.002373
0.002709
0.004967
0.003586
0.001260
0.008842
0.019154
0.019933
0.050661
0.056532
0.064814
0.045536
0.048032
0.033507
0.042672
0.038364
0.058279
0.049380
0.047014
0.049746
0.040813
0.053063
0.002474
0.002609
0.005203
-0.008916
-0.037788
-0.042699
-0.067418
-0.059712
-0.058646
-0.066786
-0.062970
-0.046768
-0.035927
-0.018086
0.019830
0.020468
0.024681
0.021278
0.029032
0.029499
0.021781
-0.009790
-0.000357
0.017202
-0.002446
0.019186
0.002308
0.005035
0.013560
0.017873
0.021980
0.020769
0.007798
0.021611
-0.006526
0.021816
0.013122
0.014032
0.012919
0.023030
0.035704
0.034245
0.050401
0.050020
0.047425
0.030672
0.046653
0.036272
0.009348
0.008505
-0.019802
-0.013302
-0.026637
-0.020239
-0.031363
-0.019186
0.000855
-0.002311
-0.006697
-0.001332
-0.001201
0.026768
0.016895
0.010056
-0.011544
0.008303
-0.001098
0.000824
0.000891
-0.008985
0.008000
0.006450
0.003653
0.009515
-0.009450
-0.008881
0.003552
-0.017908
-0.008982
-0.002813
-0.006592
-0.000423
0.011100
-0.004860
0.003116
-0.001943
0.005911
0.002876
0.009618
0.003552
0.006215
-0.001668
0.000587
0.001193
-0.006079
-0.005746
-0.000795
0.009887
0.001801
-0.012014
-0.011615
-0.005612
-0.003964
0.002169
-0.013201
-0.008548
-0.003151
0.000014
-0.018117
-0.001030
-0.017374
0.000786
-0.004262
0.002204
-0.000156
0.003890
-0.000526
-0.000186
0.003415
-0.020974
-0.024398
-0.024560
0.007057
0.005978
0.004833
0.012549
0.003923
0.004428
0.004394
0.008539
-0.004600
-0.024995
-0.030673
-0.012550
-0.012283
-0.006217
-0.001839
-0.016332
-0.026238
-0.017007
-0.022597
-0.021657
-0.033977
-0.018410
-0.032947
-0.032703
-0.035598
-0.019370
-0.022130
-0.019569
-0.030861
-0.018896
-0.040660
-0.037361
-0.035546
-0.052675
-0.035454
-0.034190
-0.024351
0.006551
0.019999
0.025422
0.021003
0.024815
0.025928
0.014502
0.018781
0.017301
-0.014007
-0.017816
-0.023879
-0.004702
-0.001029
-0.011144
-0.005576
-0.007904
-0.008107
0.016051
0.005776
0.011504
0.022791
0.016257
-0.014509
-0.013097
-0.010196
0.015448
-0.022026
-0.006186
-0.013904
-0.008974
0.014435
0.012280
0.002980
-0.007905
0.000182
-0.023675
-0.015422
-0.011679
-0.011139
-0.024020
-0.016867
-0.013229
-0.010499
-0.016223
-0.012207
-0.013836
-0.007872
-0.026034
-0.021022
-0.021086
-0.037759
-0.037272
-0.038016
-0.044800
-0.032458
-0.026464
-0.048984
-0.039134
-0.033917
-0.036951
-0.026636
-0.005783
-0.001939
-0.003290
0.015112
0.012246
0.007562
0.016663
-0.005783
-0.003960
0.001192
-0.003053
0.014200
0.000822
0.010797
-0.000122
-0.005003
-0.006758
-0.001567
-0.006018
-0.010367
-0.008410
-0.000324
-0.008612
0.003754
-0.015657
-0.003455
-0.004905
0.005675
-0.009858
-0.007605
0.014031
0.006551
0.003081
0.003551
-0.016534
-0.003556
-0.004950
0.007326
-0.008683
-0.013870
0.000924
0.006652
-0.004498
-0.005043
0.001161
-0.005817
-0.003081
-0.001100
-0.002649
0.014470
0.006787
0.000453
0.015916
-0.005045
-0.011850
0.005574
-0.007767
-0.004671
-0.007941
-0.001669
0.001968
0.004799
-0.002379
-0.006087
0.032335
0.027715
0.033132
0.057711
0.045491
0.019321
0.039699
0.043552
0.033170
0.047756
0.046917
0.048084
0.050287
0.053822
0.060759
0.053486
0.053627
0.030173
0.001630
-0.016052
-0.027047
-0.021036
-0.047159
-0.053199
-0.064228
-0.069292
-0.070860
-0.057224
-0.048277
-0.035366
0.004730
0.006450
0.008505
0.009078
0.027239
0.035901
0.043242
0.015515
0.009584
0.012784
0.000114
0.010156
0.001833
0.003114
0.022119
0.022454
0.020802
0.031991
0.026360
0.009786
-0.004297
0.013829
0.010359
-0.008009
0.030279
0.035363
0.034049
0.041191
0.042507
0.041695
0.043645
0.046315
0.038229
0.035521
0.002372
-0.005043
-0.020004
-0.034117
-0.027653
-0.029515
-0.023375
-0.030174
-0.008842
-0.017202
-0.025357
0.002473
0.011741
0.002977
-0.000831
0.000822
0.002441
-0.009893
-0.011442
0.007191
-0.004665
-0.001637
-0.007771
-0.001670
0.002541
-0.001638
0.004394
0.009483
0.001225
-0.000456
0.015108
0.000318
0.000756
-0.012016
-0.003187
-0.003622
-0.006791
-0.008612
-0.009826
0.008034
0.000352
-0.001538
0.011471
-0.009134
-0.007299
-0.007367
-0.007564
0.010831
0.003013
0.008270
-0.019402
0.005202
-0.001874
0.003790
-0.011412
-0.008241
0.010831
0.009786
0.009584
0.010527
-0.016663
0.003216
0.000117
-0.002615
-0.010537
-0.016290
-0.004229
-0.001094
-0.013233
-0.003557
0.006686
-0.002245
0.001056
0.005642
-0.005308
0.004327
0.004833
-0.001265
-0.006350
0.012145
-0.003725
0.034657
0.026194
-0.005650
0.006821
-0.026582
-0.026869
-0.033924
-0.040114
-0.044690
-0.039310
-0.035773
-0.032789
-0.017109
-0.022628
-0.031637
-0.034873
-0.035242
-0.027785
-0.033171
-0.029780
-0.027113
-0.037617
-0.038246
-0.024047
-0.032736
-0.030821
-0.033503
-0.009417
-0.024557
-0.015116
0.015447
0.022083
0.052978
0.051300
0.048022
0.044264
0.019994
0.032602
0.001529
0.004563
-0.016801
-0.017716
-0.028928
-0.027119
-0.024232
-0.004094
0.010729
0.008404
0.006248
0.024678
0.003822
0.018752
0.019118
0.013997
-0.002077
0.008269
0.007798
-0.002916
0.001935
-0.008982
0.007495
0.007528
0.004294
0.011707
-0.010668
-0.000964
-0.008207
-0.031990
-0.025327
-0.013602
-0.027758
-0.018787
-0.023471
-0.038371
-0.038976
-0.035432
-0.025894
-0.035209
-0.034290
-0.032838
-0.026193
-0.020914
-0.044892
-0.024446
-0.013408
-0.040125
-0.047600
-0.045325
-0.033772
-0.032787
-0.027879
-0.017098
-0.000758
-0.002009
-0.000122
0.020702
0.015920
-0.007615
0.017301
-0.010499
0.005102
0.012246
-0.010403
-0.002986
0.003148
-0.003049
0.008000
-0.000830
0.006281
-0.005105
-0.003993
0.000182
0.002441
-0.007367
0.001159
-0.017208
-0.004636
-0.005882
0.009584
0.004732
-0.000522
-0.021714
-0.017136
-0.004873
-0.006287
-0.009588
-0.005747
-0.007162
-0.004232
-0.004839
-0.016865
-0.014102
0.001800
0.012651
-0.000188
0.008067
0.001667
0.010292
0.008775
0.000217
-0.008882
-0.009455
0.011638
0.003451
-0.019196
0.003046
-0.017383
0.009584
0.014033
0.018615
0.007225
0.034512
0.029598
0.023629
0.029493
0.031149
0.044458
0.045264
0.038909
0.027409
0.036976
0.039207
0.056347
0.049339
0.063054
0.061913
0.061740
0.054401
0.048731
0.039801
0.019355
-0.002748
-0.030679
-0.045824
-0.049634
-0.059990
-0.063670
-0.062998
-0.067232
-0.049778
-0.051751
-0.032205
-0.026168
-0.005109
0.020603
0.037517
0.036708
0.038021
0.038797
0.005843
0.019187
0.013424
0.008606
0.008809
0.004294
0.010899
0.018915
0.003080
0.007158
0.041445
0.016759
0.013020
0.013123
0.005607
0.022723
0.021409
0.000415
0.013964
0.031517
0.030373
0.033478
0.052407
0.029161
0.056516
0.030924
0.028416
0.017941
0.001732
-0.012727
-0.031826
-0.024216
-0.023611
-0.040474
-0.031527
-0.016257
-0.022447
0.006787
0.003316
0.006348
0.007023
0.002977
0.015951
0.016557
0.005642
0.008067
0.012953
-0.006152
-0.007496
-0.008305
-0.006155
0.010662
0.005168
0.001194
-0.001707
-0.003592
0.000822
-0.005479
-0.001638
-0.014175
-0.000323
0.008809
-0.018821
0.007596
-0.001232
-0.005719
-0.001773
-0.008851
-0.007265
-0.008207
0.004260
0.006786
0.012784
-0.015854
-0.013537
0.009449
-0.000830
0.004697
0.002205
0.004968
0.000854
-0.015898
-0.024479
-0.030857
-0.007034
-0.002445
-0.005886
0.007393
0.000825
0.006315
-0.000765
-0.005753
0.002069
-0.006625
-0.010735
-0.012356
-0.006616
-0.003863
0.001260
0.003014
-0.006723
0.006416
-0.009923
-0.018617
-0.000797
-0.008447
0.003046
0.001594
-0.013128
0.024977
0.021853
0.014334
0.019222
0.006248
0.005237
-0.000627
-0.012558
-0.020917
-0.022726
-0.027919
-0.031834
-0.027477
-0.029435
-0.024483
-0.023198
-0.026481
-0.055888
-0.037734
-0.022322
-0.035272
-0.029071
-0.031735
-0.035891
-0.037154
-0.032681
-0.030685
-0.048424
-0.034862
-0.038001
-0.013358
-0.016933
0.001260
0.020605
0.034322
0.038633
0.041660
0.043174
0.016187
0.003620
0.001700
-0.015891
-0.015014
-0.020093
-0.014880
-0.010205
-0.016798
-0.016694
-0.000154
0.008977
0.007966
-0.000123
0.013056
0.016863
0.010798
0.006787
0.006483
0.008135
0.008337
-0.003860
0.001597
0.011201
-0.007399
-0.019765
-0.019961
-0.021389
-0.016097
-0.007262
-0.008884
-0.021073
-0.021462
-0.008881
-0.022464
-0.023645
-0.024014
-0.027664
-0.023508
-0.017778
-0.019297
-0.020304
-0.019868
-0.022985
-0.028105
-0.033046
-0.036920
-0.031164
-0.030417
-0.024175
-0.031823
-0.034262
-0.024413
-0.024894
-0.022762
-0.023587
-0.033711
-0.037661
-0.033654
-0.022325
-0.022367
-0.018486
-0.012351
0.004832
-0.007869
0.007730
0.004429
-0.000390
0.001260
-0.002072
-0.009455
-0.002283
0.002811
-0.002075
-0.003795
-0.003319
-0.000325
-0.004669
0.000722
-0.021651
-0.021829
0.003620
-0.004736
-0.014219
-0.001572
0.000285
-0.006832
-0.023129
-0.014072
-0.014445
-0.015586
0.015008
-0.006656
-0.005411
-0.003459
0.011842
0.001126
0.008674
-0.007867
0.005944
0.004698
-0.005040
0.000385
-0.004537
-0.012216
-0.001905
0.002913
-0.005377
0.001802
-0.004364
-0.000321
0.013190
-0.007741
0.010022
0.016122
0.034589
0.040815
0.039937
0.037174
0.037251
0.034190
0.023568
0.043237
0.053156
0.039598
0.030331
0.032733
0.052419
0.051064
0.055383
0.051671
0.052247
0.048535
0.027007
0.026870
0.008404
-0.020104
-0.017098
-0.048469
-0.052930
-0.049357
-0.052066
-0.050842
-0.055057
-0.006894
-0.008410
-0.010532
0.009448
0.012616
0.011436
0.021511
0.019188
0.015952
0.025931
-0.020262
0.015683
-0.005443
-0.005341
-0.004704
-0.006521
-0.005541
0.013997
0.020603
0.012213
0.007427
0.016358
-0.002564
0.027241
0.017739
0.022116
0.027815
0.020468
0.033751
0.039839
0.044200
0.055520
0.037187
0.045579
0.044396
0.038559
0.032431
0.013221
-0.001301
-0.014944
-0.025033
-0.035535
-0.021917
-0.023006
-0.023300
-0.021595
-0.012387
0.002574
0.013155
-0.006449
-0.006357
-0.002647
0.007461
-0.002109
-0.020996
-0.014918
-0.002512
-0.001433
0.001227
0.001158
0.006113
0.011473
0.003081
-0.011750
0.007495
0.004259
-0.006590
-0.002616
0.013593
0.000958
0.012312
-0.003489
-0.002444
0.007427
0.008472
0.002811
0.010189
0.014705
0.014099
0.009044
0.002811
-0.004670
0.007764
0.002845
0.014235
-0.009117
0.005776
-0.009692
0.007933
0.000382
-0.004946
-0.021380
-0.016960
-0.008746
0.000081
-0.009018
0.002238
0.008539
0.000959
0.018882
-0.006645
-0.005748
0.007663
0.009752
-0.009152
0.010292
0.009011
0.003484
0.006315
-0.001264
-0.006859
-0.005889
0.002270
0.003722
0.003889
0.002036
-0.005277
0.004429
0.005102
0.012854
0.019284
0.023398
0.016861
0.019764
0.018479
-0.006689
-0.006794
-0.009053
-0.028583
-0.022696
-0.039122
-0.028262
-0.021313
-0.023383
-0.027680
-0.034113
-0.026473
-0.026534
-0.024011
-0.028599
-0.034537
-0.033838
-0.024113
-0.033046
-0.022860
-0.031001
-0.026670
-0.030642
-0.032968
-0.053746
-0.025261
-0.014201
0.000689
0.010190
0.050032
0.048778
0.050997
0.052503
0.041495
0.042238
0.019655
0.013123
-0.006115
-0.013904
-0.006420
-0.012052
-0.037704
-0.022899
-0.020167
-0.017342
-0.008646
0.012043
0.016761
0.001699
0.035729
0.013155
0.010662
0.013795
0.005372
0.008135
0.003586
-0.012521
-0.018787
-0.016261
-0.010899
0.012178
-0.002040
-0.000018
-0.000022
-0.000591
-0.008678
-0.004131
-0.008376
-0.012328
-0.016602
-0.015152
-0.007396
-0.004670
-0.004604
-0.014651
-0.016742
-0.023078
-0.004971
-0.013426
-0.009053
-0.015722
-0.005750
-0.008045
-0.018681
-0.006189
-0.020944
-0.021109
-0.020203
-0.008432
-0.021683
-0.003662
-0.012757
0.003013
0.009179
-0.008182
-0.028968
0.000147
0.011706
-0.002176
0.010864
0.007157
0.002000
0.004159
0.009820
-0.011074
-0.005583
-0.012222
0.002709
-0.005209
-0.012461
-0.011371
0.001531
0.004564
-0.007740
-0.011926
-0.011408
0.001698
0.011100
-0.007369
0.001868
-0.005884
0.002240
-0.007162
-0.000762
-0.009355
0.003652
-0.005241
0.000991
-0.001944
-0.006486
-0.009895
0.001400
-0.002343
-0.003760
-0.009723
0.006315
0.006854
0.002473
0.009078
0.014167
0.009179
0.012414
0.013896
0.014504
0.029595
0.013288
0.029424
0.033036
0.031862
0.029908
0.027171
0.017570
0.007461
-0.000761
-0.028038
-0.037711
-0.040474
-0.038431
-0.012718
-0.029628
-0.040586
-0.020136
-0.024757
-0.021114
-0.013797
-0.025088
-0.010133
-0.015826
-0.010731
-0.005650
-0.007332
-0.014035
0.001327
-0.000052
0.004596
0.009281
