0.010472
0.045856
0.112066
0.204292
0.313101
0.437366
0.567896
0.678938
0.755979
0.819186
0.906827
1.037809
1.214820
1.432606
1.676877
1.944547
2.228511
2.527769
2.831190
3.145370
3.473254
3.792862
4.117645
4.443371
4.752523
5.047287
5.326920
5.592298
5.849951
6.103179
6.349739
6.590353
6.837528
7.100251
7.372177
7.647684
7.921377
8.192638
8.465619
8.736960
9.012465
9.300328
9.599888
9.889796
10.161023
10.412539
10.633334
10.819886
10.979359
11.127103
11.274981
11.436640
11.608021
11.783557
11.967193
12.147923
12.327631
12.512006
12.686588
12.845117
12.992290
13.134395
13.273329
13.404775
13.512238
13.601609
13.674239
13.737366
13.805051
13.878979
13.959609
14.024598
14.060256
14.075873
14.088720
14.104128
14.118351
14.133435
14.144203
14.153159
14.163332
14.189201
14.218508
14.233981
14.246487
14.262838
14.278999
14.276278
14.238893
14.177398
14.107249
14.032871
13.962750
13.892216
13.814094
13.733008
13.647453
13.557843
13.466359
13.364543
13.245878
13.117835
12.991899
12.874439
12.766276
12.662338
12.544280
12.405550
12.259721
12.106564
11.939916
11.758308
11.558096
11.336405
11.099641
10.863745
10.622869
10.382547
10.157702
9.944638
9.721699
9.479788
9.223977
8.965035
8.708236
8.443410
8.174655
7.907569
7.637669
7.358560
7.073049
6.787302
6.503800
6.223221
5.938848
5.640248
5.320349
4.983759
4.655077
4.353635
4.071777
3.791675
3.508714
3.212670
2.903620
2.583296
2.262841
1.948247
1.643171
1.349146
1.063502
0.800730
0.547779
0.277744
-0.014476
-0.319333
-0.626262
-0.922587
-1.210321
-1.485293
-1.748755
-2.000510
-2.252624
-2.518881
-2.809399
-3.134004
-3.492173
-3.874733
-4.270396
-4.657871
-5.024260
-5.367826
-5.703448
-6.043426
-6.371111
-6.657852
-6.919487
-7.193102
-7.478130
-7.759263
-8.033222
-8.302850
-8.572270
-8.843351
-9.118062
-9.382808
-9.627425
-9.863505
-10.117628
-10.395042
-10.679925
-10.966431
-11.251196
-11.519122
-11.755904
-11.961129
-12.145034
-12.328779
-12.526923
-12.733376
-12.943581
-13.136053
-13.321291
-13.510537
-13.689604
-13.847497
-13.995488
-14.146300
-14.299001
-14.455152
-14.611485
-14.759763
-14.905526
-15.051128
-15.179149
-15.287473
-15.390823
-15.495123
-15.607441
-15.716202
-15.814219
-15.897281
-15.972378
-16.038759
-16.089584
-16.135418
-16.174597
-16.212162
-16.255253
-16.294930
-16.319529
-16.320812
-16.304802
-16.280151
-16.248487
-16.209072
-16.161236
-16.112078
-16.053221
-15.978455
-15.890688
-15.794092
-15.698485
-15.615308
-15.548839
-15.496823
-15.454465
-15.409961
-15.352201
-15.278711
-15.200446
-15.118809
-15.024902
-14.914541
-14.795831
-14.671316
-14.563336
-14.465455
-14.348459
-14.201941
-14.051270
-13.916195
-13.794296
-13.674021
-13.548598
-13.423157
-13.301646
-13.179406
-13.062290
-12.937218
-12.794168
-12.638386
-12.474111
-12.304974
-12.123943
-11.943230
-11.761400
-11.556253
-11.315237
-11.050580
-10.770763
-10.474296
-10.161290
-9.836180
-9.503454
-9.165314
-8.825190
-8.487670
-8.155843
-7.830506
-7.511520
-7.203908
-6.914931
-6.635501
-6.358518
-6.071646
-5.773749
-5.471136
-5.162249
-4.858406
-4.571058
-3.281970
-3.000138
-2.696027
-2.370906
-2.029980
-1.668824
-1.294930
-0.910854
-0.533659
-0.180475
0.165215
0.520386
0.874571
1.216512
1.548078
1.875919
2.203671
2.531767
2.857625
3.187786
3.522533
3.858354
4.187363
4.501979
4.795897
5.079288
5.375903
5.696630
6.033417
6.363541
6.668176
6.944818
7.202939
7.455439
7.711989
7.975204
8.231921
8.480969
8.728525
8.978565
9.229000
9.472976
9.706551
9.926896
10.131289
10.337119
10.573241
10.852812
11.162507
11.489470
11.813262
12.102613
12.358676
12.586746
12.788065
12.978333
13.173419
13.367937
13.554461
13.721673
13.875060
14.031057
14.197794
14.375587
14.544048
14.690871
14.830170
14.963052
15.084526
15.196974
15.289583
15.368857
15.442000
15.509535
15.564185
15.599424
15.621092
15.637688
15.652784
15.670304
15.698408
15.731268
15.762280
15.783870
15.776335
15.749340
15.726303
15.704893
15.683651
15.663478
15.640134
15.608083
15.563886
15.498923
15.417234
15.323561
15.229028
15.137090
15.046103
14.952987
14.855783
14.755365
14.660942
14.558542
14.425031
14.261529
14.089206
13.923474
13.766944
13.611743
13.450098
13.290515
13.142658
12.993633
12.830055
12.654429
12.465781
12.260818
12.042595
11.821719
11.597938
11.369768
11.143785
10.916991
10.684705
10.461061
10.239626
10.005883
9.760248
9.501570
9.232857
8.955209
8.666547
8.379247
8.113491
7.861378
7.606405
7.340641
7.060843
6.770024
6.471786
6.163822
5.833952
5.503345
5.192623
4.895006
4.603415
4.323256
4.044443
3.755531
3.453297
3.153752
2.867670
2.589544
2.315890
2.055192
1.802344
1.558770
1.330870
1.109762
0.882131
0.637423
0.366308
0.076096
-0.214288
-0.503770
-0.807268
-1.130997
-1.470167
-1.814409
-2.159721
-2.484739
-2.794678
-3.105182
-3.420727
-3.743446
-4.058765
-4.348310
-4.614480
-4.862151
-5.085398
-5.282064
-5.457670
-5.623764
-5.808017
-6.019724
-6.251072
-6.498895
-6.749153
-6.984476
-7.211522
-7.427335
-7.635532
-7.843899
-8.057791
-8.279023
-8.498858
-8.712144
-8.909020
-9.076761
-9.214873
-9.329370
-9.439821
-9.564275
-9.692540
-9.827927
-9.977790
-10.133540
-10.284400
-10.423915
-10.550385
-10.654522
-10.739533
-10.813966
-10.875854
-10.935032
-10.994444
-11.054841
-11.128932
-11.215347
-11.291731
-11.360407
-11.414826
-11.438890
-11.434443
-11.415339
-11.391951
-11.371655
-11.347192
-11.310547
-11.271626
-11.235514
-11.201821
-11.158368
-11.101789
-11.042757
-10.995013
-10.966671
-10.956322
-10.953911
-10.944583
-10.903586
-10.831445
-10.741510
-10.635538
-10.513139
-10.378635
-10.234774
-10.095127
-9.963629
-9.832962
-9.700364
-9.564413
-9.423936
-9.280619
-9.138665
-8.998374
-8.866730
-8.739790
-8.608920
-8.474954
-8.338123
-8.191928
-8.042223
-7.893658
-7.741502
-7.581561
-7.418333
-7.257757
-7.105959
-6.957952
-6.808750
-6.652796
-6.479944
-6.278617
-6.045122
-5.782726
-5.497594
-5.188144
-4.857176
-4.521933
-4.188194
-3.861103
-3.537133
-3.215750
-2.895598
-2.572238
-2.249434
-1.931452
-1.611444
-1.289022
-0.974392
-0.671485
-0.367091
-0.047029
0.285952
0.633011
0.986427
1.336712
1.686848
-0.712605
-0.395798
-0.074649
0.254462
0.589731
0.935411
1.276946
1.592680
1.897460
2.203122
2.508873
2.814620
3.115708
3.407293
3.687632
3.959339
4.223658
4.501875
4.792649
5.083317
5.379402
5.679736
5.992036
6.306304
6.610789
6.896566
7.164945
7.430154
7.693619
7.946075
8.198713
8.453363
8.702073
8.930785
9.152888
9.386784
9.629968
9.858861
10.060312
10.248499
10.434013
10.628818
10.844151
11.082464
11.334014
11.593665
11.851274
12.102053
12.351811
12.589114
12.796556
12.973487
13.135765
13.297395
13.445940
13.572799
13.694091
13.817737
13.936482
14.036048
14.133500
14.242805
14.343851
14.419031
14.468161
14.507072
14.562098
14.640198
14.715733
14.776194
14.824074
14.855043
14.884914
14.931192
14.974319
14.992023
14.993782
14.995327
15.003887
15.006845
14.992580
14.977005
14.972830
14.975069
14.975998
14.970600
14.962090
14.946667
14.908712
14.842413
14.746220
14.621109
14.478189
14.330536
14.192211
14.074545
13.967421
13.861450
13.761995
13.653179
13.526727
13.394159
13.263922
13.133449
12.998610
12.859234
12.713845
12.567640
12.421554
12.270852
12.113079
11.954722
11.801231
11.647824
11.489075
11.319468
11.140120
10.952621
10.736248
10.477904
10.189151
9.872150
9.544807
9.232125
8.921576
8.598958
8.273923
7.962020
7.675656
7.415621
7.161654
6.896717
6.609799
6.295513
5.958203
5.606790
5.258279
4.922419
4.607591
4.310200
4.007411
3.698471
3.379531
3.040616
2.694961
2.345662
1.989314
1.629218
1.265998
0.898820
0.533639
0.176580
-0.171713
-0.523513
-0.870698
-1.207355
-1.531346
-1.847349
-2.154356
-2.453321
-2.757325
-3.072096
-3.394323
-3.719757
-4.055994
-4.396256
-4.728674
-5.060495
-5.402204
-5.752667
-6.115939
-6.484162
-6.862288
-7.249710
-7.639868
-8.037088
-8.441981
-8.829744
-9.179245
-9.496681
-9.800412
-10.101805
-10.404778
-10.701795
-10.991872
-11.294004
-11.609831
-11.919071
-12.220410
-12.521112
-12.818206
-13.110420
-13.381371
-13.636247
-13.885428
-14.131990
-14.380788
-14.620831
-14.859882
-15.104363
-15.338372
-15.554449
-15.753039
-15.940108
-16.124554
-16.315769
-16.509001
-16.684181
-16.848999
-17.012535
-17.175213
-17.342899
-17.515516
-17.677399
-17.817993
-17.931267
-18.025661
-18.095276
-18.144117
-18.191355
-18.248838
-18.324968
-18.395559
-18.443768
-18.472610
-18.482475
-18.485493
-18.505823
-18.540859
-18.584127
-18.614672
-18.618210
-18.619158
-18.628592
-18.632269
-18.635494
-18.640923
-18.634266
-18.608002
-18.568239
-18.519327
-18.444750
-18.341162
-18.219967
-18.094967
-17.990545
-17.911390
-17.845097
-17.772079
-17.690079
-17.602806
-17.503983
-17.390074
-17.266338
-17.148941
-17.022186
-16.883072
-16.754282
-16.638474
-16.536133
-16.435848
-16.319706
-16.191338
-16.074907
-15.988388
-15.911922
-15.821969
-15.711996
-15.590681
-15.475994
-15.365433
-15.246398
-15.110589
-14.953438
-14.776373
-14.579245
-14.367063
-14.129588
-13.879359
-13.616754
-13.325722
-13.012663
-12.693317
-12.373737
-12.059392
-11.736680
-11.403368
-11.071266
-10.744073
-10.420959
-10.108099
-9.814500
-9.532427
-9.250031
-8.959497
-8.647734
-8.312247
-7.966440
-7.618360
-7.267658
-3.525638
-3.164326
-2.814157
-2.464894
-2.113071
-1.757053
-1.406721
-1.071667
-0.754814
-0.447719
-0.139403
0.178080
0.510071
0.864718
1.243194
1.636046
2.031822
2.413913
2.771319
3.113069
3.441495
3.755120
4.063037
4.380958
4.701219
5.015688
5.328031
5.634109
5.931198
6.219523
6.501091
6.775228
7.042700
7.307508
7.572089
7.833636
8.085145
8.320085
8.542250
8.770858
9.023366
9.294756
9.562806
9.809069
10.026257
10.234468
10.446851
10.670637
10.906364
11.159298
11.427468
11.686590
11.914271
12.114823
12.298830
12.463314
12.624972
12.804948
13.003242
13.209907
13.408298
13.584024
13.740164
13.892205
14.048386
14.203968
14.357731
14.513947
14.655242
14.777895
14.877449
14.948310
15.003011
15.064211
15.127096
15.174944
15.214052
15.265303
15.327028
15.382578
15.427032
15.459802
15.477824
15.490103
15.503253
15.514277
15.520458
15.526206
15.529428
15.512699
15.473014
15.419774
15.355990
15.283547
15.200638
15.110965
15.023736
14.942493
14.864541
14.786354
14.705921
14.619411
14.527570
14.438680
14.351713
14.266531
14.177673
14.079619
13.974744
13.868895
13.767501
13.658463
13.527994
13.372612
13.197667
13.015232
12.826061
12.629807
12.419192
12.189714
11.940617
11.681564
11.427050
11.180368
10.930301
10.677825
10.424373
10.156247
9.874354
9.583644
9.293276
9.010260
8.745485
8.489063
8.218967
7.927866
7.628990
7.333691
7.042890
6.745515
6.439248
6.134395
5.826442
5.514202
5.201772
4.891705
4.586878
4.285673
3.983109
3.675671
3.358687
3.036050
2.726875
2.425924
2.130052
1.847871
1.569535
1.287576
1.010700
0.732715
0.451393
0.178436
-0.074872
-0.309108
-0.545766
-0.801535
-1.080063
-1.378049
-1.702503
-2.039855
-2.375782
-2.713341
-3.053835
-3.384098
-3.708958
-4.026826
-4.323532
-4.599730
-4.866455
-5.129683
-5.391909
-5.658067
-5.918762
-6.182841
-6.452768
-6.719167
-6.975738
-7.220044
-7.460316
-7.688407
-7.894296
-8.090568
-8.287276
-8.488282
-8.703658
-8.930628
-9.149443
-9.352238
-9.544464
-9.716125
-9.867187
-10.009839
-10.160862
-10.310925
-10.445494
-10.570427
-10.686973
-10.802135
-10.918184
-11.037425
-11.152007
-11.248537
-11.324326
-11.385332
-11.445898
-11.523572
-11.619979
-11.707659
-11.776649
-11.840314
-11.897229
-11.941215
-11.977611
-12.009919
-12.036889
-12.060949
-12.088147
-12.117537
-12.134433
-12.140091
-12.137879
-12.126569
-12.115477
-12.101693
-12.074109
-12.031134
-11.977670
-11.932211
-11.896579
-11.855579
-11.802045
-11.743834
-11.683054
-11.613084
-11.525064
-11.425563
-11.326137
-11.230380
-11.136141
-11.035849
-10.930719
-10.812067
-10.687347
-10.573145
-10.466116
-10.344545
-10.205211
-10.062517
-9.920292
-9.775989
-9.627786
-9.474360
-9.322084
-9.176548
-9.048064
-8.926202
-8.799107
-8.669216
-8.535440
-8.385890
-8.208873
-8.008325
-7.796120
-7.586174
-7.381157
-7.185605
-6.999183
-6.803392
-6.591176
-6.349086
-6.075353
-5.783398
-5.477074
-5.146463
-4.810621
-4.480593
-4.144727
-3.802673
-3.457090
-3.111257
-2.782327
-2.460961
-2.129102
-1.794257
-1.476895
-1.184219
-0.902255
-0.623352
-0.346252
-0.060371
-2.667497
-2.384542
-2.081431
-1.755224
-1.420527
-1.088517
-0.764893
-0.446302
-0.121854
0.211970
0.547174
0.884494
1.221471
1.535147
1.815979
2.075454
2.323071
2.564112
2.808754
3.049425
3.290827
3.544613
3.804305
4.063272
4.322498
4.594131
4.878760
5.159996
5.419366
5.656394
5.891295
6.117025
6.320072
6.523335
6.741745
6.963523
7.185095
7.412294
7.649922
7.890825
8.124305
8.351146
8.583636
8.818226
9.045948
9.262143
9.483892
9.699240
9.901979
10.101752
10.298805
10.489514
10.664278
10.835702
11.007004
11.164587
11.310626
11.449978
11.584046
11.711912
11.831322
11.947873
12.066955
12.193500
12.318178
12.426233
12.517412
12.608309
12.711040
12.819550
12.911692
12.970315
12.997246
13.008574
13.017783
13.037897
13.080112
13.127131
13.156661
13.171781
13.177648
13.168018
13.146422
13.115101
13.084806
13.057563
13.026751
12.995414
12.954275
12.886701
12.796960
12.688195
12.569216
12.450514
12.315589
12.172790
12.025630
11.870233
11.715899
11.577175
11.462878
11.370605
11.294884
11.216511
11.116120
10.991136
10.851169
10.711383
10.564975
10.406828
10.244044
10.073259
9.890975
9.686889
9.454164
9.205607
8.958501
8.737470
8.531725
8.322738
8.113622
7.890018
7.647434
7.390249
7.124599
6.855321
6.591417
6.320371
6.020099
5.696843
5.366296
5.022013
4.668284
4.334363
4.030066
3.745792
3.471420
3.204899
2.936288
2.657195
2.357441
2.024018
1.662374
1.282033
0.915178
0.569972
0.238095
-0.090245
-0.438231
-0.813899
-1.210986
-1.597349
-1.951614
-2.271202
-2.557530
-2.821862
-3.082713
-3.344615
-3.606459
-3.869927
-4.130211
-4.385509
-4.651096
-4.939907
-5.253424
-5.580614
-5.915820
-6.280797
-6.675770
-7.068818
-7.452731
-7.839632
-8.222342
-8.598342
-8.958328
-9.304076
-9.631058
-9.929425
-10.208787
-10.468126
-10.723462
-10.996423
-11.280787
-11.557768
-11.821424
-12.068931
-12.319672
-12.586031
-12.859587
-13.135777
-13.397893
-13.630257
-13.835810
-14.035352
-14.234406
-14.437785
-14.644446
-14.847394
-15.046647
-15.234112
-15.425190
-15.629686
-15.834008
-16.038271
-16.248354
-16.467731
-16.699541
-16.929890
-17.134933
-17.324520
-17.509247
-17.677601
-17.821758
-17.940617
-18.032852
-18.109898
-18.182007
-18.258648
-18.355049
-18.475632
-18.612572
-18.743916
-18.849010
-18.928795
-18.995338
-19.048630
-19.094524
-19.141319
-19.192497
-19.248890
-19.296539
-19.329178
-19.356968
-19.387127
-19.415043
-19.428730
-19.438335
-19.459549
-19.482620
-19.495838
-19.493229
-19.481655
-19.450031
-19.398235
-19.342434
-19.283794
-19.226665
-19.178917
-19.144665
-19.122093
-19.087814
-19.037785
-18.971638
-18.872677
-18.741673
-18.606495
-18.490135
-18.392456
-18.293671
-18.184586
-18.061840
-17.916821
-17.749702
-17.577366
-17.412941
-17.266808
-17.138874
-17.013191
-16.873714
-16.716791
-16.547894
-16.378099
-16.196291
-15.995488
-15.784421
-15.578568
-15.371812
-15.157810
-14.939224
-14.710265
-14.463201
-14.208652
-13.960127
-13.714831
-13.473661
-13.238743
-12.995538
-12.731144
-12.444606
-12.134773
-11.807661
-11.484330
-11.176660
-10.873757
-10.586658
-10.313236
-10.030849
-9.728647
-9.411455
-9.081971
-4.295069
-3.911075
-3.539739
-3.177406
-2.815333
-2.437179
-2.041378
-1.658266
-1.311388
-0.992317
-0.683420
-0.370409
-0.044711
0.294474
0.634277
0.958939
1.293509
1.647345
2.015151
2.398451
2.782991
3.148865
3.483566
3.780904
4.047859
4.303248
4.559644
4.825867
5.110753
5.412471
5.730266
6.058095
6.387516
6.712373
7.044862
7.382667
7.701140
7.989367
8.252199
8.499710
8.741405
8.977384
9.202228
9.428036
9.659402
9.888454
10.111814
10.322336
10.530291
10.745658
10.953996
11.155714
11.371914
11.599030
11.822001
12.043272
12.264458
12.476175
12.670784
12.852240
13.033419
13.207617
13.373220
13.523966
13.647055
13.748106
13.854162
13.978172
14.112537
14.243601
14.356150
14.450390
14.545536
14.658949
14.795856
14.937590
15.061096
15.154226
15.227051
15.293226
15.352388
15.400747
15.438629
15.472160
15.485170
15.477825
15.469645
15.469992
15.479853
15.476040
15.442076
15.380106
15.293016
15.197514
15.114433
15.056271
15.014816
14.978245
14.939968
14.890556
14.829834
14.765806
14.708691
14.653950
14.585297
14.500031
14.404846
14.301168
14.183992
14.053328
13.923042
13.791708
13.649042
13.509403
13.376057
13.238527
13.092712
12.928564
12.751759
12.567663
12.378519
12.171940
11.946833
11.709227
11.447151
11.168901
10.883861
10.586802
10.274261
9.946480
9.604734
9.250751
8.922925
8.633307
8.357589
8.088026
7.816179
7.540995
7.270114
7.008328
6.747700
6.489408
6.230249
5.955812
5.658656
5.345767
5.024261
4.704421
4.401957
4.106337
3.798031
3.479842
3.164012
2.854389
2.544523
2.254585
1.990713
1.735671
1.477892
1.216690
0.949404
0.678626
0.422625
0.182632
-0.063447
-0.324699
-0.592149
-0.870525
-1.165091
-1.480398
-1.812480
-2.147985
-2.475482
-2.803699
-3.128999
-3.443115
-3.735144
-4.011379
-4.286258
-4.562938
-4.856899
-5.160451
-5.464693
-5.772205
-6.068494
-6.340622
-6.592098
-6.827898
-7.048086
-7.259846
-7.476241
-7.707743
-7.942503
-8.159996
-8.356050
-8.540464
-8.735998
-8.930975
-9.112272
-9.285669
-9.453476
-9.627077
-9.818356
-10.024717
-10.241039
-10.425875
-10.541857
-10.595367
-10.625816
-10.660625
-10.709734
-10.777277
-10.856680
-10.930618
-11.000637
-11.072638
-11.152815
-11.238630
-11.319290
-11.385555
-11.434690
-11.469440
-11.489290
-11.474115
-11.428467
-11.372374
-11.329702
-11.296305
-11.262850
-11.231794
-11.215153
-11.209961
-11.192911
-11.165415
-11.144127
-11.138058
-11.133842
-11.119318
-11.097723
-11.070225
-11.045364
-11.014786
-10.967142
-10.905807
-10.826864
-10.722246
-10.596661
-10.454086
-10.296431
-10.129305
-9.964706
-9.809048
-9.663673
-9.512865
-9.355024
-9.189585
-9.027576
-8.886492
-8.753263
-8.623030
-8.492035
-8.364895
-8.252016
-8.151287
-8.050980
-7.942855
-7.800817
-7.619381
-7.421182
-7.224116
-7.030694
-6.830478
-6.628881
-6.433289
-6.243794
-6.049321
-5.827997
-5.569602
-5.283801
-4.990169
-4.689317
-4.377260
-4.052895
-3.717614
-3.377477
-3.030719
-2.693167
-2.366158
-2.035921
-1.688339
-1.330632
-0.978587
-0.622395
-0.262226
0.098818
0.476378
0.871897
1.270616
1.659176
2.026166
-2.369651
-2.068056
-1.761972
-1.440583
-1.112722
-0.782706
-0.445730
-0.115578
0.200814
0.509757
0.821029
1.140066
1.462627
1.787749
2.106784
2.399511
2.668363
2.933329
3.207458
3.489757
3.769446
4.041035
4.298818
4.536424
4.761325
4.984153
5.212835
5.441115
5.658631
5.866737
6.081865
6.312277
6.536126
6.746808
6.947714
7.144301
7.359576
7.579612
7.793839
8.011770
8.237631
8.465247
8.683912
8.894761
9.107232
9.330266
9.566672
9.802766
10.025152
10.244597
10.466047
10.670756
10.845071
10.993415
11.131005
11.260491
11.382327
11.502275
11.612783
11.704916
11.779504
11.858232
11.950531
12.053165
12.164547
12.263047
12.336197
12.389741
12.430549
12.466763
12.484767
12.491357
12.494557
12.502700
12.517563
12.539281
12.560690
12.584874
12.596784
12.586658
12.558340
12.512426
12.455365
12.399149
12.340307
12.272888
12.210531
12.158546
12.108397
12.053560
11.977137
11.874566
11.758776
11.649532
11.557467
11.477824
11.403671
11.317907
11.216711
11.104075
10.982560
10.865148
10.757428
10.644703
10.529007
10.404503
10.263985
10.113462
9.956429
9.794376
9.629832
9.459876
9.282548
9.097916
8.901625
8.693345
8.472758
8.243147
8.006284
7.755186
7.484867
7.197590
6.909161
6.629287
6.362943
6.097675
5.809987
5.487933
5.135377
4.765188
4.385830
4.000680
3.611363
3.235480
2.885671
2.554027
2.223963
1.885872
1.539763
1.192124
0.840909
0.490775
0.139318
-0.224267
-0.602148
-0.989318
-1.369130
-1.739987
-2.108582
-2.471520
-2.810914
-3.126811
-3.433621
-3.744932
-4.071383
-4.413121
-4.753006
-5.087995
-5.426313
-5.764884
-6.088294
-6.385855
-6.666749
-6.937637
-7.209477
-7.501883
-7.811569
-8.131063
-8.465305
-8.807657
-9.153983
-9.514318
-9.893782
-10.285771
-10.670645
-11.042480
-11.404312
-11.746243
-12.065458
-12.372306
-12.688246
-13.009624
-13.326402
-13.640981
-13.943487
-14.234401
-14.524496
-14.817374
-15.103861
-15.378317
-15.627869
-15.864054
-16.115337
-16.384592
-16.657196
-16.919798
-17.159334
-17.377529
-17.580708
-17.782536
-17.996546
-18.213041
-18.425491
-18.638966
-18.854296
-19.067045
-19.275351
-19.482077
-19.690323
-19.883585
-20.063076
-20.235899
-20.408081
-20.578398
-20.732925
-20.862698
-20.972630
-21.074732
-21.178905
-21.286526
-21.380964
-21.447348
-21.489195
-21.527430
-21.567944
-21.634754
-21.719116
-21.800978
-21.872444
-21.920504
-21.953625
-21.989006
-22.018106
-22.038635
-22.050701
-22.049128
-22.036972
-22.016460
-21.993988
-21.978651
-21.963676
-21.938488
-21.921761
-21.919476
-21.912710
-21.879217
-21.810478
-21.728882
-21.640379
-21.536768
-21.424791
-21.314203
-21.216263
-21.130859
-21.050600
-20.971706
-20.887587
-20.806122
-20.724430
-20.630434
-20.515669
-20.377819
-20.234562
-20.103750
-19.987896
-19.880764
-19.775530
-19.669600
-19.569185
-19.467062
-19.350863
-19.219259
-19.074699
-18.926146
-18.773588
-18.617487
-18.455090
-18.278212
-18.081036
-17.858503
-17.610397
-17.335979
-17.043369
-16.745152
-16.440495
-16.126154
-15.809074
-15.492549
-15.185266
-14.881335
-14.564347
-14.230370
-13.883075
-13.545411
-13.228136
-12.917682
-12.610903
-12.312278
-12.011467
-11.704187
-5.249949
-4.861063
-4.475822
-4.099626
-3.732574
-3.370739
-3.003839
-2.646206
-2.298191
-1.938632
-1.582241
-1.244015
-0.915744
-0.597426
-0.274247
0.059272
0.387550
0.708336
1.033088
1.366315
1.705905
2.038629
2.349020
2.633245
2.909747
3.193327
3.478366
3.756895
4.027613
4.303170
4.579389
4.847174
5.113832
5.383886
5.652697
5.920490
6.191222
6.449999
6.706846
6.972641
7.247395
7.528216
7.810953
8.095959
8.380730
8.665274
8.946735
9.209991
9.444489
9.659008
9.869675
10.088724
10.316872
10.550592
10.785332
11.010818
11.233220
11.456904
11.665255
11.849215
12.013566
12.161083
12.294613
12.420832
12.547169
12.674197
12.800193
12.915414
13.013502
13.099059
13.196450
13.300190
13.390037
13.459495
13.512626
13.560946
13.615255
13.670280
13.704542
13.709996
13.693326
13.681423
13.698717
13.743038
13.793503
13.842463
13.884037
13.908257
13.908666
13.882298
13.834340
13.765110
13.680022
13.601047
13.542884
13.494871
13.441253
13.374293
13.290666
13.192455
13.101504
13.029866
12.975807
12.927709
12.870001
12.803013
12.729461
12.642389
12.540854
12.429331
12.313591
12.202239
12.098595
12.003103
11.908470
11.800604
11.662385
11.486059
11.279366
11.061691
10.862431
10.673546
10.471194
10.256105
10.048138
9.834007
9.585701
9.309175
9.015020
8.721639
8.443909
8.178433
7.911366
7.637630
7.356642
7.062563
6.772629
6.496691
6.220005
5.938035
5.650280
5.356865
5.056523
4.743075
4.424882
4.118968
3.837935
3.562530
3.292503
3.037127
2.778630
2.501087
2.210263
1.918576
1.627742
1.342825
1.067646
0.796412
0.530941
0.278630
0.040350
-0.186935
-0.407283
-0.634413
-0.884557
-1.152560
-1.424044
-1.694282
-1.978470
-2.287120
-2.599918
-2.894330
-3.173922
-3.446405
-3.711336
-3.971034
-4.231071
-4.488566
-4.748086
-5.010649
-5.274471
-5.535324
-5.790605
-6.036509
-6.282508
-6.536601
-6.787531
-7.025327
-7.247163
-7.453619
-7.656202
-7.864487
-8.071572
-8.268984
-8.458682
-8.646628
-8.834351
-9.020209
-9.205193
-9.376629
-9.531714
-9.679203
-9.820821
-9.956223
-10.092478
-10.232663
-10.348800
-10.421925
-10.482096
-10.553703
-10.634501
-10.720597
-10.805011
-10.872014
-10.918753
-10.955168
-10.993896
-11.040418
-11.089157
-11.136511
-11.177099
-11.209699
-11.222310
-11.214977
-11.211770
-11.224564
-11.242701
-11.270627
-11.309019
-11.347781
-11.387085
-11.413675
-11.421275
-11.407817
-11.370255
-11.320138
-11.264073
-11.203140
-11.129632
-11.034348
-10.921181
-10.798270
-10.661622
-10.507798
-10.344251
-10.185166
-10.054929
-9.955362
-9.864691
-9.784336
-9.700087
-9.587907
-9.456717
-9.311896
-9.161111
-9.019885
-8.881322
-8.731969
-8.570452
-8.409808
-8.263982
-8.121292
-7.972708
-7.821239
-7.673594
-7.532773
-7.385063
-7.227730
-7.062332
-6.883919
-6.696253
-6.514623
-6.335102
-6.135978
-5.903424
-5.635807
-5.353216
-5.060657
-4.748016
-4.412811
-4.058661
-3.694892
-3.331476
-2.967148
-2.600149
-2.230784
-1.864378
-1.509770
-1.174323
-0.868615
-0.576432
-0.272943
0.046182
0.374134
0.712838
1.063761
1.412638
1.761116
2.123540
2.488094
-2.649552
-2.347585
-2.048111
-1.769064
-1.492198
-1.210635
-0.939208
-0.686678
-0.434793
-0.168720
0.107633
0.399042
0.710258
1.026240
1.342235
1.656359
1.969430
2.280256
2.576972
2.858966
3.137635
3.428933
3.726789
4.007193
4.269179
4.514439
4.741940
4.967502
5.202320
5.435166
5.667789
5.906808
6.140803
6.351690
6.531411
6.684873
6.829293
6.980639
7.137674
7.296609
7.458660
7.618651
7.783914
7.947668
8.116824
8.303162
8.485298
8.668682
8.872012
9.071743
9.261236
9.446637
9.617151
9.771692
9.916732
10.054956
10.184264
10.305515
10.410808
10.507230
10.604047
10.703699
10.808907
10.919895
11.019236
11.086689
11.140195
11.198653
11.248382
11.275719
11.283844
11.297737
11.333931
11.384446
11.427436
11.448388
11.435130
11.403229
11.373708
11.339736
11.294563
11.249448
11.204180
11.148815
11.079722
11.004600
10.931944
10.869736
10.803696
10.724216
10.647230
10.581296
10.514600
10.443758
10.366942
10.272841
10.156775
10.018213
9.859532
9.698421
9.547887
9.404680
9.265541
9.134851
9.022364
8.911243
8.776288
8.631433
8.493289
8.352457
8.195116
8.014862
7.811419
7.598877
7.387009
7.178021
6.973120
6.776070
6.575089
6.339999
6.080484
5.810024
5.519716
5.220764
4.917779
4.604122
4.279722
3.933320
3.563920
3.188391
2.823397
2.496427
2.197433
1.899344
1.604637
1.295306
0.963352
0.618437
0.269349
-0.080163
-0.433018
-0.776190
-1.113900
-1.476701
-1.857132
-2.232638
-2.585493
-2.918776
-3.249737
-3.590373
-3.938547
-4.282711
-4.620868
-4.958587
-5.298892
-5.637400
-5.970348
-6.296406
-6.616141
-6.926870
-7.233648
-7.541412
-7.853729
-8.173162
-8.498165
-8.840276
-9.210142
-9.605536
-10.016041
-10.435402
-10.860365
-11.269750
-11.644216
-11.982690
-12.295054
-12.596522
-12.902398
-13.218339
-13.547127
-13.882166
-14.218033
-14.552979
-14.885784
-15.222594
-15.554920
-15.863586
-16.152765
-16.420910
-16.666594
-16.898174
-17.120108
-17.347580
-17.597281
-17.864252
-18.144720
-18.428713
-18.687763
-18.921480
-19.137402
-19.338579
-19.531145
-19.722298
-19.917679
-20.117300
-20.331152
-20.561518
-20.786303
-21.000092
-21.197296
-21.374117
-21.526409
-21.646921
-21.744694
-21.837891
-21.939425
-22.053782
-22.179783
-22.316328
-22.457047
-22.583895
-22.687626
-22.775219
-22.846516
-22.897863
-22.934042
-22.964489
-23.003294
-23.042807
-23.063852
-23.077051
-23.101547
-23.141666
-23.190071
-23.238668
-23.287409
-23.335527
-23.366671
-23.367649
-23.345974
-23.309307
-23.272085
-23.236784
-23.207788
-23.172873
-23.112627
-23.028984
-22.927805
-22.811489
-22.703865
-22.608034
-22.523785
-22.465145
-22.413425
-22.340506
-22.246710
-22.144913
-22.036173
-21.921371
-21.798328
-21.656662
-21.500570
-21.335691
-21.176912
-21.039312
-20.919317
-20.812588
-20.700907
-20.582743
-20.460377
-20.320179
-20.173172
-20.025635
-19.878986
-19.743553
-19.617256
-19.474590
-19.295630
-19.089153
-18.865343
-18.631165
-18.395535
-18.154211
-17.918964
-17.687178
-17.438492
-17.170626
-16.896025
-16.611328
-16.314169
-16.006840
-15.694541
-15.383431
-15.074309
-14.768786
-14.468286
-14.178373
-13.893741
-13.603667
-13.307990
-12.994656
-6.004135
-5.618432
-5.248062
-4.892587
-4.543817
-4.192410
-3.836395
-3.484179
-3.150290
-2.834073
-2.529324
-2.223582
-1.889336
-1.527641
-1.170282
-0.822118
-0.473762
-0.107533
0.283027
0.668314
1.028780
1.367560
1.691253
2.007712
2.328747
2.647008
2.959173
3.278704
3.610317
3.941360
4.271219
4.601660
4.933498
5.260518
5.578047
5.895383
6.227357
6.566582
6.894469
7.221007
7.564492
7.910645
8.236179
8.537853
8.812129
9.061810
9.294634
9.518637
9.739759
9.951418
10.143930
10.338117
10.555464
10.793846
11.043584
11.281892
11.479918
11.643314
11.798005
11.949497
12.093629
12.229421
12.348562
12.443143
12.520109
12.594545
12.660263
12.726168
12.811069
12.913707
13.012257
13.088923
13.162902
13.240479
13.324737
13.407481
13.474673
13.521986
13.547927
13.572857
13.610121
13.655827
13.702963
13.754799
13.797834
13.824855
13.842894
13.849471
13.842969
13.820297
13.789276
13.758636
13.721370
13.665520
13.601709
13.546488
13.490808
13.436062
13.393522
13.353626
13.296219
13.215092
13.110497
12.977119
12.811790
12.618082
12.402451
12.175545
11.951876
11.753700
11.577398
11.406322
11.219786
11.006865
10.797813
10.601728
10.397635
10.199373
10.014637
9.827657
9.640834
9.449705
9.239365
9.004282
8.758284
