0.100282	0.038409	0.098187
0.097826	-0.042555	0.093115
0.087605	-0.076529	0.098204
0.069891	-0.100060	0.115010
0.053129	-0.117014	0.129653
0.039276	-0.132027	0.127268
0.025198	-0.142131	0.110325
0.014211	-0.173982	0.102829
0.008620	-0.220200	0.107282
0.007706	-0.270748	0.128912
0.014299	-0.323947	0.158282
0.022674	-0.365130	0.179679
0.029943	-0.386365	0.196723
0.032464	-0.389269	0.212022
0.030948	-0.381148	0.217308
0.030343	-0.370093	0.204531
0.032537	-0.361750	0.158821
0.036610	-0.355525	0.094372
0.034254	-0.350029	0.063942
0.031385	-0.346567	0.019393
0.027745	-0.345447	-0.011103
0.034082	-0.345269	-0.032018
0.034796	-0.342336	-0.047331
0.032702	-0.335619	-0.059185
0.029591	-0.326067	-0.068065
0.029239	-0.313500	-0.074018
0.044746	-0.297580	-0.077273
0.071044	-0.278704	-0.078925
0.097068	-0.261314	-0.080731
0.114354	-0.248004	-0.082924
0.126560	-0.236858	-0.084582
0.146520	-0.227149	-0.085553
0.170906	-0.217426	-0.086032
0.191802	-0.207606	-0.086205
0.208261	-0.198762	-0.086353
0.213714	-0.189783	-0.084972
0.206209	-0.180453	-0.085832
0.192074	-0.172616	-0.084860
0.180090	-0.167933	-0.083294
0.173787	-0.167931	-0.084620
0.165502	-0.170648	-0.085099
0.156449	-0.175162	-0.086256
0.148687	-0.177784	-0.088497
0.135042	-0.174416	-0.090913
0.123391	-0.168106	-0.093542
0.119888	-0.161647	-0.096107
0.125056	-0.155932	-0.098039
0.132594	-0.149108	-0.099024
0.136506	-0.145688	-0.098397
0.137019	-0.142366	-0.098951
0.139372	-0.138569	-0.099291
0.160839	-0.133929	-0.100199
0.193514	-0.129873	-0.101392
0.218627	-0.129312	-0.102174
0.231834	-0.130131	-0.099953
0.231846	-0.130448	-0.096751
0.219785	-0.130071	-0.096002
0.202758	-0.128096	-0.095735
0.184862	-0.124474	-0.095413
0.163456	-0.120718	-0.096101
0.138328	-0.117265	-0.095793
0.116995	-0.114354	-0.093722
0.102161	-0.109917	-0.091113
0.097232	-0.104162	-0.089739
0.087877	-0.099685	-0.088238
0.076134	-0.097084	-0.088056
0.065120	-0.096884	-0.089827
0.056894	-0.097721	-0.090851
0.051394	-0.098282	-0.092723
0.047352	-0.097815	-0.094819
0.042479	-0.097143	-0.096786
0.035329	-0.095893	-0.098475
0.025381	-0.094402	-0.099966
0.012499	-0.094057	-0.101317
0.000187	-0.093413	-0.102654
-0.008867	-0.092141	-0.103962
-0.015112	-0.090281	-0.105111
-0.019333	-0.087408	-0.106183
-0.023260	-0.085408	-0.107077
-0.028299	-0.081954	-0.108581
-0.033063	-0.076861	-0.111081
-0.035553	-0.071432	-0.113986
-0.030945	-0.064700	-0.116482
-0.026155	-0.058031	-0.117925
-0.025343	-0.052559	-0.118407
-0.027280	-0.044279	-0.118848
-0.028035	-0.032141	-0.119277
-0.030816	-0.018866	-0.117810
-0.036972	-0.007179	-0.116884
-0.045173	0.001935	-0.117057
-0.052847	0.008806	-0.116544
-0.058680	0.012601	-0.114705
-0.062409	0.021486	-0.112880
-0.064292	0.039118	-0.110002
-0.064759	0.064374	-0.104564
-0.064958	0.103411	-0.097449
-0.065507	0.153432	-0.090432
-0.066358	0.210174	-0.085423
-0.068430	0.257357	-0.082273
-0.072021	0.302330	-0.077279
-0.076026	0.341975	-0.071599
-0.079619	0.371126	-0.069910
-0.082259	0.393825	-0.072512
-0.084027	0.413551	-0.075910
-0.085452	0.430791	-0.077133
-0.087355	0.445035	-0.079598
-0.089537	0.453437	-0.082712
-0.090763	0.456914	-0.087540
-0.091441	0.461443	-0.093979
-0.092293	0.470594	-0.100280
-0.093200	0.483274	-0.106368
-0.094074	0.496846	-0.113031
-0.095040	0.507891	-0.118921
-0.096057	0.514578	-0.123503
-0.097242	0.519975	-0.127473
-0.098289	0.525804	-0.131339
-0.098813	0.531906	-0.135287
-0.099052	0.535775	-0.139256
-0.099299	0.538687	-0.146622
-0.099942	0.542864	-0.164504
-0.101287	0.549581	-0.189768
-0.102897	0.558541	-0.211656
-0.104552	0.566796	-0.232058
-0.106955	0.572910	-0.253675
-0.110093	0.577360	-0.276152
-0.113009	0.580620	-0.296587
-0.115858	0.583555	-0.311662
-0.118598	0.586887	-0.320807
-0.120567	0.590461	-0.323804
-0.121548	0.593987	-0.318838
-0.121902	0.597673	-0.307806
-0.122058	0.602117	-0.295379
-0.122653	0.605989	-0.284537
-0.124020	0.608160	-0.275727
-0.125728	0.610929	-0.270946
-0.127420	0.614113	-0.270346
-0.128974	0.616630	-0.270599
-0.130440	0.619096	-0.271113
-0.132097	0.620662	-0.269137
-0.134261	0.620677	-0.260327
-0.136616	0.619922	-0.244557
-0.139478	0.617824	-0.222098
-0.142951	0.614946	-0.194101
-0.146576	0.612239	-0.166911
-0.150247	0.610419	-0.141573
-0.159038	0.609860	-0.129741
-0.168423	0.610011	-0.115059
-0.177722	0.610043	-0.102912
-0.188529	0.611691	-0.088470
-0.199333	0.614217	-0.073086
-0.211160	0.617737	-0.056528
-0.224367	0.622929	-0.038087
-0.239394	0.627275	-0.022871
-0.257751	0.629308	-0.023388
-0.280851	0.629876	-0.038047
-0.304415	0.629650	-0.044556
-0.325924	0.628713	-0.057964
-0.345558	0.626221	-0.070967
-0.360186	0.621142	-0.080359
-0.367490	0.613114	-0.086815
-0.371320	0.602624	-0.090803
-0.376460	0.590303	-0.090331
-0.385056	0.576958	-0.084141
-0.397975	0.564659	-0.079195
-0.412920	0.554545	-0.076863
-0.427203	0.545170	-0.076373
-0.439702	0.534808	-0.077397
-0.450587	0.522936	-0.077154
-0.460377	0.508953	-0.076083
-0.468512	0.493228	-0.077776
-0.477023	0.477807	-0.078318
-0.489463	0.467655	-0.079910
-0.506878	0.459226	-0.081928
-0.528040	0.451799	-0.083832
-0.535590	0.444987	-0.085461
-0.536364	0.438373	-0.086889
-0.536364	0.432170	-0.088322
-0.536364	0.425987	-0.088996
-0.536364	0.420943	-0.089657
-0.536364	0.416082	-0.091250
-0.536364	0.408819	-0.093772
-0.536364	0.402204	-0.096504
-0.536364	0.397971	-0.098551
-0.536364	0.394870	-0.099924
-0.536364	0.389072	-0.100995
-0.536364	0.372475	-0.101670
-0.536364	0.337468	-0.101738
-0.536364	0.279455	-0.101133
-0.536364	0.204652	-0.100891
-0.536364	0.126110	-0.101337
-0.536364	0.088111	-0.101655
-0.536364	0.055687	-0.102673
-0.536364	0.029885	-0.104759
-0.536364	0.016265	-0.108172
-0.536364	0.005751	-0.111975
-0.536364	-0.009539	-0.115001
-0.536364	-0.027598	-0.117459
-0.536364	-0.042345	-0.118945
-0.536364	-0.052216	-0.119541
-0.536364	-0.058319	-0.120467
-0.536364	-0.062013	-0.122247
-0.536364	-0.064648	-0.124587
-0.536364	-0.066936	-0.126917
-0.536364	-0.068598	-0.128748
-0.536364	-0.069732	-0.130143
-0.536364	-0.070932	-0.131009
-0.536364	-0.072974	-0.130979
-0.536364	-0.076269	-0.131331
-0.536364	-0.079927	-0.132132
-0.536364	-0.082868	-0.133272
-0.536364	-0.085026	-0.134071
-0.536364	-0.087128	-0.134385
-0.536364	-0.089740	-0.134179
-0.536364	-0.091901	-0.134055
-0.536364	-0.093435	-0.133970
-0.536364	-0.094597	-0.133609
-0.536364	-0.095590	-0.132756
-0.536364	-0.096790	-0.130985
-0.536364	-0.098478	-0.128939
-0.536364	-0.100461	-0.128176
-0.536364	-0.102424	-0.127046
-0.536364	-0.104620	-0.124607
-0.536364	-0.107743	-0.124057
-0.536364	-0.111678	-0.125374
-0.536364	-0.115724	-0.125831
-0.536364	-0.119780	-0.126858
-0.536364	-0.123212	-0.128298
-0.536364	-0.125889	-0.129780
-0.536364	-0.128553	-0.131193
-0.536364	-0.131642	-0.132672
-0.536364	-0.134983	-0.134512
-0.536364	-0.137574	-0.136504
-0.536364	-0.141111	-0.138865
-0.536364	-0.144056	-0.142370
-0.536364	-0.147413	-0.146173
-0.536364	-0.153095	-0.149307
-0.536364	-0.166514	-0.151140
-0.536364	-0.183209	-0.153625
-0.536364	-0.201705	-0.154976
-0.536364	-0.219938	-0.155539
-0.536364	-0.237207	-0.156657
-0.536364	-0.252547	-0.157500
-0.536364	-0.266147	-0.155569
-0.536364	-0.281815	-0.151251
-0.536364	-0.301637	-0.148104
-0.536364	-0.322043	-0.145872
-0.536364	-0.341238	-0.144877
-0.536364	-0.358250	-0.145045
-0.536364	-0.374653	-0.145338
-0.536364	-0.393794	-0.146214
-0.536364	-0.416049	-0.148647
-0.536364	-0.442732	-0.156424
-0.536364	-0.470493	-0.169797
-0.536364	-0.495646	-0.185638
-0.536364	-0.517010	-0.202860
-0.536364	-0.533279	-0.222391
-0.536364	-0.536364	-0.247228
-0.536364	-0.536364	-0.280792
-0.536364	-0.536364	-0.322950
-0.536364	-0.536364	-0.368714
-0.536364	-0.536364	-0.414930
-0.536364	-0.536364	-0.461424
-0.536364	-0.536364	-0.506338
-0.536364	-0.536364	-0.532148
-0.536364	-0.536364	-0.536364
-0.536364	-0.536364	-0.536364
-0.536364	-0.536364	-0.536364
-0.536364	-0.536364	-0.536364
-0.536364	-0.536364	-0.536364
-0.536364	-0.536364	-0.536364
-0.536364	-0.536364	-0.536364
-0.536364	-0.536364	-0.536364
-0.536364	-0.536364	-0.536364
-0.536364	-0.536364	-0.536364
-0.536364	-0.536364	-0.536364
-0.536364	-0.536364	-0.536364
-0.536364	-0.536364	-0.536364
-0.536364	-0.536364	-0.536364
-0.536364	-0.536364	-0.536364
-0.536364	-0.536364	-0.536364
-0.536364	-0.536364	-0.536364
-0.536364	-0.536364	-0.536364
-0.536364	-0.536364	-0.536364
-0.536364	-0.536364	-0.536364
-0.536364	-0.536364	-0.536364
-0.536364	-0.536364	-0.536364
-0.536364	-0.536364	-0.536364
-0.536364	-0.536364	-0.536364
-0.536364	-0.536364	-0.536364
-0.536364	-0.536364	-0.536364
-0.536364	-0.536364	-0.536364
-0.536364	-0.536364	-0.536364
-0.536364	-0.536364	-0.536364
-0.536364	-0.536364	-0.536364
-0.536364	-0.536364	-0.536364
-0.536364	-0.536364	-0.536364
-0.536364	-0.536364	-0.536364
-0.536364	-0.536364	-0.536364
-0.536364	-0.536364	-0.536364
-0.536364	-0.536364	-0.536364
-0.536364	-0.536364	-0.536364
-0.372521	-0.536364	-0.504197
-0.316544	-0.536364	-0.495948
-0.298866	-0.536364	-0.495492
-0.278547	-0.533502	-0.485053
-0.259787	-0.515711	-0.468713
-0.243611	-0.487717	-0.452184
-0.230206	-0.459280	-0.440217
-0.219917	-0.435730	-0.436270
-0.209675	-0.418452	-0.438066
-0.196665	-0.406435	-0.442713
-0.181879	-0.397130	-0.451818
-0.169354	-0.388078	-0.465028
-0.157373	-0.378424	-0.477947
-0.147114	-0.368225	-0.487788
-0.142508	-0.360672	-0.494630
-0.138755	-0.356270	-0.502169
-0.135674	-0.352535	-0.512524
-0.132317	-0.348659	-0.525827
-0.130588	-0.344040	-0.534804
-0.129801	-0.337430	-0.536364
-0.128088	-0.327905	-0.536364
-0.125324	-0.318398	-0.536364
-0.121967	-0.309036	-0.536364
-0.118686	-0.298524	-0.536364
-0.114757	-0.287367	-0.536364
-0.111884	-0.277169	-0.536364
-0.111082	-0.269617	-0.536364
-0.109295	-0.263731	-0.536364
-0.106643	-0.257431	-0.536364
-0.103864	-0.249831	-0.536364
-0.099902	-0.243229	-0.536364
-0.095581	-0.236196	-0.536364
-0.091796	-0.224559	-0.536364
-0.087823	-0.207417	-0.536364
-0.083959	-0.188896	-0.536364
-0.081388	-0.172640	-0.536364
-0.079181	-0.157915	-0.536364
-0.076891	-0.146527	-0.536364
-0.074136	-0.142646	-0.536364
-0.070784	-0.139540	-0.536364
-0.067020	-0.137520	-0.536364
-0.061180	-0.136227	-0.536364
-0.053632	-0.134882	-0.536364
-0.045308	-0.133530	-0.536364
-0.035297	-0.131155	-0.536364
-0.022307	-0.127629	-0.536364
-0.006434	-0.123078	-0.536364
0.008041	-0.117945	-0.536364
0.019562	-0.114117	-0.536364
0.029089	-0.112933	-0.536364
0.041583	-0.111531	-0.536364
0.058288	-0.109303	-0.536364
0.076415	-0.105548	-0.536364
0.096698	-0.099274	-0.536364
0.118186	-0.091552	-0.536364
0.154119	-0.083798	-0.536364
0.188998	-0.076443	-0.536364
0.220745	-0.071489	-0.536364
0.252965	-0.068756	-0.536364
0.282001	-0.065029	-0.536364
0.306528	-0.059929	-0.536364
0.328358	-0.051991	-0.536364
0.348537	-0.045883	-0.536364
0.365922	-0.043234	-0.536364
0.379941	-0.041337	-0.536364
0.392482	-0.039970	-0.536364
0.401763	-0.039112	-0.536364
0.406252	-0.037375	-0.536364
0.408955	-0.032538	-0.528205
0.412145	-0.024552	-0.512027
0.416535	-0.017240	-0.489906
0.417344	-0.008183	-0.467094
0.414829	0.002799	-0.449862
0.416537	0.020999	-0.439016
0.425314	0.058167	-0.429143
0.435922	0.120482	-0.417546
0.447617	0.178460	-0.406527
0.458738	0.230076	-0.396949
0.468153	0.264949	-0.387131
0.475085	0.287371	-0.376740
0.479914	0.304252	-0.367374
0.484334	0.322549	-0.358949
0.488811	0.342481	-0.350666
0.493780	0.360732	-0.341924
0.499888	0.376460	-0.333252
0.505182	0.387311	-0.325843
0.507319	0.394057	-0.319803
0.509755	0.403515	-0.314117
0.517418	0.419529	-0.308658
0.529185	0.438471	-0.303311
0.542524	0.456100	-0.294112
0.555960	0.470334	-0.278497
0.567390	0.481402	-0.260292
0.575140	0.489791	-0.239403
0.581370	0.500485	-0.215603
0.588444	0.513843	-0.191290
0.595806	0.529246	-0.170683
0.601186	0.544193	-0.153087
0.603173	0.558604	-0.142689
0.602714	0.571263	-0.134912
0.600697	0.581983	-0.124094
0.597562	0.593939	-0.114138
0.595770	0.607499	-0.100102
0.597565	0.619593	-0.081409
0.601568	0.630409	-0.061158
0.606088	0.639854	-0.039075
0.609379	0.646649	-0.017108
0.610896	0.651497	-0.000299
0.611750	0.655589	-0.006989
0.613267	0.660055	-0.020883
0.615335	0.660545	-0.037089
0.617376	0.659901	-0.058270
0.618642	0.659159	-0.075568
0.619539	0.658366	-0.091037
0.620434	0.657756	-0.103561
0.621391	0.657143	-0.114529
0.622505	0.657143	-0.124867
0.622993	0.657143	-0.132318
0.623618	0.657143	-0.136893
0.626374	0.657143	-0.141084
0.630297	0.657143	-0.143883
0.634088	0.657143	-0.144680
0.637038	0.657143	-0.144418
0.638731	0.657143	-0.142980
0.640130	0.657143	-0.139510
0.642548	0.657143	-0.135172
0.646615	0.657143	-0.130583
0.652695	0.657143	-0.127990
0.659602	0.657143	-0.124268
0.660443	0.657143	-0.118210
0.659965	0.657143	-0.109866
0.659816	0.657143	-0.099932
0.660092	0.657143	-0.088926
0.660196	0.657143	-0.080163
0.660420	0.657810	-0.073102
0.661052	0.658269	-0.066335
0.661331	0.657143	-0.058269
0.661480	0.657143	-0.044604
0.661592	0.657143	-0.025452
0.658611	0.657143	0.004766
0.654447	0.657143	0.056644
0.649852	0.658076	0.150497
0.645358	0.658931	0.257665
0.640998	0.657143	0.355696
0.636579	0.657143	0.423484
0.632442	0.657143	0.467672
0.629448	0.657143	0.502069
0.627639	0.657143	0.535275
0.626750	0.657143	0.563823
0.626171	0.657143	0.592144
0.625199	0.657143	0.619527
0.623779	0.657143	0.645339
0.622178	0.657143	0.659449
0.620005	0.657143	0.657143
0.616695	0.657143	0.657143
0.612397	0.657143	0.657143
0.606873	0.657143	0.657143
0.599456	0.657143	0.662055
0.591047	0.657143	0.664857
0.583711	0.100000	0.664927
0.578578	0.750000	0.665388
0.575812	0.711628	0.664770
0.576207	0.691798	0.662573
0.578328	0.689287	0.660541
0.580298	0.684839	0.659419
0.582469	0.676304	0.657994
0.584521	0.668208	0.657143
0.585779	0.666215	0.657143
0.586498	0.667022	0.657143
0.587354	0.666083	0.657143
0.587913	0.665812	0.657143
0.586887	0.665234	0.657143
0.584777	0.662236	0.657347
0.583300	0.659455	0.657342
0.581913	0.657670	0.657190
0.579016	0.657143	0.657143
0.575754	0.657458	0.657143
0.573967	0.657152	0.657143
0.574961	0.657143	0.657143
0.579299	0.657986	0.657143
0.586088	0.659034	0.657143
0.592681	0.659421	0.657143
0.597370	0.659682	0.657143
0.600300	0.659713	0.657143
0.601252	0.659998	0.657143
0.601103	0.660677	0.657143
0.600965	0.660095	0.657143
0.601149	0.659263	0.657143
0.601029	0.659281	0.657143
0.600913	0.661289	0.658569
0.601287	0.664005	0.659277
0.603503	0.664019	0.658059
0.607054	0.662561	0.657143
0.609500	0.661186	0.657143
0.611338	0.660362	0.657143
0.612617	0.659734	0.657143
0.612966	0.659690	0.657143
0.613283	0.659582	0.657143
0.614661	0.658810	0.657143
0.615464	0.657801	0.657143
0.614400	0.657143	0.657143
0.610868	0.657143	0.657143
0.604747	0.657143	0.657143
0.597672	0.657143	0.657143
0.591393	0.657143	0.657143
0.586019	0.657143	0.657143
0.581238	0.657320	0.657143
0.576953	0.658304	0.657143
0.573716	0.659335	0.657143
0.571901	0.660183	0.657143
0.571341	0.659803	0.657143
0.572463	0.658946	0.100000
0.574662	0.658363	0.100000
0.576209	0.658164	0.100000
0.576086	0.658371	0.100000
0.575642	0.658789	0.750000
0.575124	0.658291	0.700171
0.574812	0.657560	0.662844
0.576041	0.657143	0.657143
0.578553	0.657143	0.657143
0.580276	0.658710	0.100000
0.582857	0.660941	0.100000
0.586350	0.662274	0.100000
0.590010	0.662532	0.100000
0.593122	0.662745	0.100000
0.597563	0.661303	0.100000
0.604129	0.660088	0.100000
0.610460	0.659320	0.100000
0.614968	0.657425	0.100000
0.617164	0.653781	0.100000
0.618674	0.647886	0.100000
0.621405	0.639265	0.100000
0.625294	0.629260	0.100000
0.629205	0.618446	0.100000
0.632003	0.609002	0.100000
0.634300	0.602786	0.100000
0.637900	0.598514	0.100000
0.640890	0.594760	0.100000
0.641117	0.591668	0.100000
0.640693	0.589099	0.100000
0.640970	0.585766	0.100000
0.643225	0.580798	0.100000
0.646453	0.575179	0.100000
0.650778	0.570869	0.100000
0.654784	0.569036	0.100000
0.657327	0.568046	0.100000
0.658066	0.564602	0.100000
0.657865	0.558267	0.100000
0.658599	0.550428	0.100000
0.660667	0.542298	0.100000
0.660652	0.535407	0.100000
0.659865	0.528561	0.100000
0.658761	0.518947	0.100000
0.657426	0.506905	0.100000
0.657143	0.493879	0.100000
0.657143	0.479377	0.100000
0.657143	0.465554	0.100000
0.657143	0.447535	0.100000
0.657143	0.423772	0.100000
0.657143	0.393153	0.100000
0.657143	0.358259	0.100000
0.657143	0.315539	0.100000
0.657143	0.260137	0.100000
0.657143	0.188131	0.100000
0.657143	0.098696	0.100000
0.657143	0.073579	0.100000
0.657143	0.025954	0.100000
0.657143	-0.003026	0.100000
0.657143	-0.022442	0.750000
0.657143	-0.037870	0.723714
0.657143	-0.050020	0.700357
0.657143	-0.060190	0.690692
0.657143	-0.069010	0.684464
0.657143	-0.075650	0.677612
0.657143	-0.080240	0.671966
0.657143	-0.083425	0.667855
0.657143	-0.085616	0.662269
0.657143	-0.084784	0.657143
0.657143	-0.079188	0.657143
0.657143	-0.073289	0.657143
0.657143	-0.070153	0.657143
0.657143	-0.069801	0.657143
0.657143	-0.070254	0.657143
0.657143	-0.070576	0.100000
0.100000	-0.069904	0.100000
0.100000	-0.068490	0.100000
0.100000	-0.068828	0.100000
0.100000	-0.069385	0.100000
0.100000	-0.068428	0.100000
0.100000	-0.067676	0.100000
0.100000	-0.066493	0.100000
0.100000	-0.064297	0.100000
0.100000	-0.062931	0.100000
0.100000	-0.064430	0.100000
0.100000	-0.065050	0.100000
0.100000	-0.065048	0.100000
0.100000	-0.062357	0.100000
0.100000	-0.057853	0.100000
0.000000	-0.050599	0.000000
0.550000	-0.042728	0.550000
0.750000	-0.128236	0.750000
0.234207	-0.220919	0.627890
0.231750	-0.221345	0.619882
0.238654	-0.226232	0.608837
0.241700	-0.233029	0.595148
0.227606	-0.236299	0.580483
0.194828	-0.233660	0.565944
0.149991	-0.228231	0.552107
0.108148	-0.224318	0.540963
0.096508	-0.224465	0.532754
0.088232	-0.226920	0.524945
0.084535	-0.230092	0.515062
0.085887	-0.231700	0.500791
0.088583	-0.230927	0.480478
0.093666	-0.229804	0.455942
0.112102	-0.230405	0.427058
0.133187	-0.232238	0.393020
0.145357	-0.233764	0.352540
0.139534	-0.231966	0.304597
0.105822	-0.224892	0.248001
0.086477	-0.214150	0.181603
0.053627	-0.202018	0.106172
0.033348	-0.191990	0.079396
0.027595	-0.187351	0.031346
0.038310	-0.188253	-0.003687
0.051098	-0.192206	-0.027718
0.052519	-0.198322	-0.045147
0.047920	-0.205313	-0.059224
0.039176	-0.210434	-0.071657
0.026404	-0.212376	-0.081719
0.016697	-0.211572	-0.090766
0.012504	-0.210351	-0.097828
0.010963	-0.210640	-0.104058
0.009316	-0.211766	-0.110663
0.007249	-0.211862	-0.117962
0.009933	-0.208638	-0.125037
0.020925	-0.205663	-0.131749
0.033308	-0.203631	-0.136659
0.045809	-0.201049	-0.141166
0.054833	-0.196918	-0.144753
0.057488	-0.190178	-0.146872
0.054686	-0.182385	-0.148185
0.051787	-0.176875	-0.149030
0.041100	-0.171610	-0.149666
0.024939	-0.164572	-0.151080
0.010008	-0.156667	-0.157867
0.000031	-0.149321	-0.163478
-0.004895	-0.146784	-0.166504
-0.004675	-0.144365	-0.167700
-0.004953	-0.141961	-0.166950
-0.006350	-0.139469	-0.163105
-0.010003	-0.136346	-0.157020
-0.013733	-0.132108	-0.151280
-0.017889	-0.129705	-0.149382
-0.023699	-0.129413	-0.149450
-0.029871	-0.129748	-0.149680
-0.034794	-0.128415	-0.149596
-0.038156	-0.126150	-0.149722
-0.037893	-0.124752	-0.150276
-0.035585	-0.122074	-0.153502
-0.037032	-0.119985	-0.160363
-0.037665	-0.120882	-0.167089
-0.039359	-0.122138	-0.172292
-0.041392	-0.123294	-0.175179
-0.042801	-0.125091	-0.174977
-0.043394	-0.126844	-0.173674
-0.044404	-0.127778	-0.172986
-0.046023	-0.126261	-0.173041
-0.047849	-0.123351	-0.173694
-0.051163	-0.121089	-0.174931
-0.055303	-0.119087	-0.176297
-0.058339	-0.116774	-0.178071
-0.059857	-0.114839	-0.181965
-0.059541	-0.113002	-0.189738
-0.060388	-0.111817	-0.200863
-0.062749	-0.111565	-0.214767
-0.067224	-0.110762	-0.231854
-0.072477	-0.108716	-0.250498
-0.077353	-0.105182	-0.266432
-0.081579	-0.101970	-0.279101
-0.085173	-0.099912	-0.287469
-0.089039	-0.098863	-0.292598
-0.092681	-0.097669	-0.296833
-0.095939	-0.095574	-0.301074
-0.098317	-0.091819	-0.306357
-0.099657	-0.087441	-0.312437
-0.100115	-0.084893	-0.319263
-0.098767	-0.083518	-0.327296
-0.097665	-0.083461	-0.336773
-0.097162	-0.085213	-0.347521
-0.097202	-0.086006	-0.358132
-0.098252	-0.086437	-0.368145
-0.099700	-0.086771	-0.376118
-0.102058	-0.084739	-0.377969
-0.104559	-0.082598	-0.372425
-0.106880	-0.079688	-0.363472
-0.108586	-0.075886	-0.351660
-0.109407	-0.072171	-0.336517
-0.109379	-0.069136	-0.318288
-0.109189	-0.067178	-0.295209
-0.109104	-0.067032	-0.268868
-0.109470	-0.066132	-0.242234
-0.110514	-0.063087	-0.210878
-0.112693	-0.058089	-0.173884
-0.115958	-0.049392	-0.137026
-0.119577	-0.037507	-0.115616
-0.122675	-0.026344	-0.094505
-0.125149	-0.017681	-0.076466
-0.127106	-0.009253	-0.060203
-0.128921	0.000388	-0.043284
-0.130829	0.013704	-0.018753
-0.132894	0.030590	0.020803
-0.135097	0.045713	0.083917
-0.136811	0.048431	0.156106
-0.138469	0.042877	0.188410
-0.139735	0.037731	0.164876
-0.138158	0.030542	0.086202
-0.136490	0.026959	0.029533
-0.135643	0.031118	-0.031564
-0.134950	0.039056	-0.067118
-0.135144	0.045835	-0.092873
-0.135763	0.044514	-0.112802
-0.136494	0.041539	-0.130920
-0.137520	0.034023	-0.143217
-0.139524	0.024736	-0.179720
-0.142048	0.016217	-0.211403
-0.145217	0.008870	-0.227829
-0.148712	0.003654	-0.230407
-0.154468	-0.001659	-0.220475
-0.164067	-0.008943	-0.202958
-0.174642	-0.015627	-0.182081
-0.187645	-0.021420	-0.166082
-0.198080	-0.025783	-0.151154
-0.205158	-0.028429	-0.143982
-0.212354	-0.030895	-0.140368
-0.221310	-0.033058	-0.136351
-0.232998	-0.030516	-0.132449
-0.249765	-0.026590	-0.130815
-0.273027	-0.022679	-0.130440
-0.303265	-0.016823	-0.129879
-0.334574	-0.012963	-0.128119
-0.362482	-0.015588	-0.124581
-0.389590	-0.016737	-0.119100
-0.417261	-0.014497	-0.111022
-0.442219	-0.008290	-0.100476
-0.463285	0.000576	-0.088137
-0.486881	0.009448	-0.075192
-0.516789	0.012608	-0.059137
-0.533716	0.008523	-0.035458
-0.536364	0.007804	-0.003745
-0.536364	0.008981	0.038724
-0.536364	0.012514	0.099567
-0.536364	0.013248	0.166809
-0.536364	0.014761	0.230463
-0.536364	0.025491	0.285306
-0.536364	0.037959	0.337257
-0.536364	0.033174	0.375677
-0.536364	0.031118	0.396987
-0.536364	0.026310	0.400501
-0.536364	0.018547	0.385677
-0.536364	0.006592	0.351996
-0.536364	-0.006444	0.299267
-0.536364	-0.018311	0.229306
-0.536364	-0.029298	0.137035
-0.536364	-0.039567	0.079836
-0.536364	-0.048105	0.033388
-0.536364	-0.055106	0.005774
-0.536364	-0.061116	0.003345
-0.536364	-0.065940	0.023533
-0.536364	-0.069575	0.050372
-0.536364	-0.072855	0.072207
-0.536364	-0.076434	0.079048
-0.536364	-0.080099	0.073400
-0.536364	-0.082905	0.072907
-0.536364	-0.085294	0.075416
-0.536364	-0.088567	0.073702
-0.536364	-0.091915	0.068616
-0.536364	-0.095042	0.056748
-0.536364	-0.097717	0.043322
-0.536364	-0.099655	0.031666
-0.536364	-0.101049	0.019522
-0.536364	-0.102460	0.006973
-0.536364	-0.104445	-0.004005
-0.536364	-0.107270	-0.012927
-0.536364	-0.110836	-0.018082
-0.536364	-0.114707	-0.010866
-0.536364	-0.118611	0.001113
-0.536364	-0.121856	0.010417
-0.536364	-0.124235	0.010426
-0.536364	-0.126169	0.006270
-0.536364	-0.127899	0.001191
-0.536364	-0.129527	-0.007519
-0.536364	-0.131560	-0.015054
-0.536364	-0.133919	-0.020246
-0.536364	-0.135952	-0.024594
-0.536364	-0.137336	-0.029767
-0.536364	-0.139506	-0.035461
-0.536364	-0.141330	-0.040013
-0.536364	-0.142655	-0.043766
-0.536364	-0.144484	-0.047726
-0.536364	-0.147255	-0.051699
-0.536364	-0.150320	-0.055319
-0.536364	-0.156957	-0.058455
-0.536364	-0.163416	-0.061100
-0.536364	-0.169251	-0.063407
-0.536364	-0.175308	-0.065190
-0.536364	-0.183599	-0.066434
-0.536364	-0.194583	-0.067827
-0.536364	-0.207635	-0.069701
-0.536364	-0.222234	-0.071881
-0.536364	-0.238162	-0.074368
-0.536364	-0.255050	-0.077572
-0.536364	-0.270695	-0.081282
-0.536364	-0.283278	-0.084738
-0.536364	-0.292784	-0.088030
-0.536364	-0.301651	-0.090520
-0.536364	-0.312434	-0.092073
-0.536364	-0.325058	-0.092699
-0.536364	-0.338106	-0.090249
-0.536364	-0.350448	-0.088732
-0.536364	-0.362018	-0.089842
-0.536364	-0.373655	-0.090489
-0.536364	-0.387954	-0.090757
-0.536364	-0.405380	-0.091234
-0.536364	-0.424722	-0.092760
-0.536364	-0.445931	-0.095529
-0.536364	-0.467374	-0.098750
-0.536364	-0.485290	-0.101721
-0.536364	-0.499242	-0.104103
-0.536364	-0.513468	-0.105810
-0.536364	-0.532279	-0.106952
-0.536364	-0.536364	-0.107318
-0.536364	-0.536364	-0.107413
-0.536364	-0.536364	-0.107990
-0.536364	-0.536364	-0.109180
-0.536364	-0.536364	-0.110940
-0.536364	-0.536364	-0.113456
-0.536364	-0.536364	-0.116070
-0.536364	-0.536364	-0.117717
-0.536364	-0.536364	-0.116525
-0.536364	-0.536364	-0.113268
-0.536364	-0.536364	-0.111516
-0.536364	-0.536364	-0.111150
-0.536364	-0.536364	-0.111530
-0.536364	-0.536364	-0.112032
-0.536364	-0.536364	-0.112334
-0.536364	-0.536364	-0.113116
-0.536364	-0.536364	-0.114320
-0.536364	-0.536364	-0.116231
-0.536364	-0.536364	-0.119301
-0.536364	-0.536364	-0.123005
-0.536364	-0.536364	-0.126851
-0.536364	-0.536364	-0.130983
-0.536364	-0.536364	-0.135218
-0.536364	-0.536364	-0.139106
-0.536364	-0.536364	-0.145604
-0.536364	-0.536364	-0.155566
-0.536364	-0.536364	-0.175577
-0.536364	-0.536364	-0.203551
-0.536364	-0.536364	-0.234414
-0.536364	-0.536364	-0.265971
-0.536364	-0.536364	-0.300607
-0.536364	-0.536364	-0.337240
-0.536364	-0.536364	-0.374921
-0.536364	-0.536364	-0.414781
-0.536364	-0.536364	-0.452371
-0.536364	-0.536364	-0.485414
-0.536364	-0.536364	-0.516665
-0.536364	-0.536364	-0.533673
-0.536364	-0.536364	-0.536364
-0.536364	-0.536364	-0.536364
-0.536364	-0.536364	-0.536364
-0.536364	-0.536364	-0.536364
-0.536364	-0.536364	-0.536364
-0.536364	-0.536364	-0.536364
-0.536364	-0.536364	-0.536364
-0.536364	-0.536364	-0.536364
-0.536364	-0.536364	-0.536364
-0.536364	-0.536364	-0.536364
-0.536364	-0.536364	-0.536364
-0.536364	-0.536364	-0.536364
-0.536364	-0.536364	-0.536364
-0.536364	-0.536364	-0.536364
-0.536364	-0.536364	-0.536364
-0.536364	-0.536364	-0.536364
-0.536364	-0.536364	-0.536364
-0.536364	-0.536364	-0.536364
-0.536364	-0.536364	-0.536364
-0.536364	-0.536364	-0.536364
-0.536364	-0.536364	-0.536364
-0.536364	-0.536364	-0.536364
-0.536364	-0.536364	-0.536364
-0.536364	-0.536364	-0.536364
-0.536364	-0.536364	-0.536364
-0.536364	-0.536364	-0.536364
-0.536364	-0.536364	-0.536364
-0.536364	-0.536364	-0.536364
-0.536364	-0.536364	-0.536364
-0.536364	-0.536364	-0.536364
-0.536364	-0.536364	-0.536364
-0.411447	-0.536364	-0.374806
-0.368064	-0.536364	-0.332354
-0.362696	-0.536364	-0.339106
-0.356103	-0.536364	-0.352300
-0.343802	-0.536364	-0.370377
-0.325157	-0.536364	-0.389813
-0.303271	-0.536364	-0.409601
-0.281477	-0.536364	-0.427891
-0.263977	-0.536364	-0.444836
-0.251117	-0.536364	-0.459516
-0.241693	-0.536364	-0.471262
-0.234905	-0.536364	-0.483796
-0.228654	-0.536364	-0.500053
-0.221512	-0.536364	-0.520654
-0.213578	-0.536364	-0.534075
-0.202929	-0.536364	-0.536364
-0.188635	-0.536364	-0.536364
-0.173472	-0.536364	-0.536364
-0.158316	-0.536364	-0.536364
-0.145681	-0.536364	-0.536364
-0.140258	-0.536364	-0.536364
-0.134925	-0.536364	-0.536364
-0.129928	-0.536364	-0.536364
-0.126994	-0.536364	-0.536364
-0.125109	-0.536364	-0.536364
-0.121394	-0.536280	-0.536364
-0.115240	-0.528978	-0.536364
-0.108880	-0.516021	-0.536364
-0.102577	-0.501206	-0.536364
-0.095335	-0.485534	-0.536364
-0.088286	-0.469939	-0.536364
-0.084216	-0.455063	-0.536364
-0.081983	-0.440586	-0.536364
-0.080173	-0.424893	-0.536364
-0.076981	-0.407930	-0.536364
-0.072737	-0.392415	-0.536364
-0.070883	-0.378120	-0.536364
-0.069697	-0.361157	-0.536364
-0.065553	-0.342285	-0.536364
-0.058550	-0.326846	-0.536364
-0.052022	-0.314535	-0.536364
-0.047195	-0.302368	-0.536364
-0.041762	-0.290983	-0.536364
-0.038795	-0.279595	-0.536364
-0.034625	-0.266130	-0.536364
-0.029977	-0.250809	-0.536364
-0.024596	-0.236222	-0.536364
-0.015287	-0.224297	-0.536364
-0.002718	-0.215466	-0.536364
0.015254	-0.209834	-0.536364
0.032965	-0.204907	-0.536364
0.050749	-0.197895	-0.536364
0.069952	-0.186967	-0.536364
0.086715	-0.175828	-0.536364
0.097209	-0.166573	-0.536364
0.101843	-0.158935	-0.536364
0.115028	-0.150928	-0.536364
0.139529	-0.145634	-0.536364
0.168671	-0.142041	-0.536364
0.202562	-0.139011	-0.536364
0.242333	-0.136239	-0.536364
0.288070	-0.134477	-0.536364
0.336772	-0.134499	-0.536364
0.382968	-0.134877	-0.536364
0.418190	-0.133586	-0.536364
0.440918	-0.131671	-0.536364
0.455681	-0.129370	-0.536364
0.465382	-0.126946	-0.536364
0.472506	-0.125339	-0.536364
0.479702	-0.124527	-0.536364
0.485339	-0.123905	-0.536364
0.488795	-0.122851	-0.536364
0.492459	-0.121012	-0.536364
0.496659	-0.118896	-0.536364
0.500530	-0.116800	-0.536364
0.505953	-0.113539	-0.536364
0.513994	-0.108371	-0.536364
0.522535	-0.102027	-0.536364
0.529842	-0.096644	-0.536364
0.535698	-0.092322	-0.536364
0.540279	-0.088113	-0.536364
0.544747	-0.083145	-0.536364
0.547037	-0.075393	-0.536364
0.548375	-0.066165	-0.536364
0.549260	-0.056205	-0.536364
0.548700	-0.045810	-0.536364
0.547235	-0.037827	-0.536364
0.547136	-0.030188	-0.536364
0.552030	-0.023682	-0.536364
0.559762	-0.016945	-0.536364
0.567954	-0.006976	-0.536364
0.575785	0.005865	-0.536364
0.582175	0.028519	-0.536364
0.587392	0.065805	-0.536364
0.592064	0.123645	-0.536364
0.595796	0.187546	-0.536364
0.600095	0.254272	-0.535518
0.605122	0.301824	-0.508662
0.609992	0.332999	-0.470262
0.613667	0.359416	-0.429002
0.617949	0.383713	-0.384089
0.624166	0.409494	-0.337449
0.629847	0.434705	-0.290984
0.634446	0.453012	-0.246528
0.638600	0.463885	-0.200948
0.642409	0.469935	-0.159458
0.645193	0.475743	-0.130050
0.647740	0.484074	-0.105691
0.651572	0.496012	-0.083827
0.657078	0.510864	-0.059930
0.660896	0.525007	-0.030682
0.660132	0.538045	0.014923
0.659325	0.549878	0.113866
0.658383	0.560757	0.267421
0.657310	0.571250	0.376963
0.657143	0.581637	0.429482
0.657143	0.591529	0.446286
0.657143	0.599826	0.437668
0.657143	0.606490	0.405075
0.657143	0.611380	0.332880
0.657143	0.615207	0.163901
0.657143	0.618610	0.045272
0.657143	0.620312	-0.036323
0.657143	0.620778	-0.073685
0.657143	0.621922	-0.097227
0.657143	0.624503	-0.111605
0.657143	0.627343	-0.123345
0.657143	0.630687	-0.130039
0.657143	0.634390	-0.132992
0.657143	0.636931	-0.128344
0.657143	0.638864	-0.117706
0.657143	0.640935	-0.104710
0.657143	0.642915	-0.089347
0.657143	0.645203	-0.071957
0.657143	0.648142	-0.056596
0.657143	0.652642	-0.048167
0.657299	0.658211	-0.045746
0.657143	0.660562	-0.045234
0.657143	0.659550	-0.044081
0.657143	0.658763	-0.040621
0.657143	0.658065	-0.034529
0.657143	0.657143	-0.023265
0.657143	0.657143	-0.009693
0.657143	0.657143	0.010612
0.657296	0.657143	0.053643
0.657993	0.657143	0.146415
0.659159	0.657143	0.252010
0.660078	0.657143	0.340115
0.659936	0.657143	0.404181
0.658748	0.657355	0.454850
0.657789	0.657513	0.495936
0.658044	0.657143	0.538490
0.658592	0.657143	0.574277
0.658647	0.657143	0.604540
0.658252	0.657143	0.630826
0.657749	0.657143	0.657342
0.658561	0.657143	0.657143
0.659688	0.657143	0.657143
0.661205	0.657143	0.657143
0.660856	0.657906	0.657143
0.659775	0.659185	0.657143
0.659196	0.659763	0.657143
0.658460	0.659668	0.657143
0.657796	0.659327	0.659604
0.657143	0.659796	0.665977
0.657143	0.660114	0.669661
0.657143	0.659679	0.669288
0.657212	0.658987	0.666269
0.658227	0.658398	0.663882
0.658358	0.658824	0.662344
0.658053	0.659436	0.660634
0.657980	0.660153	0.658763
0.658156	0.661216	0.657413
0.658056	0.661058	0.657143
0.657939	0.660384	0.657143
0.657729	0.659536	0.657143
0.657470	0.659176	0.657143
0.657523	0.658879	0.657143
0.657651	0.658842	0.657143
0.657777	0.660117	0.657143
0.657785	0.661268	0.657143
0.657553	0.661914	0.657143
0.657143	0.662050	0.657143
0.657143	0.661365	0.657143
0.657143	0.657293	0.657143
0.657143	0.653450	0.657143
0.657143	0.651576	0.657143
0.657390	0.651413	0.657143
0.657595	0.650893	0.657143
0.657299	0.649114	0.657143
0.657143	0.646843	0.657143
0.657143	0.644420	0.657143
0.657143	0.641320	0.100000
0.657143	0.638052	0.100000
0.657143	0.635710	0.100000
0.657143	0.636239	0.100000
0.657143	0.640343	0.100000
0.657143	0.645181	0.100000
0.657143	0.649675	0.100000
0.657143	0.653861	0.100000
0.657143	0.656270	0.100000
0.657143	0.656783	0.100000
0.657143	0.656344	0.100000
0.657143	0.653975	0.100000
0.657143	0.648676	0.100000
0.657143	0.642685	0.100000
0.657143	0.638780	0.100000
0.657143	0.637245	0.100000
0.657143	0.636132	0.100000
0.657143	0.632433	0.100000
0.657143	0.625015	0.100000
0.657143	0.613671	0.100000
0.657143	0.599780	0.100000
0.657143	0.585780	0.100000
0.657143	0.573276	0.100000
0.657143	0.562189	0.100000
0.657143	0.552075	0.100000
0.657143	0.542631	0.100000
0.657143	0.534161	0.100000
0.657143	0.528036	0.100000
0.657143	0.523090	0.100000
0.657143	0.517373	0.100000
0.657143	0.512584	0.100000
0.657143	0.511245	0.100000
0.657143	0.513381	0.100000
0.657143	0.513510	0.100000
0.657143	0.511125	0.100000
0.657143	0.507130	0.100000
0.657143	0.502527	0.100000
0.657143	0.496476	0.100000
0.657143	0.487277	0.100000
0.657143	0.475440	0.100000
0.657143	0.462573	0.100000
0.657143	0.448481	0.100000
0.657143	0.431924	0.100000
0.657143	0.413284	0.100000
0.100000	0.396065	0.100000
0.100000	0.382032	0.100000
0.100000	0.368418	0.100000
0.100000	0.350398	0.100000
0.100000	0.325568	0.100000
0.100000	0.297387	0.100000
0.100000	0.273804	0.100000
0.100000	0.259099	0.100000
0.100000	0.252100	0.100000
0.100000	0.242899	0.100000
0.100000	0.222629	0.100000
0.100000	0.190363	0.100000
0.100000	0.145280	0.100000
0.100000	0.093501	0.100000
0.100000	0.066923	0.100000
0.100000	0.037381	0.100000
0.100000	0.027300	0.100000
0.100000	0.034088	0.100000
0.100000	0.031048	0.100000
0.100000	0.026756	0.100000
0.100000	0.013925	0.100000
0.100000	-0.003439	0.100000
0.100000	-0.021188	0.100000
0.100000	-0.037162	0.100000
0.100000	-0.051236	0.100000
0.100000	-0.062373	0.100000
0.100000	-0.070459	0.100000
0.100000	-0.076398	0.100000
0.100000	-0.081352	0.100000
0.100000	-0.086154	0.100000
0.100000	-0.090991	0.100000
0.100000	-0.095092	0.100000
0.100000	-0.098744	0.100000
0.100000	-0.102018	0.100000
0.100000	-0.105250	0.750000
0.100000	-0.108944	0.700460
0.100000	-0.112274	0.678499
0.100000	-0.114641	0.668141
0.100000	-0.116499	0.663167
0.100000	-0.118108	0.660330
0.100000	-0.119183	0.657143
0.100000	-0.118749	0.657143
0.100000	-0.117483	0.657143
0.100000	-0.117865	0.657143
0.100000	-0.118258	0.657143
0.100000	-0.117863	0.657143
0.100000	-0.114756	0.657143
0.100000	-0.111221	0.657143
0.100000	-0.109384	0.657143
0.100000	-0.109458	0.100000
0.100000	-0.110761	0.100000
0.100000	-0.111645	0.100000
0.100000	-0.113342	0.100000
0.100000	-0.114504	0.100000
0.100000	-0.112633	0.100000
0.100000	-0.110664	0.100000
0.100000	-0.109594	0.100000
0.100000	-0.108418	0.100000
0.100000	-0.108431	0.100000
0.100000	-0.108884	0.100000
0.100000	-0.109052	0.100000
0.100000	-0.109356	0.100000
0.000000	-0.109860	0.000000
0.300000	-0.110321	0.300000
0.750000	-0.342865	0.750000
0.484229	-0.535142	0.621930
0.483685	-0.536364	0.615544
0.484390	-0.536364	0.606797
0.487209	-0.536364	0.595484
0.494289	-0.536364	0.582744
0.504254	-0.536364	0.569521
0.511021	-0.532755	0.554974
0.513700	-0.531221	0.537587
0.512190	-0.535320	0.516168
0.508839	-0.536364	0.491748
0.507140	-0.536364	0.464711
0.507785	-0.536364	0.437479
0.509220	-0.536364	0.401070
0.511810	-0.536364	0.346170
0.515235	-0.536364	0.260155
0.520923	-0.536364	0.129724
0.528745	-0.536364	0.067987
0.536304	-0.536364	0.004030
0.542970	-0.536364	-0.034414
0.549766	-0.536364	-0.056717
0.556891	-0.536364	-0.071134
0.562072	-0.536364	-0.081098
0.562918	-0.536364	-0.090808
0.561293	-0.536364	-0.099748
0.558578	-0.536364	-0.108793
0.556013	-0.536364	-0.119826
0.553707	-0.536364	-0.130257
0.551597	-0.536364	-0.137988
0.549103	-0.536364	-0.147614
0.546912	-0.536364	-0.169056
0.546093	-0.536364	-0.191572
0.546003	-0.536364	-0.207388
0.545799	-0.536364	-0.216117
0.544951	-0.527447	-0.217807
0.542937	-0.511012	-0.216403
0.540008	-0.491211	-0.216021
0.536089	-0.472142	-0.217471
0.530698	-0.457618	-0.222794
0.524261	-0.446376	-0.232584
0.518056	-0.432729	-0.244506
0.513890	-0.413983	-0.256938
0.511722	-0.394004	-0.269011
0.509773	-0.375363	-0.279737
0.507793	-0.357076	-0.290782
0.506255	-0.338601	-0.301561
0.504417	-0.320907	-0.309788
0.502057	-0.304843	-0.315605
0.502544	-0.289867	-0.321359
0.510099	-0.275075	-0.329902
0.522305	-0.261755	-0.342490
0.536439	-0.251149	-0.358333
0.548343	-0.243625	-0.375783
0.554997	-0.238532	-0.393844
0.559157	-0.234031	-0.410159
0.561568	-0.229905	-0.426938
0.562322	-0.226466	-0.446177
0.561104	-0.222040	-0.465175
0.557551	-0.215150	-0.481303
0.552781	-0.205850	-0.493114
0.549380	-0.193543	-0.502322
0.549319	-0.179165	-0.510241
0.551213	-0.164731	-0.516637
0.551807	-0.148548	-0.521241
0.551156	-0.140855	-0.523775
0.549013	-0.134969	-0.526161
0.545339	-0.130265	-0.529346
0.540137	-0.128052	-0.535076
0.534895	-0.125557	-0.536364
0.530936	-0.123838	-0.536364
0.528258	-0.122698	-0.536364
0.527231	-0.121469	-0.536364
0.528595	-0.121094	-0.536364
0.530348	-0.122341	-0.536364
0.528433	-0.122707	-0.536364
0.521036	-0.123114	-0.536364
0.508138	-0.122222	-0.536364
0.491305	-0.121835	-0.536364
0.471959	-0.121366	-0.536364
0.455136	-0.119427	-0.536364
0.438780	-0.116432	-0.536364
0.422508	-0.111687	-0.536364
0.409544	-0.107066	-0.536364
0.402464	-0.102509	-0.536364
0.395750	-0.098565	-0.536364
0.388715	-0.096262	-0.536364
0.382847	-0.095007	-0.536364
0.377142	-0.094011	-0.536364
0.372273	-0.093785	-0.536364
0.368362	-0.094356	-0.536364
0.362327	-0.094172	-0.536364
0.351027	-0.092735	-0.536364
0.333215	-0.089484	-0.536364
0.307879	-0.085728	-0.536364
0.274846	-0.082052	-0.536364
0.232544	-0.076294	-0.536364
0.180160	-0.070948	-0.536364
0.122855	-0.065409	-0.536364
0.092841	-0.058356	-0.536364
0.071400	-0.048128	-0.536364
0.051070	-0.037367	-0.536364
0.035356	-0.029967	-0.536364
0.018286	-0.022693	-0.536364
0.000884	-0.012340	-0.536364
-0.013108	0.003125	-0.506791
-0.024235	0.026246	-0.451571
-0.033605	0.063907	-0.388766
-0.041410	0.114770	-0.323557
-0.048193	0.173395	-0.259972
-0.054453	0.236700	-0.203898
-0.060034	0.273249	-0.159636
-0.064910	0.291936	-0.131020
-0.069691	0.304550	-0.111933
-0.074868	0.317692	-0.098964
-0.079683	0.336783	-0.086011
-0.083489	0.360427	-0.075925
-0.087051	0.384891	-0.072887
-0.091081	0.409854	-0.076902
-0.094882	0.428434	-0.083671
-0.098242	0.436018	-0.090471
-0.101238	0.434772	-0.102845
-0.104196	0.427319	-0.117849
-0.107419	0.418343	-0.133438
-0.110580	0.411500	-0.150126
-0.112933	0.407192	-0.217347
-0.115208	0.405117	-0.290319
-0.117695	0.405084	-0.365824
-0.120116	0.405676	-0.433404
-0.122377	0.401739	-0.481622
-0.124483	0.391032	-0.504610
-0.126259	0.374977	-0.501765
-0.127769	0.357854	-0.477896
-0.129306	0.341001	-0.441902
-0.130671	0.322848	-0.404273
-0.131532	0.303812	-0.370154
-0.132267	0.288350	-0.344555
-0.133562	0.281163	-0.329612
-0.135687	0.276034	-0.321770
-0.138149	0.279405	-0.315588
-0.143581	0.294952	-0.308889
-0.149398	0.318099	-0.301428
-0.163127	0.338185	-0.291765
-0.175160	0.347472	-0.277868
-0.186970	0.347880	-0.260528
-0.199705	0.350179	-0.239424
-0.213388	0.352701	-0.212787
-0.227741	0.350173	-0.181597
-0.244267	0.345309	-0.152478
-0.264526	0.341116	-0.133444
-0.291306	0.337828	-0.117301
-0.321123	0.333136	-0.103098
-0.349597	0.325481	-0.087242
-0.374919	0.319142	-0.070679
-0.398829	0.319009	-0.054968
-0.422560	0.316106	-0.038662
-0.448164	0.305436	-0.024155
-0.475702	0.293489	-0.011611
-0.502930	0.287367	-0.001293
-0.530638	0.282150	-0.007366
-0.536364	0.275526	-0.016388
-0.536364	0.266315	-0.033138
-0.536364	0.250038	-0.053888
-0.536364	0.225268	-0.071288
-0.536364	0.187486	-0.084745
-0.536364	0.122987	-0.094945
-0.536364	0.083192	-0.100785
-0.536364	0.040802	-0.104126
-0.536364	0.006284	-0.106500
-0.536364	-0.018573	-0.108373
-0.536364	-0.035589	-0.109367
-0.536364	-0.046938	-0.109783
-0.536364	-0.055516	-0.110239
-0.536364	-0.062131	-0.111034
-0.536364	-0.066586	-0.112171
-0.536364	-0.069627	-0.113841
-0.536364	-0.072423	-0.115742
-0.536364	-0.075459	-0.117249
-0.536364	-0.078571	-0.118248
-0.536364	-0.081408	-0.119160
-0.536364	-0.083845	-0.120047
-0.536364	-0.085896	-0.119243
-0.536364	-0.088369	-0.116182
-0.536364	-0.091520	-0.115058
-0.536364	-0.094747	-0.115705
-0.536364	-0.097701	-0.114678
-0.536364	-0.100382	-0.114037
-0.536364	-0.102688	-0.115046
-0.536364	-0.104678	-0.115850
-0.536364	-0.107213	-0.116863
-0.536364	-0.110799	-0.117522
-0.536364	-0.115212	-0.117800
-0.536364	-0.120611	-0.118113
-0.536364	-0.126367	-0.118658
-0.536364	-0.131329	-0.119147
-0.536364	-0.135084	-0.119537
-0.536364	-0.137505	-0.119980
-0.536364	-0.140837	-0.120624
-0.536364	-0.143908	-0.121864
-0.536364	-0.147088	-0.123764
-0.536364	-0.150745	-0.125870
-0.536364	-0.160510	-0.128054
-0.536364	-0.169436	-0.130202
-0.536364	-0.177768	-0.131660
-0.536364	-0.189728	-0.132293
-0.536364	-0.204697	-0.132697
-0.536364	-0.220936	-0.132966
-0.536364	-0.236882	-0.133030
-0.536364	-0.251272	-0.133016
-0.536364	-0.261237	-0.133151
-0.536364	-0.265638	-0.133701
-0.536364	-0.266444	-0.134792
-0.536364	-0.265490	-0.136215
-0.536364	-0.265992	-0.137456
-0.536364	-0.269304	-0.139082
-0.536364	-0.277163	-0.139935
-0.536364	-0.290923	-0.140539
-0.536364	-0.311776	-0.141086
-0.536364	-0.337595	-0.141712
-0.536364	-0.362939	-0.142620
-0.536364	-0.382256	-0.143739
-0.536364	-0.394200	-0.145283
-0.536364	-0.403528	-0.147491
-0.536364	-0.414096	-0.150233
-0.536364	-0.425906	-0.155761
-0.536364	-0.439040	-0.161259
-0.536364	-0.455415	-0.166205
-0.536364	-0.476655	-0.171324
-0.536364	-0.503115	-0.177185
-0.536364	-0.530708	-0.184006
-0.536364	-0.536364	-0.189764
-0.536364	-0.536364	-0.195394
-0.536364	-0.536364	-0.199912
-0.536364	-0.536364	-0.200893
-0.536364	-0.536364	-0.200542
-0.536364	-0.536364	-0.202160
-0.536364	-0.536364	-0.205433
-0.536364	-0.536364	-0.209817
-0.536364	-0.536364	-0.215260
-0.536364	-0.536364	-0.220726
-0.536364	-0.536364	-0.225718
-0.536364	-0.536364	-0.230968
-0.536364	-0.536364	-0.237974
-0.536364	-0.536364	-0.246607
-0.536364	-0.536364	-0.253808
-0.536364	-0.536364	-0.258155
-0.536364	-0.536364	-0.259590
-0.536364	-0.536364	-0.255774
-0.536364	-0.536364	-0.249997
-0.536364	-0.536364	-0.245386
-0.536364	-0.536364	-0.245339
-0.536364	-0.536364	-0.251503
-0.536364	-0.536364	-0.266257
-0.536364	-0.536364	-0.291266
-0.536364	-0.536364	-0.322122
-0.536364	-0.536364	-0.356940
-0.536364	-0.536364	-0.398295
-0.536364	-0.536364	-0.445599
-0.536364	-0.536364	-0.496645
-0.536364	-0.536364	-0.530483
-0.536364	-0.536364	-0.536364
-0.536364	-0.536364	-0.536364
-0.536364	-0.536364	-0.536364
-0.536364	-0.536364	-0.536364
-0.536364	-0.536364	-0.536364
-0.536364	-0.536364	-0.536364
-0.536364	-0.536364	-0.536364
-0.536364	-0.536364	-0.536364
-0.536364	-0.536364	-0.536364
-0.536364	-0.536364	-0.536364
-0.536364	-0.536364	-0.536364
-0.536364	-0.536364	-0.536364
-0.536364	-0.536364	-0.536364
-0.536364	-0.536364	-0.536364
-0.536364	-0.536364	-0.536364
-0.536364	-0.536364	-0.536364
-0.536364	-0.536364	-0.536364
-0.536364	-0.536364	-0.536364
-0.536364	-0.536364	-0.536364
-0.536364	-0.536364	-0.536364
-0.536364	-0.536364	-0.536364
-0.536364	-0.536364	-0.536364
-0.536364	-0.536364	-0.536364
-0.536364	-0.536364	-0.536364
-0.536364	-0.536364	-0.536364
-0.536364	-0.536364	-0.536364
-0.536364	-0.536364	-0.536364
-0.536364	-0.536364	-0.536364
-0.536364	-0.536364	-0.536364
-0.536364	-0.536364	-0.536364
-0.536364	-0.536364	-0.536364
-0.536364	-0.536364	-0.536364
-0.536364	-0.536364	-0.536364
-0.536364	-0.536364	-0.536364
-0.536364	-0.536364	-0.536364
-0.536364	-0.536364	-0.536364
-0.536364	-0.536364	-0.536364
-0.536364	-0.536364	-0.536364
-0.536364	-0.536364	-0.536364
-0.536364	-0.536364	-0.536364
-0.536364	-0.536364	-0.536364
-0.436414	-0.536364	-0.295833
-0.392146	-0.536364	-0.247799
-0.378978	-0.536364	-0.246600
-0.364804	-0.536364	-0.246239
-0.347149	-0.536364	-0.249859
-0.328848	-0.536364	-0.259205
-0.313166	-0.536364	-0.273768
-0.302939	-0.536364	-0.291475
-0.296336	-0.536364	-0.309084
-0.290122	-0.536364	-0.325980
-0.282855	-0.536364	-0.346403
-0.272668	-0.536364	-0.373473
-0.261632	-0.536364	-0.403466
-0.249614	-0.536364	-0.434057
-0.236639	-0.536364	-0.464626
-0.224309	-0.536364	-0.493562
-0.212603	-0.536364	-0.521817
-0.199607	-0.536364	-0.534599
-0.186621	-0.536364	-0.536364
-0.176570	-0.536364	-0.536364
-0.167178	-0.536364	-0.536364
-0.158161	-0.536364	-0.536364
-0.150010	-0.536364	-0.536364
-0.146795	-0.536364	-0.536364
-0.143892	-0.536364	-0.536364
-0.140269	-0.536364	-0.536364
-0.136813	-0.536364	-0.536364
-0.133048	-0.536364	-0.536364
-0.129201	-0.536364	-0.536364
-0.125848	-0.536364	-0.536364
-0.122455	-0.536364	-0.536364
-0.118722	-0.536364	-0.536364
-0.114908	-0.536364	-0.536364
-0.111174	-0.536364	-0.536364
-0.107033	-0.536364	-0.536364
-0.102304	-0.536364	-0.536364
-0.097734	-0.536364	-0.536364
-0.093719	-0.536364	-0.536364
-0.089436	-0.536364	-0.536364
-0.085735	-0.536364	-0.536364
-0.083887	-0.536364	-0.536364
-0.082789	-0.536364	-0.536364
-0.082439	-0.536364	-0.536364
-0.082394	-0.536364	-0.536364
-0.080995	-0.536364	-0.536364
-0.077964	-0.536364	-0.536364
-0.074918	-0.536364	-0.536364
-0.069793	-0.536364	-0.536364
-0.062506	-0.536364	-0.536364
-0.054157	-0.536364	-0.536364
-0.044333	-0.536364	-0.536364
-0.031733	-0.536364	-0.536364
-0.018017	-0.536364	-0.536364
-0.002846	-0.536364	-0.536364
0.018177	-0.536364	-0.536364
0.039350	-0.522932	-0.536364
0.052868	-0.503164	-0.536364
0.056082	-0.487851	-0.536364
0.050878	-0.477425	-0.536364
0.047919	-0.467651	-0.536364
0.042332	-0.455095	-0.536364
0.037881	-0.441102	-0.536364
0.053687	-0.425193	-0.536364
0.069968	-0.406047	-0.536364
0.080507	-0.387137	-0.536364
0.094851	-0.371373	-0.536364
0.119290	-0.358917	-0.536364
0.150095	-0.348960	-0.536364
0.183444	-0.341297	-0.536364
0.206824	-0.337237	-0.536364
0.221122	-0.332999	-0.536364
0.237183	-0.323360	-0.536364
0.256260	-0.308809	-0.536364
0.280950	-0.292953	-0.536364
0.305815	-0.278072	-0.536364
0.324364	-0.267178	-0.536364
0.339583	-0.260210	-0.536364
0.349217	-0.253930	-0.536364
0.354733	-0.248489	-0.536364
0.362842	-0.243021	-0.536364
0.373465	-0.235092	-0.536364
0.387245	-0.226235	-0.536364
0.402036	-0.218325	-0.536364
0.416450	-0.209850	-0.536364
0.428902	-0.197642	-0.536364
0.438367	-0.180784	-0.536364
0.447390	-0.163015	-0.536364
0.454750	-0.144524	-0.536364
0.460637	-0.137539	-0.536364
0.464971	-0.131285	-0.536364
0.468521	-0.126144	-0.536364
0.474034	-0.123164	-0.536364
0.481262	-0.120043	-0.536364
0.489137	-0.116823	-0.536364
0.500205	-0.113294	-0.536364
0.509848	-0.108530	-0.536364
0.517619	-0.103914	-0.536364
0.525283	-0.098962	-0.536364
0.531226	-0.093976	-0.536364
0.533567	-0.089781	-0.536364
0.532978	-0.084693	-0.536364
0.531263	-0.080664	-0.536364
0.528590	-0.078258	-0.513785
0.525737	-0.077848	-0.443437
0.527849	-0.077393	-0.364089
0.536961	-0.076317	-0.288946
0.547048	-0.073799	-0.226033
0.555148	-0.070349	-0.174424
0.560422	-0.066559	-0.134449
0.564632	-0.058099	-0.112597
0.567175	-0.043715	-0.089669
0.567624	-0.026858	-0.062461
0.568975	-0.004682	-0.026741
0.572650	0.029173	0.026459
0.576461	0.078296	0.137412
0.577922	0.134850	0.262929
0.578124	0.185070	0.339651
0.578502	0.222321	0.367862
0.579455	0.243201	0.363767
0.581625	0.260523	0.317582
0.584754	0.279054	0.189551
0.588367	0.300068	0.056803
0.591727	0.311409	-0.024471
0.595554	0.314046	-0.069426
0.601491	0.313619	-0.096021
0.607850	0.314322	-0.113594
0.611801	0.317956	-0.129259
0.613619	0.325491	-0.138221
0.615551	0.336480	-0.146875
0.617559	0.346195	-0.149421
0.619232	0.356026	-0.142682
0.620554	0.369060	-0.132877
0.621332	0.385396	-0.118088
0.620974	0.399617	-0.106794
0.619142	0.407108	-0.096812
0.615353	0.408136	-0.088969
0.611142	0.406650	-0.084921
0.607370	0.407479	-0.081519
0.602889	0.413108	-0.078911
0.597014	0.421247	-0.078753
0.589485	0.429022	-0.075806
0.580448	0.437437	-0.068874
0.571541	0.444585	-0.055939
0.565338	0.451011	-0.028802
0.563662	0.458171	0.016114
0.566806	0.465026	0.097381
0.570426	0.471300	0.219034
0.571831	0.477823	0.326618
0.570479	0.485462	0.399335
0.566491	0.495811	0.452569
0.560383	0.509454	0.492026
0.552630	0.521166	0.534097
0.543365	0.527972	0.569850
0.535619	0.530960	0.598705
0.533460	0.532901	0.621633
0.537411	0.535934	0.643842
0.542948	0.539599	0.659964
0.546954	0.542105	0.657143
0.546247	0.543093	0.657143
0.542239	0.543293	0.657143
0.535873	0.542743	0.657143
0.530474	0.542228	0.657143
0.528255	0.544004	0.660633
0.529981	0.547368	0.666469
0.532288	0.547513	0.668155
0.530491	0.543766	0.667786
0.526094	0.534684	0.666262
0.523316	0.521569	0.664904
0.524526	0.506525	0.664065
0.529097	0.492180	0.662702
0.532718	0.479708	0.660515
0.532623	0.470888	0.659982
0.531297	0.461589	0.659129
0.529800	0.452098	0.657957
0.529244	0.440920	0.657143
0.529308	0.428350	0.657143
0.529067	0.417720	0.657143
0.527926	0.412219	0.657143
0.527549	0.410078	0.657143
0.529888	0.412156	0.657143
0.532830	0.419958	0.657143
0.535363	0.427729	0.657143
0.537436	0.433295	0.657143
0.538361	0.439556	0.657143
0.539691	0.445140	0.657143
0.543230	0.447626	0.657143
0.547713	0.446643	0.657143
0.550766	0.442258	0.657143
0.553664	0.437435	0.657143
0.556487	0.435910	0.657143
0.558412	0.437494	0.657143
0.559963	0.439288	0.657143
0.562538	0.440951	0.657143
0.565927	0.441694	0.657143
0.567979	0.440272	0.657143
0.567974	0.436357	0.657143
0.567725	0.432440	0.657143
0.568238	0.431644	0.657143
0.570241	0.434818	0.657143
0.572034	0.439341	0.657143
0.571233	0.441888	0.657143
0.567743	0.438601	0.657143
0.561870	0.427662	0.657143
0.555489	0.409400	0.657143
0.549680	0.387610	0.657143
0.544361	0.368877	0.657143
0.539988	0.356121	0.657143
0.537915	0.348973	0.657143
0.538485	0.344090	0.657143
0.538418	0.341919	0.657143
0.538036	0.346973	0.657143
0.538426	0.359278	0.657143
0.538537	0.374244	0.657143
0.538173	0.383900	0.657143
0.541413	0.387036	0.657143
0.548932	0.384459	0.100000
0.556984	0.379204	0.100000
0.563817	0.374805	0.100000
0.569857	0.373006	0.100000
0.576960	0.370156	0.100000
0.583919	0.363532	0.100000
0.587142	0.355731	0.100000
0.586878	0.347211	0.100000
0.586031	0.335532	0.100000
0.584498	0.319093	0.100000
0.581096	0.298079	0.100000
0.574864	0.273830	0.100000
0.567548	0.246555	0.100000
0.563146	0.214082	0.100000
0.562800	0.176513	0.100000
0.564964	0.138269	0.100000
0.569891	0.101373	0.100000
0.576019	0.091237	0.100000
0.580869	0.068669	0.100000
0.583633	0.050018	0.100000
0.585483	0.032415	0.100000
0.588234	0.014451	0.100000
0.591981	-0.003777	0.100000
0.596112	-0.019129	0.100000
0.599866	-0.030569	0.100000
0.602238	-0.039112	0.100000
0.604209	-0.045519	0.100000
0.605348	-0.050671	0.100000
0.605690	-0.055700	0.100000
0.607424	-0.061391	0.100000
0.611606	-0.067089	0.100000
0.617597	-0.071992	0.100000
0.623384	-0.075895	0.100000
0.626833	-0.079081	0.100000
0.628148	-0.082178	0.100000
0.629258	-0.085283	0.100000
0.631050	-0.089023	0.100000
0.635173	-0.093063	0.100000
0.642070	-0.097851	0.100000
0.649972	-0.102808	0.100000
0.657998	-0.107907	0.100000
0.660455	-0.114178	0.100000
0.659114	-0.120046	0.100000
0.657710	-0.124974	0.100000
0.657143	-0.129039	0.100000
0.657143	-0.132711	0.100000
0.657143	-0.136023	0.100000
0.657143	-0.139355	0.750000
0.657143	-0.143974	0.704355
0.657143	-0.148017	0.684759
0.657143	-0.153232	0.676573
0.657143	-0.163193	0.675651
0.657143	-0.174393	0.675842
0.657143	-0.189353	0.674214
0.657143	-0.204149	0.671236
0.657143	-0.218544	0.668679
0.657143	-0.235078	0.665707
0.657143	-0.255787	0.662859
0.657143	-0.280206	0.659572
0.657143	-0.302800	0.657143
0.657143	-0.318423	0.657143
0.657143	-0.325843	0.657143
0.657143	-0.326064	0.657143
0.657143	-0.321970	0.657143
0.657143	-0.317285	0.657143
0.657143	-0.311555	0.657143
0.657143	-0.302940	0.657143
0.657143	-0.292677	0.657143
0.657143	-0.284176	0.657143
0.657143	-0.278480	0.657143
0.100000	-0.276912	0.657143
0.100000	-0.277294	0.657143
0.100000	-0.278114	0.658017
0.100000	-0.280838	0.657143
0.100000	-0.285746	0.657143
0.100000	-0.290295	0.657143
0.100000	-0.292762	0.658454
0.100000	-0.290956	0.662326
0.100000	-0.285150	0.663655
0.100000	-0.276603	0.663141
0.100000	-0.266638	0.662571
0.100000	-0.257022	0.663831
0.100000	-0.248120	0.664406
0.000000	-0.240307	-0.150000
0.300000	-0.233294	0.600000
0.750000	-0.453606	0.665426
0.367287	-0.536364	0.414692
0.375077	-0.536364	0.388177
0.382583	-0.532749	0.352460
0.387320	-0.531107	0.305624
0.391623	-0.535289	0.257899
0.393017	-0.536364	0.220961
0.394442	-0.536364	0.201554
0.399559	-0.536364	0.189802
0.406630	-0.536364	0.172205
0.413359	-0.536364	0.145784
0.417940	-0.536364	0.098918
0.418178	-0.536364	0.076634
0.416063	-0.536364	0.028258
0.413810	-0.536364	-0.008417
0.413111	-0.536364	-0.032464
0.414791	-0.536364	-0.047748
0.416523	-0.536364	-0.057642
0.415928	-0.536364	-0.064615
0.413889	-0.536364	-0.070987
0.411499	-0.536364	-0.077109
0.409222	-0.536364	-0.082836
0.408014	-0.536364	-0.089027
0.409323	-0.536364	-0.093791
0.413030	-0.531657	-0.096896
0.418405	-0.521204	-0.099455
0.425181	-0.511579	-0.102742
0.429047	-0.505050	-0.107304
0.428042	-0.499810	-0.113319
0.424685	-0.496059	-0.118929
0.422388	-0.492240	-0.124132
0.421798	-0.484271	-0.129091
0.420222	-0.470961	-0.133843
0.416526	-0.457994	-0.137862
0.410994	-0.449357	-0.144383
0.404554	-0.444320	-0.154897
0.399147	-0.441270	-0.176800
0.394648	-0.436679	-0.205961
0.387906	-0.430848	-0.237968
0.376152	-0.427009	-0.271070
0.362051	-0.427220	-0.303544
0.352406	-0.430950	-0.333676
0.348425	-0.434283	-0.362355
0.347561	-0.437084	-0.386815
0.347927	-0.442601	-0.401362
0.348288	-0.451311	-0.403933
0.346578	-0.457844	-0.397534
0.339062	-0.456818	-0.387337
0.332226	-0.449826	-0.378096
0.327526	-0.440048	-0.373656
0.315425	-0.428419	-0.375747
0.288864	-0.414333	-0.387173
0.250220	-0.398172	-0.406706
0.217353	-0.383078	-0.428348
0.206211	-0.370051	-0.446262
0.201477	-0.359012	-0.457467
0.192342	-0.348505	-0.460631
0.181826	-0.334364	-0.455256
0.174480	-0.314890	-0.441755
0.176264	-0.292534	-0.423698
0.179375	-0.272145	-0.409878
0.185388	-0.256835	-0.404526
0.184980	-0.247546	-0.406930
0.164286	-0.245039	-0.416526
0.126265	-0.244981	-0.430892
0.094048	-0.244443	-0.447727
0.072961	-0.242664	-0.463546
0.051069	-0.239600	-0.475951
0.041259	-0.234615	-0.485080
0.036966	-0.230416	-0.492160
0.034008	-0.227311	-0.498279
0.028505	-0.225713	-0.505228
0.019281	-0.227301	-0.515423
0.008896	-0.232307	-0.529821
-0.000698	-0.239716	-0.535674
-0.007987	-0.246108	-0.536364
-0.012673	-0.249085	-0.536364
-0.017559	-0.247787	-0.536364
-0.023449	-0.241632	-0.535367
-0.028773	-0.232480	-0.536072
-0.032753	-0.224291	-0.536364
-0.037109	-0.220698	-0.536364
-0.043670	-0.221359	-0.536364
-0.051257	-0.223868	-0.536364
-0.058509	-0.226739	-0.536364
-0.064897	-0.229181	-0.536364
-0.069459	-0.230747	-0.536364
-0.071599	-0.229842	-0.536364
-0.069281	-0.226615	-0.536364
-0.067942	-0.223333	-0.536364
-0.070034	-0.218383	-0.536364
-0.071214	-0.213184	-0.536364
-0.074129	-0.209670	-0.536364
-0.077968	-0.208896	-0.536364
-0.081928	-0.210098	-0.536364
-0.085094	-0.212341	-0.536364
-0.087426	-0.212971	-0.536364
-0.089512	-0.209738	-0.536364
-0.092049	-0.203604	-0.513998
-0.095104	-0.193870	-0.469885
-0.097962	-0.180183	-0.417402
-0.100227	-0.164492	-0.360814
-0.102184	-0.146670	-0.303543
-0.104221	-0.140126	-0.254582
-0.106261	-0.134652	-0.215657
-0.107688	-0.129147	-0.180715
-0.108041	-0.126250	-0.149687
-0.108065	-0.122911	-0.130591
-0.108253	-0.119933	-0.109737
-0.108951	-0.117385	-0.088334
-0.110393	-0.114592	-0.060874
-0.112548	-0.111720	-0.028415
-0.114985	-0.107498	0.014900
-0.117461	-0.103313	0.083292
-0.120236	-0.099522	0.167942
-0.123467	-0.096098	0.217481
-0.126847	-0.093887	0.210831
-0.130186	-0.093789	0.127791
-0.133290	-0.094709	0.063647
-0.135854	-0.094176	-0.010864
-0.137725	-0.094761	-0.058073
-0.140791	-0.095711	-0.087756
-0.143874	-0.097557	-0.110703
-0.147006	-0.100267	-0.130524
-0.150146	-0.102752	-0.145903
-0.157539	-0.104137	-0.212691
-0.166155	-0.104779	-0.270575
-0.174519	-0.105817	-0.309653
-0.185071	-0.107680	-0.321147
-0.197519	-0.109683	-0.301261
-0.210179	-0.111469	-0.262807
-0.222890	-0.113611	-0.219704
-0.235747	-0.116350	-0.179521
-0.248796	-0.119334	-0.149823
-0.261905	-0.122194	-0.137457
-0.275985	-0.124977	-0.131133
-0.291805	-0.127570	-0.125898
-0.308324	-0.129495	-0.124362
-0.325024	-0.130415	-0.124259
-0.344013	-0.129148	-0.124185
-0.365009	-0.126137	-0.122226
-0.386325	-0.123545	-0.116209
-0.407013	-0.122823	-0.106936
-0.427682	-0.123504	-0.095903
-0.449614	-0.124276	-0.082843
-0.476449	-0.124718	-0.066309
-0.511039	-0.125386	-0.044890
-0.532761	-0.126141	-0.019798
-0.536364	-0.126855	0.013956
-0.536364	-0.127225	0.060823
-0.536364	-0.125068	0.137913
-0.536364	-0.122624	0.225814
-0.536364	-0.120867	0.312497
-0.536364	-0.117562	0.380730
-0.536364	-0.112645	0.435894
-0.536364	-0.107983	0.478315
-0.536364	-0.106701	0.517135
-0.536364	-0.107983	0.549555
-0.536364	-0.108843	0.572108
-0.536364	-0.109142	0.584079
-0.536364	-0.110367	0.585685
-0.536364	-0.112966	0.581927
-0.536364	-0.116533	0.572592
-0.536364	-0.120313	0.558834
-0.536364	-0.123713	0.540947
-0.536364	-0.126537	0.518260
-0.536364	-0.128980	0.491978
-0.536364	-0.131191	0.468763
-0.536364	-0.133515	0.456378
-0.536364	-0.135977	0.450010
-0.536364	-0.138098	0.451690
-0.536364	-0.140907	0.458002
-0.536364	-0.143288	0.465441
-0.536364	-0.145402	0.473166
-0.536364	-0.147432	0.479510
-0.536364	-0.149362	0.483865
-0.536364	-0.151186	0.488276
-0.536364	-0.157365	0.495363
-0.536364	-0.165923	0.503288
-0.536364	-0.176276	0.509945
-0.536364	-0.189393	0.515982
-0.536364	-0.203603	0.518916
-0.536364	-0.218325	0.516107
-0.536364	-0.229647	0.510381
-0.536364	-0.236054	0.503164
-0.536364	-0.241582	0.495380
-0.536364	-0.249240	0.488012
-0.536364	-0.258480	0.481287
-0.536364	-0.270941	0.476118
-0.536364	-0.288203	0.472574
-0.536364	-0.306514	0.470201
-0.536364	-0.323505	0.468331
-0.536364	-0.340449	0.466054
-0.536364	-0.357681	0.461788
-0.536364	-0.373369	0.454750
-0.536364	-0.387990	0.447167
-0.536364	-0.401415	0.443321
-0.536364	-0.411994	0.442697
-0.536364	-0.421957	0.442199
-0.536364	-0.433902	0.440675
-0.536364	-0.447644	0.437812
-0.536364	-0.463076	0.430711
-0.536364	-0.477738	0.416666
-0.536364	-0.492184	0.399059
-0.536364	-0.510953	0.381458
-0.536364	-0.532000	0.362469
-0.536364	-0.536364	0.340544
-0.536364	-0.536364	0.316169
-0.536364	-0.536364	0.290137
-0.536364	-0.536364	0.272630
-0.536364	-0.536364	0.271481
-0.536364	-0.536364	0.280476
-0.536364	-0.536364	0.293334
-0.536364	-0.536364	0.303076
-0.536364	-0.536364	0.313555
-0.536364	-0.536364	0.324834
-0.536364	-0.536364	0.330063
-0.536364	-0.536364	0.330595
-0.536364	-0.536364	0.327630
-0.536364	-0.536364	0.320279
-0.536364	-0.536364	0.308062
-0.536364	-0.536364	0.291917
-0.536364	-0.536364	0.279456
-0.536364	-0.536364	0.277909
-0.536364	-0.536364	0.280448
-0.536364	-0.536364	0.277468
-0.536364	-0.536364	0.267487
-0.536364	-0.536364	0.254372
-0.536364	-0.536364	0.240264
-0.536364	-0.536364	0.231174
-0.536364	-0.536364	0.220897
-0.536364	-0.536364	0.208031
-0.536364	-0.536364	0.194172
-0.536364	-0.536364	0.171770
-0.536364	-0.536364	0.133712
-0.536364	-0.536364	0.098391
-0.536364	-0.536364	0.086888
-0.536364	-0.536364	0.066199
-0.536364	-0.536364	0.052686
-0.536364	-0.536364	0.045870
-0.536364	-0.536364	0.053748
-0.536364	-0.536364	0.070939
-0.536364	-0.536364	0.085690
-0.536364	-0.536364	0.094050
-0.536364	-0.536364	0.109088
-0.536364	-0.536364	0.129354
-0.536364	-0.536364	0.143764
-0.536364	-0.536364	0.146185
-0.536364	-0.536364	0.133083
-0.536364	-0.536364	0.094609
-0.536364	-0.536364	0.061422
-0.536364	-0.536364	0.008749
-0.536364	-0.536364	-0.029515
-0.536364	-0.536364	-0.054420
-0.536364	-0.536364	-0.070442
-0.536364	-0.536364	-0.081278
-0.536364	-0.536364	-0.090605
-0.536364	-0.536364	-0.097090
-0.536364	-0.536364	-0.101746
-0.536364	-0.536364	-0.106162
-0.536364	-0.536364	-0.111824
-0.536364	-0.536364	-0.117991
-0.536364	-0.536364	-0.123901
-0.536364	-0.536364	-0.129065
-0.536364	-0.536364	-0.133473
-0.536364	-0.536364	-0.136907
-0.536364	-0.536364	-0.140983
-0.536364	-0.536364	-0.145656
-0.536364	-0.536364	-0.152594
-0.536364	-0.536364	-0.170403
-0.536364	-0.536364	-0.194623
-0.536364	-0.536364	-0.219062
-0.536364	-0.536364	-0.243415
-0.536364	-0.536364	-0.269627
-0.536364	-0.536364	-0.298058
-0.536364	-0.536364	-0.323490
-0.536364	-0.536364	-0.339013
-0.536364	-0.536364	-0.342327
-0.536364	-0.536364	-0.333186
-0.536364	-0.536364	-0.312439
-0.536364	-0.536364	-0.284930
-0.536364	-0.536364	-0.262285
-0.536364	-0.536364	-0.250296
-0.536364	-0.536364	-0.247308
-0.536364	-0.536364	-0.250186
-0.536364	-0.536364	-0.257436
-0.536364	-0.536364	-0.265497
-0.536364	-0.536364	-0.274097
-0.536364	-0.536364	-0.283317
-0.536364	-0.536364	-0.292410
-0.536364	-0.536364	-0.304241
-0.536364	-0.536364	-0.321376
-0.536364	-0.536364	-0.343084
-0.536364	-0.536364	-0.365596
-0.536364	-0.536364	-0.384290
-0.536364	-0.536364	-0.398078
-0.536364	-0.536364	-0.408315
-0.536364	-0.536364	-0.415262
-0.536364	-0.536364	-0.509059
-0.536364	-0.536364	-0.455836
-0.440778	-0.536364	-0.191470
-0.399466	-0.536364	-0.163297
-0.386869	-0.536364	-0.167956
-0.372555	-0.536364	-0.174612
-0.357775	-0.536364	-0.184189
-0.342343	-0.536364	-0.194908
-0.325993	-0.536364	-0.206708
-0.309626	-0.536364	-0.221210
-0.294644	-0.536364	-0.239289
-0.280082	-0.536364	-0.260881
-0.264852	-0.536364	-0.287440
-0.249934	-0.536364	-0.316294
-0.235096	-0.536364	-0.345172
-0.220179	-0.536364	-0.376193
-0.204765	-0.536364	-0.408541
-0.187733	-0.536364	-0.439590
-0.172877	-0.536364	-0.470906
-0.160239	-0.536364	-0.506562
-0.150266	-0.536364	-0.531855
-0.146959	-0.536364	-0.536364
-0.144390	-0.536364	-0.536364
-0.141268	-0.536364	-0.536364
-0.137791	-0.536364	-0.536364
-0.133835	-0.536364	-0.536364
-0.129758	-0.536364	-0.536364
-0.126329	-0.536364	-0.536364
-0.122070	-0.536364	-0.536364
-0.118056	-0.536364	-0.536364
-0.114147	-0.536364	-0.536364
-0.111030	-0.536364	-0.536364
-0.108066	-0.536364	-0.536364
-0.104444	-0.536364	-0.536364
-0.100531	-0.536364	-0.536364
-0.096400	-0.536364	-0.536364
-0.092638	-0.536364	-0.536364
-0.089110	-0.536364	-0.536364
-0.085542	-0.536364	-0.536364
-0.080093	-0.536364	-0.536364
-0.073969	-0.536364	-0.536364
-0.067144	-0.536364	-0.536364
-0.062623	-0.536364	-0.536364
-0.062429	-0.536364	-0.536364
-0.060860	-0.536364	-0.536364
-0.052752	-0.536364	-0.536364
-0.039296	-0.536364	-0.536364
-0.022798	-0.536364	-0.536364
-0.004062	-0.536364	-0.536364
0.015702	-0.536364	-0.536364
0.041269	-0.536364	-0.536364
0.062785	-0.536364	-0.536364
0.066979	-0.536364	-0.536364
0.070510	-0.536364	-0.536364
0.083758	-0.536364	-0.536364
0.102303	-0.536364	-0.536364
0.119085	-0.536364	-0.536364
0.147444	-0.536364	-0.536364
0.173737	-0.536364	-0.536364
0.194672	-0.536364	-0.536364
0.217589	-0.536364	-0.536364
0.245119	-0.536364	-0.536364
0.278455	-0.536364	-0.536364
0.307077	-0.536364	-0.536364
0.326047	-0.536364	-0.536364
0.344295	-0.536364	-0.536364
0.362559	-0.536364	-0.536364
0.379301	-0.536364	-0.536364
0.395415	-0.536364	-0.536364
0.415930	-0.536364	-0.536364
0.439666	-0.536364	-0.536364
0.458791	-0.536364	-0.536364
0.470045	-0.536364	-0.536364
0.476256	-0.536364	-0.536364
0.480536	-0.528593	-0.536364
0.484272	-0.514311	-0.536364
0.488316	-0.501558	-0.536364
0.494689	-0.492817	-0.536364
0.501951	-0.485864	-0.536364
0.509389	-0.475000	-0.536364
0.516970	-0.457339	-0.536364
0.523779	-0.436910	-0.536364
0.528414	-0.419510	-0.536364
0.532466	-0.405812	-0.536364
0.536931	-0.390933	-0.536364
0.541141	-0.373376	-0.536364
0.545806	-0.350895	-0.536364
0.550642	-0.325679	-0.536364
0.555038	-0.306691	-0.536364
0.558618	-0.298374	-0.536364
0.561005	-0.298179	-0.536364
0.563126	-0.301265	-0.536364
0.564581	-0.304964	-0.536364
0.564920	-0.307617	-0.536364
0.564164	-0.307861	-0.536364
0.562943	-0.304289	-0.536364
0.561576	-0.297850	-0.536364
0.559837	-0.290274	-0.536364
0.558916	-0.280537	-0.536364
0.560428	-0.267289	-0.536364
0.564018	-0.251976	-0.536364
0.570624	-0.234639	-0.536364
0.579243	-0.218100	-0.536364
0.587856	-0.206115	-0.536364
0.595487	-0.198720	-0.489528
0.602142	-0.191123	-0.408911
0.608288	-0.181806	-0.329133
0.614508	-0.172030	-0.260456
0.620315	-0.159903	-0.202632
0.625569	-0.147459	-0.153100
0.630474	-0.142719	-0.123048
0.635284	-0.136934	-0.099976
0.639064	-0.130329	-0.078868
0.641643	-0.124572	-0.050924
0.643040	-0.118638	-0.010031
0.643162	-0.111293	0.057327
0.643338	-0.104608	0.170034
0.645112	-0.099111	0.252783
0.649203	-0.093439	0.297299
0.654114	-0.091047	0.300469
0.658161	-0.090584	0.269729
0.661079	-0.089034	0.181676
0.660792	-0.086787	0.069856
0.660600	-0.086223	-0.004893
0.660297	-0.088355	-0.057573
0.659922	-0.088922	-0.087576
0.659585	-0.087494	-0.109904
0.659098	-0.084180	-0.129226
0.658418	-0.083630	-0.142233
0.657915	-0.083512	-0.191199
0.657617	-0.083204	-0.234443
0.657307	-0.083284	-0.252959
0.657143	-0.083615	-0.246211
0.657143	-0.082382	-0.222475
0.657143	-0.078409	-0.189781
0.657143	-0.072582	-0.157469
0.657143	-0.068699	-0.135023
0.657143	-0.067694	-0.121302
0.657514	-0.065294	-0.107988
0.659197	-0.061656	-0.097126
0.659738	-0.058065	-0.086916
0.659498	-0.052623	-0.075573
0.658811	-0.047098	-0.062303
0.658099	-0.040228	-0.046387
0.658709	-0.031695	-0.020460
0.660483	-0.022754	0.028922
0.662083	-0.010745	0.138011
0.663460	0.002195	0.276040
0.661673	0.019078	0.382225
0.656706	0.039677	0.447789
0.653058	0.055157	0.493189
0.650987	0.064493	0.537038
0.651148	0.078916	0.570531
0.652219	0.105106	0.596815
0.652962	0.146526	0.616813
0.653346	0.194217	0.631487
0.653154	0.238790	0.646079
0.652378	0.283533	0.660414
0.650651	0.318331	0.659221
0.647602	0.339960	0.658019
0.643156	0.351565	0.657776
0.637991	0.358748	0.659864
0.633032	0.360369	0.662507
0.629190	0.352392	0.665275
0.626030	0.338070	0.657037
0.623102	0.324627	0.648489
0.620764	0.320909	0.642879
0.618887	0.324230	0.640996
0.617255	0.325124	0.642887
0.616445	0.323668	0.646856
0.616692	0.323395	0.653367
0.617465	0.322978	0.661025
0.619221	0.324654	0.659733
0.622103	0.331482	0.658871
0.625364	0.339874	0.658510
0.628689	0.348975	0.658791
0.632182	0.357010	0.658629
0.634964	0.359613	0.658085
0.634968	0.356463	0.657350
0.633610	0.344937	0.657143
0.631830	0.326070	0.657143
0.631187	0.304394	0.657143
0.631168	0.278290	0.657143
0.633216	0.251812	0.657143
0.638053	0.225997	0.657143
0.644294	0.199514	0.657143
0.651047	0.174390	0.657143
0.657075	0.151676	0.657396
0.661005	0.126764	0.657143
0.661045	0.100066	0.657143
0.660360	0.094504	0.657143
0.658303	0.078368	0.657143
0.657000	0.060484	0.657143
0.656285	0.041964	0.657143
0.655692	0.028399	0.657143
0.655319	0.021614	0.657143
0.654970	0.019292	0.657143
0.654458	0.017411	0.657143
0.654090	0.012757	0.657143
0.654094	0.004869	0.657143
0.655058	-0.003763	0.657143
0.656036	-0.010127	0.657143
0.656927	-0.008075	0.657143
0.658180	-0.005407	0.657143
0.660249	-0.007836	0.657143
0.660749	-0.010415	0.657143
0.660268	-0.018210	0.657143
0.659879	-0.029604	0.657143
0.659472	-0.041009	0.657143
0.658842	-0.050508	0.657143
0.658141	-0.057507	0.657143
0.657715	-0.062229	0.657143
0.657543	-0.066348	0.657143
0.657432	-0.071056	0.657143
0.657209	-0.076095	0.657143
0.657143	-0.080685	0.657356
0.657143	-0.084296	0.657143
0.657143	-0.086598	0.657143
0.657143	-0.088276	0.657143
0.657143	-0.089561	0.657143
0.657143	-0.090345	0.657143
0.657143	-0.090948	0.657143
0.657143	-0.092610	0.657143
0.657143	-0.095708	0.657143
0.657143	-0.099220	0.657143
0.657143	-0.102051	0.657143
0.657143	-0.103652	0.657143
0.657143	-0.104263	0.657143
0.657143	-0.104361	0.657143
0.657143	-0.104551	0.657143
0.657143	-0.105405	0.657143
0.657143	-0.107008	0.657408
0.657143	-0.108422	0.657143
0.657143	-0.109154	0.657143
0.657143	-0.109594	0.657143
0.657143	-0.110834	0.657143
0.657143	-0.113670	0.657143
0.657143	-0.117868	0.657143
0.657143	-0.122561	0.657143
0.657143	-0.127117	0.657143
0.657143	-0.131142	0.662265
0.657143	-0.134317	0.670494
0.657143	-0.136450	0.671619
0.657143	-0.138092	0.666428
0.657143	-0.140360	0.657169
0.657143	-0.143870	0.657143
0.657143	-0.147793	0.657143
0.657143	-0.151377	0.657143
0.657143	-0.159151	0.657143
0.657143	-0.167680	0.662940
0.657143	-0.177083	0.671339
0.657143	-0.189097	0.674445
0.657143	-0.201469	0.673685
0.657143	-0.214395	0.671732
0.657143	-0.227748	0.669912
0.100000	-0.240380	0.668556
0.100000	-0.251632	0.666924
0.100000	-0.261332	0.665792
0.100000	-0.268283	0.664746
0.100000	-0.273829	0.664298
0.100000	-0.279664	0.664556
0.100000	-0.286513	0.663886
0.100000	-0.297088	0.662504
0.100000	-0.313547	0.662413
0.100000	-0.335090	0.665007
0.100000	-0.361254	0.662755
0.100000	-0.389086	0.649462
0.100000	-0.417817	0.635548
0.100000	-0.450571	0.622694
0.100000	-0.487281	0.609517
0.100000	-0.526190	0.594597
0.100000	-0.535952	0.575163
0.100000	-0.536364	0.549439
0.100000	-0.536364	0.519209
0.100000	-0.536364	0.487261
0.100000	-0.536364	0.457990
0.100000	-0.536364	0.435265
0.100000	-0.536364	0.418082
0.100000	-0.536364	0.411769
0.100000	-0.536364	0.418556
0.100000	-0.536364	0.435590
0.100000	-0.536364	0.455482
0.100000	-0.536364	0.474732
0.100000	-0.536364	0.489729
0.100000	-0.536364	0.499852
0.100000	-0.536364	0.500182
0.100000	-0.536364	0.494409
0.100000	-0.536364	0.484606
0.100000	-0.536364	0.476973
0.100000	-0.536364	0.474317
0.100000	-0.536364	0.475801
0.100000	-0.536364	0.477827
0.100000	-0.536364	0.479655
0.100000	-0.536364	0.482168
0.100000	-0.536364	0.485382
0.100000	-0.536364	0.487837
0.100000	-0.536364	0.488020
0.100000	-0.536364	0.484424
0.100000	-0.536364	0.476667
0.100000	-0.536364	0.466086
0.000000	-0.536364	-0.166667
0.300000	-0.536364	0.483999
0.750000	-0.536364	0.080202
0.579973	-0.536364	0.039438
0.577435	-0.536364	0.015524
0.575575	-0.536364	-0.004539
0.573577	-0.536364	-0.021754
0.570812	-0.536364	-0.037180
0.567446	-0.536364	-0.050917
0.565095	-0.536364	-0.061576
0.564311	-0.536364	-0.069122
0.564844	-0.536364	-0.075125
0.564412	-0.536364	-0.080123
0.561127	-0.536364	-0.084289
0.553958	-0.536364	-0.088871
0.544456	-0.536364	-0.093254
0.534584	-0.536364	-0.097076
0.526054	-0.536364	-0.100366
0.521850	-0.536364	-0.103311
0.521607	-0.536364	-0.106468
0.520643	-0.536364	-0.110502
0.517036	-0.536364	-0.113807
0.512192	-0.536364	-0.116316
0.506475	-0.536364	-0.118727
0.500183	-0.536364	-0.121026
0.495378	-0.536364	-0.123153
0.492987	-0.536364	-0.125543
0.492450	-0.536364	-0.128393
0.492723	-0.536364	-0.131372
0.494335	-0.536364	-0.134287
0.497340	-0.536364	-0.137057
0.499303	-0.536364	-0.141132
0.498820	-0.536364	-0.145593
0.497267	-0.536364	-0.149474
0.494831	-0.536364	-0.159286
0.491756	-0.536364	-0.174977
0.488588	-0.536364	-0.197723
0.486430	-0.536364	-0.221496
0.484628	-0.536364	-0.245536
0.483077	-0.536364	-0.270260
0.481585	-0.536364	-0.299061
0.479537	-0.536364	-0.334423
0.476401	-0.536364	-0.376331
0.474626	-0.536364	-0.423177
0.475276	-0.536364	-0.474236
0.475627	-0.536364	-0.525726
0.475724	-0.536364	-0.536364
0.476307	-0.536364	-0.536364
0.473769	-0.536364	-0.536364
0.467890	-0.536364	-0.536364
0.464045	-0.536364	-0.536364
0.461570	-0.536364	-0.536364
0.457388	-0.536364	-0.536364
0.452191	-0.536364	-0.536364
0.445439	-0.536364	-0.536364
0.435646	-0.536364	-0.536364
0.422095	-0.536364	-0.536364
0.406495	-0.536364	-0.536364
0.391847	-0.536364	-0.536364
0.378458	-0.536364	-0.536364
0.367018	-0.536364	-0.536364
0.358215	-0.536364	-0.536364
0.348759	-0.536364	-0.536364
0.338423	-0.536364	-0.536364
0.333596	-0.536364	-0.536364
0.332768	-0.536364	-0.536364
0.324083	-0.536364	-0.536364
0.303795	-0.536364	-0.536364
0.274299	-0.536364	-0.536364
0.236097	-0.536364	-0.536364
0.190037	-0.536364	-0.536364
0.143871	-0.536364	-0.536364
0.107947	-0.536364	-0.536364
0.095580	-0.536364	-0.536364
0.081638	-0.536364	-0.536364
0.063998	-0.536364	-0.536364
0.043098	-0.536364	-0.536364
0.024093	-0.536364	-0.536364
0.010666	-0.536364	-0.536364
0.000648	-0.536364	-0.536364
-0.007064	-0.536364	-0.536364
-0.013026	-0.536364	-0.536364
-0.018251	-0.536364	-0.536364
-0.023598	-0.536364	-0.536364
-0.029295	-0.536364	-0.536364
-0.034758	-0.536364	-0.536364
-0.039757	-0.536364	-0.536364
-0.045737	-0.536364	-0.536364
-0.053706	-0.536364	-0.536364
-0.061786	-0.536364	-0.536364
-0.067932	-0.536364	-0.536364
-0.071699	-0.536364	-0.536364
-0.073822	-0.536364	-0.536364
-0.075630	-0.536364	-0.536364
-0.078058	-0.536364	-0.536364
-0.080615	-0.536364	-0.536364
-0.082526	-0.536364	-0.536364
-0.084009	-0.536364	-0.536364
-0.085598	-0.536364	-0.536364
-0.087982	-0.536364	-0.536364
-0.091149	-0.536364	-0.536364
-0.094610	-0.536364	-0.536364
-0.097437	-0.527797	-0.536364
-0.099519	-0.504792	-0.536364
-0.101592	-0.481245	-0.536364
-0.103890	-0.462951	-0.536364
-0.106395	-0.446895	-0.536364
-0.109013	-0.426986	-0.498783
-0.111137	-0.402792	-0.420339
-0.113506	-0.379445	-0.336889
-0.116524	-0.358379	-0.261078
-0.119744	-0.337481	-0.195548
-0.122653	-0.314057	-0.144558
-0.125416	-0.288921	-0.118606
-0.128199	-0.264495	-0.096344
-0.130798	-0.241206	-0.076097
-0.133014	-0.219054	-0.056224
-0.134855	-0.200034	-0.046626
-0.136365	-0.184950	-0.053502
-0.137776	-0.174613	-0.065360
-0.140569	-0.167488	-0.069637
-0.144629	-0.165217	-0.079233
-0.149126	-0.165730	-0.093140
-0.157006	-0.167663	-0.107930
-0.166122	-0.170828	-0.124651
-0.175730	-0.175597	-0.138601
-0.188309	-0.182901	-0.179629
-0.199135	-0.192570	-0.248648
-0.207954	-0.202142	-0.322697
-0.216738	-0.210293	-0.394472
-0.226450	-0.216408	-0.446702
-0.237873	-0.221082	-0.466735
-0.251680	-0.226044	-0.452581
-0.266224	-0.231188	-0.410628
-0.281145	-0.234917	-0.354969
-0.296171	-0.238422	-0.300332
-0.313668	-0.242906	-0.256335
-0.337557	-0.245877	-0.223522
-0.366950	-0.244576	-0.197667
-0.399002	-0.241887	-0.178660
-0.431654	-0.239921	-0.167760
-0.461624	-0.239009	-0.159622
-0.489028	-0.238266	-0.149751
-0.514150	-0.238051	-0.142992
-0.532870	-0.237887	-0.135043
-0.536364	-0.236509	-0.124639
-0.536364	-0.234288	-0.116177
-0.536364	-0.231959	-0.108252
-0.536364	-0.230722	-0.098365
-0.536364	-0.229391	-0.088485
-0.536364	-0.228353	-0.079509
-0.536364	-0.228107	-0.065955
-0.536364	-0.227207	-0.049512
-0.536364	-0.225079	-0.031542
-0.536364	-0.222634	-0.004210
-0.536364	-0.220822	0.040881
-0.536364	-0.220077	0.132096
-0.536364	-0.221258	0.245431
-0.536364	-0.224768	0.340157
-0.536364	-0.229507	0.392296
-0.536364	-0.234673	0.415342
-0.536364	-0.241177	0.421527
-0.536364	-0.251177	0.418011
-0.536364	-0.265566	0.403478
-0.536364	-0.285124	0.376327
-0.536364	-0.306412	0.340743
-0.536364	-0.325727	0.297260
-0.536364	-0.342091	0.248002
-0.536364	-0.355898	0.202420
-0.536364	-0.369487	0.164156
-0.536364	-0.384949	0.129525
-0.536364	-0.402358	0.099952
-0.536364	-0.419917	0.095166
-0.536364	-0.435700	0.082886
-0.536364	-0.449332	0.071546
-0.536364	-0.462465	0.056671
-0.536364	-0.476173	0.038479
-0.536364	-0.490578	0.018104
-0.536364	-0.506218	-0.000413
-0.536364	-0.522447	-0.015299
-0.536364	-0.534215	-0.025550
-0.536364	-0.536364	-0.030826
-0.536364	-0.536364	-0.032645
-0.536364	-0.536364	-0.027727
-0.536364	-0.536364	-0.022458
-0.536364	-0.536364	-0.014475
-0.536364	-0.536364	-0.005807
-0.536364	-0.536364	0.002283
-0.536364	-0.536364	0.012988
-0.536364	-0.536364	0.021495
-0.536364	-0.536364	0.029607
-0.536364	-0.536364	0.044935
-0.536364	-0.536364	0.061805
-0.536364	-0.536364	0.079597
-0.536364	-0.536364	0.093090
-0.536364	-0.536364	0.095596
-0.536364	-0.536364	0.096115
-0.536364	-0.536364	0.097329
-0.536364	-0.536364	0.095912
-0.536364	-0.536364	0.090946
-0.536364	-0.536364	0.079305
-0.536364	-0.536364	0.064715
-0.536364	-0.536364	0.056002
-0.536364	-0.536364	0.055808
-0.536364	-0.536364	0.055163
-0.536364	-0.536364	0.060497
-0.536364	-0.536364	0.064862
-0.536364	-0.536364	0.068726
-0.536364	-0.536364	0.074444
-0.536364	-0.536364	0.073894
-0.536364	-0.536364	0.071487
-0.536364	-0.536364	0.064402
-0.536364	-0.536364	0.056069
-0.536364	-0.536364	0.050559
-0.536364	-0.536364	0.041980
-0.536364	-0.536364	0.025673
-0.536364	-0.536364	0.008918
-0.536364	-0.536364	-0.002390
-0.536364	-0.536364	-0.008739
-0.536364	-0.536364	-0.011064
-0.536364	-0.536364	-0.012155
-0.536364	-0.536364	-0.014245
-0.536364	-0.536364	-0.015475
-0.536364	-0.536364	-0.015273
-0.536364	-0.536364	-0.015860
-0.536364	-0.536364	-0.017429
-0.536364	-0.536364	-0.015976
-0.536364	-0.536364	-0.009205
-0.536364	-0.536364	-0.006630
-0.536364	-0.536364	-0.003594
-0.536364	-0.536364	0.000306
-0.536364	-0.536364	-0.003413
-0.536364	-0.536364	-0.007640
-0.536364	-0.536364	-0.015765
-0.536364	-0.536364	-0.023167
-0.536364	-0.536364	-0.028448
-0.536364	-0.536364	-0.032212
-0.536364	-0.536364	-0.029227
-0.536364	-0.536364	-0.024685
-0.536364	-0.536364	-0.024409
-0.536364	-0.536364	-0.024308
-0.536364	-0.536364	-0.024406
-0.536364	-0.536364	-0.022444
-0.536364	-0.536364	-0.019403
-0.536364	-0.536364	-0.021677
-0.536364	-0.536364	-0.023881
-0.536364	-0.536364	-0.029788
-0.536364	-0.536364	-0.035974
-0.536364	-0.536364	-0.040419
-0.536364	-0.536364	-0.044008
-0.536364	-0.536364	-0.048812
-0.536364	-0.536364	-0.055640
-0.536364	-0.536364	-0.063425
-0.536364	-0.536364	-0.070758
-0.536364	-0.536364	-0.077182
-0.536364	-0.536364	-0.083517
-0.536364	-0.536364	-0.091860
-0.536364	-0.536364	-0.099452
-0.536364	-0.536364	-0.107012
-0.536364	-0.536364	-0.115797
-0.536364	-0.536364	-0.123649
-0.536364	-0.536364	-0.129434
-0.536364	-0.536364	-0.133855
-0.536364	-0.536364	-0.137266
-0.536364	-0.536364	-0.141985
-0.536364	-0.536364	-0.147245
-0.536364	-0.536364	-0.156635
-0.536364	-0.536364	-0.172192
-0.536364	-0.536364	-0.193092
-0.536364	-0.536364	-0.215414
-0.536364	-0.536364	-0.238209
-0.536364	-0.536364	-0.261353
-0.536364	-0.536364	-0.288037
-0.536364	-0.536364	-0.319933
-0.536364	-0.536364	-0.354412
-0.536364	-0.536364	-0.382860
-0.536364	-0.536364	-0.397334
-0.536364	-0.536364	-0.399236
-0.536364	-0.536364	-0.392033
-0.536364	-0.536364	-0.378071
-0.536364	-0.536364	-0.361130
-0.536364	-0.536364	-0.344160
-0.536364	-0.536364	-0.330632
-0.536364	-0.536364	-0.322625
-0.536364	-0.536364	-0.317586
-0.536364	-0.536364	-0.309687
-0.536364	-0.536364	-0.296886
-0.536364	-0.536364	-0.282820
-0.536364	-0.536364	-0.271087
-0.536364	-0.536364	-0.265617
-0.536364	-0.536364	-0.266821
-0.536364	-0.536364	-0.274549
-0.536364	-0.536364	-0.287771
-0.536364	-0.536364	-0.302159
-0.536364	-0.536364	-0.315273
-0.536364	-0.536364	-0.327988
-0.536364	-0.536364	-0.341395
-0.536364	-0.536364	-0.354079
-0.536364	-0.536364	-0.368071
-0.536364	-0.536364	-0.384959
-0.536364	-0.536364	-0.501906
-0.536364	-0.536364	-0.452968
-0.536364	-0.536364	-0.165517
-0.536364	-0.536364	-0.147438
-0.536364	-0.536364	-0.152229
-0.536364	-0.536364	-0.163997
-0.536364	-0.536364	-0.177030
-0.536364	-0.536364	-0.193009
-0.532279	-0.536364	-0.210005
-0.524265	-0.536364	-0.228427
-0.519178	-0.536364	-0.246420
-0.516349	-0.536364	-0.263012
-0.509930	-0.536364	-0.281838
-0.496346	-0.536364	-0.305612
-0.475631	-0.536364	-0.336252
-0.446255	-0.536364	-0.373530
-0.411624	-0.536364	-0.412793
-0.382526	-0.536364	-0.453936
-0.364339	-0.536364	-0.500941
-0.353252	-0.536364	-0.531231
-0.343353	-0.536364	-0.536364
-0.331685	-0.536364	-0.536364
-0.317489	-0.536364	-0.536364
-0.300284	-0.536364	-0.536364
-0.282147	-0.536364	-0.536364
-0.265131	-0.536364	-0.536364
-0.247853	-0.536364	-0.536364
-0.229447	-0.536364	-0.536364
-0.209839	-0.536364	-0.536364
-0.191035	-0.536364	-0.536364
-0.174906	-0.536364	-0.536364
-0.158586	-0.536364	-0.536364
-0.144908	-0.536364	-0.536364
-0.140153	-0.536364	-0.536364
-0.135467	-0.536364	-0.536364
-0.129997	-0.536364	-0.536364
-0.125552	-0.536364	-0.536364
-0.120557	-0.536364	-0.536364
-0.115201	-0.536364	-0.536364
-0.110310	-0.536364	-0.536364
-0.104943	-0.536364	-0.536364
-0.099824	-0.536364	-0.536364
-0.096303	-0.536364	-0.536364
-0.094238	-0.536364	-0.536364
-0.093183	-0.536364	-0.536364
-0.091503	-0.536364	-0.536364
-0.087527	-0.536364	-0.536364
-0.082701	-0.536364	-0.536364
-0.078422	-0.536364	-0.536364
-0.073840	-0.536364	-0.536364
-0.066240	-0.536364	-0.536364
-0.059177	-0.536364	-0.536364
-0.053324	-0.536364	-0.536364
-0.049044	-0.536364	-0.536364
-0.044732	-0.536364	-0.536364
-0.039265	-0.536364	-0.536364
-0.033362	-0.536364	-0.536364
-0.024925	-0.536364	-0.536364
-0.010252	-0.536364	-0.536364
0.008601	-0.536364	-0.536364
0.033117	-0.536364	-0.536364
0.061003	-0.536364	-0.536364
0.090004	-0.536364	-0.536364
0.127558	-0.536364	-0.536364
0.160777	-0.536364	-0.536364
0.188229	-0.536364	-0.536364
0.214851	-0.536364	-0.536364
0.234288	-0.536364	-0.536364
0.248673	-0.536364	-0.536364
0.261015	-0.536364	-0.536364
0.271191	-0.536364	-0.536364
0.279817	-0.536364	-0.536364
0.290459	-0.536364	-0.536364
0.307263	-0.536364	-0.536364
0.327925	-0.536364	-0.536364
0.349836	-0.536364	-0.536364
0.370119	-0.536364	-0.536364
0.385390	-0.536364	-0.536364
0.395265	-0.536364	-0.536364
0.402199	-0.536364	-0.536364
0.410063	-0.536364	-0.536364
0.419366	-0.536364	-0.536364
0.429553	-0.536364	-0.536364
0.440215	-0.536364	-0.536364
0.450728	-0.536364	-0.536364
0.461128	-0.536364	-0.536364
0.471304	-0.536364	-0.536364
0.479202	-0.536364	-0.536364
0.485581	-0.536364	-0.536364
0.493403	-0.536364	-0.536364
0.504020	-0.535837	-0.536364
0.514143	-0.524012	-0.536364
0.524971	-0.506525	-0.536364
0.536446	-0.488847	-0.536364
0.547478	-0.472309	-0.536364
0.558323	-0.457382	-0.536364
0.567150	-0.442259	-0.536364
0.574071	-0.424210	-0.536364
0.581078	-0.401866	-0.536364
0.589931	-0.375543	-0.536364
0.599452	-0.348184	-0.536364
0.607390	-0.321414	-0.536364
0.614277	-0.295328	-0.536364
0.618945	-0.270173	-0.536364
0.621985	-0.248132	-0.536364
0.624995	-0.231244	-0.522408
0.627988	-0.218217	-0.459698
0.631027	-0.205207	-0.382109
0.633564	-0.189465	-0.309994
0.635430	-0.174126	-0.246944
0.638518	-0.158361	-0.191201
0.642756	-0.143864	-0.146914
0.645790	-0.135632	-0.122151
0.646324	-0.125430	-0.098763
0.646508	-0.116904	-0.078243
0.648102	-0.111075	-0.057771
0.649984	-0.106986	-0.039425
0.650809	-0.102639	-0.029277
0.650325	-0.098834	-0.033902
0.648348	-0.096612	-0.046363
0.644508	-0.095738	-0.051514
0.640140	-0.095160	-0.062324
0.637396	-0.097239	-0.075028
0.636013	-0.098065	-0.089956
0.634280	-0.098704	-0.105178
0.631778	-0.097742	-0.120486
0.629438	-0.095393	-0.134207
0.629440	-0.092619	-0.145610
0.634786	-0.090927	-0.177856
0.643336	-0.091677	-0.206074
0.650850	-0.091167	-0.223034
0.655359	-0.088321	-0.230360
0.657934	-0.084195	-0.226063
0.659986	-0.078300	-0.210370
0.660962	-0.070509	-0.186328
0.660557	-0.062335	-0.162118
0.660141	-0.055246	-0.140228
0.659883	-0.050545	-0.129903
0.659845	-0.047484	-0.120991
0.659829	-0.045876	-0.116355
0.660213	-0.046316	-0.110926
0.660444	-0.045855	-0.104787
0.660034	-0.040026	-0.095028
0.659970	-0.030400	-0.080330
0.659935	-0.016825	-0.062320
0.660042	-0.000889	-0.038787
0.660576	0.010449	-0.009425
0.661107	0.013617	0.033087
0.661621	0.009236	0.110426
0.662180	0.007466	0.215469
0.659657	0.004748	0.316076
0.657251	0.007171	0.388668
0.654806	0.016007	0.440963
0.652471	0.030194	0.480597
0.650615	0.053491	0.520011
0.649227	0.073994	0.557787
0.648476	0.079019	0.591000
0.648178	0.093657	0.620286
0.647813	0.116400	0.647878
0.646993	0.137889	0.658704
0.645890	0.153702	0.657143
0.645326	0.161476	0.657143
0.646464	0.161151	0.657143
0.648860	0.147272	0.658026
0.652900	0.110352	0.659884
0.657983	0.091613	0.660736
0.660798	0.069270	0.660570
0.660109	0.050678	0.660467
0.659891	0.034715	0.660583
0.660717	0.017860	0.662240
0.661513	0.000012	0.663510
0.662089	-0.016060	0.663222
0.661280	-0.027871	0.661329
0.659070	-0.034446	0.660346
0.657166	-0.033952	0.659327
0.656847	-0.029145	0.658156
0.658755	-0.030499	0.657143
0.660991	-0.032665	0.657143
0.660351	-0.037229	0.657143
0.659940	-0.043271	0.657143
0.659829	-0.048170	0.657143
0.659521	-0.052321	0.657143
0.659225	-0.056294	0.657143
0.659749	-0.059792	0.657143
0.660829	-0.063083	0.657143
0.660454	-0.066568	0.657143
0.659710	-0.070069	0.657143
0.658994	-0.073211	0.657143
0.657823	-0.075725	0.657143
0.657143	-0.078039	0.657143
0.657143	-0.080713	0.657143
0.657143	-0.083737	0.657143
0.657143	-0.086884	0.657143
0.657143	-0.089741	0.657143
0.657143	-0.091399	0.657143
0.657143	-0.092150	0.657564
0.657143	-0.092585	0.657945
0.657143	-0.093038	0.657439
0.658292	-0.093728	0.657143
0.658989	-0.094588	0.657143
0.658789	-0.095510	0.657143
0.658585	-0.096578	0.657143
0.657414	-0.097666	0.657143
0.657143	-0.098622	0.658365
0.657143	-0.099240	0.660707
0.657143	-0.099520	0.660043
0.657143	-0.100151	0.658388
0.657143	-0.101781	0.657143
0.657143	-0.104349	0.657143
0.657143	-0.107720	0.657143
0.657143	-0.111415	0.657143
0.657143	-0.114372	0.657143
0.657143	-0.116596	0.657143
0.657143	-0.118013	0.657143
0.657143	-0.118599	0.657143
0.657143	-0.117721	0.657143
0.657143	-0.117282	0.657143
0.657143	-0.117891	0.657143
0.657143	-0.118395	0.657143
0.657143	-0.119505	0.657857
0.657143	-0.120753	0.663571
0.657143	-0.121602	0.669041
0.657143	-0.122263	0.669541
0.657143	-0.122993	0.665833
0.657143	-0.123471	0.660721
0.657143	-0.123843	0.657143
0.657143	-0.124810	0.657143
0.657143	-0.126113	0.657143
0.657143	-0.127102	0.657143
0.657143	-0.128215	0.657143
0.657143	-0.129943	0.657143
0.657143	-0.131729	0.657143
0.657143	-0.132955	0.657143
0.100000	-0.133659	0.657143
0.100000	-0.134530	0.100000
0.100000	-0.136060	0.100000
0.100000	-0.137690	0.100000
0.100000	-0.140558	0.100000
0.100000	-0.143590	0.100000
0.100000	-0.146990	0.100000
0.100000	-0.150549	0.100000
0.100000	-0.157212	0.100000
0.100000	-0.160781	0.100000
0.100000	-0.161733	0.100000
0.100000	-0.162600	0.100000
0.100000	-0.165937	0.100000
0.100000	-0.172665	0.100000
0.100000	-0.182324	0.100000
0.100000	-0.191919	0.100000
0.100000	-0.200037	0.100000
0.100000	-0.207695	0.100000
0.100000	-0.215024	0.100000
0.100000	-0.223137	0.100000
0.100000	-0.234753	0.750000
0.100000	-0.250791	0.726081
0.100000	-0.268632	0.691591
0.100000	-0.287689	0.681258
0.100000	-0.306402	0.679328
0.100000	-0.321925	0.676502
0.100000	-0.334740	0.673417
0.100000	-0.348832	0.670725
0.100000	-0.366066	0.667650
0.100000	-0.385858	0.665508
0.100000	-0.408591	0.664950
0.100000	-0.433052	0.664889
0.100000	-0.459571	0.664418
0.100000	-0.491607	0.663756
0.100000	-0.528547	0.663642
0.100000	-0.536364	0.663787
0.100000	-0.536364	0.665087
0.100000	-0.536364	0.667758
0.100000	-0.536364	0.654824
0.100000	-0.536364	0.639547
0.100000	-0.536364	0.625760
0.100000	-0.536364	0.612336
0.100000	-0.536364	0.600594
0.100000	-0.536364	0.591865
0.100000	-0.536364	0.585537
0.100000	-0.536364	0.581035
0.100000	-0.536364	0.579556
0.100000	-0.536364	0.583795
0.100000	-0.536364	0.590777
0.100000	-0.536364	0.598820
0.100000	-0.536364	0.606716
0.100000	-0.536364	0.613582
0.100000	-0.536364	0.618628
0.100000	-0.536364	0.621487
0.100000	-0.536364	0.623235
0.100000	-0.536364	0.625685
0.100000	-0.536364	0.630488
0.100000	-0.536364	0.635710
0.100000	-0.536364	0.638993
0.100000	-0.536364	0.640115
0.100000	-0.536364	0.638932
0.100000	-0.536364	0.634555
0.100000	-0.536364	0.627452
0.100000	-0.536364	0.618831
0.100000	-0.536364	0.610665
0.100000	-0.536364	0.602652
0.100000	-0.536364	0.594329
0.000000	-0.536364	-0.163628
0.300000	-0.536364	0.564664
0.755074	-0.536364	0.152812
0.648784	-0.536364	0.140112
0.650303	-0.536364	0.134046
0.651264	-0.536364	0.128717
0.650725	-0.536364	0.116586
0.648136	-0.536364	0.097733
0.642454	-0.536364	0.084218
0.634374	-0.536364	0.058487
0.626324	-0.536364	0.034157
0.619759	-0.536364	0.014661
0.615545	-0.536364	-0.001008
0.613350	-0.536364	-0.014815
0.612208	-0.536364	-0.025509
0.610970	-0.536364	-0.032873
0.608971	-0.536364	-0.039229
0.606236	-0.536364	-0.045155
0.603142	-0.536364	-0.050032
0.599672	-0.536364	-0.053922
0.596597	-0.536364	-0.056490
0.594832	-0.536364	-0.057823
0.593709	-0.536364	-0.059678
0.591987	-0.536364	-0.063239
0.589434	-0.536364	-0.067809
0.586077	-0.536364	-0.072193
0.581261	-0.536364	-0.075974
0.574041	-0.536364	-0.079241
0.563856	-0.536364	-0.081694
0.552300	-0.536364	-0.082924
0.542105	-0.536364	-0.083706
0.535280	-0.536364	-0.084931
0.533675	-0.536364	-0.086516
0.537907	-0.536364	-0.088938
0.542052	-0.536364	-0.091187
0.545770	-0.536364	-0.092567
0.548352	-0.536364	-0.093269
0.548986	-0.536364	-0.093665
0.548161	-0.536364	-0.093108
0.546517	-0.536364	-0.091188
0.544316	-0.536364	-0.088571
0.541389	-0.536364	-0.086628
0.537926	-0.536364	-0.086994
0.534712	-0.536364	-0.088707
0.533168	-0.536364	-0.090076
0.532128	-0.536364	-0.092612
0.529359	-0.536364	-0.095312
0.524563	-0.536364	-0.097667
0.518625	-0.536364	-0.099752
0.512263	-0.536364	-0.101511
0.507521	-0.536364	-0.102976
0.505694	-0.536364	-0.104278
0.508047	-0.536364	-0.105359
0.512595	-0.536364	-0.106233
0.516936	-0.536364	-0.107305
0.520456	-0.536364	-0.109288
0.521966	-0.536364	-0.112022
0.520673	-0.536364	-0.114906
0.516370	-0.536364	-0.117392
0.509730	-0.536364	-0.119185
0.502664	-0.536364	-0.120413
0.496388	-0.536364	-0.121390
0.490208	-0.536364	-0.122425
0.483541	-0.536364	-0.123680
0.478767	-0.536364	-0.124673
0.475998	-0.536364	-0.124381
0.472176	-0.536364	-0.122848
0.465202	-0.536364	-0.120646
0.455675	-0.536364	-0.118884
0.443921	-0.536364	-0.118647
0.431097	-0.536364	-0.119810
0.417898	-0.536364	-0.120320
0.403461	-0.536364	-0.121604
0.387939	-0.536364	-0.123252
0.373540	-0.536364	-0.124652
0.357306	-0.536364	-0.125396
0.338634	-0.536364	-0.125959
0.319827	-0.536364	-0.126813
0.303027	-0.536364	-0.127663
0.289667	-0.536364	-0.128329
0.277975	-0.536364	-0.129212
0.269698	-0.536364	-0.130173
0.262686	-0.536364	-0.130683
0.247916	-0.536364	-0.130844
0.232474	-0.536364	-0.131189
0.229375	-0.536364	-0.132357
0.237310	-0.536364	-0.134692
0.248995	-0.536364	-0.137378
0.251916	-0.536364	-0.141604
0.244776	-0.536364	-0.145491
0.224282	-0.536364	-0.147801
0.188314	-0.536364	-0.147765
0.138411	-0.536364	-0.146419
0.095057	-0.536364	-0.143375
0.073702	-0.536364	-0.138340
0.043365	-0.536364	-0.131346
0.019818	-0.536364	-0.123828
0.002986	-0.536364	-0.117822
-0.009171	-0.536364	-0.112405
-0.018600	-0.536364	-0.107655
-0.025824	-0.536364	-0.103206
-0.032357	-0.530100	-0.099895
-0.040712	-0.509512	-0.097914
-0.050618	-0.486921	-0.095633
-0.060287	-0.466912	-0.094267
