81
-134
58
-97
-172
148
-267
-341
19
-371
-135
-44
-193
0
-289
-32
84
-23
-134
-268
-17
-196
-138
-68
-129
9
-167
-40
-153
-18
-211
35
-27
-177
111
-34
-245
-14
-64
-31
-74
-163
-211
-358
-109
-41
-143
-100
-149
-57
-107
-110
-41
-177
33
-36
-151
-51
-134
-165
-32
-271
-146
-190
-170
-66
16
-158
-127
-87
-203
-304
-57
-163
-136
-55
-162
-62
-92
-40
22
-250
-58
-258
-76
-140
-198
-106
3
-258
-209
95
10
21
-446
38
-55
147
-99
58
-89
0
-32
-40
-145
-239
-179
-227
-12
-3
-75
-112
-106
-13
-230
-215
-282
-162
-82
-19
-78
14
-236
25
-185
-228
-65
-143
8
-182
-95
-178
121
-252
-55
-282
-65
-47
-111
-108
-107
-113
-366
-266
-52
-222
-87
-108
-76
-224
-135
-151
-21
-61
55
-216
-327
-120
-133
-338
-6
-129
-136
-141
-119
-256
-70
87
-8
-147
152
-77
118
-99
94
-37
126
-195
-144
-58
-106
-98
-94
-299
-4
-307
145
-121
97
58
-276
-81
-19
-116
-521
-173
-96
-214
48
-184
-45
-267
-102
-240
-145
-218
-255
69
-201
-27
39
-70
-88
-136
95
50
-91
-173
-58
-243
-255
-166
-172
-140
-278
54
-294
70
-129
-270
-97
-127
-176
-177
-114
-1
-213
57
-57
-185
-92
121
-50
-77
-242
-168
-24
-235
-25
-30
-118
-219
-85
22
-142
-107
58
-171
-25
-32
-319
21
-101
-241
-255
-63
-61
-91
-23
-171
61
-203
-171
-210
-293
-178
-208
55
-73
-112
25
58
-140
-266
103
-76
-185
-98
-6
-222
-340
-231
-398
-114
-141
-328
-302
-142
-243
-76
-165
-89
-202
-210
-110
-129
-130
0
-64
-15
-115
-61
-20
-47
15
-183
130
-157
-254
293
-25
-221
-183
-200
-139
-54
-310
-224
-183
-432
-213
-218
-158
128
-192
-71
-130
-222
-119
33
-160
-114
103
-332
-293
-55
-89
-216
-98
15
-78
-248
-189
-191
92
-258
-105
-103
-159
-135
47
-268
-187
-381
-383
-239
-247
57
-192
-168
-74
47
-195
-168
-97
-60
8
-504
-104
-122
-170
145
-49
-109
241
-76
-40
-237
-209
-210
-22
-199
-190
-150
-274
-38
-213
-303
-9
-210
-21
-166
-175
-135
11
-80
-50
-9
187
34
-26
-121
-196
-268
-59
-35
20
-143
-75
-166
-62
248
-117
-204
-176
-202
-19
-329
93
-279
192
-152
-189
-300
-184
-146
-236
-35
-84
-295
-252
52
-189
-142
-106
-135
-210
-106
-215
-36
-39
-227
-128
32
-88
-321
80
-244
196
-120
-225
-340
-142
34
-168
-111
-26
-138
7
-171
-211
-200
-226
-483
-219
-137
-171
-153
139
141
-118
-172
-329
-122
26
-50
-27
-194
-16
-111
-74
-18
-222
-375
-44
-145
-204
-136
26
-275
49
-107
-332
-268
-137
-67
41
-58
-111
-74
26
-306
-93
-216
-206
-305
-124
-112
-173
-154
-316
-6
-162
-200
-481
-50
-329
-166
2
-11
36
-169
-145
-22
44
-87
-113
-304
-292
-120
-164
66
-33
28
-89
-17
-121
105
-239
-190
-196
-85
-68
-256
112
-286
-133
-219
-103
-121
-54
281
-55
-326
-64
-174
-118
-127
-232
-36
-282
-4
-142
-52
-264
-187
-242
-433
-79
-32
-239
27
63
253
-169
-112
31
-67
155
-164
-113
-166
-118
-29
-176
-81
-261
-229
-5
-194
-257
-241
-17
-126
-63
-230
6
-213
62
-87
-54
-117
-234
-33
-39
4
-126
-43
-105
-166
66
-382
-164
-114
-112
47
-213
-88
-302
-87
-337
-155
72
-349
-207
98
-282
-177
-188
4
-113
-331
4
-156
-119
-129
-169
-249
-136
-172
105
33
-298
-107
-7
-286
-144
-158
-37
-179
-138
-148
-210
-20
100
-71
-207
83
-186
-108
-179
82
-198
-182
23
15
-113
-325
-112
-207
42
-16
-7
-105
-110
-305
-139
-137
-9
-108
60
-53
-127
-118
-103
-243
307
-286
29
-23
-95
-316
-340
-182
-129
-114
-272
-68
-37
216
-265
-137
-150
-171
-170
-339
-236
-90
-99
-30
-96
-10
-190
-234
-121
-99
-148
-136
299
-19
48
-223
-99
-266
-180
-118
-43
-92
-42
83
-203
3
-88
-197
-122
-272
0
-266
-74
-23
-217
-68
-107
36
-337
71
-100
-122
-84
-232
-124
-35
-62
-273
-167
-133
-231
-169
-286
-44
-108
10
-132
-157
-140
-187
-151
-18
-240
-366
-222
-14
-70
-85
-9
-80
-4
-23
-109
-72
-105
20
132
-12
26
-104
-148
-68
-185
-209
-68
-91
-53
-53
33
-9
-318
7
-173
-212
-256
-219
-259
-31
-224
87
-206
-174
60
-114
-59
-97
-141
-193
-237
-53
-28
9
-245
-152
-211
-162
-1
-201
-199
-304
-148
-251
-215
-221
-263
-107
-206
-273
-132
-81
90
-108
-34
-112
-231
-235
-43
-211
71
-262
26
-107
-159
-202
-166
-322
-249
-119
-82
-88
-33
-176
-220
-85
256
-18
-238
-18
-195
-188
-274
-8
-116
-245
-223
62
22
-167
-154
-54
-224
-62
-150
-122
-10
-25
-168
-328
-218
-277
-218
43
-54
-176
56
-39
-169
14
-57
-98
-143
-164
-261
97
-143
-222
-67
-220
14
-192
18
-225
-227
-354
-108
-153
-20
-354
-77
-127
-323
-101
-76
-182
19
-295
-198
-86
83
1
-61
26
-129
-113
-126
-248
-157
-20
94
-243
-105
-182
-271
-101
-158
-244
-171
131
-204
-9
-167
-290
10
-146
-101
-97
90
-196
-129
-174
-236
-149
-277
-92
33
-307
0
34
-10
-224
-241
-67
-192
-214
-215
-275
-80
-84
79
-121
-275
-52
-195
-256
-138
-205
-276
81
-134
-4
-193
-235
-220
-16
96
-335
-210
-69
-4
-127
-8
-146
23
-123
-244
-131
-124
-229
-314
1
-23
-191
-341
-240
-71
-347
-55
-89
-46
114
-136
-317
-46
-173
-129
-305
-49
-298
-159
-224
-82
6
-132
-268
-284
-165
18
-59
-155
-150
-117
-89
-91
-54
-151
20
-10
49
-186
-232
-326
-18
-111
-394
-76
-112
-45
-282
-113
51
-101
-68
-34
-301
50
-186
-58
-23
-81
-251
-112
-109
-34
64
-313
-221
-191
-46
-174
-27
-18
-189
-181
-36
-35
-344
-271
-39
-292
-182
134
-375
-63
-296
89
-261
-292
63
-240
-46
-65
-84
-189
-10
-6
-12
-252
-253
-249
22
-138
-124
-76
-417
-108
-279
-155
-171
-241
123
-135
-118
-27
-73
-3
-134
-209
-104
-37
-380
165
52
-75
32
-67
83
-267
-58
-76
30
-134
-84
-306
-197
-153
-32
-57
-324
-152
-12
-160
-175
-171
-282
-113
-23
-20
-198
24
-33
-247
-230
-403
-277
-140
-108
-196
-97
-27
-286
-242
64
-229
-279
-185
-155
-212
-83
-203
-37
-22
-245
-260
-220
-129
-292
-326
-64
-173
-88
-171
-288
-377
-295
4
-119
-2
3
-161
7
78
-65
-37
-65
-111
-33
65
-76
-106
-180
-239
-239
15
30
-290
-91
-79
-104
-105
-132
32
-167
135
-79
-294
-232
-296
-41
-239
-347
-69
-63
-98
-223
-171
-134
-221
-115
-78
-72
-243
-212
-125
-372
-280
-110
-209
-319
69
-180
-98
-152
-82
-84
-271
-99
-202
-83
-219
-256
-366
10
-207
63
-288
-294
-266
62
-140
-90
-144
85
-32
48
-108
-207
110
-25
-77
-442
-2
-187
-87
9
-296
10
-112
-113
-47
-50
-25
-151
-163
-248
23
-25
-43
-136
67
-129
-221
-277
-29
-237
-97
-119
47
-137
-177
-230
-92
-90
-241
-335
-42
49
-126
-60
-192
-212
-338
-157
-18
-59
-24
-203
-200
-130
-57
-182
-65
-89
28
-128
-478
43
10
-194
-103
-257
-153
-298
-161
97
-186
-38
-17
-208
-147
-238
-73
-40
-254
-240
-59
-222
-21
-68
-96
-165
-16
36
-193
-121
-152
-132
-125
51
-27
-113
-159
-232
14
-319
-291
-239
22
-108
-19
-201
-36
-98
-351
-192
71
-212
-228
-153
-5
-93
-59
8
-116
-244
-200
-94
41
-118
-103
4
-79
-325
-232
-95
-72
-271
-225
-9
-163
-144
-151
-84
-281
-239
-308
-326
-231
-199
1
-171
-146
-297
-82
-353
-196
-173
-50
-212
-88
-282
-210
-366
-76
56
-52
-94
84
-115
-135
-151
-89
-129
-91
-227
-204
-101
-167
-51
-40
-42
-200
-107
-178
55
-81
-20
-110
-17
-309
-295
-132
28
-140
-127
-258
-60
-254
-32
-175
-128
-181
7
-265
-202
-182
-260
-86
-81
-59
56
-299
-48
3
-274
-269
68
-21
-186
-158
-20
-174
-338
-63
32
-89
-164
-277
133
-406
-208
-272
-46
-288
-47
8
-210
-66
-21
-199
37
-144
-345
-237
-20
63
154
14
-25
-216
-353
-306
-184
-269
-4
118
-157
84
-169
-154
-113
-196
41
36
-45
-64
-117
-141
-245
-32
-32
-88
-152
-102
32
-238
85
-132
-93
-54
-161
-126
-365
-108
-215
-147
-210
22
-226
-198
-32
63
-83
-201
-266
-176
21
-153
-86
8
-117
-156
-112
-88
-115
-370
-168
20
-210
-65
-141
-313
90
-44
-79
22
-300
-343
-128
-164
-224
-181
48
-171
38
-263
-272
-217
-69
-51
-53
-24
-321
-244
-246
-96
-95
-193
-247
105
127
-60
-223
-57
-224
41
-247
-86
-50
-262
-307
25
180
-198
-105
-62
-101
-316
26
-128
75
-219
-54
-306
-263
-123
-17
-139
-200
-96
-120
15
-69
103
-208
-162
-28
-199
-52
-115
29
26
79
-101
56
-33
100
-60
-167
-259
-213
-143
-85
-110
-180
-68
-130
-186
-67
-42
-154
50
-64
-90
-194
-75
-75
-183
-168
103
-196
-117
-38
-31
87
27
-179
12
102
33
-107
-181
-55
14
53
-3
-50
-56
-186
-264
38
-358
121
-232
-194
-92
-175
8
-203
-103
25
-160
-384
-299
-94
-177
-77
8
-163
40
-227
-260
-239
-285
-125
-119
35
-79
-334
2
-205
-102
-165
23
-293
15
-98
65
-146
-185
-94
-68
-176
-85
-231
-221
-74
33
7
-124
-187
-344
-153
-4
-158
-274
-160
58
-313
-152
28
-191
-175
-14
-215
-98
-62
-123
-150
12
-293
22
-28
-96
-436
-129
-51
-316
-143
-137
-41
-201
52
-240
-25
-198
-86
-132
-28
-64
79
-169
-162
-187
68
-160
-293
-111
-49
-208
19
-289
-187
-231
-24
-178
-330
-241
56
-184
-71
-1
82
-228
-70
-135
-168
-153
42
203
-227
127
-42
44
52
-233
-85
-270
-189
-248
-200
-66
-175
-176
43
-60
81
-237
-318
-110
-218
-167
66
132
-109
-162
-17
-178
-328
-45
-219
-230
20
-244
-128
-147
-77
-196
56
-186
-167
-208
108
-128
-93
-63
-285
-297
-182
68
-138
58
-190
-162
-169
-161
-163
83
-430
-96
-91
-153
-2
-152
-313
-116
-265
-14
-172
-372
80
-215
51
-426
-127
-38
-175
-185
-162
-246
-171
-241
-161
-344
-297
56
-150
-151
-193
-172
-28
-255
-375
-291
-160
-125
-113
-115
-80
-94
-175
-72
-11
-440
-305
-115
-160
-91
-118
-193
14
-18
-172
-276
-216
-129
30
61
-209
-193
-223
-146
-91
-238
-210
-154
-231
112
58
-290
-155
3
-92
-294
-167
-187
-112
-265
-180
-50
-23
-89
93
-120
-372
-251
31
48
-95
-59
-145
21
-4
-264
-43
-105
-4
-83
-55
-53
49
-104
-102
-162
41
-83
-411
-91
-247
-374
20
-87
-255
-108
-75
-319
-162
-310
-21
-58
-229
-72
-71
-68
-42
99
-164
43
-276
-212
124
-131
157
-131
-417
-74
12
-258
-284
-2
-107
-323
-196
41
-132
-70
-212
-369
-142
-181
24
-237
16
-101
-76
-282
-13
-109
0
-142
-139
-127
-183
-109
112
-298
-188
-93
-170
-34
-61
-440
-85
82
114
-102
-267
-272
-155
-170
-236
-119
-235
-209
-141
-91
-200
-143
-110
-154
-219
65
-138
-150
-35
-84
29
-56
-1
-77
-46
-191
-123
-266
-132
-25
-177
-62
-97
-184
-230
-365
-105
-73
-197
-180
1
-52
-189
-35
-352
-46
56
-156
-150
-54
-31
-9
-89
-11
-268
-246
-227
-77
-173
-157
-104
-131
-183
-303
-149
-13
-189
-255
-291
-209
-107
-126
-261
-101
-187
-249
-191
-68
-173
-126
-102
-19
-205
-76
140
207
-159
-174
-193
22
-347
-80
-91
-128
-348
-195
-190
-167
-237
-120
111
-63
65
-57
-327
-59
23
-25
-101
-208
-42
-12
-157
-170
-368
-44
-225
-152
-183
62
-239
-200
-81
-69
-227
111
-270
-162
-97
-156
-254
-129
-283
-102
-78
13
-111
-46
-90
-113
-116
-347
-64
-39
90
-125
-215
-294
-97
-168
-41
-146
-151
-273
-127
-258
-131
-29
-152
-133
-264
-193
31
-163
-41
-195
-47
131
-57
-61
-186
-226
-468
-299
-64
-128
-235
-331
-338
-166
-203
-244
52
-170
10
-194
2
-244
141
-279
-208
-28
-76
-264
0
-188
31
95
-224
-39
94
87
93
-328
-77
-193
-221
-99
-111
-60
-31
-252
-223
-99
29
-205
-90
-90
-180
-151
-62
-97
-250
18
-298
-202
-65
-202
-120
-316
42
-160
-232
-50
-415
-83
-128
-271
-198
-74
-121
110
-204
-94
-211
-51
-212
-87
102
-17
-117
-55
-367
-81
-140
-162
-155
-270
-173
-30
-10
-131
-120
-278
-176
52
-370
110
-228
-242
-181
-162
-109
-73
-68
-214
-140
-166
139
-83
-349
-183
-230
-39
-314
-135
-81
-210
-161
-208
-124
-154
-150
126
-133
-58
27
-237
-67
-120
-190
-178
-283
-314
-129
-200
-206
-331
-148
-50
-227
76
-103
-66
-4
-2
-148
-273
-195
-129
-330
58
-294
-385
-196
-141
-127
-233
52
-250
-149
-17
20
-135
-251
-241
-191
-82
-82
-223
-158
-209
-53
-202
-134
-277
-144
-174
-349
-100
-172
-212
-46
50
-243
-115
-212
84
7
-55
-98
-73
-267
-192
-120
-338
-224
-179
-435
-298
-210
-139
51
-301
-75
-183
-360
-312
22
-124
-232
-118
-59
-146
-26
46
-54
-210
-244
24
1
-175
-249
-338
-118
-148
-214
-16
-166
-139
73
-154
-104
-163
-271
36
-225
-104
-56
-155
-134
-346
-1
-240
-139
20
-164
-8
158
16
-210
-340
-182
-99
-344
-48
82
-251
-22
-105
-56
-132
-223
-61
-224
-84
-166
38
-110
-25
-212
-139
-113
112
-202
-145
-452
-63
38
-42
30
-71
-53
-54
-62
-167
-273
-100
15
88
-217
-106
-254
-106
-334
-33
-50
-284
-51
-196
-187
-137
-208
-89
-328
-210
15
52
-119
-231
-247
-318
-156
-178
148
16
-68
-13
-129
-11
-192
-78
-1
-191
-29
-423
-66
-143
35
-113
-237
15
-199
-175
-300
-69
73
-340
-365
-225
20
-97
-321
-69
-53
-119
-100
-150
-303
-153
-221
-63
79
22
-210
-141
-288
-93
-248
-17
-53
-356
-308
-225
-150
15
-201
-101
-147
-101
-186
-170
-9
-275
-245
-73
-146
-134
-293
-63
-201
-143
-133
-64
42
-290
-123
-100
-114
-256
-173
-410
-141
-148
-253
-51
-136
-254
-77
-205
-107
13
-345
-47
-202
-120
-162
-216
-185
-45
-330
16
-155
-90
-157
-91
91
44
-233
72
-192
-130
-87
-136
-436
-160
-335
-195
-217
-99
-173
-177
-153
-217
-145
-140
-218
-290
-215
-98
-249
-202
-24
-418
94
-240
-266
-113
-66
-94
-267
-42
-277
-200
-106
-319
50
-44
-110
-134
-374
-198
-424
-87
-129
-190
-77
-1
-143
-146
-99
85
-166
-76
-296
-119
-220
-216
58
-57
83
-96
-78
-230
-100
-176
-296
-232
-244
-305
-207
-76
-360
-80
-331
-213
-223
-60
-257
-119
-23
-107
20
133
-191
-290
-142
-181
-174
-165
-42
-379
-317
74
-133
-50
-154
-215
-43
78
-49
-265
-284
-124
-141
36
-170
16
-165
-146
-6
-285
-293
116
-90
-231
-164
109
-305
-105
-232
-144
-163
-100
-272
160
-78
-134
-179
49
-199
-152
-291
37
-60
-108
-301
-33
-249
-53
-228
14
-353
-133
-35
-99
-158
-227
-246
-55
-13
-204
-13
-158
-139
-109
-195
-317
-204
-169
-136
-189
-197
-167
-279
-234
-99
-245
94
-81
-208
-202
-320
-365
57
-128
83
-178
-107
-288
-214
-245
68
-104
-286
0
-50
-22
-151
-206
-167
-36
-112
-263
-6
47
-8
-125
-238
-42
-56
-220
-191
-38
-115
-247
99
-284
-2
-50
-146
-166
-39
-223
-141
-69
53
-305
-162
-86
-91
-274
-131
126
-175
31
144
-381
-116
-8
-95
-274
-173
-167
-80
-258
-153
18
-35
-104
-60
-79
-18
-166
-226
-87
-138
-101
-237
-57
-218
-143
-74
-190
-202
-224
-72
-2
-26
-212
-129
46
-67
-31
-218
-24
-65
-221
-236
-133
-135
-218
-176
-232
-58
-241
10
-313
105
-193
-173
-2
-244
-84
-109
-179
36
-239
-132
23
-102
30
35
220
-163
-312
-327
-303
135
-230
27
73
-22
-245
109
-209
-130
15
-163
-186
-359
-142
-147
-183
-51
-131
-232
-1
-210
-144
-152
-35
-25
-260
-223
-27
-148
-186
142
-93
11
-87
-11
-5
-71
146
-256
-15
-375
-88
-208
-206
-233
-138
18
37
34
-203
142
-89
-152
-41
-108
0
-15
-86
-69
-194
-205
-3
-270
19
-174
-186
-68
-5
-282
17
-130
28
-324
-236
-147
-233
-185
-137
-98
-3
-63
144
-125
-72
-152
62
-106
-194
-337
-151
-42
-71
-262
-423
-289
-46
-13
-40
-222
-191
-241
-264
-217
-288
-175
-203
-107
-32
-193
-133
-191
-197
-123
-255
82
-132
-126
-45
-13
-75
-40
-49
-136
-170
3
-144
-261
-215
-170
-141
-23
-77
-230
-92
-252
-180
-12
-99
159
-271
-57
-180
-232
-88
-78
-111
-175
-151
48
-113
32
-301
-54
-78
-129
-186
-152
-147
-152
-313
-149
-173
81
-142
-369
-107
-291
-139
-169
-162
-137
-208
-137
-201
-220
-72
-135
-175
-179
-186
-229
-253
-132
16
-104
-142
-13
-120
-141
-38
-174
-160
-111
141
-178
-210
-222
-221
-234
-58
-160
-154
8
-247
-201
-113
-172
-169
-80
-118
-274
-20
-222
-10
-257
180
137
-297
-207
-387
-56
-300
-290
-108
-127
-156
-145
7
-206
-77
-60
20
-186
-115
-111
-188
-193
-166
-147
-222
9
-166
-40
-179
-200
-170
-186
-131
-36
-48
-236
-126
-34
-76
-83
-317
121
29
-268
-84
21
-221
-160
-161
-177
-84
-212
-177
-161
7
-92
-78
-234
-107
-230
20
-152
35
70
-222
6
-142
-108
37
-63
-153
-26
73
-131
-341
-274
-170
-254
-147
-35
54
-338
-277
-134
-423
-365
-168
-221
-255
-206
-134
-306
-96
104
38
-223
-71
-223
-206
28
19
35
-83
-76
-210
-35
-174
-12
-155
-229
-262
-210
31
-36
-265
-352
-44
-117
-298
-198
-217
-34
-116
-136
-119
-212
-102
-367
-154
0
-359
-345
-225
-155
58
-171
-114
-4
-47
43
-34
-355
-53
20
82
-130
-171
-171
-156
-83
-103
-91
188
-100
-141
-90
-53
-50
-146
-119
-184
-107
-13
20
-47
-268
-241
-19
-134
-244
-221
145
-128
-99
-98
37
-92
-200
-17
-235
-71
-290
-124
-400
-163
-316
-67
-143
-103
-110
-139
-293
-147
-306
-241
-140
-149
-152
-121
-89
10
-37
-135
-194
-55
-107
-129
-216
-189
130
-177
-143
-277
-201
-94
-375
-238
-171
-302
111
140
-27
-144
-262
-181
-346
-146
-339
-250
-79
37
-77
-240
-78
-257
-61
-230
-244
-270
-244
-21
-400
-165
-127
-134
-121
-350
93
-182
-75
-93
-80
-90
-143
-228
-150
159
-88
-131
-109
-291
-186
-138
-171
-88
-189
82
-92
-194
-175
60
-182
-121
-181
-91
-32
-10
-96
-62
-135
-173
-151
-276
-260
67
23
-275
-278
72
-140
-271
-374
-38
-125
-69
-101
-183
-216
-195
-303
-212
-240
-60
-135
-57
-80
-253
-78
-244
-19
-191
-263
74
-201
-75
-100
-34
-110
155
-77
-191
2
-202
-95
-242
-209
-329
-176
-285
-27
78
-99
-66
-46
-326
-55
-230
114
-183
-208
-185
-102
-290
-268
-199
-113
-53
-27
12
-3
-87
-405
-150
-194
-136
-289
-27
-82
-95
32
-283
-284
-94
-213
-54
-302
-23
77
-195
-160
-87
-80
9
-4
-97
-141
-103
76
-101
-131
-238
-205
11
-81
-196
-250
5
-347
-187
-117
51
-119
84
-83
-186
-205
-182
-140
39
-414
93
-228
-158
-226
-318
91
-212
-123
-112
-266
-261
-275
-172
-126
-76
-356
-112
-188
-26
-164
-121
-248
-44
-9
-16
-264
-226
-243
-382
-252
264
-72
-236
15
-305
-105
-127
-274
-310
-55
-94
5
-155
-249
-430
154
-20
-44
-198
-180
-54
17
-70
-53
-352
-148
-235
-123
-344
5
-362
-56
-154
-3
-205
12
-286
-89
-79
-241
-102
-211
-233
-90
46
-156
-154
64
-291
-101
-206
-189
87
-104
-123
66
-380
-37
-205
-178
-119
-100
-325
-120
-46
-24
-98
-24
-224
-167
-71
-276
-184
-176
54
-122
-66
29
-67
6
-109
-130
-421
-378
-255
-46
-134
-180
-370
12
-235
-135
-359
-327
15
-489
-257
-351
-55
-67
51
-323
-99
-22
-179
-91
-176
-73
-71
-1
-294
-128
-135
-197
-153
-108
-68
-177
-4
-135
-175
-33
-40
-74
-156
-87
-176
-60
-209
-68
-96
-128
-53
-133
-47
-113
-140
-163
-93
-203
14
-125
-245
-163
-94
-455
-170
-200
-303
-168
67
-189
-446
-2
-275
-176
-71
74
-58
-242
-169
17
-155
-129
113
-155
-220
-109
-63
-226
-204
-8
8
-32
-449
12
-163
-42
-157
-115
129
-328
-74
22
-185
-159
-302
-122
-350
-92
-229
123
0
-137
-69
-150
-169
2
-287
-310
-171
-172
-240
-311
-1
6
-296
8
-69
-12
3
-162
-32
134
-187
-56
-297
-87
-11
-158
-135
-118
-114
-90
-4
-258
-134
-116
-319
-216
-392
-333
-76
-277
34
-144
74
-161
44
62
-138
-95
-352
-135
-133
-75
-253
-165
-94
-134
-237
-319
-218
-273
-7
-78
-200
-121
-296
-217
-117
-169
-59
95
27
-142
-38
171
107
-215
-385
-119
-86
-197
-144
-195
-17
-416
-137
-271
-211
-379
127
83
50
-91
137
-47
83
-56
-167
-269
-280
-303
-114
-212
-41
-226
-187
-26
-70
-19
-192
-169
-228
-168
-147
-107
-11
-2
-266
-102
-210
-138
61
128
-130
-66
-135
-416
64
-224
-50
129
0
-82
-135
-180
-126
-18
-82
-66
-59
-143
-183
-119
-27
-160
-255
-109
-136
-125
-301
-13
-209
-352
21
-45
71
41
-230
-227
31
-204
-298
-156
-108
-84
-55
-103
-171
4
-197
-134
-99
-1
-107
-122
-81
101
-240
-254
1
-224
-298
-393
-125
-262
-74
-5
-68
-77
-167
-99
-125
-109
-185
-148
22
-121
-86
-65
-64
-179
-34
83
-357
-29
-230
-115
-153
-279
-65
-92
-252
-340
-32
-212
0
-241
-241
-386
-269
-114
-64
-107
-224
-267
-187
-226
-341
-234
19
-40
0
-39
-103
-42
-344
-225
-189
-47
-214
-88
-263
-76
-153
-136
116
148
-28
-50
-229
-235
-84
-99
-120
-164
-91
-182
-102
52
-227
135
-246
-129
-31
96
-82
-354
-251
-94
-207
-95
9
-257
-130
-151
-202
-111
-275
50
-132
-75
-338
86
-68
49
-148
-20
195
3
-284
-465
-85
-92
-383
50
-231
-317
54
-110
54
25
147
106
-230
-10
42
-142
-247
-168
-306
-267
24
-89
-67
-1
-197
-123
-242
-23
-260
-233
-290
55
108
-96
68
-117
-42
-112
-88
-274
-330
-75
-156
-78
-181
83
-113
205
-128
63
-320
-260
-37
-99
112
-2
-75
-165
-233
-32
-172
-18
-203
-271
-61
-14
57
-72
-244
-225
-121
-20
58
-175
-210
177
-366
-244
-25
-229
-102
40
131
-52
-156
-80
-67
-230
-68
-84
-79
-119
-47
-291
-117
-150
-32
-275
-190
-125
-247
35
-211
-468
-88
-173
-119
130
-32
-38
-96
-109
65
-348
-199
-264
-202
-12
-142
-52
134
-238
-79
-171
-128
36
-124
-182
11
-306
-214
-130
-115
-124
-209
-165
-133
-82
-212
-346
-124
68
-99
44
-98
-75
-38
-346
-138
-120
-36
-59
-256
-30
-292
-67
-242
-185
-169
-335
33
-144
-11
-3
-391
-373
-197
116
-156
-35
25
-117
-61
-307
-51
-238
-128
-197
-203
-168
-157
-288
-124
-101
-213
-80
-25
-14
-276
-160
-359
65
48
-247
-48
-46
-31
-128
-301
-352
-190
-200
-212
-101
-56
-165
-125
-233
-89
-74
-206
-72
-217
-55
-173
-69
-294
60
-55
-208
-71
-134
-310
-185
-43
-26
-260
-445
-238
-265
-105
-67
-185
-330
-38
-4
-72
-217
-285
54
-3
-205
-395
-183
-23
-162
44
-182
-242
44
-38
-19
-84
10
-217
-3
-269
-102
-132
-170
-102
-17
-216
-93
-15
-125
-257
-222
43
-61
-192
-206
21
-163
-182
-263
-73
3
-130
-389
-169
-234
-70
-159
18
-179
-233
-31
-308
-183
-23
-221
-172
-387
-105
-169
-35
-249
-105
-4
-299
-120
-64
30
-335
206
-63
-110
-42
-236
-234
-338
-215
-98
-344
-180
93
-128
150
-62
-83
-122
35
-6
-180
-145
-171
-333
-305
64
-59
-351
-36
-351
-153
-331
-12
-78
-8
135
123
-63
-143
-80
-182
-2
-217
-335
-63
-147
-130
-142
-178
12
-441
-159
-77
-90
-28
-135
91
-51
-41
-98
-150
-171
-8
-31
-214
-23
-14
-328
68
-288
17
-162
-387
-41
-159
215
-206
-50
-88
-240
24
-262
-158
-192
24
-276
-72
-201
6
59
-59
-267
-80
-151
-285
-244
-187
-266
-271
-143
-81
-168
-378
-306
-117
-62
6
-63
-260
65
-93
-57
93
-3
-216
-121
-163
-139
-47
-121
-125
-24
-299
203
-230
-88
165
-356
-52
122
-51
6
135
-146
-392
-170
-239
-10
-227
8
-312
-133
-113
-28
-242
-122
-369
-191
-131
-201
-41
-108
-227
-71
-209
-45
-221
-91
-247
-357
-109
-322
-70
-312
-33
-90
-172
-63
-342
-274
19
-103
74
-205
-65
-104
-198
-45
-82
-410
-239
-136
-20
-160
20
-296
-246
125
-35
-155
-102
40
-72
-158
-120
67
-176
-256
-185
-152
-273
-98
-218
-317
-209
-62
-126
-130
-395
-321
-473
-19
-136
21
-105
-286
-228
-396
-143
-222
-484
-308
-102
-17
-190
-242
28
-152
-170
-140
-217
-85
-523
-258
-258
26
-260
-80
-360
-283
-97
55
-352
-109
-219
-24
-34
-278
-118
-114
-76
-162
-320
131
-154
-255
9
-21
-174
-343
11
-411
-100
-210
-130
-6
-17
-100
-302
-167
-348
-75
-7
-230
-140
-203
-194
-35
-46
-141
12
-143
-317
-214
-156
-230
-264
12
-23
-181
72
-267
-207
-194
94
25
-50
-171
-82
-187
5
90
-235
-270
-154
-116
106
-80
-388
-107
-335
36
-246
-87
-257
-53
-275
-10
1
-23
-169
-164
-156
-325
-185
-187
-259
-125
-206
-26
-75
-33
1
-284
-32
-252
-74
-312
-275
-256
-114
-126
-21
-142
-196
0
-20
-202
-405
-167
68
-22
-35
-212
39
-139
56
-270
-357
-184
-36
-77
-126
-3
-315
-236
-292
-451
-59
-232
-302
-51
-165
-74
-231
-22
-68
-90
-58
-217
-151
-325
-2
-157
21
-236
110
-109
-175
-180
-71
-101
-150
-206
-207
-260
-180
-145
-208
-100
-12
-170
-209
-318
4
-257
-63
-276
-287
-171
-160
-122
-93
-196
65
-165
-336
-119
-8
-178
-6
-37
-106
40
-164
-196
-37
-214
-139
-87
-146
-141
-60
-114
-234
5
-213
41
-106
166
-499
38
-274
-253
-195
-169
148
-209
-216
-255
-137
-92
-195
-185
-272
25
-31
-122
-130
-356
-8
-212
-170
-178
188
-261
-178
-187
87
56
-181
17
-17
-96
-155
-254
-158
-100
-346
-99
16
30
-145
-147
-179
-303
39
12
-149
-204
-64
-130
-3
-39
-60
-43
-194
-212
-211
10
155
-311
-188
-177
-147
-242
-119
-82
-222
136
-390
-199
-120
-44
-48
-125
-261
-122
39
-256
-117
-205
-238
-176
-106
-170
-240
-137
-22
-200
103
-75
-246
-82
-79
-229
-107
-133
-244
-163
-234
200
-93
-284
23
-123
131
-241
-136
22
-228
-64
-221
-107
-117
5
23
8
-138
-24
-273
-140
-32
-154
-215
-174
-390
-174
-235
-253
-168
-223
-179
17
-214
-313
-141
-272
-196
-100
-86
-365
-174
-70
-214
27
-153
-437
45
-117
9
-181
-332
-358
-198
107
-45
-142
-152
-227
-119
-2
17
-298
-127
-42
-296
-158
-100
-89
-257
-205
-191
-188
-22
-65
-2
-43
-261
-231
-201
9
-164
-6
139
-85
-145
-28
-188
-343
49
-201
-272
137
-98
-279
35
-50
-157
-130
31
-179
-208
-239
-36
-82
-384
131
-138
-183
-187
-89
-106
-217
-134
46
-126
-120
-268
-134
-79
-6
-541
-323
-244
50
23
-68
-132
6
-42
-175
-198
-271
-164
-181
-145
-47
-250
-272
-51
-92
-162
-249
-251
-115
-123
-221
-113
-238
-140
-138
-95
-143
-149
-181
-23
-181
-199
-185
-210
-286
-113
-263
-106
90
-154
71
-11
10
-121
-138
-129
-288
-47
-177
-130
-268
-207
-182
-208
-64
81
-246
-151
-42
-51
-229
-179
-53
-78
-238
22
-163
-222
-355
-232
-277
-206
31
-257
-127
-110
-170
48
34
-111
-299
-229
-444
116
-12
-91
-65
-73
-236
-81
-87
-100
-331
-49
-300
-99
-155
76
-8
-176
-149
48
-293
-74
-189
-119
-19
-44
-72
-145
-39
-22
-177
-220
24
49
-9
-256
-154
-330
-95
-38
28
-169
-250
-237
-13
-98
-47
-259
-41
-182
-207
-185
-90
-152
-150
5
-52
-264
-135
-80
-124
-98
-128
-89
-156
-105
-159
-166
-106
-143
-333
1
-194
-264
-138
-205
-68
133
-203
-216
-7
55
-169
-372
-191
-105
-39
-181
254
-15
-95
-181
-163
-190
81
-101
-102
-62
-55
75
-49
-73
-92
-87
-54
-164
-126
2
-297
-161
121
-437
-140
-24
-172
-46
-231
-36
35
-63
-296
-297
-129
21
-381
-150
-236
2
-15
-120
-323
225
-145
-270
-129
-256
-22
-151
-219
218
-100
-260
-171
-266
-108
-72
-272
-253
-326
-126
-348
-251
-136
-197
-381
-33
-244
-166
-247
-315
134
-81
-44
-142
-167
22
-150
-178
-226
-100
-211
-5
-127
-92
-23
-116
-146
-184
-385
-105
-273
-205
-80
83
96
-179
131
-45
-248
-260
-31
-70
203
-49
-86
-193
-61
-173
-294
-222
-176
88
-59
-321
14
35
-84
-116
-391
-129
-261
-193
14
83
309
-104
-239
-179
-73
-336
-127
-85
-244
-167
-324
-195
-109
-88
-243
-185
-188
-51
-91
-111
12
-214
-207
-134
-131
-315
-280
-255
-27
-40
-184
-148
-34
-36
-36
-74
-65
-339
-207
-48
45
-76
-320
-93
-51
-251
-98
-146
-24
-273
-134
-210
-90
-131
-242
-318
-210
-157
-136
-224
-62
89
-210
-169
-159
31
12
-83
202
-224
-269
-3
28
-83
-20
175
-130
-95
-147
-78
-93
-135
110
-79
-252
38
-95
-195
-265
-367
-133
-11
-272
-56
-183
-247
-276
-4
-9
-46
-285
-34
-181
-232
-14
-77
-225
-106
-301
-212
-185
25
-50
-192
76
-277
-197
-9
58
32
-76
-166
-145
-141
-67
0
-97
-136
-227
32
-258
-113
-184
-63
-176
-28
-144
-3
-295
-87
-327
-282
-64
29
-121
-115
-279
38
70
-276
-200
-205
-53
-293
-205
-138
55
-105
205
-61
-27
7
-61
11
113
90
-127
43
-43
6
88
-257
-168
-116
-227
-64
-7
16
-354
-100
-191
160
-97
-277
-123
-226
-184
-66
-258
-50
-215
12
192
17
-27
-204
-32
-233
-290
-150
-322
69
-156
-300
-187
120
-420
-238
-311
-230
-4
0
-122
-83
-13
-181
-82
-113
-195
-98
-130
-162
-164
-245
-143
-273
-55
-3
-196
-48
-38
-276
-202
-169
66
-190
-234
-102
-88
-167
-156
-54
-260
-199
-328
-186
-53
-233
-233
-185
-235
-330
-290
-178
80
-55
-145
-179
-256
-228
-163
-18
-203
-325
-43
-168
-123
36
-199
115
-271
-123
-248
-89
-300
-236
-128
-130
-95
-66
-166
-179
-99
-105
-112
-53
-249
-60
-132
-291
-261
-91
-112
-257
-176
57
-104
42
-186
-11
54
-56
38
-8
92
-132
14
-108
-57
-276
1
-211
-105
-308
-53
-55
-134
60
-294
-158
-123
-269
-125
-144
-58
-165
-201
-135
-234
-15
-338
-173
-21
-7
-215
-88
-86
-262
57
-157
-156
-188
-246
-148
-228
-168
182
-134
-101
-55
-113
-161
-315
-237
-47
-200
6
-53
-198
-142
-118
-280
-143
-339
-243
-306
-173
-37
56
-18
144
-6
-141
-385
-276
-30
68
-177
220
-120
-145
-93
-252
-85
143
-266
-49
-272
-61
-231
-304
87
-144
-18
-226
11
-384
-50
-67
185
-94
-181
-76
17
-253
-173
-95
-199
-115
-48
-67
-110
-157
-219
-74
-165
88
-36
-112
83
-103
3
-64
-225
-28
-199
89
-57
-222
-229
-241
-24
-137
-108
-264
54
90
-215
-333
-75
-72
-57
-98
-41
-99
-171
-53
75
-154
-35
-221
-227
-79
-224
-160
-108
-289
4
-453
-123
-399
-348
-136
-270
89
-14
-50
-6
-244
-144
-276
-275
-103
-280
91
83
-116
-19
-222
49
-54
-194
-93
26
-173
-180
-174
-353
-324
-150
-264
-30
-196
-76
-93
-87
72
-70
83
-24
-93
-43
-250
-75
-196
-253
-78
-110
-296
23
-230
-144
-186
-61
-127
-8
-144
-164
-139
-115
-200
-153
-35
-291
-107
-133
78
-41
-174
-73
-53
-46
-51
-268
-29
177
-137
-169
117
-207
-35
-155
-164
-76
-186
-89
-211
-410
-33
-197
-142
6
-174
-92
-45
-58
123
-12
28
28
82
-168
-79
-69
-125
-121
-78
-171
-220
-51
-140
-264
-167
-210
-353
99
101
-3
-181
118
-71
-96
-335
-333
-260
-121
-130
-45
-232
-16
-399
-102
-51
-361
-277
-146
-26
-265
-182
-84
-136
15
-86
-98
-262
-199
-356
-264
-18
-278
-322
-187
37
-191
-127
-94
-232
-205
47
-207
-106
-218
-197
-90
-85
-33
-94
-254
-26
-182
-44
-96
-169
-58
-149
-90
-193
-228
-76
-87
23
-323
-178
-386
-50
24
-119
-76
-175
-189
-174
-46
-124
-263
-66
70
-78
-60
-101
-161
-160
101
-207
-67
-210
68
-43
-83
-66
23
-289
-274
-231
-249
120
-182
-76
-195
-212
-360
-133
-237
-184
-208
-136
-39
66
28
67
-172
-245
-21
-383
88
-233
45
-92
-219
-235
73
-162
-187
-95
-149
-333
101
-173
-140
162
-286
-123
-169
-111
-160
-135
-55
-138
-122
-159
-198
-146
-225
-269
-32
-117
-123
-186
-190
-36
-202
-191
-338
-100
-260
20
-307
-190
69
-264
-100
78
-51
-285
-258
48
-137
19
-67
-308
-228
70
-207
-96
-114
-317
-138
-23
-73
-347
-179
-327
-211
-265
-376
-272
-83
27
-247
-105
-48
70
-39
36
-39
-182
-281
-155
-109
-269
-21
-74
24
-258
31
-268
-389
-167
-342
-48
-113
-21
-425
-175
-189
-130
-245
-167
-57
-179
-175
-423
-61
-119
-148
-391
-129
53
-113
89
-48
12
-1
-145
-61
-143
-205
-138
-188
-451
-344
-86
-248
-124
-158
-242
-244
-91
-195
-66
-16
-198
-69
-120
135
-109
-159
-120
-8
-127
121
-232
-355
-106
-171
-246
-18
-96
-94
-252
-131
-255
-285
-5
-183
-107
-192
-101
-54
-130
14
-114
-257
-61
38
-154
-24
-249
-267
79
-106
-1
-192
69
-142
-100
-281
-1
-208
-111
-58
-249
-122
-139
143
-42
-135
102
-208
-278
-37
-233
-278
-219
-132
-108
-5
-53
-254
-111
-153
54
-120
-30
86
-192
-95
-182
-158
-155
-68
-152
-90
-51
-188
-15
-90
-206
-248
128
-75
-320
-188
-67
-34
-211
-167
22
-98
123
-247
136
-183
-230
-101
-243
132
-116
-216
-43
-166
-238
-58
-313
-21
-251
-129
-333
-31
-264
-162
-6
-66
-247
-20
-284
-222
-206
-156
-100
-231
-230
-125
-280
-24
-27
-190
-161
-40
15
-311
-121
-201
-80
-257
-320
-29
-322
-20
8
-219
136
-102
-246
-304
-201
-4
-23
-180
52
-159
-170
-276
6
-242
-212
-223
-224
-307
-422
-209
-25
-117
-233
224
-94
-246
-87
-117
-375
-191
190
-180
-80
86
-323
-231
-233
-167
-67
-262
-248
-53
-124
-169
45
-232
-71
-127
-373
1
-209
-89
28
-79
0
-57
-195
-159
87
39
-59
-208
-345
-173
-76
148
-45
-305
-108
-68
-30
-74
-413
-68
-183
151
-355
-188
-69
-61
-39
-65
-133
141
3
-341
-278
-75
-316
-201
39
-85
47
-294
-132
-82
108
-64
-48
-59
-226
44
-270
-241
-39
149
-47
-155
-223
-80
-158
-91
-220
-110
37
-74
-224
-2
-212
72
-416
24
-279
-210
-8
-309
-225
-116
-127
-81
-119
-232
-135
-220
-71
-315
-165
-41
-226
-116
-100
-322
-155
62
-51
143
-220
-135
-136
-259
-274
-232
-171
-252
-136
55
-148
-162
-196
-241
-206
-119
-159
-366
-78
-185
-100
-186
-83
22
-87
123
-70
-67
-373
27
-73
-75
-172
-197
-156
-329
-233
-104
-208
-294
-170
-80
-4
-88
127
-272
-113
-386
-71
-122
7
-36
-104
-348
-16
-56
-210
-355
-440
-189
-35
-498
45
294
-108
-424
-2
-56
-222
-34
-74
-257
-125
-27
-142
83
-303
-44
-250
-238
-48
-339
-202
-162
-28
-116
-120
-310
-72
-139
-281
-36
-160
124
-63
-66
185
-141
-115
-153
-230
-98
-86
-99
-29
-156
-58
-80
-230
-103
-160
-57
-173
-96
-5
-25
-294
-447
-36
-162
-193
-129
-208
-16
-286
-27
-146
-49
-36
-355
38
59
-312
-163
-285
-186
-237
21
-298
-208
-186
-27
-58
-167
-52
-155
-179
42
-129
4
29
82
-27
-238
-41
-61
-370
90
-157
-38
-94
-346
87
-176
-169
-218
-44
-240
-215
-292
-383
-164
-258
-210
80
79
-102
-267
-49
111
-57
-160
-196
-115
-233
-92
-186
-196
-148
-154
-73
36
-414
1
-224
-47
-195
10
-35
147
-108
-292
-69
-301
-153
-163
-124
-266
-234
-248
-177
-241
-101
-82
-250
82
-70
-484
46
-403
-152
-432
49
-149
-398
50
-129
-227
-309
-166
-270
-277
-102
141
-305
-140
-76
-256
-197
-142
-167
-44
-106
-131
-284
-67
-147
-268
-226
-264
-15
-69
-99
-34
-256
-2
23
-187
-10
-39
-475
-44
106
-22
-92
-75
45
202
-162
-169
-31
-57
-62
-256
-161
10
-242
-19
-94
-41
-286
-154
-304
-389
-211
-53
89
49
-273
-102
-158
-120
-132
-63
-244
-93
-202
-229
96
-261
-218
-216
-392
-23
-189
-152
-148
97
-29
-175
-301
-153
-121
-116
-192
-214
49
-254
43
-264
4
-215
-58
-229
-76
-92
-178
123
-12
-337
-119
-235
-85
-105
125
99
-192
-184
-127
-192
-189
-144
-136
111
-273
41
-97
-169
-62
-300
-62
-52
-99
-121
-297
-146
-9
-152
-118
-357
81
-50
-19
111
-233
-38
-98
-247
-224
-152
-173
-56
-19
-226
-51
-134
-157
-26
15
-42
-119
-106
112
-71
-101
-223
-115
-135
-345
74
-191
-76
-466
-205
-51
-175
-298
-121
-77
-301
-301
-178
-187
-152
-74
-218
-309
-64
-185
-69
-161
-46
-258
-269
-84
-55
-102
-126
-89
23
-237
19
-56
154
19
-87
-179
-254
-55
-164
-181
-47
-213
-79
-115
-295
-141
-107
-385
-169
-223
-266
-153
-85
-46
-45
-128
-231
-177
-108
-81
55
-48
33
-52
-253
-168
-166
-223
44
32
-109
-306
-186
-125
-134
-38
-120
-209
-202
-101
2
-218
-58
-46
-81
-22
30
-130
-345
-169
-476
129
-36
-33
-85
-222
-322
-108
-408
-399
-234
-132
-115
239
-57
-61
-108
-70
59
-56
-317
-360
-156
120
-28
-128
-159
-243
-53
-112
-269
-170
-118
-318
-266
-58
-112
-15
-73
-348
-146
-108
71
-12
-94
-46
-335
-158
-208
-104
-30
-152
-130
-149
-202
52
-197
-166
-208
-175
-244
-55
-67
-222
-87
19
3
0
-61
-112
-85
-52
-74
-113
-141
-20
-299
2
0
-369
-208
-106
-163
27
-406
-149
92
-88
112
-142
-70
-65
-189
-123
-278
62
-241
-103
-75
-212
-170
-227
-308
-121
-36
-158
-58
-351
-35
14
99
-54
-144
-127
-252
32
-295
-205
-232
30
76
-150
-254
-151
-111
-186
183
-262
-92
-157
-87
-101
-125
-137
-296
-174
-211
-67
-330
-167
35
-316
-87
-70
-214
195
-99
105
5
-411
120
-36
-84
45
25
28
-217
-250
-149
-134
56
-24
-406
-131
-38
-309
-103
-118
130
85
-280
-104
-43
-278
-133
-377
-100
-143
-267
-260
-16
-127
-186
-106
21
-101
-70
-6
-243
44
-139
-169
13
3
-57
-241
-257
-195
99
-168
-6
1
-60
-75
-408
224
-179
-109
-192
-276
-143
-389
-155
7
-187
-126
38
-218
-321
-111
-73
-87
-170
-222
78
-30
-35
-108
-136
-103
-332
-85
18
-112
59
-145
-192
-155
-38
-386
-89
-246
-258
-165
-32
-90
-236
-71
-251
-110
-134
-110
-243
9
-170
-70
-16
-124
-143
-118
-185
-217
-105
15
-23
58
-233
-397
-85
-87
-130
-250
-198
199
-177
-195
-102
-25
-226
28
-203
-269
-177
-194
-68
-203
-196
-173
-76
-165
-209
-140
-216
-203
-113
0
-252
-88
-15
39
-118
-330
-70
-134
-29
-255
-119
-386
-227
65
-349
-159
-238
-327
-221
-32
-129
-165
-142
-183
0
-62
-195
-313
-207
-80
-125
-219
-74
-16
-35
-208
-323
-158
-228
-12
-362
-47
-161
-136
-58
-91
30
-241
-121
-289
-149
-114
-273
-248
116
-65
-94
-44
-162
-288
-158
-275
-203
-92
32
-129
-93
126
-305
-242
-212
-117
-162
-223
-98
-171
-181
-217
-106
-162
-239
-81
-117
-87
-11
-193
-44
-121
-192
-129
-368
-67
-98
-92
-76
-60
-128
-134
-53
-391
-127
-195
-214
-122
-132
-38
-86
-319
103
-31
42
-124
20
-158
-161
-60
-37
-88
-76
-92
-27
-234
-88
104
21
-52
-306
-224
93
-131
-136
3
-253
-79
-122
-192
-157
-137
-171
-145
-219
117
-83
-427
-129
-139
-48
-266
-181
-94
-196
-68
-108
-58
100
-88
-327
-319
-113
-249
-205
119
39
11
-104
-63
-173
102
-105
-21
-309
8
-131
-115
-281
-175
-183
-55
-239
-194
-237
50
11
-144
-130
-98
-110
-128
209
-251
-183
-374
-126
-147
-246
-257
-171
-295
-133
-141
-125
-88
100
-67
-47
-213
-153
-148
-125
-479
-274
-39
-261
-184
-152
61
-88
-255
-356
-269
-137
-105
-65
-104
-71
107
-226
-119
-160
-142
-125
0
-50
-150
-122
-92
27
-361
-111
-384
-304
-163
-310
-272
131
-183
-163
125
-75
-233
-166
-86
90
-285
-299
-75
0
-117
-159
-331
-347
-49
-165
-73
160
-11
-93
-95
-25
-122
-356
77
-348
-213
-59
-129
-282
-227
-199
-288
-417
-159
-323
-106
-84
-46
-350
-330
-9
-239
-22
-273
-78
15
-241
-64
-137
31
-122
-195
-144
-15
-315
-185
-154
-161
-184
-282
89
-163
-170
-107
-80
-78
-189
-158
-108
-189
17
-227
-117
-142
54
-106
-233
-8
-3
-138
197
-157
-127
-137
-201
-255
-169
14
-220
-100
-236
-185
-114
-122
177
-38
-47
-19
-116
-5
-99
-262
79
-121
-236
-80
-261
-268
-56
-131
-18
-85
-251
-82
-54
-231
-120
-350
-7
-106
-67
-139
-180
-282
-138
-154
35
-264
-35
-149
-247
-261
-312
-206
-114
-262
-159
-164
-180
-294
-92
-186
-163
27
25
-134
28
-353
-285
-80
39
50
-171
-99
-114
-213
-36
-121
-191
-149
-232
-194
-72
-102
-193
-140
-142
57
-310
-135
-214
-15
-255
-29
116
-101
-277
27
-49
-210
-307
-346
-177
-158
49
-16
-193
-176
-155
-130
131
-282
27
-10
90
-39
-204
-155
-99
-187
-62
-58
-133
-21
-243
-299
-114
-136
189
-228
-111
-328
-191
-133
-163
-139
-90
-319
-144
-13
-256
-173
-94
-191
-123
-203
-277
-95
-179
-78
-181
-204
-309
-240
-314
-36
-351
-309
-59
-353
7
-126
-324
-201
-61
-354
-468
26
-96
1
-135
-312
-22
-304
4
-148
11
-26
-212
-201
15
-148
-19
-246
-281
-259
-197
-34
-164
70
-166
-65
-83
-94
-267
29
-194
-228
-79
-501
146
-103
-96
-277
-300
-235
-123
-85
-401
-161
-105
-108
-182
-457
-129
-305
-291
-301
-127
-109
13
195
-214
-11
12
-106
112
-422
-80
-424
-155
-304
-161
-153
-126
-259
59
-84
-306
-240
-317
-53
6
-134
-115
-170
-237
-169
-75
-64
-234
76
-12
-25
28
-118
-229
-190
-328
-54
-249
-203
-219
-2
-145
-171
-281
-43
-211
33
-109
-233
-54
-235
-59
-106
-72
-68
-191
-153
-123
-320
34
-144
-103
-68
-53
-71
-210
-121
-251
-30
-477
-285
32
-184
-83
105
-65
-247
-188
77
-56
-32
-177
-108
0
-108
-155
-165
-217
-56
-287
-278
-122
106
14
-60
-99
-322
-299
-236
-259
-129
-156
-214
-154
82
-64
-103
-181
-153
103
-264
4
-232
-94
-21
-259
-392
-103
-98
33
-444
-320
-318
-171
78
-173
-38
-199
-69
-103
-122
-159
-196
-96
-21
183
-368
-247
-228
-218
-242
-60
-136
-111
-218
132
-161
-132
-174
-141
-187
-185
-95
-109
120
95
-48
-286
-125
-299
-66
-16
-303
-209
28
113
6
-278
-277
-125
-334
-56
-287
-291
-163
5
2
-110
-56
-64
-131
-317
56
-253
-248
-1
65
-11
-156
-239
-54
-160
-221
-45
4
-101
-106
-364
63
84
-106
-172
23
-11
17
-271
-187
-176
-38
-100
-205
-29
-18
-59
-115
-143
-263
40
56
-125
-51
-35
-20
153
151
-115
-190
-74
13
-76
-117
-291
-65
-36
-113
-304
-259
-125
-7
-1
-194
-232
-240
-191
-524
-331
-288
-254
-60
-204
-151
-68
-13
-195
-373
-202
-105
22
-265
-108
-203
76
-208
-36
-170
-117
-93
-71
-117
-214
-348
-292
-106
-97
-164
-247
-318
-144
-293
-67
-95
-125
26
-117
-100
-248
-155
-251
-43
-41
-304
-258
-212
-221
-265
-266
-124
-2
-145
-154
-456
-64
-99
-174
-159
27
-217
110
-355
-8
-335
6
-149
-22
-167
-16
-142
-353
-130
-146
-140
-115
-288
-74
-141
-89
-110
32
-306
-207
-243
34
-114
-274
-261
-148
-244
-148
-116
-184
-81
-240
-140
-39
-69
-44
-373
-120
-141
14
-3
-174
-17
17
-166
-36
-144
-94
-92
2
-299
-75
-133
-217
-139
109
-134
-105
-63
-183
-133
-95
-143
-176
-323
5
-162
-288
10
-227
3
-270
-148
-240
-237
-125
-349
-135
-187
62
-140
-29
-112
-109
-170
-111
-199
-401
-206
-179
-8
-294
-309
-275
-166
-247
-119
-180
35
-49
-82
-48
50
-239
-50
44
-103
61
-166
129
-350
183
-12
-140
117
-242
-236
-115
-356
-169
-11
84
-366
-109
-293
-14
-305
-201
6
-166
-37
-230
-34
-83
-134
-96
-298
-201
-200
39
-1
-62
-265
-162
-216
-186
-234
-154
37
-212
-170
-40
-344
-125
-421
-110
-367
-107
-194
-139
-41
-80
-67
-67
-235
-43
18
6
-150
-280
-72
-51
-199
20
12
-17
-60
9
-306
-28
-21
-351
-119
-96
35
-239
-114
-206
-173
-98
-230
-134
-59
-17
-183
25
-150
-199
-201
-122
-152
-312
55
-33
-53
92
-141
-87
-164
-305
-181
-212
-186
-26
1
-47
-167
-270
-140
-254
-148
-204
-304
-223
-105
-113
-98
-45
-235
-66
35
-7
70
-48
51
-247
15
-218
-220
-51
-107
-38
-206
-281
-78
-58
-135
-60
-174
-129
-81
7
-36
-97
-324
-179
-190
-2
38
-271
-22
-186
-183
-12
-210
-100
-84
2
-35
-124
-186
-25
-165
-51
-243
-46
-15
35
-111
-139
-61
-110
-284
120
-35
-47
-266
-145
-49
-129
-134
30
-475
-142
-17
-207
44
-19
-133
-245
60
-164
-113
-37
-56
0
-220
-199
-352
-255
-138
38
-152
-127
-104
-253
-124
14
-38
15
-81
-92
49
-165
-195
-251
-135
-89
-228
-38
325
-235
-166
-237
-236
-8
-83
28
-69
-100
-323
-70
-18
-147
-347
-117
-134
-12
-148
-13
-135
71
-126
-167
9
-168
-205
-365
-100
-30
-167
-6
-36
2
-96
70
-275
-145
-274
-304
-33
-177
-10
-62
-297
-83
-98
-98
-9
9
-47
-137
-4
-170
-58
-105
-103
-266
-27
-30
25
-157
90
7
-129
-145
-200
-266
-138
-217
-74
-256
-251
-242
-94
-254
-274
-160
86
-32
2
-237
-98
-110
-157
-179
153
-214
-85
-115
-375
-171
-323
-74
-50
-181
-182
-87
-31
-442
-201
210
-207
-129
171
-229
-47
-154
112
154
-382
35
-98
-46
-237
-175
-323
29
-158
-68
-155
-34
-48
-241
-209
-107
-50
139
68
17
-241
-353
-151
-238
-249
-87
-272
-176
3
-200
-46
91
-2
-282
-51
66
-222
-98
-69
-41
17
-81
-23
-54
-207
-175
-132
-234
-64
-262
-287
-82
-151
-275
-139
26
42
-25
-141
-151
-6
-206
-219
-91
-216
-315
-117
-219
-126
-118
71
-117
-199
-105
-146
-141
-140
-211
73
-422
-393
-158
-107
-114
-71
-74
-105
-319
-51
-76
-236
89
-110
-140
-105
-127
-380
-145
-143
-56
-203
-220
9
-264
-12
-278
-196
-310
93
-352
-27
-312
-25
-157
-224
-32
-130
-69
-132
-46
18
8
-269
-54
-168
-256
-185
-257
-144
-113
-149
-91
-101
-155
-161
-81
-231
-172
-115
-187
-218
-252
-264
-231
73
-97
-259
-157
-190
-135
-170
59
-92
-108
-47
-64
-34
-217
-399
-221
-396
-182
-108
-65
-98
-292
-178
-209
-241
-166
-296
-157
-360
-75
49
-8
-264
-286
-487
-146
164
-72
-170
-37
-115
97
-87
92
-303
-212
-83
-131
-100
-103
-126
-221
-101
-46
-65
-197
-100
-211
-192
-45
-227
-30
-21
134
-221
16
-141
20
-25
-295
-254
-474
-61
-133
-29
-106
-38
-64
-219
-159
-66
-50
-89
-284
-259
23
-283
-25
-164
-85
-103
-212
-273
-111
-363
97
58
-247
-25
-67
63
-329
-96
-167
-241
-171
124
-309
-65
-16
-230
-393
-458
-70
-221
-283
58
-120
-153
-256
-280
3
-318
-7
-218
-134
-191
-128
-269
-60
-154
-84
-172
-89
48
-106
-145
-167
-56
146
-60
81
-202
-75
-59
-241
-94
-78
-341
-205
-55
-119
5
-288
-52
-383
31
-102
-432
-132
-246
-139
-218
-165
-66
-18
-173
-167
-210
-19
-205
-70
133
-353
-83
-302
-201
17
-205
-219
90
-198
-129
-252
-135
-256
-39
129
-374
-131
-60
-194
-128
-347
-249
-68
141
-207
125
-202
-321
-283
-118
-271
-24
-100
-255
-238
-248
-199
-183
-228
-29
-128
-268
-105
-209
-210
-223
-260
-20
-141
-148
-255
-216
-433
-297
-124
-254
-151
106
-46
-18
-33
-271
-206
-162
-78
-428
-267
-194
31
-43
-5
-126
-109
-223
-50
-121
-248
-154
-122
-160
-152
-154
-111
-93
-210
-179
-156
-94
-83
-35
-202
28
-283
-74
-172
-107
-177
-312
-69
-144
-113
38
187
33
-160
-204
-194
-180
-214
-350
91
-278
-172
-75
-101
-63
-74
-106
-44
-340
-68
-270
-169
-9
-152
-99
-86
-266
-21
-242
-273
-37
-87
-170
-164
-88
-196
-58
-211
-57
-123
-95
-89
-82
-113
133
-119
-101
-49
-95
-290
-196
75
16
-35
-353
-124
-326
-13
-317
-385
-205
-113
-47
-228
-82
-37
123
-412
-296
-167
-94
-256
-170
-163
80
-111
-157
-127
-196
-337
-164
-168
-28
-146
-159
-51
-163
-190
-374
-177
-317
-255
-4
-213
-152
-117
-253
-338
-107
-177
-109
-126
-162
-134
-309
-103
-166
-158
-278
-139
-131
-115
-207
-271
-113
-113
9
-63
-350
-17
-196
-194
-363
-180
-201
-148
-217
126
-30
14
8
-224
-105
-217
-133
-42
-107
167
8
-157
-240
-16
-186
-91
-226
-30
-111
9
-174
-38
9
-299
-221
-42
-103
-20
-246
49
-15
134
-35
-238
-265
-403
108
-192
-130
36
-204
-133
-215
-151
-17
-218
-168
5
-151
-259
-242
146
-99
-25
-144
70
-50
-80
56
-219
-15
-2
-222
-230
-293
7
-235
-116
-296
-180
27
-276
-191
-171
-125
-198
-34
39
104
-164
-287
-145
-212
-4
-151
-163
-149
-65
-277
-271
-251
-128
-78
-189
-291
-162
-182
254
-124
-196
-160
-109
-174
-10
-458
-68
-85
-197
-84
-170
-203
-32
6
-152
-215
174
-112
-38
35
-145
-164
31
-192
-3
-166
-189
-27
-98
-147
-258
-250
-86
29
-251
36
-126
-142
-197
-18
-38
-316
-284
-156
-138
-178
-115
-265
-184
-213
-29
-297
-226
-289
-97
-92
-180
-281
56
-103
-314
-118
-253
121
136
63
-98
-90
-162
-92
-161
-65
-169
-27
22
-9
-36
-40
42
-323
-412
-120
-89
-254
-371
-251
66
-10
-255
0
-147
-66
-59
-84
52
-175
-263
-197
181
-205
-96
-340
-171
-366
-90
-358
-136
17
-363
28
-154
-38
-103
-167
-81
-210
63
-219
-258
-47
-180
-129
-256
-376
-73
-127
-81
-354
-186
-25
-62
-122
2
-415
-159
-309
-74
-204
-163
-168
-8
-93
-72
147
58
-90
49
-71
-11
-233
-327
-122
23
-168
-150
-200
-154
-175
-72
-264
-138
96
-230
-80
-333
49
-150
-87
-79
-260
-227
71
-278
-203
17
-338
-92
-22
-150
89
42
-167
-236
-48
127
-200
101
-167
-193
-80
-258
-3
-253
-342
-207
-228
-117
-116
-218
-156
-277
-183
-327
-137
-371
-366
-51
-130
-228
58
-22
-20
-306
-312
-240
11
-132
22
-108
-54
-51
11
-176
-361
-161
-322
-298
-108
-209
-195
-277
-171
-195
-159
-317
24
12
-274
-356
-136
-227
46
-111
-3
-194
-15
55
-73
-89
-230
-192
-227
-26
-225
-51
-211
-243
-41
-57
63
-146
-121
-224
-74
-249
-320
-295
-158
-100
133
-274
-369
-202
-227
-54
-201
-76
-115
-148
-246
-58
-48
-113
70
-27
-94
125
-176
-24
-325
-10
85
-254
-94
-9
-45
-447
-78
-262
-134
-82
-228
-322
-302
-424
-241
-203
-76
-222
-100
-168
3
-78
-113
-369
-210
-65
-119
33
-133
75
-19
-202
-143
-293
-26
-256
-114
-226
-216
-366
-124
-219
-40
-300
-192
-94
9
-95
-19
0
-238
-217
-415
98
-262
-296
-287
-210
-224
17
-185
-131
-107
-454
-153
-61
-203
-84
-315
149
-125
-217
136
17
-86
-141
-72
-76
-81
-150
-32
-176
-19
37
-206
-216
-64
-130
-39
-118
-332
9
-50
38
-151
-328
-21
-241
-284
-69
-32
-131
-199
-85
-63
32
32
-73
-253
-145
-174
-240
-79
-124
-166
-76
-40
-336
30
-235
-181
-111
-153
-159
-193
-25
-56
-361
-145
-11
-318
-49
-413
71
-96
-345
40
-4
-114
32
-193
-120
-173
-70
-263
208
50
-239
-199
-89
-34
-183
128
-106
48
-75
-313
-211
-257
-242
-3
-196
-216
-269
-353
-261
-84
-114
-63
-281
-287
-39
-369
-434
-34
-42
-104
168
-223
9
-182
-294
-73
-263
-221
-249
-46
-163
-328
-356
-269
63
-126
-233
-90
-106
-147
-100
-303
-335
-58
-143
-135
-324
-232
-181
-17
-300
-92
-15
-71
-131
-196
-171
-429
-154
-45
-293
-328
-1
-13
-262
-29
-22
-505
-134
-202
12
-105
-189
-462
-75
-267
-92
-315
-14
-138
-498
-317
-88
-186
-78
-376
-215
-389
46
-201
-353
-315
41
-141
-18
-197
-208
-1
-340
-196
-1
-72
-15
-52
38
-95
-126
-129
-132
-86
-164
-166
-146
-67
-275
94
-132
-107
-167
-208
-247
13
-3
-62
-205
-255
-172
-184
-62
-87
-196
-167
-128
-128
-109
-258
-24
-218
-320
-223
-332
-260
-181
-151
-243
-36
-194
-203
55
52
-141
-181
-227
-6
-174
-176
-314
-116
28
-6
-337
-114
44
-134
-237
-365
5
-166
-118
-61
-114
49
-88
-71
-247
-210
-165
19
-100
-329
-66
-408
-216
-39
-164
-62
-320
-131
-266
-65
57
-271
-267
-200
-288
-228
-82
-435
-165
-111
-251
-382
-138
-130
-160
-148
-129
-201
-94
-198
-44
-35
80
-229
-85
-196
-125
-286
-114
-110
-180
27
-231
-45
-173
-291
61
-5
-73
-101
-154
-205
11
-4
-45
-2
-202
-37
-149
-332
-312
-130
-49
-174
-87
-161
-124
-121
-16
-43
-49
-207
-42
-190
-14
-253
-47
-192
-167
-194
-282
-285
-246
-7
-28
-96
11
-138
-102
-60
-230
-192
-160
-154
-125
-188
-201
-206
-203
-117
-181
-245
-67
-140
-108
-118
-90
-83
-232
-324
-366
-344
-319
-231
-91
-432
-351
-174
-155
-108
-6
16
-176
-228
56
75
-225
-24
175
-232
-97
-268
-80
-298
-266
-107
-217
-252
-221
-345
-24
-154
-28
-204
80
-3
-115
-246
-64
-258
-253
-91
-30
77
53
-29
69
15
-239
-145
-131
-269
103
21
-199
-18
-151
-101
64
-99
-36
-259
-415
-348
-121
-248
47
-409
14
60
-166
-218
-148
-104
-115
-137
-101
-101
-74
-219
-125
-124
-170
-222
-239
-14
-62
156
-139
-53
-199
-88
-166
-208
-160
-19
-161
-330
-16
-211
1
72
-242
-29
-244
-294
-252
-23
-68
-189
51
33
-323
5
37
-32
-110
-81
-306
13
-74
-39
-48
-24
-202
46
-125
-53
-56
131
-292
-135
-116
4
-386
-194
-73
200
-271
-236
-179
-114
21
-215
-158
-170
-219
-34
-186
-310
-21
-266
-108
-51
-300
-227
-152
-122
-62
-150
-141
-246
-210
-151
-250
-62
-219
-116
-136
-236
-166
-128
-244
-191
-13
-58
-38
-163
-227
-23
-163
-284
-132
-166
-103
-19
-303
-156
-194
19
-225
-272
-56
-10
17
15
-297
-268
-75
63
-4
-81
-171
-131
-94
-130
-41
-121
-231
148
-185
-192
-132
-135
-351
137
-172
16
-158
44
-94
-286
-175
-46
-25
159
-25
-86
-161
-172
-170
-33
-232
-267
-185
-53
-121
-150
61
-214
-395
-175
-265
-89
77
-90
175
-85
-91
-109
-36
-204
-207
-162
-168
-133
-273
146
-34
-169
-240
-66
-23
-105
-427
-119
-250
-187
-119
-351
-20
-160
156
-208
-238
-178
62
-134
-133
-354
-56
-100
-8
117
-40
-62
-239
-5
-238
-115
-59
-131
92
-47
-267
-304
-296
-285
-138
-187
-236
-77
-284
-173
-191
-29
-251
-240
-169
-67
-155
-266
-408
-356
-64
-279
-215
13
-11
-114
-140
-195
-161
-354
-205
-81
-245
-131
43
-334
-270
-103
-316
-103
-121
-361
-149
-28
-309
-33
-262
-34
-91
13
64
-182
-85
-66
-230
-19
-339
-205
-80
-181
-182
-92
14
-354
-278
-59
-26
-99
-64
-245
-147
-157
-118
-97
50
-204
-99
-148
-201
73
-53
-40
-50
-164
-50
55
-207
-173
-95
-197
-235
-161
35
-187
-101
-166
-42
-317
-31
-169
135
-62
-24
-335
-81
-132
38
-152
-140
63
-46
-117
155
-140
-82
-164
-43
63
-106
-279
-27
-174
-55
12
-247
-202
-167
-130
-1
-118
-254
-31
-397
15
-77
-138
-87
-214
-180
-44
1
9
-273
-95
-138
-34
-66
-185
-141
-46
-180
61
-68
-257
47
-256
-161
-195
-332
-197
-34
-51
-359
-359
-323
-99
-185
-390
-179
-130
48
-161
-3
-35
93
-270
-194
-150
-198
-258
-236
-266
-2
-105
-281
-25
-432
-177
-171
-158
-274
-249
-71
-108
-19
-155
-184
-48
32
-97
-302
-358
-227
-97
-41
-135
-152
-276
-335
23
-222
-243
-348
-196
-198
-38
-63
-317
109
-228
-345
13
-156
39
-8
-268
35
-149
-224
-127
-284
-265
-112
-144
-123
-342
-92
-13
-312
-171
-36
-42
-61
-77
-183
-51
-66
-186
-188
39
-38
77
180
74
44
-238
-182
-20
-114
14
-74
-52
-244
-117
122
-77
-141
-111
-56
-119
-273
-60
-270
-122
-203
-139
-181
-113
-209
-115
-147
-189
-213
-98
-82
-99
4
26
-305
26
27
-28
-209
-31
-255
-154
-284
-92
178
29
-41
12
-258
-329
-205
-161
-229
-265
-107
-156
-183
-198
-136
-76
-113
-32
-153
130
-164
-137
-56
-172
-88
-206
-316
-89
52
-186
-155
-91
-149
-170
-281
-146
-174
-196
51
-146
-391
-93
-7
-138
-165
47
-159
-177
-293
-210
-56
-53
86
-315
-193
13
-103
-387
-296
-186
-91
-49
-172
-140
-30
-49
-109
-269
-187
-316
-113
-110
109
-42
-127
-95
-79
-161
-46
-45
54
-45
-317
-79
-66
-264
43
51
-161
-140
-258
-142
-131
-104
-277
59
56
-64
-220
-269
-110
-160
40
-290
-372
-86
-141
-7
-115
-107
-251
-484
-87
-188
-191
-84
-104
-247
-114
-42
-195
-365
-198
-157
188
-176
-37
-15
-30
-249
-246
-252
-190
-174
-76
-151
-84
-103
-113
-139
-46
-30
121
-237
108
4
-335
-100
-84
-14
-11
-172
65
-229
-151
-257
-163
-25
-109
-212
-41
-105
-258
-211
-316
41
13
-21
-192
46
32
-198
-138
-163
-23
-237
-71
-338
-111
-257
-165
-126
-170
-98
-224
-136
-39
-89
-120
-227
-330
-162
12
-112
-299
-219
7
-136
-49
-343
-74
-107
-82
-430
-86
-129
-192
-66
-162
-125
-40
-167
-224
-117
-68
-115
-250
-156
-225
-112
-231
-136
-119
-73
-256
46
-125
72
-255
-344
101
-38
-157
-181
-43
-225
-199
-155
-30
60
-3
13
-121
42
-141
-138
-157
-152
-248
-31
-249
40
44
-243
-29
-105
-47
-276
-232
-36
-74
-138
-269
-195
-76
25
-44
-282
-288
-181
-88
-90
-10
-55
-79
95
-397
-104
19
-46
-315
-173
-277
-299
3
-189
-183
-117
-96
146
-168
-182
-355
-195
47
-201
-199
-96
261
-127
-232
-217
-1
-261
-236
-237
-147
-249
-181
-191
-232
-69
-279
-156
-73
-160
-270
-92
-124
-282
-217
-237
-100
-193
-237
-104
49
51
-100
-43
-76
-126
-304
-431
-59
20
-251
-35
56
-99
-79
-6
-358
-293
-197
-183
-208
48
-183
-135
-104
-60
-329
-56
-91
-170
-241
-3
-93
17
-1
-368
-55
58
-274
-119
35
-189
-267
58
-157
-258
-287
-208
-23
-370
-183
106
-107
-6
-168
-158
-244
82
-44
-65
-99
-14
-94
-63
88
55
-144
-207
-173
-132
-84
-97
-255
-99
-201
52
-447
2
-101
-265
-330
-202
-101
-27
-188
-222
-274
138
-271
-173
-115
-225
-45
-46
-175
60
-234
-139
-31
-124
-44
-193
-303
-37
16
-90
-239
-66
-198
-307
22
-95
-91
-116
-224
-207
-99
-86
-45
-163
4
-43
44
-229
-136
-25
23
-102
-147
-214
-222
103
-133
-73
-245
-159
64
57
-86
4
-172
-66
-363
-37
-284
-61
-375
-36
25
75
-138
-19
-287
-91
-286
-179
-278
-266
-158
-125
-348
-72
78
-12
-55
-276
-144
-221
-4
-91
-68
-99
-61
-406
-129
-179
-246
-132
-241
8
-174
-80
-77
-291
45
-217
-325
53
-186
-237
-254
-239
-150
-5
-171
-141
-411
-79
-18
4
-294
-199
-94
-104
-33
-278
-189
-276
-116
-320
-208
-144
30
46
-175
-99
-229
-257
-172
-157
-165
-21
-17
-318
-111
-269
-117
-132
-173
-137
39
-222
-94
2
164
224
50
-116
-293
-279
-163
-136
27
-64
74
57
-212
202
86
-245
-351
-8
-116
-205
-202
-96
0
-327
-5
-276
2
-56
-127
-201
88
-87
-117
-65
116
-221
-156
-143
-117
-32
-418
-47
-198
-331
-282
-101
-233
-137
-324
-147
-250
-133
-162
-116
-198
-129
-81
-118
-226
-102
-144
-58
119
-126
-192
-214
-93
29
-191
-309
-192
-31
-37
-238
-203
18
-307
-199
-244
-160
-141
-66
-256
-153
-212
31
-84
-300
-198
-62
-386
-236
-142
-299
-326
35
-149
-176
-170
-74
-62
-94
-56
-78
-342
30
1
-173
-155
-31
-52
-244
74
-320
55
-8
-9
-149
-89
-257
-156
-62
-219
-142
-65
-110
-209
-152
-76
147
-101
-325
-240
-140
-9
14
-57
-348
-189
-89
90
-259
-73
-275
-173
-107
-207
-17
-281
-183
35
-46
-7
-319
-359
41
-278
107
58
96
104
-150
36
-354
-279
-139
199
-99
-64
-197
-46
-10
-371
-328
-249
-141
81
-158
-251
-66
-14
-57
-212
-86
-144
-205
-161
-220
-181
-331
-332
-76
-344
-175
-335
-269
-73
-168
-63
-342
-100
-210
-193
-62
-149
-301
-96
-240
-17
-169
-69
-87
-170
-97
-215
-128
-300
-53
-364
-104
-243
-220
-180
39
-178
-295
-10
-7
-66
114
-66
-65
73
-97
-117
-323
-175
-202
-1
-108
-66
61
-191
-12
-56
70
-128
-42
-2
-190
-101
26
-266
-92
-380
-71
-291
-201
-264
107
-189
-72
-87
-298
-258
-232
-134
-8
-287
-118
-166
-8
-115
-177
-25
-141
50
14
-218
-99
-13
-318
-39
-27
90
-65
-229
-73
-106
70
20
-151
-86
-15
-94
-104
-326
-108
-39
-198
-516
-70
-108
3
41
-47
-3
-458
62
-134
-136
84
-333
-211
7
-146
-38
-188
57
-136
-120
-358
63
-247
-99
-41
-165
-246
-83
-219
34
-30
-142
-131
-117
72
-188
-98
-128
-37
-180
-403
-62
-41
-237
-139
-94
-57
44
-275
-33
-150
27
-95
-183
-60
-10
-315
21
-198
243
-242
-164
-302
-65
-101
81
-183
148
-194
-29
-379
-272
-141
115
-78
-14
-314
-131
26
102
-18
-318
-271
-201
-152
-9
-242
120
-161
76
-156
-203
-316
-239
-118
-251
-80
-40
-274
-228
-225
-371
-179
-326
-70
-173
-99
12
-206
-33
-122
-110
-196
31
-415
-188
-160
-192
-50
-235
-191
-177
-76
-204
-96
-160
-25
24
-124
-132
-24
-46
88
80
-11
-259
-200
-38
65
-131
-208
-103
96
-195
-39
-157
-217
-247
-182
-162
16
-28
-452
-33
-264
-144
-142
-385
39
-189
-93
-105
-28
-437
-70
-69
-204
-222
-122
-127
79
-225
-200
9
-336
-136
4
-133
-267
-43
-116
-179
-304
-41
80
-147
-189
-153
-111
-200
32
-330
-261
-11
-253
-75
-115
-195
-132
-178
-222
-90
-240
-64
-192
-21
-327
-41
-39
-368
59
66
-115
-141
73
-200
-81
-159
-167
-79
-71
-209
-450
-394
-101
-365
-146
-1
-168
-306
-59
11
-167
-89
-125
-4
-223
-265
50
-303
-209
98
-368
51
-212
88
-183
-40
55
-125
-244
-208
-155
-334
14
-40
-99
64
83
-115
-107
-125
-98
-173
-14
12
-17
-189
-159
-250
-65
-23
-387
-80
-288
-41
-42
-93
-257
-129
-253
-50
-258
-98
-153
-21
-176
-301
-102
-189
-146
-198
-69
-266
37
-75
-239
-35
-14
-201
-99
-34
-110
-133
-299
-141
-66
-40
-396
-179
-34
-104
-169
-237
-5
-54
-422
-224
-153
74
42
-168
-202
-249
-201
-15
-322
-22
-186
-319
-208
20
-109
-57
-340
-175
-141
-22
18
-258
3
-61
-279
-10
-143
-351
-198
-109
-119
-213
51
-47
5
-224
-272
-172
-337
-170
-26
-237
-8
-114
-280
-86
-220
85
-94
-101
-84
94
-94
-41
-31
-95
-211
-313
71
-103
-69
-170
35
-24
-114
-312
-117
37
-49
11
-127
44
-343
-203
-47
18
-137
-117
-242
-251
-222
-42
-107
74
51
-204
-95
60
-187
-185
-26
-64
-248
-12
-65
-27
-110
-158
-200
-75
72
-214
-227
99
-154
-264
-280
-215
-145
-7
-43
-114
-174
-62
-218
-23
56
-154
-82
43
-306
98
-463
-78
-82
-280
-110
-159
-231
-103
168
-152
-180
-48
16
-99
-233
-306
-161
-164
-223
-17
-78
-131
13
-153
-217
-244
-110
102
-136
-86
-130
-161
-165
134
-27
40
-166
-412
-51
-176
-228
-108
-394
-310
-17
-174
-141
-3
-76
-53
-197
-117
-246
-201
-246
-243
-163
21
-28
169
-58
-120
-274
20
-43
-77
-235
-96
-210
-299
28
-85
-141
-351
-239
-257
-90
-30
-110
-156
-10
-96
-35
-183
-51
-59
-352
-92
4
-175
-114
-87
-220
-195
-355
-317
-142
27
-69
-151
-89
43
-227
-139
107
-420
-186
-25
-84
-8
-143
-104
-126
-34
-200
14
-158
-240
-72
29
-14
71
-130
-215
-12
-229
-32
-111
-196
-129
-9
-78
-162
-174
-125
-104
-151
-168
-96
-295
-169
-178
-63
-177
-80
-193
-267
-191
-198
125
-294
-150
-92
-3
-170
-59
-19
-183
-181
-128
-116
-61
-91
-109
-114
-195
-357
-170
-115
124
-296
-152
-191
-96
-149
-14
-144
-177
-136
-185
-195
-152
-188
-168
-242
-122
28
-276
-106
-159
-47
-161
-17
-226
-168
-47
-361
174
-341
56
-259
-219
-68
-183
-154
-44
-103
-8
-53
-178
54
-165
-247
-262
-463
-182
-299
-187
-63
-42
-151
-146
-56
-194
-321
-22
27
-190
-44
-103
-156
-183
-239
-72
-129
-109
56
17
5
-439
-126
-230
-281
-236
-220
-3
-193
-174
-55
91
-162
-154
-143
-140
-117
105
-26
209
-108
-64
-43
-15
-92
-81
26
28
-19
-120
-60
-164
30
-406
-252
-299
-232
-261
42
32
-321
-158
-161
-262
-13
-213
-82
-119
-258
-279
-252
-38
-214
-105
-24
-120
-170
-144
-222
-98
-301
-133
-66
-133
36
-89
-255
-42
-243
27
-43
-253
7
-214
-207
-192
-138
-140
-293
-220
-37
-211
-53
-67
-139
-211
-254
-330
-40
-65
-102
-277
-145
-161
-21
-37
-78
-16
-180
-105
-337
-276
-112
-63
41
-7
-18
-251
42
-249
-254
-57
-70
-161
-201
-47
-288
-143
-201
-340
-246
-252
-35
-211
65
-463
55
81
-115
-127
-318
-40
-165
-173
-55
-159
26
-212
-266
-68
-104
90
-152
-31
-67
-71
-26
-88
-9
-271
86
18
-304
-245
171
-380
-265
-38
-7
-182
-84
-426
-3
-104
22
-111
-201
-58
4
205
27
-105
-303
-164
-289
-233
-136
-230
-325
-94
-119
105
-89
-2
-506
-207
-1
-1
-184
-95
-44
-241
-56
-38
-286
-271
-74
-237
4
-208
43
-278
-162
-12
-353
-254
-170
-226
-205
-247
-184
-312
-235
-208
-163
-128
-127
-226
5
-18
-161
-173
-155
-376
-108
-263
-47
-138
-259
-350
-106
-88
-282
-118
26
-172
-28
51
-38
-78
-290
-195
-141
-109
-204
-393
-246
-434
-203
30
-348
-68
-116
-24
-98
-353
-263
-335
-284
-170
-164
-146
-179
-37
-71
-113
-55
-258
-98
27
-262
-68
-261
-236
-57
-113
-211
-212
-249
2
-90
-76
36
-168
-65
-248
-19
59
-186
-212
-99
-53
-191
-151
-10
1
-153
-121
-247
-233
-57
-137
-267
-62
-220
-272
-292
-27
-245
-361
-57
-191
61
116
81
-182
-9
-181
-217
-176
71
-267
-38
-247
-141
-161
8
36
76
-146
50
-125
94
-124
-233
-101
-278
-114
-170
10
-180
-86
-232
-301
-261
-117
-13
-143
-70
-180
-129
-48
-346
-28
-217
-131
-119
-150
9
-43
-510
-206
72
-22
-263
95
-198
-41
-215
-341
-48
-209
-136
-17
-248
-139
124
-84
-267
-108
-77
-86
43
-174
73
20
-424
-136
-257
-111
-207
-177
-153
-43
-159
-119
-234
-140
-12
-35
-179
-238
-27
-42
-342
-155
-93
62
-147
-142
-39
58
-105
-190
-210
-43
-214
-135
-188
-293
-331
-75
-124
156
-166
-96
-242
-126
-106
304
-63
-80
-211
-63
-188
-81
-2
-365
-232
-422
-75
-127
-293
-90
40
-120
-120
-275
-55
-302
-392
-159
37
-137
-214
-122
-50
12
-220
-123
-130
-154
-123
-88
16
162
-288
-211
-243
-190
-247
-140
-271
74
-425
-164
52
-269
-203
-53
-129
2
6
-119
-74
-160
-139
-212
-123
-249
-103
-392
77
0
16
-154
-266
-212
-70
10
-272
-68
-164
-128
-138
-116
-209
-97
-74
-190
-141
-158
12
-23
-12
-107
-203
-159
-329
-73
-417
-255
-105
-14
15
-109
-249
-4
-306
-278
-183
-287
-66
107
-275
-100
-431
-124
-181
-152
-140
-150
36
-318
-74
-71
-136
86
34
-11
-110
-158
-205
16
-297
-120
-122
-152
-314
-313
-73
-293
22
11
-252
-251
-99
-21
18
-393
-101
38
-163
-96
-173
-73
-141
53
-238
-137
-90
9
-223
-126
-125
-86
-258
-231
-69
-285
-145
-7
-169
-101
77
-23
-147
-67
-130
-158
41
33
-44
-47
-15
-149
-156
-183
284
-169
-30
-321
-123
-137
-294
-306
-232
-123
-161
-8
-331
-88
-147
-66
-257
-267
-189
-12
-46
-311
-177
-317
-230
-88
-195
-294
-234
-29
-192
-220
-55
-135
-357
38
-276
-125
-125
-260
-192
-150
-84
-18
-168
39
-126
106
-223
-191
-249
-119
-337
-205
-151
-91
-305
-55
-205
-69
-331
-293
-157
-94
-126
-385
-231
-168
-235
-167
-164
-279
-224
-195
-292
-182
-104
-55
-155
-42
-297
-9
-165
-242
-356
-154
-113
-267
-68
57
-204
-112
-288
-41
-223
-54
-68
18
-283
-322
-278
-200
-78
-87
-226
-112
-105
-243
-174
-125
-195
-115
-136
-63
-90
-57
-379
-163
-187
-200
-192
-311
-79
-287
-491
-182
-280
-228
-209
-132
-101
-305
-190
47
-326
-130
140
-301
-218
166
-302
-2
-157
-218
-124
-78
-18
-341
-130
-58
102
-225
47
-292
88
-132
-323
-196
-29
-40
-195
-126
7
-131
-131
-411
-114
-341
-298
-60
-38
17
-77
-87
-94
-214
-91
-236
-219
-82
-184
-165
-142
-161
-117
-159
-176
-254
-283
-270
-72
-218
6
-161
100
-80
-215
-383
-338
-230
-220
-167
-279
-43
-172
-185
-53
53
47
-63
-234
-201
-211
-281
-162
-84
-283
-131
-43
-127
-41
56
35
-98
-251
38
45
120
-80
-178
-55
-322
-183
-283
-385
-128
113
28
-203
-416
74
-269
-86
-141
-77
-232
-406
-22
-64
-181
-158
-132
29
-249
-69
-145
-204
-51
-279
-28
-113
-227
-233
-118
-13
-291
-189
-86
18
-44
-302
-135
-160
-76
-236
-244
158
-72
2
-275
-182
-148
-113
-42
-197
-19
-13
-50
-262
-251
-136
-333
-190
-219
-223
-42
-245
-123
-178
-211
-274
-33
-101
-43
-231
-10
-91
-102
-173
-133
-141
-285
-303
-240
-280
-221
-91
-114
115
27
103
-363
15
-66
-232
-167
-129
-254
-52
-120
-80
25
-273
-401
-153
-152
-48
-149
-36
88
51
-64
-58
-3
-121
-56
-46
-100
-42
-105
-349
-133
-94
-273
-108
-207
-162
-259
-312
-52
13
-129
-276
-173
-57
-84
-349
-209
-195
-58
-180
62
-259
-270
-443
-215
-145
-105
-213
-131
-204
201
-204
-76
-84
-171
-194
-171
-101
-50
-223
37
46
-285
4
-61
-298
-229
-238
-33
-181
-193
-3
-211
-72
-27
3
-339
-62
-150
-127
-79
-337
-243
62
-47
-209
-260
-380
-224
-76
-167
-103
-200
-58
-201
-328
-328
8
28
36
13
-42
-194
-191
-93
13
-197
-250
-263
184
-230
-13
-314
-122
-197
-161
-136
-101
-171
-34
-183
-243
-243
-112
-302
-268
-308
-247
-297
-102
-152
-86
11
-406
-53
-153
-88
-95
-88
-73
-15
-300
-185
-199
13
-144
-54
-218
-168
-130
-112
-265
14
-336
-147
-156
-267
130
-255
-313
-325
-282
-337
-59
25
100
-120
-79
101
-302
-177
-244
-153
-18
-11
-196
-68
-146
-128
-5
-44
-278
-126
36
-175
-317
45
-189
10
-190
-98
-72
-393
-81
-309
3
19
-90
-14
-292
-228
-147
-66
-26
-257
-106
-17
-59
-194
35
-30
-181
-52
-280
-51
-163
33
-288
-62
-246
-82
-93
-58
-238
19
-200
-193
-59
-119
-189
-104
16
-151
-136
-263
-144
-25
-279
-26
3
-146
-202
-25
-243
-78
-212
-274
-158
-54
-188
-362
-137
-161
-174
-120
-452
-69
-275
-181
77
-178
-91
-39
-204
-301
-237
-111
-59
-347
-171
-207
6
54
-200
-27
-32
-9
-6
14
-160
79
-33
-59
-85
-262
-129
-279
-388
-73
-271
-283
-154
-125
-90
-299
-101
-320
-21
-178
-62
-295
-89
-106
-176
-107
-248
-162
-287
17
-242
-37
37
-153
-51
-163
-214
-111
-111
121
-137
-222
-16
-121
41
-198
0
-103
-232
-201
-133
-286
-180
196
-93
-75
-70
40
-155
-372
-206
-232
-267
-125
-134
-98
-109
-90
-199
-68
1
-273
-113
-324
-323
-78
18
-29
-182
-269
-121
-96
-98
-359
23
-236
-206
83
-69
-236
-281
-127
-140
45
-1
86
-250
-110
-163
-169
-185
-400
-160
-198
-231
-8
-191
-261
-94
13
-203
-260
-101
40
-110
-311
-80
-69
-55
-152
-69
-208
-204
-200
-94
28
-98
-293
-159
-373
-110
-160
-22
-29
-88
-197
-134
6
-163
-200
-128
-70
-338
118
-122
-140
-265
-295
-158
2
-324
-97
-66
-100
-46
-227
-165
-160
-33
-280
-173
-251
-85
-185
-111
-244
-83
32
-139
-264
-319
-154
-9
58
-108
-33
-340
-127
-268
108
-246
-231
-156
-11
-77
-127
-127
-215
-81
-51
154
-138
-154
-258
-69
-23
-190
-270
-300
-179
-54
-12
-90
-189
-114
-267
-258
-369
-304
-164
18
-439
-239
50
-162
-124
-59
-27
-180
-86
-158
-188
-28
20
4
-113
33
-177
-96
-230
-179
-82
-287
-90
-115
-116
30
-31
-248
-65
-170
-81
-165
-60
-36
-83
61
-178
-189
-142
-72
-85
-272
-34
10
-5
76
-108
45
-186
-320
82
-179
-80
-287
-351
-54
-90
-189
-131
-171
-211
-111
-316
-236
-35
-49
-277
-269
-220
-207
-144
-60
-74
-94
-94
5
-139
81
-194
-109
-90
-165
-122
-154
-145
137
-225
-130
-92
-192
-142
-147
-357
-257
-179
-210
-405
-33
-83
-259
-91
-421
-261
-83
42
-36
-202
-21
-291
-24
-289
-139
-171
-247
-302
-300
74
-67
-384
-208
3
-165
-213
-163
-241
-372
-158
-18
-31
-111
-129
-339
-126
-316
-111
9
-50
59
-328
45
-241
-29
-209
-278
-183
-46
-195
22
-62
-154
-178
-31
-182
-167
-262
-148
-39
-19
-123
-258
-89
-181
-101
-208
-250
-200
-264
-144
-3
47
-167
-175
14
-114
-163
-10
-344
-139
-241
-227
61
-192
-70
-210
-297
156
-101
-197
-257
-171
-284
-161
-160
-120
-185
-286
-152
-150
-3
-155
-75
-69
-376
-56
-17
22
-107
-364
-355
-64
-35
-198
-172
-93
76
-33
-156
-215
-101
-16
-150
-147
-106
-106
-153
-167
90
-293
-267
-242
-204
-71
-1
63
-260
3
-317
-69
-185
-128
66
-211
-270
-35
140
-112
-93
-122
-124
-47
-167
-208
-77
-194
-88
81
-205
-26
-127
-360
-36
180
-321
-287
-271
-91
-146
-166
-93
16
-212
-353
-164
-164
-119
-145
17
-148
-256
-134
-271
-245
-148
-92
-176
1
-228
-195
36
-75
-191
-157
-50
-168
-30
-304
-477
-93
-25
2
-84
-280
-135
-106
-103
-124
-46
-4
-29
-126
98
-249
-238
-151
-188
-230
115
47
-144
-158
-143
-237
-273
-271
-361
-134
-154
-306
27
-176
13
-98
-156
-134
-308
-123
54
-145
-367
-350
63
-97
-212
49
-32
-291
-336
168
-80
-88
-44
-334
-67
-106
-160
-99
-73
-40
59
55
6
-63
-96
-151
-110
-422
-191
-167
83
-4
-52
-136
-130
-243
-166
44
-351
-199
-97
-107
-144
-306
-131
-72
-113
-126
-207
-325
-193
-192
197
-10
-33
78
-276
-27
0
-56
-142
-261
28
29
-82
16
-51
-148
-145
-107
-180
-163
-65
43
-201
-272
10
-46
-127
-217
-98
-141
-186
124
33
-76
-70
17
-327
-186
-296
-148
-101
-99
67
-188
-60
-97
-53
-62
-156
-120
-237
-160
-134
-202
-85
-162
-459
120
80
-132
-163
-170
-108
-173
41
-193
-163
-102
-115
-292
-254
-72
-166
36
-344
-236
-337
-114
-183
-175
-164
-17
-303
-140
-159
68
-107
-143
-439
-139
-406
-207
-284
-326
-5
-151
-71
164
-131
-160
-164
-277
-160
-50
-199
-258
-203
18
-198
-179
-272
146
103
-84
114
-109
-257
-82
-171
-70
-105
-1
-42
-112
-156
-145
-208
-2
-129
-100
-83
16
-253
-341
-117
-29
-82
-293
-65
-96
-21
-287
40
-98
-119
-126
-112
-26
-84
-171
-497
-21
-29
-114
-142
-217
-95
-343
-155
-6
-5
2
-148
-124
-116
-29
-6
-117
-75
-117
73
-160
-9
92
-76
-180
-245
-159
-391
-169
-253
1
-13
-44
70
-76
-257
-120
-31
-186
-112
-213
-30
-75
-197
13
-239
-104
-107
-193
-156
144
-68
-119
101
-150
-187
-44
-217
-309
-296
-195
-261
-222
-160
-294
-142
-175
-149
-345
-216
-96
-280
-203
-1
-94
38
-82
-132
-281
-54
-111
-51
28
-127
61
-267
-55
-192
-64
-280
-127
-107
-178
-218
6
-106
-53
-174
-147
-252
-160
-217
-135
-244
-66
-175
-95
-155
-252
-90
-144
-110
19
48
-91
-105
-274
-19
-172
-126
-213
-45
88
7
-140
-199
-47
-1
-23
-90
-46
-87
-77
-16
-222
52
-3
-70
4
-258
-234
-208
-144
-84
-43
-117
-66
-14
-12
-152
-107
-218
17
62
-204
-52
-73
-30
-94
-179
-148
-122
-232
-79
-188
-357
-45
-283
-59
-188
-241
54
-268
-254
-319
-90
-149
-182
-296
-254
-62
-153
-166
-222
-92
-316
97
-250
71
8
-194
68
-228
-162
-299
-242
-237
-200
65
63
7
-351
-206
-73
-107
-249
-33
56
15
-76
-256
-46
-100
-139
9
-186
-150
-106
-120
-133
88
-112
-69
-277
-199
-126
-86
-243
-226
-282
-37
-24
-169
-222
29
2
-73
-206
-282
-5
-165
-310
-221
-314
-299
-474
-220
-164
-248
46
-86
160
-8
-321
-142
-50
-268
-242
-102
70
-159
-139
-78
-200
-76
-390
-126
-18
-164
-227
-46
-49
-187
-155
-3
-85
-142
-235
-300
-1
2
-289
1
-58
-143
-248
-213
82
-219
-112
-226
-116
20
-114
-286
-115
-8
-112
-258
-264
-161
-128
-201
-45
-49
-89
-83
74
-103
-199
-230
42
-8
87
-133
10
-327
-151
-262
-373
-190
-213
-159
-176
7
39
-1
-265
-155
-145
-212
-364
-128
-56
-149
-140
-175
-399
-144
-230
-364
-132
-34
-193
-175
-41
256
-2
-220
-253
-183
-44
-74
-59
-201
105
1
-194
48
159
-90
-314
-29
-166
-271
-27
-258
-101
58
-107
101
-96
-258
-160
-77
-64
-98
-153
-185
-283
-165
-59
-165
-58
-290
-110
-112
-53
-144
23
-147
-95
-234
-282
-398
-87
-61
-149
-161
-67
-72
-126
-15
-248
-170
-17
129
-28
-215
-76
-254
21
69
-222
42
-76
-218
-286
-160
-176
-124
-213
-194
0
-51
-306
-63
-178
107
136
-97
-57
-159
227
-558
-45
-199
-410
-266
-13
0
-29
-257
-247
-87
-128
-187
-100
-72
-58
-254
18
53
-97
5
-294
5
-97
-196
-212
-60
-216
-152
56
-85
-148
-205
-174
-250
-300
-251
-229
-186
-44
-65
-266
-242
-344
-330
-76
-183
-77
-135
-109
-197
-227
-29
-154
-139
-127
-83
83
-89
-189
-220
-317
-5
-200
-47
-252
-375
-93
-26
190
-283
-19
-61
-199
-187
-16
-147
-261
-142
-232
-114
195
-206
-222
-273
-151
-304
-235
55
9
-24
-245
-106
-268
-189
-293
-172
-262
-302
-193
-303
-121
-85
-108
15
-137
-29
-71
-179
-247
-63
-192
-364
14
-19
-273
-355
-121
0
-212
83
-132
49
-140
-44
-187
-272
-37
76
-367
-181
-240
-214
-199
-32
-150
-190
77
-266
-135
-106
-152
-68
-116
100
-220
-198
-263
-92
-339
-142
-84
-195
-218
-137
-169
5
-158
-119
-359
-253
-97
-116
-59
-177
-164
33
-188
-131
-329
-292
-37
83
-117
-187
-240
-125
-126
-228
-152
-121
-97
-257
50
64
58
-147
4
71
-331
-297
-188
-50
-44
-498
70
-24
-56
-151
80
-176
-212
-92
-200
-157
-298
-23
-210
-121
-304
21
-100
-337
-218
-99
-260
-260
-126
-56
-183
-82
-267
-182
-142
-235
-171
-16
-60
-185
-158
-118
-163
-115
-128
-210
-178
-243
-41
-173
70
-6
-52
6
-199
-61
-188
2
-188
-276
-85
147
-384
-253
-144
-37
-141
-60
-206
-56
-404
-104
-296
-281
-272
-150
-245
-8
-112
-183
-1
-21
-91
-210
-67
-150
-10
-117
-282
-339
-94
11
-127
-121
-351
-140
-249
147
-173
-203
-308
-60
-81
-91
-94
-286
-157
-151
-58
-305
1
-342
-37
11
-334
-99
-20
-278
-80
-332
-153
-194
-46
-348
-31
-272
-240
-48
-196
-225
-45
-268
14
-166
-77
-138
-103
-116
-232
-236
-169
-98
-40
110
-176
-69
-174
-127
-140
-327
-87
-225
33
20
-65
-147
-6
-49
-211
-88
-36
-121
-61
-48
-75
-197
-157
-194
-100
-241
79
-45
-76
-67
-137
-93
-153
-205
-41
-202
-26
-119
-138
-54
-288
45
11
-248
-26
-230
-347
-232
-247
-53
-188
-178
-421
-121
-41
-261
-166
-32
-282
-360
-129
1
-84
-186
196
-44
-106
-240
-368
-157
-94
-348
-132
-244
-46
-88
-259
-104
21
11
-75
30
-177
-204
5
118
-128
-166
-119
-188
-82
-176
-69
-205
-13
-20
-251
-145
-273
-318
-296
-322
-42
-9
21
37
-28
-122
-87
-188
-105
-334
-109
-151
-150
-113
-8
-163
101
-94
-194
-162
-63
-63
-31
-14
-372
-161
-232
-124
-271
-133
-119
-257
-19
-82
-190
-105
47
69
-86
-80
-185
166
-86
-194
-63
-281
-141
-254
-77
-403
-303
-131
-108
-70
82
-189
71
-171
-267
-60
-211
-385
-135
-252
-186
46
104
-167
-21
-62
-124
-193
-156
-289
-369
-148
-113
-143
-172
-42
-176
-59
-67
-195
-136
-89
-17
-304
-38
-90
-136
-176
-248
-181
-180
-112
82
-70
-183
-296
-109
-76
-146
-235
-133
-424
-176
-183
-208
-40
-282
-221
-254
-2
-254
-27
-150
-194
-183
-87
-82
-137
-218
-135
-367
-141
-308
-272
-75
-15
-257
-76
-217
-263
26
-142
-213
-286
-263
-224
-240
-67
-111
-172
28
-138
-260
-47
-39
-284
-48
-178
-166
-303
-21
-311
39
-333
-97
-205
-156
-146
-35
-304
-126
-202
-60
-219
-48
30
-311
-257
-281
84
-254
-263
-322
-149
-168
141
-120
-222
-33
-31
-36
-160
-56
-42
-63
-207
-170
-148
-107
-53
-14
-203
76
-222
-191
-349
-117
56
-119
-210
-94
-243
142
-174
27
-227
-196
-60
-108
-121
-189
21
-195
-15
-276
-370
-58
-187
-296
-226
-233
82
69
-158
-153
-304
-72
-135
-223
73
-7
-117
77
-189
-62
20
-437
-182
-316
-193
-355
-129
-309
-206
135
-296
-171
-109
-79
-148
-10
-91
24
-12
-102
-316
-218
-19
-288
-182
108
-62
-50
-214
-210
-306
-100
-4
-227
92
-215
-208
-171
27
16
-213
-195
-252
-114
-373
-273
-122
-47
-215
130
-169
-111
-283
-60
-169
-277
-72
90
-260
-146
-40
-102
76
-58
-183
-255
-110
-296
-136
-158
-87
-325
-395
-86
-234
-411
-236
-185
-172
73
-191
-206
180
-129
-270
-283
-315
-195
-22
-68
-236
-230
-98
-212
-116
-270
-210
-205
-158
75
-292
-20
-145
-48
178
-149
-113
-174
-98
-85
-184
-174
-199
-109
-173
39
23
-180
-160
-47
-63
-82
-123
-217
-194
-287
-268
-145
-14
-252
-78
-193
12
72
-325
-65
-450
-161
-178
-91
32
-284
-193
98
-86
-89
-34
126
-23
-133
-72
-240
-86
-372
26
-59
-202
-40
-93
-226
-412
-69
-147
-186
-165
0
59
-398
-128
-119
5
-270
-240
20
-3
-237
-165
-165
-281
-100
-72
69
-285
-139
-205
-186
-43
-286
38
-69
-385
-232
-74
-129
-135
-85
-133
-134
31
-83
-190
-154
-136
-33
-66
-90
-82
-138
-225
-185
-136
-114
-296
21
113
-143
-218
-327
-58
-91
-30
-176
-19
-332
-330
-190
-103
-147
-320
60
-232
-25
-181
-16
-41
129
-71
-327
-129
-341
-194
47
-142
-259
-325
25
-183
-209
-11
-127
63
-40
-246
-119
-4
48
-261
-50
-290
37
-182
-328
-103
-96
-115
-146
-120
-403
-40
-86
-142
-60
-181
-198
-102
-226
-213
-174
-110
-212
-127
39
-178
24
-97
-164
-137
-63
-136
0
-20
-411
-330
-189
-160
-168
-216
-138
24
-138
-318
-229
-279
-104
-90
18
16
-200
-317
-138
-192
-136
51
-225
-187
-128
-85
-117
-9
-187
-6
-8
185
-1
120
-52
-201
-228
-214
-58
-213
-186
-105
-54
170
-114
-160
-311
-18
-33
-276
116
-355
-55
-170
-232
-267
-106
-369
-127
-324
-62
-124
-38
-287
-90
-296
-16
-111
-203
-253
-186
-175
-305
-142
-203
-53
-100
-126
5
-194
-30
-13
-138
-91
-202
2
-250
-293
-136
-28
-323
-303
-126
227
-104
-262
-295
-129
-185
-172
-365
-111
-372
-150
-245
64
-78
-181
-122
-278
-248
-235
-263
-85
-146
-136
11
40
-186
-135
-52
-97
-165
-200
-281
112
-284
96
7
-112
-166
-276
1
-27
-83
-95
-272
-121
-298
41
-365
14
-136
-51
-391
-303
-207
-54
28
-306
229
-199
-181
-174
-101
38
-136
-57
-12
-77
26
-381
-171
-358
-436
-422
4
-236
-289
-61
-247
-208
-318
-30
-308
-8
-194
-33
-124
26
-2
-76
-98
-149
-107
-181
-153
-101
-23
-204
47
-55
-252
-325
-119
-57
-217
-250
-113
-9
-317
-97
-237
-232
71
-94
-263
-166
-198
-109
-301
-76
-360
-318
125
-34
-34
-183
-186
-192
-173
-150
-160
-161
-151
-179
-175
-206
-88
45
114
-11
-156
-283
51
-210
-164
-220
-417
-297
38
-128
-216
-49
-261
-68
-195
-115
-376
-113
-276
-35
-191
-114
-229
-37
-249
-49
-138
-118
-373
-7
-47
-162
-148
-37
-171
-230
81
-481
-23
-155
-275
-224
-72
76
-174
-148
-301
-185
-112
-186
-131
-146
-278
-155
-2
-126
-121
-211
-112
148
-192
-345
-109
-191
-156
67
28
-130
10
-131
-7
-222
-72
80
28
-237
-172
-316
-67
-355
-92
-2
-169
-101
-87
-320
-99
-226
-408
-226
-68
-73
-51
-21
-14
-24
-173
-164
-5
-287
-210
-109
-138
-70
-296
-19
-132
-248
-25
-101
-186
-279
-92
12
54
-54
-118
-310
11
-79
-200
-303
-246
-139
-23
53
27
53
-158
-59
-479
-251
-138
-174
-70
-92
8
-181
-211
-119
-244
-370
-266
35
-255
-145
29
-283
-250
-263
-243
-245
-248
-267
-166
49
-121
-79
-110
-214
193
-102
-9
-217
66
-259
55
-280
-210
-165
-145
-82
-158
-288
-54
-125
9
-16
154
48
-15
-177
-271
-235
-106
-210
-25
-151
-89
-94
94
-100
-13
38
-189
-258
-130
-81
-211
-141
-163
-119
-51
-88
-61
-86
-272
-299
-172
-123
14
33
-127
-173
1
-282
11
-100
-368
-186
-55
56
-39
10
-259
-95
-292
-314
-76
-76
22
-239
-2
-164
-49
-38
-241
-50
-131
-138
-345
-227
-18
-436
-87
-185
-351
-198
-111
-10
-39
-90
-120
-43
-115
-27
-302
199
-404
-118
40
-79
-15
-286
-154
-90
37
-158
117
-127
-156
-189
-142
73
-7
-98
-116
-167
-258
-51
-251
-290
-201
-271
-270
-195
-200
-141
-105
-68
53
-7
-206
-240
-84
-318
-142
-136
-191
-51
51
-193
-17
-46
56
-241
26
-139
-132
-288
-158
-294
-151
39
-65
-248
-1
-273
-114
-191
-175
-94
-184
-139
-236
-372
-174
100
-69
-16
-90
60
-339
-94
-123
-247
-30
-73
-100
-89
-253
-220
-181
-170
-54
-137
-82
-166
-122
-115
-105
-134
-53
-191
-48
-196
-131
-168
-99
-16
-76
-370
-172
-188
-141
-76
-404
91
62
-236
-1
-131
-81
-234
-15
-129
-78
-259
-140
-135
36
130
-62
-134
-122
-173
-301
-24
26
-50
-14
-88
1
-243
-158
-157
-239
-463
-237
-211
-108
-247
-130
-136
-66
-135
-230
-232
-161
-100
-128
-106
-46
-227
-136
-34
-52
-84
62
-37
-168
-250
-148
-395
-164
-92
-191
-322
-150
-217
207
43
-123
-33
-133
-347
-218
-118
209
-281
-107
-37
-160
-47
-273
-240
-44
-152
-278
-23
-221
-184
-332
-243
-252
-241
-80
-187
25
-211
-141
-205
-1
73
-25
-111
-19
-143
-179
-176
-157
-146
-292
-185
-136
-3
-129
-358
-303
-247
-164
-173
-169
-284
-7
-191
-72
-128
-69
-248
-188
-142
-321
141
-100
-169
-29
-195
-103
-108
-157
-350
-59
-121
-142
190
59
-286
-199
-224
-38
-135
-194
-229
-200
-89
-137
53
-180
-243
-304
-295
-18
-156
-91
118
-303
-238
-156
-5
-78
-192
-12
-110
81
-68
-194
43
-107
-194
4
-348
-186
-149
-18
-166
-248
-92
-46
-60
74
-304
75
74
-143
-207
-159
-115
-2
-192
-328
-221
-124
-117
-297
-155
-282
-213
-205
-7
62
-105
-338
-407
-169
-154
-218
-194
-259
-299
-112
-218
-235
93
-157
-90
-146
-90
-201
-144
-215
-92
-72
-162
-168
-376
-207
-301
-50
-120
-23
-137
-83
-188
-165
-309
-165
-157
14
-41
-109
-130
-209
-314
-183
-21
-85
-145
-425
-184
-158
122
28
-59
-292
24
-312
-300
-299
-219
-41
16
-80
-152
14
-223
-400
-215
-135
-19
-174
-103
-52
109
-54
-383
-191
-211
-257
-104
-123
12
188
-1
-54
-133
-165
-283
-209
-356
-240
81
-185
-184
-261
-173
-167
-195
-88
-120
-196
-185
-119
-215
-163
-135
-46
-184
-92
-270
-208
-206
-238
113
-163
-111
-250
-71
-147
-113
-249
-243
-84
66
-141
-267
-296
-153
-228
-186
-298
-261
-34
-202
-442
-179
-45
-339
-51
-190
-165
-290
-135
-180
-142
-86
-190
-364
-187
-71
-5
-78
-353
-121
-173
-163
-79
-38
-40
-45
-286
-228
-143
-257
-386
-66
104
31
-41
-229
-292
-345
-114
-409
-435
-278
-245
70
-201
-61
-346
-310
-193
-24
-200
-113
-206
-68
-78
-20
-224
-301
-307
-102
-194
-192
-305
-12
-46
-202
-8
-20
-169
-142
-135
-226
-90
-281
-130
95
-133
-213
-339
-171
-193
-300
-113
-59
-266
-62
-266
-48
-34
-290
-250
-154
-108
-160
-259
-198
-17
-126
-230
-115
-132
-203
-50
-187
-246
-179
-258
-145
202
-108
-192
-253
-245
-136
160
-74
-71
-20
-358
-121
-24
-151
-268
-183
-365
-5
-273
-172
47
-289
-195
-80
-435
-118
-323
-164
-97
-125
-244
-67
-151
-105
-261
-285
22
-45
-145
-117
-81
-240
-56
-133
-187
-301
-269
-250
-465
-266
9
-11
-68
-111
-1
-172
111
-112
-94
-40
-101
-280
-64
30
-139
-233
-130
-100
-173
-392
-51
-117
-417
-224
-156
-91
-147
-171
-163
-51
-227
-65
-27
9
-67
-139
-182
-116
-138
-112
-127
-47
-169
-110
-218
225
-58
-65
-348
-168
176
30
142
-11
76
-214
-301
-240
-69
-253
-288
-314
-234
-196
-126
-205
-103
-218
-136
-256
-179
-215
-18
-117
-112
-364
-111
-129
-7
-188
-77
-8
-63
-216
-274
-18
-23
-176
-16
-209
-182
-220
-157
-43
-174
-39
-205
-264
-249
-154
-74
-110
-39
-297
27
-167
-242
-179
-269
-179
7
-37
-68
-187
60
-310
-146
-166
-130
-186
-123
-15
-86
-109
-196
-69
-36
-109
-309
-132
48
-208
-60
-177
-273
-89
-69
-171
-51
-186
-140
135
-143
90
-117
-74
-193
-379
132
-247
56
67
-211
-166
37
-51
23
-14
-418
-177
-336
-39
-206
-100
-8
-153
-85
-86
-70
-245
-12
-294
-408
-280
-298
-13
-175
-104
-90
-248
-250
-59
-56
-221
11
-173
-127
-184
-184
-51
7
-205
-284
46
-57
123
-313
-86
-156
33
-95
-121
-205
-168
-143
-109
-9
-353
-299
-152
-97
-68
-206
-424
-178
-222
-55
-340
-222
-98
-64
11
-27
-129
-259
-162
-232
-181
-368
-250
-86
-272
-107
-348
-413
-114
9
-164
-230
-121
-246
24
-242
29
-137
68
-247
-122
-214
-323
44
-27
-128
125
-137
38
-171
-319
-229
-193
-78
-322
-296
-250
-146
9
-91
26
46
-86
-140
-187
-22
-1
-295
-190
41
-46
-70
-252
105
-98
-132
-289
-335
-53
-119
-201
-102
-102
-58
-243
-150
-58
-137
-243
-157
-5
-119
-123
-117
30
-159
-25
-70
-59
-287
-51
-244
-268
-96
-136
151
-183
-1
-266
-128
35
-16
-181
-173
-68
-218
-214
-79
19
-146
-51
-340
-150
41
-317
-227
-14
-58
-238
-179
-42
-34
104
-226
109
-125
-150
-257
-208
-63
-8
-185
-166
-393
-128
-60
-224
-144
-194
-23
-243
-170
-128
-392
-371
-95
32
-205
-134
-302
-38
-142
-200
25
-40
-195
-228
-35
-251
-203
-3
-357
-159
-291
-12
-363
-113
-168
-100
-190
-36
-255
-163
-136
-348
-96
-31
-249
132
-147
-78
-197
-85
-200
-93
-361
-374
-286
-188
-334
-140
-366
-298
-310
-122
-160
-123
-159
-176
-76
-190
-162
-128
-103
-267
-237
-124
-194
-143
-131
-284
12
-67
-156
-168
-175
-252
-210
-158
-201
22
-266
-126
-81
-193
-207
-246
-148
-113
-1
-180
-210
-38
-80
-191
-189
130
-105
-77
-159
79
-158
-179
-257
-327
-130
-169
-101
31
-236
-76
-70
-240
-239
-143
-193
-216
-210
-187
-89
-159
-263
209
-246
-198
-246
-140
107
-41
72
-361
-144
-99
-54
-170
-25
-57
-231
-105
-96
4
160
-200
-240
-200
-394
20
-231
-18
22
-179
-98
-17
-327
-242
-92
-95
-321
-116
-10
-22
-74
-17
-336
-173
-6
-257
-207
-102
-216
-140
-81
173
-303
-251
36
7
-450
-146
178
-252
-375
-182
48
12
-174
-340
-320
-345
-168
-181
-233
-161
0
-118
-132
-40
-135
-153
-346
-265
-160
120
-82
-44
-137
-115
-442
-206
-187
-206
-99
-98
82
-167
-198
-261
-88
18
-198
-158
-247
110
-168
-150
-123
1
-182
-313
-235
-336
-259
-299
-31
-106
-9
-116
-225
-99
-143
-246
-147
-162
-297
-4
-152
-294
45
51
-91
-238
-251
-109
82
-234
-74
-44
-108
-239
-147
-280
-159
-342
-70
-350
-247
-79
-4
-184
-263
-134
-128
-217
-172
17
1
-51
7
-283
-123
69
-180
-59
-179
-150
-13
-152
-15
-194
-164
-105
70
-167
-78
-110
-129
-18
-181
-179
-364
-30
-63
42
-147
-308
14
26
-32
-165
-151
-5
58
-349
-189
-203
-201
-152
-13
-153
-247
-97
-211
-181
-321
-197
-236
172
-48
-315
-297
-12
52
-206
-250
-139
-284
-196
-493
-123
39
-172
-204
-131
-210
-222
-266
-117
-158
-149
29
31
-125
-117
69
-166
-128
74
173
-22
-50
-78
27
27
-132
-96
76
-167
-89
-64
-160
-29
-198
-146
-271
-299
-16
-76
-98
-276
-375
-190
-260
-104
-191
100
-83
-156
-284
-154
-214
-149
154
-201
41
-158
11
108
-102
-217
-223
-182
78
-54
-31
-262
-180
173
-200
-351
-238
-122
-243
-109
-113
-196
-328
107
-61
103
-214
-31
12
-93
-163
-69
-21
-136
-284
-45
-107
-159
-480
-4
-240
-185
-225
-267
180
67
-146
85
-175
-52
6
-139
-194
-248
-197
-225
-196
-313
-11
-128
-100
-142
23
-56
-126
-199
-18
-324
-285
-137
82
4
-295
-97
-323
-198
-24
-138
-209
-204
-88
-129
-487
96
-7
-12
13
-114
-251
-13
-140
-127
-249
132
-300
-95
-189
-105
51
-113
-62
-30
-107
-168
135
-152
-92
-43
-79
-332
-201
-257
-103
-354
-254
-182
-155
-104
-360
-59
-252
-61
43
-119
-211
-138
-276
-494
-252
-146
-89
-418
-183
-254
-264
-169
-259
-94
-308
-88
-289
-6
-232
-317
72
-117
-287
-79
-65
-423
-130
-233
2
-231
-76
-74
-45
-180
16
-10
-167
-311
-208
-290
-156
-260
-93
-236
-104
-122
-30
-288
-38
-201
-55
-262
-21
-240
-42
-179
58
-209
-95
-272
-6
-255
33
-238
-245
-152
-205
8
-245
-177
-295
-127
-167
-71
-75
-237
-142
-395
84
-120
-14
-188
-12
-217
-47
-169
149
-14
93
-245
-262
12
-1
-139
-180
-127
-177
-163
-124
-89
-245
2
-421
-382
-98
-62
-116
-194
-69
-16
-109
-259
-102
25
-204
-10
29
16
-245
33
-217
-65
-101
-245
-195
-6
-56
-168
-158
-245
-70
-185
-270
-206
-190
-22
-329
-141
51
-167
-226
-221
-227
-111
-229
-7
-356
93
-323
-148
-109
-189
-152
-215
-156
-216
-77
-87
-60
-176
-32
-66
-32
-128
-139
-72
82
-487
-123
69
-45
-76
-279
-122
-143
10
-189
-136
23
-180
-164
-302
-28
-192
-234
-252
-131
-157
-85
-123
-39
-271
-95
33
-49
-146
-148
-75
-277
-174
-261
-145
70
-161
-150
-331
-32
-152
-139
-141
-23
-265
87
-231
-42
-126
-248
-163
-21
-115
-192
-294
-33
-356
-158
49
-104
-57
-216
-276
-74
-180
48
-61
70
-157
57
-163
-189
49
-135
-7
-101
-174
-117
-99
-51
55
-165
7
-106
-203
-9
-166
-170
-97
-157
-119
-424
9
-121
-176
-283
-120
-34
-25
-50
-107
89
-245
-162
-292
-72
-82
-60
-208
-52
-215
-380
-32
-202
-160
-17
-100
162
-29
-83
-218
-65
-334
-217
-90
-252
125
-98
21
-9
-149
24
-208
-42
-76
-198
-49
-343
52
71
-211
-196
-106
34
-309
-121
58
-113
32
-213
-233
-111
-198
40
-20
-209
-10
-81
-129
-306
12
-140
-103
-56
-121
-322
-220
-116
-31
-89
-31
-138
-52
-113
-145
-196
-319
-268
-186
175
-168
-220
-402
-166
-38
-105
-194
-95
-189
-142
-232
-34
-6
-177
196
12
-160
-76
-67
-263
-116
-169
-61
75
-191
-120
-75
-123
-220
-338
-114
-267
-310
-47
-47
-184
-90
-260
38
-126
-229
-58
-135
-53
-48
-156
-272
93
-99
-254
-151
-91
-204
-134
-159
-138
-268
-215
-257
-183
-208
-48
-120
-18
-320
-245
-194
-33
18
-120
-157
-22
-210
-77
-159
30
-21
-182
-270
-58
-218
-202
94
-311
3
34
141
-135
-104
-63
-22
-292
-166
-34
-181
-174
113
-126
-155
-138
36
-317
-213
-124
-63
25
-73
-10
-283
-224
-136
-104
-71
-102
-32
-72
-346
-159
1
-131
-26
-193
12
-181
-396
49
-53
-253
-84
-79
-213
-135
-276
-253
-23
-252
-60
-69
-186
-130
-144
-109
-182
-266
-97
-72
-54
-146
-247
-40
-62
-81
-78
-166
-270
-408
-193
23
-156
-210
43
-149
-77
10
-220
-137
-441
-105
-69
-92
24
-25
-17
-164
-199
-171
-154
-30
-261
-66
-266
-397
-62
-54
-95
-172
-256
-39
-251
26
-147
-38
-53
201
-159
-81
-93
-130
-79
241
-249
-243
-254
-84
-287
-187
-146
-176
-353
-120
-118
-125
-166
-16
38
-87
57
85
-303
-64
-84
-217
-59
16
-192
-77
82
-32
-217
-259
-218
-136
-112
125
-45
-334
-134
-186
59
-114
-128
-211
-65
135
-300
-162
-147
9
-274
-245
-102
-278
-106
41
18
-327
-155
-67
42
-155
80
-202
-128
0
-46
-90
-266
-71
25
-261
-329
-111
-66
-288
39
-201
-80
-190
-67
-122
-134
-65
-182
-340
-17
95
-129
-82
-195
-261
-464
-198
-469
-5
-298
72
-201
-92
-374
-116
-186
-237
-8
-18
-106
-3
-22
-146
-203
-62
-24
-91
-221
-136
-324
-62
-200
-160
11
-134
-34
-177
-211
-267
-201
-190
-165
-167
-365
-201
-6
-170
-167
-231
18
-244
-77
-302
-159
-242
-427
-82
-23
-244
-340
-155
-22
28
-180
-36
-34
-190
-78
-175
-241
-213
-193
-140
-94
-29
-79
-315
104
-224
-250
-260
-13
-186
-315
-31
-149
-172
38
-191
-212
-146
-67
-177
-132
-400
-105
-101
30
-278
-44
25
-197
-366
-78
-343
-122
-3
-2
42
-266
-73
-236
-177
-244
-71
-79
-221
-256
-259
-156
-167
-201
-181
79
-58
62
-28
118
-340
-307
-409
-149
39
-383
-184
-118
-183
93
-52
-58
-99
-260
-331
-126
-176
-132
-6
-265
-105
-76
25
-103
32
-71
-235
-8
-72
-216
-189
-115
-198
32
-164
-226
-99
126
-131
-244
-212
-3
-21
-183
-69
-194
-287
-372
-119
-230
-168
-47
-16
-206
53
-197
-114
-284
-258
-135
-99
-207
53
-245
-137
-201
-152
-274
-152
-216
74
-197
-272
-136
-151
-125
-162
29
-148
-109
-147
-70
-284
-130
-164
-100
-157
-364
-132
-188
-82
-293
-357
-160
-133
-309
-179
-295
-149
-161
7
-261
-106
-258
-59
153
-190
11
72
139
-152
-138
-142
-194
-244
-14
-89
-209
186
7
-77
-318
-81
-159
-51
-148
-204
-179
-207
-20
-53
157
-339
-349
-54
65
-104
-286
-42
-260
-73
-247
-27
-129
-260
-108
23
-155
276
-156
-52
-220
-96
-161
35
-123
-110
-233
-287
-342
28
-160
-95
-29
-108
-282
-113
-382
-267
-166
-11
-150
-349
40
-185
15
-162
-202
-157
0
4
-137
-180
161
-131
87
-205
-132
-422
-216
57
-42
-227
-137
-57
76
46
-182
-125
-122
-80
86
-1
-81
-268
-204
-117
20
-19
-264
-191
-113
-129
-35
-104
-53
-172
-246
-162
-29
-64
-248
-157
-81
-378
-275
-165
-383
100
-143
-139
-33
-119
-170
90
-241
-163
-244
-162
-138
-271
-101
-127
54
-296
-385
-59
-40
-233
-175
-86
-157
-62
65
-134
-268
-162
-156
-311
-82
-15
-304
-80
8
-203
-164
24
-213
51
-219
-168
-233
-32
-175
-65
-14
-147
-43
-244
-69
4
-150
-120
-13
28
-37
54
-17
-228
-310
-173
-259
-318
-51
-115
-104
145
51
-154
-268
-276
-332
-44
-210
51
-261
-380
-256
-265
-131
-185
-3
-327
-172
-96
-38
-49
-122
-152
-231
-293
-272
-125
-360
-64
-109
-51
-292
-224
-193
-142
-27
-150
-90
-244
-153
-65
-237
50
13
-360
-19
-175
87
-168
-149
-158
-162
3
-87
-145
-56
-83
114
-122
-20
-103
-171
-19
-191
-87
-251
-198
-125
-289
-70
0
-291
-105
-97
-214
-151
-241
-165
-186
-165
22
-290
-164
-58
-152
-137
-55
-11
-274
-45
-169
-82
-209
-141
-304
-79
-158
-115
-142
-79
-156
58
-75
124
-312
-250
-123
-102
-150
-57
-234
-63
-319
17
-266
-185
-120
-115
-117
-132
90
-254
-50
228
-107
-105
-150
-27
-22
-152
-165
-251
83
-195
-211
-68
-46
-59
-217
-208
-269
-192
-112
-237
68
-65
-307
-21
-189
-215
-268
-199
-236
-171
-169
-285
-238
-218
-205
-12
-138
-245
-185
-86
-76
-101
-192
-87
-106
-179
-70
-172
-197
-60
-224
-133
-298
-49
-3
-202
-156
-67
20
-309
-217
158
-11
-220
-90
-249
-223
-102
-138
-52
-72
-176
-292
15
-174
-70
-268
-92
-232
-274
-123
-235
-215
77
-35
-19
-172
-225
-107
-90
45
-54
-15
-184
6
-90
177
120
-78
-304
-8
-238
87
-261
-382
-207
-162
20
11
-25
29
-173
-185
-192
-275
-91
-144
-85
-100
-168
-158
-104
72
-95
-139
-170
-89
-14
-20
-121
-159
-42
-170
-186
-236
-143
26
-202
-297
-156
-113
-80
-255
-304
-120
210
17
-128
-16
-18
-171
-80
-110
-330
-156
75
-122
-187
-203
-139
-126
-227
-153
-223
8
-65
-178
-236
-138
-237
61
-270
-305
51
-86
-194
90
-73
-52
-152
-384
169
-360
-168
-81
-69
-75
-3
-346
-29
-219
-130
-204
-259
17
-278
-185
-110
-79
-33
-354
-34
-43
-120
-157
-231
-120
-192
-206
46
-84
-262
35
-76
-210
-178
-148
-288
-153
-45
-130
-169
-3
-213
168
-52
-6
-329
-46
-70
-176
-165
4
103
-357
-140
144
-179
-56
-267
-140
-187
-26
111
-181
-256
-306
-208
-284
-147
-158
-116
52
0
-402
-80
-72
-265
-224
-129
-334
-207
113
-123
-18
-25
-86
44
-240
-247
-89
26
-63
-346
-102
-93
-358
-146
-192
-171
-274
-42
-91
-203
-25
-169
-152
-233
-185
-56
-112
-182
-51
-232
-291
-133
-260
-115
0
-14
-81
-82
-148
123
-407
-195
-48
-135
-12
-150
-146
-170
-252
-234
-266
-170
-223
49
-283
-108
-112
-112
-241
-174
-114
-71
-61
-50
212
-66
-357
-184
-238
-222
-161
-134
-126
-162
-84
-154
-156
-56
16
-244
-199
52
-373
-8
-205
-41
88
-138
-66
-106
-280
-58
-71
-73
-299
-176
-25
-162
-124
-214
-161
-290
-52
-90
-257
-2
-161
-308
-81
91
-179
-185
-386
-39
-87
-128
-160
-52
-72
-62
-135
-181
-308
-62
-271
-312
-230
-232
-201
-538
-90
-118
-12
-58
14
-103
-147
-82
-288
-75
-108
-358
-175
-93
-234
-79
139
-72
76
-244
-286
70
-130
-161
79
-295
-36
-231
170
-10
-102
-35
-161
-28
-323
-145
-73
-221
-94
-298
-198
-49
-338
8
-252
-109
-198
-58
-176
-96
2
-142
-121
-275
-123
-125
-69
-19
-163
-23
-67
-225
-93
96
-39
-82
-7
-133
-123
121
-123
33
-107
-253
-157
-68
-97
-238
-39
-209
-223
-45
-96
-121
-194
-87
-181
-63
-173
-167
-233
-43
-176
-125
16
-201
-284
-37
-182
-167
-264
-189
-203
13
35
-262
-166
-184
11
126
-172
75
-165
-157
-120
-153
16
-260
-69
-322
-119
-169
-128
-38
-76
-87
-174
-60
-145
-78
-167
-23
-173
-448
-114
-109
-2
44
-52
-164
-31
-402
-160
-256
-125
91
-81
-63
-229
-68
-148
-360
-27
-312
-24
-253
-119
-37
-194
-164
-80
-168
-65
-256
15
-185
6
142
-164
-120
-108
-368
-187
-130
-180
-135
23
-9
-91
-116
-180
-24
-294
-153
70
-269
-82
-63
-200
-140
-58
-157
-128
-97
28
-143
-56
87
-287
-156
-239
-291
-132
-38
-19
-59
-122
-24
-73
-184
-218
-177
-244
-87
-120
-285
-164
-47
-124
0
-143
-174
-305
-9
-309
-125
-236
-255
-33
-88
-280
-224
-182
-313
-205
-387
-174
-31
-259
-413
84
-445
-102
-202
-105
-94
73
23
-61
66
-48
-183
-124
-431
-123
-9
-285
-449
-234
189
-50
0
-178
99
-292
-96
-206
-214
-187
-85
-67
-349
63
-297
-5
-14
-245
-180
18
-307
-112
-155
-85
-329
-38
-243
-88
-198
-289
-50
-45
-65
-317
-124
-242
-289
-83
-122
-117
-107
62
82
-115
-22
-153
6
9
-9
-98
-57
-302
70
-71
-249
87
147
-219
-58
-94
-318
-331
0
-151
-29
56
-307
-31
-117
-182
-15
-41
-263
-292
-155
30
-153
-289
-14
-261
-251
-303
-90
-92
-225
-66
-267
-196
-411
-148
-248
-298
-230
-152
-265
-89
-92
-8
-157
-123
-101
-165
-314
-265
-399
-166
-127
-104
-295
-12
-269
37
-199
-90
-133
-191
-169
-165
-360
-221
-183
-272
-43
-74
-130
-396
26
-9
-186
-123
-103
5
-176
-149
-212
102
-263
-13
-289
-301
-323
-18
-160
-16
-274
-335
-145
-51
-62
-158
-169
11
-157
-30
7
-255
4
-88
-193
-179
-95
-89
-132
-58
-159
-147
-211
40
-78
-42
41
1
-207
73
-194
-365
-62
-124
34
-152
-116
-126
-45
-206
-42
-121
-158
-314
-245
-483
-233
-21
-281
-248
-143
-39
-58
-223
-30
-59
4
-233
-283
-143
-20
-170
-315
-230
-25
-354
-194
-191
-35
-194
-150
26
-118
-131
-203
-136
-265
-51
-187
-88
-112
-61
-246
-7
-124
-70
-123
-124
-59
-130
-147
-172
-131
-101
-368
-346
-447
-72
-16
-199
-75
29
-336
-172
-62
-364
-166
-86
-111
-33
-262
-169
-127
-79
-173
-194
-14
-224
91
-173
-246
-42
-241
-174
-148
-82
-172
-225
-32
-161
-241
-112
-363
-155
-263
-24
-296
-7
-305
-338
38
-329
-180
-169
-197
-229
-213
-279
-207
-196
-88
-78
-245
-385
-58
-324
-152
-159
-290
-264
-104
-33
-19
-118
-179
18
-27
-96
-114
-183
-317
-193
-21
-194
-179
-223
87
-186
-79
-234
-15
-244
-18
-78
-113
-243
-141
-123
-187
-201
-166
-17
-31
-197
-55
-2
-31
-70
-110
-198
-190
-379
-198
-24
-93
-213
-300
-240
-53
-64
-272
-187
-62
-28
-77
-99
-155
-191
-239
-158
-287
-27
-275
-65
-31
-108
-149
-15
-133
-178
5
-355
-301
-50
-85
-157
-152
-102
-96
-23
-49
76
-359
-141
-252
-102
-37
-181
87
54
-127
41
-58
42
-97
-192
-13
173
-172
-86
41
-113
-81
-281
-102
-12
-17
-67
46
-306
39
-125
-273
-238
-3
-479
-230
-75
-314
-301
-263
-163
53
-121
-22
-126
36
-93
-142
-261
-368
-38
42
-48
-180
-131
75
-38
-28
-213
-19
-231
-118
-22
-71
-291
-161
10
-173
-108
-16
-183
-41
28
-64
-37
-354
-137
-116
-390
155
-510
-227
-337
-261
-197
-237
10
-114
-115
-316
-17
-175
-138
-371
-150
-59
-395
22
-81
-166
-94
-264
-92
-131
-227
-20
-290
-77
-130
-227
-42
-16
-120
-164
-157
-224
-305
-100
-135
-270
-48
-227
-411
-102
-315
-4
-306
-185
-250
-190
-63
-195
9
6
-109
-85
-25
-11
-214
-201
-103
51
-164
-258
-179
-189
-55
-235
-75
-265
-69
-447
-164
-124
120
-213
-219
-164
-136
-316
-193
-245
-46
-70
-21
-102
82
-227
-31
-323
25
-194
-307
-324
-141
-31
-45
-63
29
-218
-253
40
-58
-93
-171
-91
15
-391
-278
-271
-157
-202
-24
-135
85
-150
-180
-127
-50
-178
-209
-348
-224
-91
-322
-111
-178
26
-118
-100
-400
-180
-299
-184
-175
-180
19
-43
-196
-140
41
-394
-19
-277
-155
-413
-100
-83
-142
-153
-223
-3
-267
-181
-300
-181
-152
-310
-96
-266
-20
-189
-222
-194
-165
-219
-114
-115
-111
37
94
-218
-218
-185
-146
-197
-72
-70
-99
-175
-246
-72
-53
-170
-1
-35
-96
-252
199
134
-84
-94
-384
-229
-284
-107
102
20
-95
22
-9
-140
-54
-252
-60
-184
-325
-225
-240
-86
-20
-94
-108
-253
-167
106
-47
-22
-29
-186
-76
-220
-115
33
-20
-92
-169
-241
100
-67
-77
-95
-116
20
-87
63
-194
-134
-230
-169
-120
-202
49
-111
-117
-198
-138
-231
-124
-268
-155
-95
-368
-85
40
-258
-103
-250
-73
-76
-241
-86
13
-177
-54
-265
-222
-308
4
-324
-253
-218
-271
-118
-274
-217
-121
79
-68
-82
-58
-90
5
-104
-146
-197
-102
-423
-201
46
-424
113
79
-46
-105
-47
-155
192
-140
-276
-252
-187
151
-208
14
-203
-50
-90
-217
-44
-259
-347
-82
-25
-102
-252
-245
-350
-86
-371
-165
-292
-12
-213
-72
-36
-174
-85
-131
-69
-165
-255
-268
-114
-251
-241
-86
-108
-178
-368
-215
-16
-145
-322
-176
-311
-77
199
-154
-3
-226
-88
-292
-56
-245
-121
170
-38
-284
-79
-210
-127
-155
-43
-142
-360
-234
-65
-43
-178
-138
-233
-138
29
-135
-194
-281
-158
-82
-264
-232
-133
-330
-133
-203
-126
-217
-234
-194
-109
20
-96
138
-116
-141
-299
-311
-392
60
-132
70
-82
46
-144
81
-201
-113
-128
-150
-103
-141
56
95
-265
-130
-23
-243
-187
-384
-294
-202
-217
-5
-4
-101
-128
-111
-151
-40
-300
-94
-87
-339
-40
-46
-70
-310
-194
-184
-247
-187
-91
1
-23
-84
-16
-62
-131
-93
-248
-367
-136
-284
-143
-293
-220
31
-307
-277
-151
-79
-188
-185
11
-249
12
-68
18
-280
-224
-266
-400
43
-294
27
-109
-166
-189
-248
-340
-277
-124
-169
-59
-98
-186
-143
-123
-438
-265
-208
-311
-396
-356
-105
-171
-262
-88
-23
-87
-188
-34
-278
-439
-106
-175
-65
47
-166
-186
-112
-156
-196
-32
-39
-215
-209
101
-73
-270
-123
-232
-86
35
-131
110
-194
169
-144
-97
127
-98
-64
-480
90
-107
-382
-79
-216
-95
-29
-239
-289
-273
-95
-84
-144
-29
-164
107
-243
-222
-230
-16
-237
-251
-245
-163
-132
-43
-192
261
-122
-267
-143
-256
-113
-18
68
-139
-256
-157
-27
-167
-103
55
-196
-63
-178
-359
-49
-194
53
-94
-251
-295
-49
-53
-309
-90
33
-71
-254
-173
-42
-112
-130
-65
