-318
-98
-267
-219
-362
-98
-182
-151
-174
-140
-46
-88
61
-99
-165
-80
-309
-60
11
55
-138
-179
-225
-203
-263
-264
-133
-75
-188
-57
-123
-90
108
-217
-65
-153
79
9
-221
-178
-6
-149
-75
-64
-48
0
-181
-281
-63
-80
-25
-69
-117
-347
-68
-105
-155
-69
71
-208
-5
-71
23
-184
98
-10
-55
-112
-263
-104
31
-205
-93
86
-52
-182
-309
-272
26
-29
-80
-310
-178
145
-60
-404
-210
-118
-236
-89
-160
-79
-189
-93
-182
2
-196
-143
-113
72
54
-227
-115
-31
46
-95
-216
56
-144
-252
-55
-39
-4
-140
-286
-84
-32
-119
-88
-346
14
-39
-56
-126
-153
-25
-245
-182
63
-111
-135
49
-276
36
22
46
-202
-317
-186
-117
62
-204
-376
-95
-15
53
5
-172
-50
-258
-118
-187
-162
-159
11
-341
-181
-115
59
-380
-62
-222
-142
-45
-6
-77
-89
133
-7
64
-174
25
38
-10
-241
-139
10
117
66
31
-53
-346
-121
-472
-149
-78
-56
106
-142
-229
-31
-211
5
-125
7
-5
-21
-196
2
62
-169
88
-83
23
60
-175
73
-349
-87
-22
-123
-24
-44
-50
-129
-149
-186
-163
-30
41
-94
-104
-96
-137
-186
9
-263
-357
-378
-51
-90
67
-87
-53
-307
-162
-168
-245
-113
44
-221
-15
-256
-31
-174
-18
-105
-174
-184
219
114
-179
-156
-199
-61
-167
-97
-32
-69
-109
115
-181
-188
-108
-476
100
-94
64
-43
-176
-74
-74
-301
-5
-67
-104
-29
-149
-80
-64
-292
5
-101
-172
-214
-211
-245
-296
22
22
-131
-283
63
-20
-7
-236
-220
-342
-85
-203
-167
-192
16
-62
148
-231
-253
-202
-73
-83
-329
-104
-329
-319
-212
-141
-95
254
-22
-260
112
-166
51
-175
25
-322
95
-207
-117
25
-160
-3
-38
-48
-87
-212
165
-178
-212
-13
-225
-124
-18
115
-169
-36
-127
-221
-287
-51
-244
-211
-152
-5
-190
-250
-250
-154
-91
184
32
-161
-5
-121
-12
-377
114
-361
173
-133
-185
-42
68
-1
-179
-121
-68
79
-130
30
-204
-122
-207
-46
-59
-162
-220
88
-25
-64
-180
-303
49
-91
-210
-154
-125
-132
-103
194
-129
-29
28
-194
-137
-110
47
-248
-75
-252
-205
60
8
-344
-199
-33
22
32
-219
42
-171
-246
-8
-89
-120
-169
-116
-8
-99
-228
-329
20
-394
18
-49
-35
134
-67
-70
-196
-93
-77
-107
-220
-185
-207
-18
8
15
-184
-57
-117
101
-144
-106
-152
124
-113
-111
331
-356
-326
-119
-51
-159
-178
-310
-53
-110
44
108
58
64
69
-254
-9
-341
-198
-24
-222
-37
-286
-32
-166
-81
-176
-65
-181
-304
-91
-175
-330
-214
-43
-280
-162
-372
-84
-20
-19
-201
-185
-57
-200
90
-12
-160
-325
-161
-227
-115
-31
-167
-99
-5
-283
-72
-160
-293
-141
-56
-138
-139
-34
129
9
-187
-163
-40
28
-78
-225
-13
74
-207
-31
-111
-169
-32
-286
-162
-60
40
-194
-199
-164
-20
-65
-363
-195
-193
-188
-88
-30
-193
-73
-173
-232
-57
-45
-289
-180
43
-165
-59
-82
-71
159
-327
-202
-20
-192
-189
-56
13
-27
-164
-129
-59
-282
53
-228
-235
-224
-196
-57
7
-293
-20
-223
-232
-135
-150
-201
-213
-195
-124
-42
-271
38
-243
18
-348
-134
-94
-141
-25
-29
-36
-23
-129
-80
-191
-105
-80
-273
-45
24
-433
-137
69
-170
-271
10
-286
-33
83
-195
-135
-218
-244
-285
97
8
-262
-149
-473
-280
23
-241
-123
-403
-38
-121
-156
3
-229
-241
-226
12
-91
58
-148
-100
-27
142
136
-184
-224
-103
-193
-57
-168
-20
-299
-52
-8
-187
-99
-304
-144
-176
-250
-40
-79
-175
-163
-328
-147
24
-165
-247
61
-185
-363
-268
-166
-161
105
-235
-125
-198
-83
-164
-150
-335
27
21
-164
16
40
-92
-133
-334
10
-76
-216
-72
-263
27
-204
-110
58
-137
-300
3
13
-183
-238
-205
-57
-170
-98
78
-168
-193
-120
-332
-238
-231
-205
-92
-95
-40
-81
-11
-211
-68
17
256
-153
-98
-236
15
-231
81
-22
-330
117
-260
-160
-150
-198
96
-261
-182
-115
-167
-65
-263
-233
-301
-279
-288
-19
-49
-152
-58
-251
-291
-341
27
-24
-55
-347
86
-142
-61
-71
-265
-147
-201
-52
-216
129
-159
-27
-218
54
120
-216
-46
-235
18
-125
-71
-163
-127
125
75
-255
-325
27
-297
-106
6
-112
-138
-161
39
-212
-119
98
-175
20
111
-49
-98
61
79
-343
-163
-194
-163
-252
18
-181
-131
-97
-96
-262
-228
-373
-199
-60
-254
-114
-157
9
-132
92
-283
-208
-85
-108
-87
-79
-128
-38
-77
-309
145
-271
-218
148
-166
8
-124
19
-70
-158
-132
-87
-251
-144
-213
-181
-366
-214
-95
-221
-43
-79
-93
-177
-160
-53
-32
-88
-69
-115
-153
92
-63
-206
-139
-173
-108
-114
46
34
3
-2
-218
-137
-44
7
-232
-146
52
-42
32
-82
178
28
-224
-278
12
-9
-210
-44
-33
-311
-136
-64
-167
84
-366
-170
-10
-321
-271
61
-276
-298
1
2
85
-82
-134
-220
-383
-322
-83
-99
67
220
-349
-86
-167
-203
-12
-271
-165
-188
-144
-333
-144
-194
-163
-23
-142
48
-80
65
-271
-94
-63
-348
-220
-116
-365
-193
-260
-82
44
-165
-29
142
-45
-37
-62
-115
-254
-61
-162
-5
40
-63
-145
-10
-153
-6
-9
-218
-98
-169
250
12
-161
-1
-204
-70
-224
-111
-407
-252
-320
-189
72
37
-75
13
33
61
-2
-119
-186
-128
-58
-127
-149
-121
-172
19
-273
-147
-209
-161
-114
30
-100
0
73
-17
-75
-226
-21
-67
53
41
-73
-122
-440
-24
-159
-256
116
-143
-280
-17
-304
-262
-25
-88
-166
-156
11
-77
-8
-89
-75
-80
-11
-201
-237
-180
16
-105
6
-16
239
-265
-249
-42
17
-261
-21
1
96
16
-293
-216
-152
-26
-103
-229
-304
-75
-34
-71
-249
13
26
-135
-260
-237
-64
67
-116
-135
-75
-107
-302
-87
36
-123
-135
-230
-78
-224
75
-169
-313
-156
-398
-223
-92
205
58
-137
-190
-123
16
-383
-58
-123
59
71
38
-94
-251
-220
-69
-89
40
-167
-49
-7
-112
24
9
-119
-28
18
-249
105
-87
-329
-154
-283
-187
-52
13
2
-121
-26
-186
-214
5
55
-393
33
-66
-338
-23
119
-42
-21
107
-162
-163
-352
-113
-72
-338
-20
-155
-122
-69
-135
-269
-64
-104
47
-46
-162
-174
-241
-270
-100
-159
-63
-85
-120
-191
-233
-270
-354
50
-157
-57
-159
-305
-58
16
-81
-59
-222
-150
-223
-228
-143
-319
0
-95
63
-305
50
-248
-14
-222
-121
-219
-139
-276
-112
14
-208
-3
-241
-105
-143
-56
171
-285
-135
94
-5
-158
-196
-30
6
-55
-298
-10
-105
162
-126
-85
-198
-132
-198
-19
157
-6
9
-40
-60
-202
-130
-82
-155
-220
-116
-284
99
101
-185
-155
1
-195
-204
-263
-170
-255
6
58
-72
-121
17
-185
-59
-95
-206
-190
-113
-259
-207
-142
-251
-99
-42
-57
-66
-284
-93
-146
-83
-28
-237
117
-61
-233
139
-74
13
-104
-191
-373
-300
-298
-277
-138
-60
-193
-27
-191
-234
-63
-114
-188
-196
51
11
-37
7
-126
50
-56
-179
-353
212
96
-192
125
-108
-190
93
-51
29
-74
139
-107
-172
-59
-7
-40
81
-112
-182
37
-145
-171
-121
-14
-130
-104
-101
-469
-139
-371
76
-215
-34
-134
-409
-215
110
-75
-211
154
148
-230
-46
16
-84
-225
112
-52
160
-170
-73
-54
-69
-152
45
-187
-111
-157
-94
13
-150
-86
-421
28
-175
-186
-38
-73
0
-238
-241
67
-87
-261
-42
-283
-191
-286
14
-149
-228
-179
-275
-74
-153
75
4
-323
11
-186
72
-149
7
-93
-179
90
-246
46
-212
-58
-191
-74
-158
-156
-232
-160
-58
-39
-28
-89
-66
12
-258
-146
-32
-114
-163
-122
74
-75
-130
-198
51
257
101
-68
-117
-296
15
-97
-53
-61
-18
-239
-95
-115
112
-157
116
-148
-31
-60
-110
-101
-123
-18
-63
46
16
25
-45
-55
-297
-59
-136
108
-288
-74
-177
-127
-165
-175
-447
-331
-256
-258
-143
-111
-201
140
-117
-43
-449
-59
-284
-151
-275
-13
-46
-140
-86
-1
-300
-73
-308
-110
-119
-127
-131
-197
-60
-181
-161
-119
-61
-352
-29
-103
-62
-101
-16
-73
30
-2
-135
32
-77
-223
-167
-331
-153
77
-180
24
-119
-60
-41
-370
-376
-108
-166
-105
-54
-83
-451
26
67
-35
-60
-150
-204
-349
-341
-132
-200
-177
-136
-32
60
-21
-274
-2
-299
-109
-197
-65
-132
-56
-69
-41
-246
-213
186
-194
27
135
-138
-52
-291
-303
-129
-35
-100
-133
85
-215
85
98
-153
-26
-108
-308
-304
-250
-97
-75
-80
134
-89
-315
-158
-37
86
-221
-113
-101
61
-34
-28
-170
-249
-126
-211
-179
-208
-97
60
-367
121
-291
63
-172
-155
-181
-108
58
-114
-2
37
32
-38
-72
-214
-190
-73
-430
46
130
-286
-405
-28
-177
-285
-228
24
-109
-140
-132
-77
-230
40
-214
-57
-197
-104
-318
-226
-126
-72
83
-86
-263
27
-273
-128
-274
-84
-175
-140
-61
52
-41
-57
-124
261
-139
-94
-209
-26
-116
-39
-356
62
47
-43
-89
19
-290
-293
4
23
-226
-3
-272
90
-134
-71
-406
-371
-16
-26
-34
-110
-194
-221
-70
-447
-117
-73
-109
9
78
-227
-278
-36
-237
-41
-7
-142
38
-202
-275
54
-82
-197
104
14
51
17
-105
-95
-71
-33
176
-148
-72
-139
-144
-221
-18
-48
19
-154
-154
-108
-92
-193
-182
-49
-110
-112
-262
-115
-60
-37
-137
-166
-197
-50
-9
-256
-129
-75
-151
-16
-55
-253
-60
51
-56
-59
-304
32
-232
-21
-145
-70
59
-155
27
-205
-238
-74
-144
0
6
-205
-230
-33
-67
-81
-137
-216
-265
-137
-228
19
-100
-58
105
-92
-121
-35
107
-106
19
77
-212
-224
-73
-71
-23
-76
139
-304
-204
-224
-101
-34
62
-5
-56
73
-167
-313
-391
-116
-75
106
25
-342
-12
-300
-198
-70
33
-290
-239
41
-171
-257
-27
-112
-23
-208
-105
-144
-96
-360
-277
-234
-241
52
-134
-333
-92
-104
-96
-23
-185
-27
-205
-103
-48
-79
-40
49
-137
152
-224
-205
16
-192
-164
-100
-71
50
-195
-61
-63
78
-62
-88
56
-74
-123
28
42
-193
-148
-231
153
-165
-194
21
-358
-116
-237
-70
-215
-115
-90
182
7
-103
-197
30
-198
-179
14
-12
-260
-29
-108
-249
-8
-200
-364
104
-218
-13
102
-145
5
-157
21
-89
-94
-47
-70
-75
-226
-228
-101
-174
-75
103
-125
-151
-281
-301
-36
-195
-129
215
-279
-136
-93
-78
31
-87
148
105
-369
176
-127
-220
-91
-196
82
34
-309
-236
-194
-169
16
-47
-21
-11
-141
-215
-131
-2
-84
-239
-13
-102
-59
-82
-68
-93
-279
-131
-98
-122
5
-190
-18
-76
56
-73
-99
-224
-158
-160
-205
-64
-22
-18
-41
-110
-274
-164
-104
229
-81
27
-163
-60
-72
-98
-29
-321
-267
1
-105
-308
-251
-230
7
-155
-246
2
-190
23
-285
-116
-114
163
-153
-134
86
-40
-197
-259
-261
-258
-92
63
-75
-15
-99
-38
16
-115
-187
128
-259
-242
97
-247
-177
-108
-217
-143
-136
-66
-385
-238
-247
-317
-57
-311
11
-345
-151
-281
-215
-158
32
-79
109
20
1
-143
227
-102
-353
-239
49
74
-99
151
-33
-80
-106
-212
128
186
-268
-246
-71
-13
-128
57
-236
-26
-271
14
-96
-25
-94
-191
45
-81
-119
73
-174
-250
-123
-126
-101
-20
8
-178
72
-108
-89
-50
-12
-217
-204
-218
6
-61
-131
92
-138
20
-2
-165
18
-388
-355
27
-227
-48
22
118
-189
-8
-105
-378
-208
-137
-160
-212
-43
-248
-186
-110
-246
-243
104
1
-264
-138
81
-48
-220
-358
-137
48
-214
79
-196
210
-68
-26
-203
-4
16
-247
-339
-334
-95
17
-105
-7
-133
-69
-241
-140
-289
-22
114
-73
69
-249
-86
-339
-184
153
-116
-156
-165
-193
-479
-50
61
-112
189
-113
-148
0
48
3
16
8
-79
-87
-243
-49
-226
-53
-283
-232
-1
-171
-234
25
-319
-164
63
3
-171
-31
-99
-190
-126
-167
-48
-65
-20
-248
-145
-85
-242
-202
-207
42
-212
-63
-301
-20
-111
-146
-52
-88
-137
10
-236
-121
21
-66
-353
-75
-128
90
-19
-46
-231
-328
-273
-43
-256
-159
3
-36
6
-254
-31
-120
-169
13
-195
-95
-41
-185
-179
-122
202
-242
-145
77
-225
-124
-126
-186
-196
-67
-214
-207
-25
-200
-130
119
-121
-154
-33
-80
97
-135
18
-62
-205
-89
-185
-99
-249
188
-69
-205
-158
-228
-23
-229
-158
84
-34
-128
106
-81
13
66
-140
-360
-149
-140
-85
122
-201
-54
66
-253
-55
-88
-40
-195
2
12
-107
-236
-158
-401
-17
-261
-168
-247
-376
-192
-181
17
238
-330
-92
166
19
-58
-312
12
-273
-320
-44
-224
-136
-145
-119
72
-155
-158
-273
-147
-274
-118
-37
4
179
-39
-135
59
-62
-118
-199
-127
184
-129
-13
-74
-124
-99
28
-92
-6
-200
-83
-260
-119
8
-68
-264
-33
-22
-220
-55
-151
-6
-214
-229
-283
88
-40
-215
-132
29
-63
144
-269
-131
-167
79
-22
68
-116
-52
-178
-25
118
39
-341
-208
141
-48
-113
-42
-125
-180
-99
29
-219
134
-40
-152
-61
-55
-49
-90
-70
-59
-161
-91
-206
-101
-77
-103
-335
-105
-37
-265
-132
-212
-126
-87
29
57
-325
-348
-104
-259
36
-38
-370
-146
-144
-208
167
-211
-43
-274
-325
-19
129
140
-325
-236
-1
-176
-98
-25
-156
-124
-229
-191
-90
108
-142
-345
19
-300
-397
-305
-99
-199
-173
-272
-75
-122
-357
-209
54
-144
-102
-88
-253
-172
-51
-110
164
-165
106
219
-25
-183
-101
-153
144
28
-67
-99
-94
-44
-22
10
-19
14
-72
49
-164
-289
-423
135
-62
37
-69
-204
-183
-38
49
-111
97
-196
-254
2
-147
-78
-104
-166
-267
-131
-111
-103
-138
21
-154
-109
-196
-92
9
28
-185
-272
-115
-230
28
-395
-115
25
28
66
-155
-128
-63
3
-83
-141
-194
-332
-51
22
55
-173
-85
-81
-266
304
16
-285
-35
5
-162
-130
-276
-166
-313
11
-28
-19
-416
-160
-57
-14
-134
109
17
-61
-247
-165
-140
-69
-126
-281
-70
-76
221
-197
-82
19
-26
-220
-231
-49
-159
-87
-51
-334
-82
-64
-113
28
-302
-59
-80
-226
-176
-46
-85
-309
-8
-60
154
-44
-84
244
-84
-345
-40
-213
15
43
-125
-206
-164
-18
-209
-212
-109
-62
-35
-370
-166
-277
-338
-240
-17
-213
-6
-127
-225
79
-216
-36
-111
-117
-218
-241
-202
-208
-196
-160
-226
-127
117
-319
-68
-158
155
174
-4
-122
-185
-88
85
-6
3
-492
111
-4
-48
-80
65
0
-175
-106
-89
-251
-307
34
-123
-120
-121
-8
-105
-170
-293
0
-203
-102
3
-40
-199
-235
43
-75
-199
-338
-277
-59
-228
-78
-226
-60
-3
-130
35
73
-174
-32
-68
-153
-30
73
-63
-215
-254
-187
-253
-59
4
135
-57
-216
-27
-204
-132
-168
114
-160
29
41
-159
-99
-1
-183
55
-126
-180
-246
-23
-173
-152
-65
99
-110
-245
-290
-237
-115
-34
-56
-60
-142
-444
103
-134
-172
81
-218
19
24
-245
-55
-55
-146
-310
-93
69
70
-344
-304
-162
-162
43
-227
-71
-302
-241
-21
-452
-128
97
-93
270
-244
-10
-193
-173
-80
-169
-222
-188
-60
-97
-178
-57
-195
-45
-72
-119
-195
15
-14
13
-22
10
-220
-71
-192
-199
-107
-16
-332
-259
31
7
-187
-238
-3
-101
-296
-271
-94
-115
19
-69
-63
58
-64
-115
-24
-68
101
-80
25
-102
-120
-203
-129
277
3
-45
-35
-146
-99
-204
37
-65
37
-117
6
5
-198
152
-317
-220
-163
-124
-8
77
-119
-294
-180
85
-105
-26
-184
-23
-319
-44
-100
16
-44
-37
-57
-158
99
-191
-153
-208
-28
97
85
-214
-78
-80
21
-11
-113
-172
-360
203
-11
-252
-67
-250
120
-108
-93
193
-79
-49
-162
-194
-87
-189
-244
-231
-122
-128
-224
-110
-15
-149
-250
-83
76
-117
-45
-165
-170
-23
104
-252
-70
-176
-30
-60
-6
-166
10
-236
-118
-187
-41
-249
-33
10
-135
-223
-26
7
17
-250
-70
-95
41
-158
138
53
-215
68
-214
-310
-7
-106
-377
45
143
-284
-14
-300
-123
-348
-164
-33
-149
-63
22
-147
-253
-68
-279
-142
-55
16
1
14
-58
-161
-254
-89
-50
-138
-138
-220
-6
-417
-192
24
-240
13
-144
-216
-163
-101
-57
-71
-305
-16
-226
-61
-82
6
-35
-255
97
-195
-117
-259
-274
29
-52
-160
-231
-69
-67
-91
-81
-143
-115
-41
-215
319
-389
-222
-310
-49
-30
-242
-172
55
-267
-151
-20
-137
-170
-17
-36
43
-297
-17
-242
-112
-319
35
-373
70
-175
-146
4
84
-235
-137
-260
-347
-263
53
130
-76
-103
-281
-135
2
9
-35
226
-158
-246
-19
-85
-103
-114
-162
-260
-226
-249
75
-206
-276
-5
49
-63
-127
-214
-81
-153
-44
-352
301
105
-17
-177
-190
-154
-132
-104
-124
115
-61
-168
-169
-142
75
-79
-288
-13
-2
-92
-445
-295
-129
-39
-59
-299
-86
-181
-23
-130
138
-143
-108
-121
-66
-110
-6
-34
-85
-238
-218
-293
-153
105
-178
-292
-119
82
-208
-171
-94
-72
-235
-89
-258
-372
-53
-327
-147
-145
-69
-117
-107
-196
-325
-219
-115
-160
-160
-179
-127
-70
-249
5
-155
-225
0
63
-165
28
67
-163
-163
-35
-216
-138
-102
-13
-1
-131
-4
-223
-56
-158
79
-22
-5
97
-119
-57
-190
10
-83
-42
-19
-283
-29
-113
-229
-171
-234
-42
-67
39
-149
-188
-180
-144
-193
-320
-109
-304
-129
12
-48
-33
2
-94
-106
-325
-76
-347
-158
-74
-426
4
-186
-150
-117
-96
-141
-98
-177
-237
-251
-7
-176
-448
-164
9
-416
-180
-29
50
-77
-10
-78
-16
-261
-158
-75
-138
-141
-111
5
-53
16
-206
66
-110
152
50
-9
-21
113
-11
-108
-122
-28
-108
47
-34
-219
-134
-195
51
155
251
-508
51
-133
-184
95
-6
-171
-5
-175
-199
-34
-252
-57
-162
-35
19
33
-153
-104
124
-271
-42
-137
-108
-4
-157
-72
-149
221
-183
-16
9
63
-222
81
117
-34
-321
-168
-31
-23
-173
-127
-25
-195
-84
-295
-44
-18
105
-129
-146
131
-170
-137
-167
-262
-133
97
-207
-73
-120
43
-115
-67
-131
-176
84
-5
-166
-158
-104
-2
-70
-80
-43
134
-408
-54
-49
4
-66
56
-215
-46
-186
-182
-260
-215
-5
-171
-94
-288
-305
-52
-105
-61
-76
214
-263
-140
-109
-316
-63
-258
-180
-53
-109
-42
-434
-28
-131
-135
-108
-168
-88
144
-72
-5
-273
-62
-64
-13
224
-173
-96
-91
81
-292
-248
-223
-280
-41
-211
-57
-10
-114
-121
-171
-18
-45
-189
-36
-98
-18
-4
-28
3
-386
-37
11
-81
-177
16
-161
69
-266
-128
-145
-18
-63
75
-133
48
-12
-278
-53
-76
-156
-6
-89
23
-143
-255
-235
111
-59
-356
-159
25
-177
-26
-3
-280
-194
-378
-224
-206
-47
-381
76
-124
161
-53
68
-199
-26
111
-84
-137
-137
-58
-65
37
-100
-139
2
69
-75
-121
-117
92
87
-124
-6
-93
-32
-35
-160
-191
-175
-79
33
-75
-70
7
-20
-159
-210
-274
-157
-43
-113
-99
-140
-118
-210
-361
68
69
-118
-83
-8
-320
19
-244
-429
75
192
-107
-50
-279
-141
-44
-392
135
-1
-62
-213
-87
-109
47
53
-108
-223
-263
-93
111
-227
-63
-123
155
-191
-39
-227
-65
-124
105
-100
5
143
66
-124
-171
-18
65
-80
20
-259
-33
-27
-102
36
26
-32
-38
-112
-293
-80
-53
-19
-36
-31
-82
44
-22
-167
143
-192
137
-23
-96
-42
-43
-43
-75
-48
-179
-141
-198
-71
-27
-297
-20
18
74
3
-205
-194
52
-182
9
25
31
-64
-120
-173
-101
-111
-87
-36
64
-24
-2
-184
-175
-86
-31
-187
-48
-194
-228
-340
-193
-9
122
-14
-10
-143
-176
-121
-216
-154
6
-283
117
-5
-241
-134
-107
-34
-23
-53
-145
-63
-96
-153
-139
-21
-210
-104
-60
-288
-150
-136
-147
-169
-116
-47
-3
-165
-282
-225
-236
1
168
-84
42
-150
-315
-271
-145
-67
-124
-231
99
-53
-80
-245
-65
102
-155
-102
-76
-106
35
-95
-90
124
-226
-65
-194
19
-54
-97
-312
-234
-355
-2
-19
-126
129
-82
-141
-139
5
-161
-57
-134
-166
177
-318
96
61
-211
-212
95
-34
-11
-322
-38
-191
-81
-447
-131
-89
-213
-125
-108
-94
-186
135
-128
-277
-220
-197
18
-53
-108
-132
-227
-141
-295
-115
-310
53
-222
-57
-235
-147
1
-39
-190
39
-43
-46
-58
-266
20
-54
-52
-46
-281
25
-70
19
-394
-229
-183
-124
-377
-100
81
-84
-78
-67
-163
63
-84
-133
-364
-122
-179
-172
-178
-74
-270
-121
-131
-93
-80
16
-229
-211
-14
-114
-95
-151
177
-29
-117
-42
-161
-92
-153
-10
-52
-168
-186
-80
12
8
-81
4
-79
-338
-254
-89
115
72
-121
-223
-140
121
34
-110
-99
-148
-37
-172
-19
-96
-38
8
112
-136
4
2
-107
-71
-274
110
-100
38
-274
-257
-111
-97
3
-103
-209
-377
-81
-103
55
-251
176
-7
-146
29
-94
-69
-423
-99
-268
134
-148
77
-155
-37
7
-87
-172
-311
-84
-230
-242
-155
-90
-247
-175
15
-306
-170
-284
-188
74
46
-254
-271
-93
-274
-136
-172
-194
167
-90
-65
-162
7
72
-118
-88
-303
-272
-175
-130
-24
-30
-253
-370
-133
-112
-228
-40
-183
-91
168
-240
-294
-99
-100
-212
57
-183
27
-260
-96
-220
-2
-178
-346
-98
-195
-203
-186
21
-276
-24
78
-134
119
-155
1
-147
-144
-88
-156
209
-297
117
73
5
-327
-58
-131
-190
-112
-123
-80
-11
-94
-276
64
-72
-64
-97
-39
-271
-135
-219
-171
140
-70
-206
55
-147
25
-91
-55
-104
-328
-104
-28
-64
-190
-143
-80
-193
-99
-289
-47
-160
-307
99
-14
-218
-346
-161
-99
-3
-61
-79
220
-187
7
-157
-104
-205
-273
-288
-32
-89
-21
28
-180
63
-90
-73
-129
-46
-31
-165
-70
-138
-109
31
-85
24
-29
-68
-50
-23
-68
-3
-288
13
23
-18
6
-110
-59
32
-119
-200
18
-94
-75
-128
-155
-49
-198
-190
11
10
-54
-123
9
-60
-120
-36
-132
16
-32
6
-244
-138
93
-139
-136
-45
-77
-151
-83
22
-29
-48
-264
-16
-248
-266
-165
-152
-92
-7
-179
25
-63
-212
-165
-224
52
-26
-207
-24
-202
-188
8
-228
-72
-70
-42
180
149
-157
-100
-3
-284
-202
-82
56
-169
103
-211
-24
-244
-91
-12
-254
-103
-107
-187
-156
-101
49
5
-141
112
3
65
-110
24
-108
-17
-120
-13
40
-54
-136
-159
-134
-86
-164
98
-2
-21
-124
-191
70
10
-170
50
-33
-251
-43
18
-23
-207
-262
-292
22
-131
4
-96
-318
-92
-75
-76
-45
-189
-100
60
-90
15
-71
12
-175
-203
-132
-249
-100
-12
-151
-16
-122
-153
-12
-36
132
-158
-134
114
150
-101
-47
-20
68
-264
17
-121
-159
-124
-52
-87
71
-4
-39
29
-18
-118
-112
-340
-137
156
-147
127
50
-123
-171
-271
-113
-177
113
-174
-52
-128
-91
-217
22
-314
-199
-135
-34
-184
-233
-106
9
-219
-81
-174
13
-136
-52
-155
158
-257
76
-85
-420
-141
-141
-147
192
-46
-317
-116
-242
-186
-189
18
-112
-224
-24
-7
-199
82
15
-86
-111
-218
-194
-47
41
-249
-19
-123
-182
-102
-132
-116
109
-128
27
-153
-254
-115
-197
-301
-137
-34
-21
-155
-172
-45
147
-137
-56
-88
-15
-129
-278
73
3
-328
-72
-193
-110
-266
160
-233
-52
-140
-316
-67
36
-15
-1
-43
-28
47
-34
-302
-151
181
-62
-83
-56
-59
-226
-259
-90
-69
-66
-79
56
-194
-59
-208
-118
-166
135
-47
155
-24
-298
-137
122
-115
35
-116
40
-52
-263
78
-175
34
-24
-255
-186
-45
-149
-136
-77
-250
2
-287
-119
30
-189
119
-186
-93
-246
-97
-225
-86
34
-46
-67
-32
-119
-138
-110
-118
42
-60
-64
-234
-323
-198
-93
-380
-31
-123
-163
10
-138
4
-340
-185
-64
-135
-84
63
-180
-98
-271
100
-29
151
-299
-31
-207
-345
-13
-45
55
-171
-116
-228
-274
-97
-51
-104
15
-166
3
179
-487
145
-186
-171
-1
-29
-22
-225
-203
-5
13
-215
-219
67
182
-220
-62
63
-136
30
-145
117
-409
-29
-287
95
-103
-176
8
-63
173
22
9
48
-39
-357
90
-2
-182
-175
161
-98
64
-89
-189
-181
-19
-253
5
-47
-263
107
2
63
-228
-22
-163
-135
-110
-176
-104
-30
-38
-141
-64
-132
-64
-116
-74
-14
60
-30
-277
-272
-272
-124
-100
-273
-42
-61
-202
12
-269
-65
87
2
25
-67
-21
-43
-133
-181
-259
24
-174
26
-49
-267
122
5
-276
-51
-280
-61
-230
-349
-47
144
-80
75
-55
84
52
239
-54
0
-46
125
-151
-162
-223
-116
-20
18
-90
86
51
-56
-61
-137
-180
-306
-21
13
-223
-146
-122
-332
-72
-96
-2
-108
-273
108
-43
-138
87
-49
-172
-147
44
-452
-102
-277
-36
-91
-300
-78
-60
-60
-213
-121
-357
-94
13
-103
-231
56
25
-179
-162
-46
-245
-107
-62
102
-134
-80
-88
-116
195
-53
-37
-132
-106
-72
-138
-471
-41
-26
-41
-411
-196
-133
-314
-297
91
-400
-335
-267
-327
158
45
-9
-184
-397
-145
-86
0
60
-306
-301
-6
43
-157
-135
-161
-86
-83
-86
-10
102
-31
-23
-12
-192
40
-188
-92
-47
-50
-30
21
-16
-60
-294
-119
-78
-60
-40
-73
104
-142
-177
-147
-91
-264
-152
29
-278
-71
2
-138
-24
-233
90
-83
165
-45
-136
-118
-105
48
-142
-118
16
-5
-233
-20
12
-264
96
-173
-181
-272
-88
-146
-170
-301
-39
-79
-246
-4
-18
-249
71
-30
-260
-128
-4
-32
86
38
-152
-183
-17
110
-169
31
-220
-186
25
-54
-266
-101
-16
13
-133
-226
-142
-47
-156
-271
-62
3
-53
-5
-17
39
-42
-297
-30
-25
-83
20
-41
29
-39
132
44
-242
-98
-361
-208
-221
-88
-255
-228
8
-167
-82
3
41
59
-266
137
2
-109
-79
-87
18
-243
-134
-148
-258
-518
-257
-481
-119
-190
-38
-224
170
-122
-135
-89
69
100
-486
74
45
-213
-40
-184
-72
-19
-72
-164
-102
-111
49
-78
-77
-87
-190
-120
-292
-91
-50
-187
-96
-98
-219
-209
-173
10
-262
-141
-151
-108
29
30
-197
86
-46
-318
-142
-193
97
-242
-167
-84
-365
-106
-197
-121
-3
-165
2
-37
114
131
-111
-158
-61
-58
-282
-154
-201
-67
-228
119
-267
-301
-330
-36
-139
-229
-109
-436
68
-125
55
88
-41
-147
-47
-90
2
-26
-212
-41
-85
-209
-162
46
-226
-189
-112
-3
-3
-16
-156
74
-37
-248
-11
-127
-285
31
-127
-30
-239
-172
77
104
-290
-330
-70
-191
29
-226
-142
-127
-66
-55
-211
-145
-110
33
-108
116
-150
-172
-57
-158
-43
-6
-3
35
143
-52
-53
-212
4
82
-67
-181
153
-143
-157
-179
-288
22
-263
-34
84
-19
11
-75
-269
-60
-185
-195
-89
-172
23
-306
39
-263
-151
-102
-267
-230
-134
-113
-69
-213
-237
-150
-82
-82
-112
-115
-236
-84
-173
-278
-160
-50
52
-53
12
-233
-266
-227
-111
115
-175
-95
-31
-295
-14
-203
21
-88
-246
-103
45
-214
-107
-77
-100
-165
-190
-220
-123
-19
-155
171
-242
83
-157
-155
-54
73
-300
-164
-1
-363
-108
-74
-188
59
-447
27
12
107
-42
-41
-68
176
54
79
-305
-218
-50
-247
48
65
-81
-218
18
-59
-234
78
-74
91
-189
-90
18
12
-144
-22
-61
13
-198
-7
-118
-164
-17
-110
-131
-318
-177
-114
1
-232
-303
-19
12
-207
-38
-2
-45
13
15
78
-111
76
28
-40
-219
17
-326
-376
-236
-72
-187
-59
-78
-141
-133
138
-62
-33
-39
-147
-104
78
54
-237
-101
73
-49
-305
-41
-30
-47
115
-165
-80
-138
-151
-72
-88
-190
0
-147
10
55
-128
-114
-174
-187
-191
-93
-119
-262
-39
-281
-385
-28
-191
-163
-179
-147
-322
53
-116
-365
-63
-95
-169
69
10
56
-225
24
-142
-214
-316
-43
-261
-86
-148
77
-167
-238
-80
-146
-173
-164
-11
-223
-65
-310
-159
-81
-139
-425
-115
-147
43
-101
-11
36
-10
46
-49
-133
-45
-68
-19
-244
-5
-270
-217
-92
-156
-245
-147
-106
-227
-69
135
-161
-103
-205
-263
-263
-325
-72
-294
67
-280
-114
186
-221
-126
-89
-179
-41
-370
-216
-98
-124
-106
-147
27
-56
-113
-105
-198
-497
-319
-104
-81
-105
-423
101
-2
-184
-274
-229
-156
-284
55
-232
-79
-120
-87
-80
152
-249
-216
-314
-69
-81
-282
-37
-390
-66
-196
-80
-31
-64
-114
-117
-141
-330
-165
-347
-256
205
-90
-55
-253
-222
-110
-41
7
145
24
-262
-262
-224
-276
-82
-89
-276
-14
-21
-104
-277
-78
18
-60
-266
148
-69
-170
-141
10
-207
-456
-177
-373
-213
-154
-232
141
-169
-262
28
-64
-359
44
-255
-423
-198
211
-66
-104
-106
-276
-104
195
-158
-347
-198
-98
17
-14
-107
-27
-125
36
3
-172
-170
-209
93
-60
-10
-187
-122
-45
-143
-82
-249
-93
-228
-94
-160
50
-48
-107
-98
151
-496
-251
-267
-343
118
-21
-17
-195
-242
-460
-242
-374
182
-166
-69
-250
-157
16
15
-208
-59
-168
-41
-122
-34
-243
-322
-35
58
-54
-102
-34
18
-211
-149
-2
-111
-134
-41
-74
-172
96
-189
-113
-209
-21
-220
-161
-34
-175
-298
-244
-45
-260
-294
-298
166
-119
-54
-6
6
-113
41
-265
-243
-178
-275
-80
-123
-290
-85
-121
-140
82
-126
-114
44
-160
-80
-49
-143
-191
241
-28
-241
-85
-98
-210
-126
-49
-144
100
13
-156
-8
31
-185
-16
-115
-203
-73
-202
-89
-33
-161
-115
-231
328
41
-20
48
-78
-174
-159
-201
-220
-197
-286
-156
-45
-53
82
134
50
-121
23
161
-268
2
-97
-144
-52
-109
-127
-267
-99
-300
-44
-218
55
-76
-222
-82
-178
16
-168
-176
-140
-185
54
-329
40
-295
-1
-120
-220
157
-310
-11
-275
-229
-164
-139
-204
-51
-195
-287
-155
-63
-304
11
-239
-26
-180
27
73
-113
99
-124
-45
-46
-249
-375
-158
-10
-98
-272
-117
-283
-168
-249
-160
-233
-227
-280
-184
-153
-191
-170
-290
-30
68
-145
-418
-9
-34
81
-214
-105
-117
28
-130
-104
-104
-162
126
75
69
-169
-42
-100
-318
-342
-32
113
-240
-293
-135
39
-143
-99
-118
-457
-37
90
-112
-61
-298
-50
-84
-284
-243
54
-59
-161
-80
-211
-26
40
-98
-68
-165
-32
-249
-157
-198
-160
-16
-182
-200
-107
-62
-35
-192
-186
-192
-211
-115
-75
-111
-148
-184
-151
-140
-58
75
-190
-171
22
-111
-114
-240
-278
-212
41
-280
-204
71
-176
-157
-189
40
-96
-204
107
-61
-96
-89
-76
-182
-253
-220
-109
-29
-372
-146
-22
-144
-94
-233
-126
-246
-176
-284
-36
51
-254
-76
-94
-16
-109
-129
-302
152
81
-209
-161
-46
32
-206
92
-128
-243
118
38
-183
-260
-21
-108
148
-207
-157
16
-258
-81
34
-226
-152
-175
27
-68
-164
-119
-320
-55
15
-64
-9
-104
-64
-100
-131
-48
60
18
-267
61
-307
-225
-189
-167
-108
-240
-261
-118
-72
-135
-266
-213
16
61
13
34
-195
-72
-30
-318
-76
-114
-119
-99
-8
104
-90
-121
-64
-21
-46
-140
-35
-355
-214
3
4
-107
3
-110
-194
-93
6
-104
-39
-86
-225
257
-255
-331
-107
-175
-144
-128
-258
-119
52
-242
166
-39
-148
-50
-286
96
-163
9
-135
-90
-73
-46
-340
-26
-136
-181
52
-380
-69
-153
32
162
-210
-41
-239
62
-171
-136
-96
6
-95
-265
-2
-269
-37
-187
-141
-199
-288
-103
109
-31
-108
-132
74
-21
-45
-130
-292
-183
-281
-92
-168
-317
-118
-142
-181
-89
-210
-202
-432
-14
-160
14
-184
-53
-278
56
-26
-99
-131
-120
-168
-274
69
-28
-239
-56
98
-130
-282
-237
-87
-219
-92
42
281
-161
-260
-140
83
-191
-282
-155
73
9
-129
-198
-100
-108
-128
-157
-354
-68
-233
69
-20
233
-50
-207
-38
-121
27
-187
-176
-42
34
-215
-13
-24
-113
-58
-142
-11
-335
71
-465
22
-257
-124
-100
-206
-172
-297
-91
-60
-199
-181
-235
-383
-171
50
53
-145
-141
61
-194
-32
68
73
-145
-119
-35
54
-243
-41
-33
-208
-226
-6
-154
41
-134
-56
-170
58
-143
83
80
17
55
37
-103
-200
-289
-24
-6
-51
-237
98
-143
-112
-143
-128
-103
-101
-80
-159
-101
-53
-137
-126
-183
-284
-186
-209
84
-19
-61
28
-192
-121
-25
-248
27
-19
-189
56
-58
-212
36
-177
-40
-101
-219
-145
-101
-90
-181
-172
-123
14
-143
-291
116
-129
-146
-109
15
35
-329
-286
-256
47
111
-113
-318
-30
-240
-90
13
-9
-263
66
-291
-222
-199
-243
-213
-198
129
-241
-158
-101
24
-106
-185
-183
-9
-418
-325
-62
-104
-186
32
-242
-102
191
-58
-144
23
-59
-193
-224
106
-168
-168
-199
-83
-267
-169
-214
-213
-179
38
43
-75
-249
-71
-116
-62
-79
-193
-375
-156
-219
-164
-45
-104
-307
52
-172
-277
-210
32
-317
132
38
-275
64
-262
-215
69
-193
-241
-148
-243
-261
41
-211
-47
5
70
-235
-278
-115
-190
81
62
-176
-11
55
-241
-95
79
-106
-152
-143
81
-81
-183
-90
-15
-89
-85
-65
-286
-204
51
-162
-394
15
-92
-107
-81
-213
164
-71
-16
7
-90
32
-204
-42
-117
-123
-200
-158
-218
-106
-193
-142
-12
94
5
27
-178
-147
-256
-91
-242
-157
-273
3
-20
-103
63
-362
-79
-157
-93
-82
134
-399
-317
-123
-361
-231
-175
-357
-210
-56
48
-246
-214
-234
-181
55
30
-119
-134
-420
4
-116
-178
-135
-103
-253
171
-158
3
90
-29
-181
-157
-196
-171
-191
-303
-89
-193
-38
-46
-201
29
229
-212
-107
-84
62
-252
-212
-155
-254
-126
-260
-255
-235
-173
-236
-112
101
-273
-172
-179
-56
-318
-147
-78
2
-252
-41
-140
-27
-43
-355
-238
16
43
124
-73
-42
-70
-159
38
-73
-137
-91
-132
-316
-89
-231
-66
55
-219
-25
-189
-19
-88
-292
-204
-457
-103
-76
-164
-175
120
-72
200
-256
207
-190
-79
-83
-11
-205
-20
103
-28
-105
-319
-291
-122
-64
-116
-128
-7
-9
-203
106
-331
8
-249
-295
-28
-184
-237
108
19
-142
-188
-120
-55
19
-278
12
-79
-122
-185
-234
-334
-145
-163
-116
-296
-71
272
-122
-95
-203
-163
-32
-19
-317
223
-27
-215
-425
10
-114
-57
12
-325
-31
113
-350
-93
-112
-73
-24
51
-194
-128
-30
-447
-213
-70
18
0
174
-176
-36
-73
-294
-62
-50
-159
-229
-246
-330
75
-136
-148
-222
-351
-133
-70
-100
-224
79
-227
114
117
-176
-292
-8
-110
-293
37
-35
-13
-6
-56
-136
-248
74
-39
-234
-190
-7
-36
-107
-169
-193
-59
-118
-367
-212
-31
-136
-356
-13
166
-150
-221
-343
-107
60
-129
11
-55
-169
-102
107
-137
-189
-45
-120
-156
-233
-291
-36
-85
-170
-109
-108
-240
-280
61
-89
-308
-133
-247
-329
-122
40
-130
184
-325
-37
6
80
-197
130
-97
-66
-16
-271
-28
-77
-158
-372
-219
-111
34
-120
-188
138
-15
5
-140
71
-240
-201
-126
-83
-310
106
-130
-230
-367
-241
-32
-507
-92
-204
197
-118
-77
-132
-40
-69
-127
-183
-181
-283
-173
-41
-157
-273
14
-190
-453
-82
-112
24
-117
-195
-98
-67
-127
-259
-39
-121
-205
-74
-203
-245
-372
-151
-142
-105
-2
-202
-155
24
265
-80
-208
-177
-49
-209
-123
-205
176
-291
86
-224
-193
43
-131
-204
90
-90
-201
-227
-430
-176
-382
-139
49
-232
12
-116
-46
126
-220
32
-246
7
-52
-236
-205
-185
-236
-375
-105
-359
-83
-119
-80
-136
30
-157
-344
-146
115
-72
-198
7
18
-60
-262
-61
-236
-283
-239
-241
-133
-95
82
-186
-91
-273
-169
-7
-92
-74
-367
-38
-214
-192
52
-263
-44
-128
74
-215
-153
-45
-140
-94
-65
-90
77
-84
18
-234
-385
15
-140
-227
-247
-100
23
-319
-278
-68
-7
-247
-10
140
-5
-126
-376
3
-48
36
-149
-100
-57
-111
-309
-41
-8
-146
0
59
-189
-177
-96
145
-170
-219
-7
-243
-155
-37
-276
-301
-14
-280
-144
-91
-217
105
-8
232
-105
-85
-124
-216
-201
123
-131
-104
-27
-234
88
46
-109
-97
-176
-126
-181
-177
122
-35
-112
-243
-45
-43
25
-79
-223
-97
-33
-129
-175
49
-11
-71
-153
-193
-194
-58
28
-242
59
-300
-242
-86
9
-169
-49
-76
50
-3
58
-81
-235
-180
-292
-147
-160
-8
-25
-104
-149
25
-191
-39
84
80
-208
115
-65
-111
111
-114
-120
-78
-150
-131
32
-146
180
-80
9
-107
-75
-79
-137
-186
-197
-26
-327
43
-154
-14
-247
34
-170
32
-221
-87
37
83
-62
-394
-23
61
-189
-254
-171
-165
-26
78
-295
14
108
-157
-324
-156
-171
-197
7
-45
20
-163
-17
-147
-184
-44
-25
-216
-142
-294
-150
-170
-183
-63
-296
-144
-143
-86
-66
-336
-44
15
-19
-2
-165
-41
-22
-189
-298
-84
-111
-96
165
70
-196
-103
-46
-216
-129
18
-298
-164
-284
-126
-96
-273
-10
33
-102
12
-145
-81
-168
-62
-182
-138
-84
-122
-248
-244
-233
-125
-265
-237
13
-277
102
-124
17
19
-148
-138
-180
-240
-44
33
-284
-270
-146
-43
-124
-1
-50
-30
-201
-269
-73
-191
-77
-260
-104
-127
-57
-213
-226
50
-158
-58
-136
-216
-82
14
-95
-186
37
16
-84
-35
258
1
171
-46
-112
-150
-505
-114
114
-200
-275
-149
86
-6
-37
-166
58
-278
-94
114
-23
-112
-186
-72
-146
-5
-227
50
54
-235
-120
-201
-132
-4
-92
-200
-107
-136
118
-202
-87
-206
-369
-99
0
-146
-145
-191
-100
94
15
-116
-103
-204
-102
-182
-33
-85
-84
-184
-255
-125
38
-61
7
-110
-275
38
-37
-200
-209
-105
-51
45
-92
-63
-93
-268
220
-227
-161
-138
-199
-77
-96
-113
-167
-49
-71
-101
-146
126
-232
36
-204
-164
-212
-116
-137
-232
-218
-422
-165
-73
-288
-218
101
92
26
45
100
45
-281
-274
-121
-63
22
-337
7
-51
-197
-203
-88
-160
-67
-171
-41
-94
-137
-224
-117
-172
-128
-35
-212
-261
-186
-78
-276
-237
-328
-56
-4
-454
-162
-65
-183
11
1
-26
-44
-67
-105
-47
-330
-346
-28
-175
-104
-322
-89
-27
-135
-234
192
-108
-170
147
-500
-125
-64
-233
-179
-162
-75
-136
-265
-50
-103
-167
-104
-261
139
-155
-163
-76
61
-283
-282
-24
-122
-117
2
-194
-49
-221
-349
-261
-158
-148
-149
-163
-134
18
-188
-26
-268
-67
133
-27
-193
-122
-300
-60
-355
-155
-131
-74
-26
-162
-191
-165
40
-234
-24
-99
-177
-171
-18
-192
64
-208
-273
-33
34
-97
96
-13
-201
-139
-12
-305
-244
-208
79
-89
-160
-143
-147
-153
-77
100
-125
-44
30
86
-103
-9
-134
21
-346
-34
-8
42
-10
-19
5
38
51
-353
-253
-133
9
-21
117
52
88
-309
-135
-447
-206
-102
-154
-149
-177
-340
329
-1
-196
-182
161
-12
-164
-117
-38
-265
-97
-315
-195
-205
27
-162
-142
-266
-130
-82
-213
-94
-207
243
80
-280
-46
-110
-28
-190
233
-215
-58
-153
-308
-23
-176
-147
-254
-258
-130
-222
-156
-213
-300
-408
-166
50
34
-113
-55
-102
-139
-265
-132
3
-45
-236
5
-69
3
-165
-223
-227
114
81
-141
-104
-286
-63
53
-5
-220
-96
-228
113
-236
-331
-125
-155
-275
-65
-71
-160
-162
-49
56
44
-1
-307
27
-156
-28
-44
-154
-200
67
-95
-52
-192
-267
-139
-78
-92
-100
-213
15
-128
61
-234
15
-126
123
-136
-128
-64
-273
-220
-311
-82
-141
63
-124
-125
-36
-77
-183
-115
-258
-199
-6
-104
-141
-118
238
-45
49
-32
-134
-220
31
133
34
-81
-30
-181
-160
-71
-49
-160
12
-152
-38
-297
-112
-186
-197
66
11
-212
-93
-371
-151
-273
-317
-8
-29
-374
-269
-216
-176
-77
-7
45
-36
112
6
-162
-189
-112
-182
-30
15
-11
106
-27
31
-111
-258
67
44
-97
-194
-150
-1
13
-210
-219
-96
155
-123
-305
4
-13
-223
108
-156
2
-201
-93
-60
130
-88
-116
-158
-44
-120
-136
-40
-256
43
60
-119
-255
-165
-30
-380
-446
-20
-85
-228
-10
-212
-189
-101
-70
-91
-221
-129
-205
81
-230
-372
75
37
-11
-125
113
2
-136
-4
-178
-140
-123
-28
-131
52
-168
128
-231
-303
-218
9
-157
2
-206
-134
-29
-69
-470
-162
-202
-69
-140
-359
-128
-133
1
-148
-55
-301
18
-212
-322
-66
78
-16
68
-270
31
-194
-69
-272
-193
-62
-107
-100
-50
-195
-189
-144
-197
-12
8
-132
-125
-177
-184
-7
10
-267
-149
-106
-137
-204
165
-77
-183
-236
-284
-338
-90
18
72
68
-342
-127
-185
117
-1
-152
-184
-130
-208
-187
-164
-163
78
-314
-38
-160
-245
1
-264
-211
-174
-149
-39
-220
-40
48
-96
168
-165
-117
-271
-212
5
-108
-283
-320
-47
-256
-207
-97
-6
-78
-33
182
-184
-208
-149
26
-228
-230
-155
33
-40
-9
58
-23
69
-118
-7
-311
-252
-13
-228
26
-105
-25
-257
-213
-55
16
-215
69
-118
-49
-264
5
61
-33
-136
-139
-34
-224
-279
-68
-185
138
-126
-120
-360
-126
-66
-303
-201
159
21
-36
-216
-248
137
-220
-41
0
159
-322
-226
5
-151
-41
-283
-55
-203
-203
59
-263
-125
-120
-98
-195
-231
-129
-129
60
-39
-113
-10
-84
-96
-211
-9
33
-380
-26
-42
-55
51
-39
-44
-74
-116
-133
19
-59
-146
-123
-198
-15
-252
30
-135
-45
-125
-189
-124
-34
-98
-209
-128
-198
-328
-69
-206
-127
-43
-271
-83
-46
0
-92
-17
-84
-169
-179
-151
-58
-136
-48
15
-249
-32
-99
-224
86
-148
-172
-311
-33
-179
-244
7
-365
-108
-114
-76
9
-397
-234
-82
-165
-62
-186
-36
-210
-209
27
-248
-96
-315
-121
-140
-82
-17
-22
-55
-214
-199
-262
-286
-106
-174
-47
86
-97
-183
-206
25
-67
19
-69
-1
-7
-19
-297
-23
-139
-111
287
-321
-76
264
30
-23
50
-151
-79
39
-202
-104
104
-196
-274
-21
-133
-97
2
-82
-260
-152
9
19
-87
-176
-90
13
-78
-338
-33
66
-291
-50
-121
-177
-84
-408
-126
92
-19
47
-25
-218
-259
32
167
55
-86
-115
-94
-52
-120
-14
-146
-243
-44
-127
-352
-65
-369
-178
-189
146
-138
-387
-252
-331
-167
-65
-33
-237
-18
-302
-79
-202
4
-108
128
-167
-112
-128
-166
-44
-289
-267
-147
-343
-222
-109
-38
-163
-113
-44
-112
-286
-219
-105
-15
-54
-104
-219
-55
77
18
-137
34
-10
81
82
-212
-126
-99
-138
-82
-202
-66
-158
-107
-220
-162
-115
-213
-42
-8
-117
119
-140
-264
-92
-16
-216
-203
20
48
-88
118
-68
-65
-194
-122
65
-53
-124
-283
-68
-195
-128
66
-336
-59
-35
-258
-307
-109
-80
-9
104
52
99
-140
-186
37
-329
-301
-33
-38
-364
-63
29
60
-170
-24
-303
-174
-49
-81
-45
43
-108
-69
-263
-175
1
-93
-213
-143
-38
-87
6
-88
-120
-173
-47
3
-65
-241
15
55
-117
-88
-186
-36
69
9
-56
-85
-101
-412
-55
-177
-201
103
140
-239
-104
-235
-169
-229
-94
-141
-171
-71
-216
-175
51
81
89
-165
69
151
-66
95
-99
-66
-303
-88
-51
-203
-161
-306
166
-212
-107
-423
-105
-149
-190
-348
-446
-272
-129
-103
3
-218
122
-417
-77
15
-78
-15
-87
-502
-46
-34
-292
-262
-193
-24
-50
3
-127
-41
-17
-246
20
2
-209
-97
-120
-324
53
68
-151
-442
75
-135
-305
-270
71
-67
-93
-33
-47
-320
-58
-192
-110
-477
-82
-151
101
197
-146
-373
-45
-188
-153
-175
-23
-197
-9
-265
-277
-115
-191
-188
-111
-394
-266
-172
-320
-219
-199
90
-58
12
-209
-210
29
-96
-107
-99
-192
-56
-253
184
-301
-346
-135
-33
-52
-261
41
121
-167
-63
-109
-218
-31
-122
-75
298
-177
-344
-54
-208
-321
-62
-39
-64
-47
-201
-94
-192
-282
-48
129
-46
-193
-300
-219
-304
8
-103
-60
104
17
-182
-465
38
-260
-55
-185
54
60
-137
-142
202
-181
-86
-336
182
-173
49
-1
57
-69
74
-296
1
-89
-240
43
15
53
8
-191
37
-144
-148
-142
-222
-77
-249
-34
-191
-61
-87
-22
-112
-187
-342
-22
10
-283
-62
-6
-121
-156
-28
-168
30
-81
55
-240
-447
-319
-147
-92
25
-236
-160
12
217
-138
165
27
-4
-129
-44
-106
137
62
-96
63
-5
-122
-53
-98
-157
23
-91
-49
-143
-84
-183
-45
-90
-181
-302
-337
-31
-88
-74
-309
-98
-137
-328
-501
-191
-41
-90
90
-50
-15
192
-164
-191
128
-67
-55
41
-56
122
-97
-125
30
-76
-233
-6
-75
-335
-283
-11
-132
-159
-339
-33
-79
-97
-318
-150
-128
-43
-50
-375
178
13
-3
-68
-171
-25
-172
26
-122
-183
-304
-99
-250
-38
20
-15
-142
-147
-170
3
-86
-175
48
-104
-33
-190
-316
-220
-230
33
-157
281
-97
-255
-18
-223
-281
-428
-368
4
-185
21
-58
53
-7
-36
-380
60
63
-45
-71
-80
-56
-179
8
-319
-390
49
48
-259
130
-211
-166
-126
-346
-29
-67
-249
131
-202
49
-158
-154
-164
-360
-7
-453
-281
-110
-56
-209
-160
35
-83
-58
-56
-149
-80
-25
-84
-266
-214
-154
-246
-126
-85
-178
131
121
-50
-37
-213
7
-384
-134
-69
36
-165
70
-104
-146
-125
-107
-108
-315
-44
-79
-151
-332
-183
-139
-40
-90
57
-76
-81
-306
-168
51
-95
-270
36
-168
-165
-300
116
-52
-284
-190
-137
-131
-98
-272
-162
-161
14
-100
-103
-51
-171
-261
-19
-112
-119
69
-89
20
-172
-83
-48
-314
-54
-303
-49
-120
-61
-51
-45
-75
-41
-82
-243
-38
-200
-227
-117
-330
113
96
-216
-82
-245
-103
-57
-1
31
-186
-51
162
-355
-141
-227
-71
-130
211
-198
-134
-76
-182
-85
-240
-222
-89
-252
9
-170
67
2
-197
-441
78
-62
193
-155
47
-101
74
-77
23
20
-130
164
13
30
-88
-14
-203
-169
-183
-296
57
-106
-207
62
49
-406
-110
35
-198
36
-113
-6
-96
-83
-185
-83
-117
-142
-73
9
134
-171
-150
-248
-166
-239
-244
-85
-300
-236
-281
-98
10
39
-3
-97
-43
-416
-130
5
-132
93
-229
-179
-286
-389
90
48
21
-266
160
-266
103
-259
62
-167
-83
-255
-19
29
221
-265
-188
-130
-114
-257
-109
-213
-95
-312
-11
-187
-47
-63
-127
-114
-15
6
-44
-111
-246
-26
-219
-181
-156
-308
-29
-221
-103
-7
-37
86
-16
-108
45
65
128
-58
-94
45
-313
-179
-107
97
186
-10
8
-30
72
-216
-5
-76
-195
29
-17
31
-103
-183
-65
-225
52
27
-266
-138
-240
-99
184
-198
-71
130
-185
148
67
-109
-132
-304
-12
29
-64
36
-318
-174
-152
-143
-32
-89
-155
44
-304
-420
-82
-293
-120
-213
-304
-230
-164
49
-272
102
-264
-137
-165
-102
-29
-166
-173
-203
-117
-49
-401
-89
-276
-80
-32
-276
-58
-139
-365
-28
-202
14
-81
23
-210
-263
-8
-386
-168
-196
-67
-304
134
-166
-112
-175
-189
-21
-153
9
-96
-94
-212
-328
-74
-254
-156
82
-240
-22
-14
13
199
-212
3
-392
-45
-60
-53
-153
-114
-56
-207
189
-149
-179
-70
-323
-1
-195
105
-83
5
-226
-2
-303
-142
-366
-159
-246
-149
-47
-69
-51
-281
94
-92
-232
-229
-351
-224
-26
-197
-135
-106
-40
-48
-40
-91
-226
-310
-146
10
103
-104
-44
-307
-129
-128
28
37
-91
69
-210
-250
1
74
-375
-1
109
-136
-29
23
-109
135
5
-43
-128
-305
-163
-78
-375
203
-32
-7
-216
116
-217
-233
-22
-74
-79
-59
-271
-116
-72
-75
15
-264
16
-140
-253
-218
-62
-204
-34
-123
-96
77
-120
-132
-178
15
-52
6
-234
-234
-12
-146
-157
-211
-270
-225
-274
-113
-157
-87
-212
-219
177
-119
-157
-354
-95
-62
-24
73
-105
35
-174
-215
-90
-92
-5
146
-159
-224
-55
-90
-66
-326
-68
-304
-142
-70
-60
-84
-163
-153
-59
-143
-130
-107
-41
-147
17
-86
19
-108
-209
-192
-38
-215
-202
-22
-364
-108
-103
161
-112
-143
6
-43
-88
-6
-127
-206
-39
-239
-27
-2
-98
-212
131
-52
-168
-30
-272
-253
-57
-97
-19
-65
-11
-190
-17
-136
-141
-149
23
-97
-106
13
-148
-60
-50
-72
47
-285
-72
-150
-126
-268
-189
-269
-93
-200
9
-156
-126
50
-72
-289
-331
-178
7
-131
-168
-201
182
-100
-95
-259
96
50
-213
-175
-173
-227
-199
61
-442
-106
-245
-73
138
-217
-326
-204
-148
-361
-226
-180
105
-144
-376
-288
38
-324
-133
-40
-90
23
90
166
-187
-109
-145
-64
-228
-294
-58
50
-249
15
-181
-147
10
-224
-312
-203
-102
-178
-44
-185
-45
-270
-225
-89
24
58
41
73
-247
-318
-209
-57
-43
-291
-272
-468
-121
-457
-17
-124
67
-408
42
-300
59
-14
-313
-26
-178
-304
-25
48
-35
-74
-76
-373
-275
21
-213
-179
-291
78
-110
-1
-14
-157
165
-356
-238
-147
-30
-121
59
-50
-101
-239
174
-22
-39
-55
-206
-101
-47
-194
-231
-75
133
-102
-124
46
-175
-114
-69
-230
-127
-91
-417
56
-16
114
-244
-21
-144
36
-74
-37
-399
305
-15
-299
-48
-350
-63
32
-199
-210
-123
-200
-484
-247
-262
-110
-48
-268
-232
78
-374
-59
153
-152
-11
-235
-96
-20
-11
-170
-8
-65
74
-311
47
-312
9
-6
-113
-162
-72
-48
-11
-33
-145
-31
-147
-140
-161
-205
-101
9
-77
34
-237
53
-56
294
-36
-172
-231
-136
-74
-174
-131
-10
239
-29
-272
-111
-357
-46
-118
-204
111
158
-291
-300
-63
-257
-100
-39
-274
-235
-289
-62
-360
-275
-274
-258
-314
59
-190
-58
-34
-50
-131
-391
-62
15
-3
-213
-232
-342
-9
-13
-270
72
-96
-129
40
-124
-184
6
29
-245
-18
91
119
-210
-89
-79
-37
-11
-164
-138
-102
-254
-246
-95
4
-184
-183
-35
64
-165
-336
-134
-58
25
-45
-109
-71
-432
-205
-170
-150
-166
-213
21
138
-315
160
-55
-213
31
198
-166
-83
-431
-196
-308
-13
-80
-59
-42
-90
-34
-236
-162
4
-42
-53
-95
-38
-139
37
-132
-136
-156
-141
-169
-102
-19
-29
-166
-5
-260
-43
-174
-275
-110
-341
-427
67
-51
-195
89
69
125
-385
10
-171
-319
-184
-170
-165
-140
-33
-75
-48
57
-180
-23
-38
-102
-289
-151
-177
-65
-173
-105
-198
-71
-189
-240
-18
138
6
202
-128
-198
85
-200
-154
-88
-175
-196
-208
-36
38
-43
-234
-34
-225
-98
-156
-58
-239
-80
-238
-303
-143
121
-96
-127
-226
-42
-369
-173
-75
-41
5
-111
-230
-135
95
-72
-174
-423
-39
22
-97
-217
-195
46
-198
-164
-181
-63
-83
-200
-242
-156
-306
-23
-253
-60
-144
-107
-31
-219
58
-8
-45
-264
101
-90
27
-547
47
119
-212
-111
-284
-230
-268
45
-231
-79
-154
-105
-26
62
-163
-31
77
-206
-114
-132
43
-52
-243
-229
-144
-27
-72
-91
-290
-191
-390
-121
-166
-218
-239
-325
-219
-221
25
-149
-22
109
-142
-46
-155
15
-69
-82
-17
10
-290
-61
-154
-127
-216
-15
-56
-34
141
-223
-63
-125
-226
-347
-33
-67
-163
132
-18
-301
-91
-72
-85
-72
-231
42
39
140
-102
-264
-30
-195
-102
-131
-88
-172
31
84
83
-27
-344
9
-140
-115
38
25
-5
83
-35
-402
-217
-110
-245
-277
-290
-34
-6
-77
74
-78
-101
61
21
-261
-87
-253
-32
-26
-89
48
75
-80
-239
9
-154
-114
-163
-133
-137
80
-178
-15
-144
-91
-46
8
-11
-257
-330
45
-396
-171
78
-69
-334
-285
-176
57
-135
-96
-139
-30
-192
-260
141
-78
-114
84
-140
-283
-54
97
-188
-199
-139
-73
-142
-211
-209
83
3
10
-304
-210
-182
34
-12
-13
36
-185
-52
-160
-228
-210
-251
-160
95
-154
-70
36
-152
187
-86
-176
-183
-223
-110
-550
35
107
-10
-55
-102
-124
-66
-97
-200
-69
-243
-138
53
-59
-156
-55
-57
-102
-267
-30
-15
69
-9
-145
-211
-206
-96
-24
28
-236
13
-111
-189
-91
33
-251
-288
-132
-129
-188
-85
-109
89
83
-124
-138
-46
-116
136
62
-52
-274
-291
-99
-6
-188
22
-30
5
-125
113
-348
-75
5
-134
24
-102
-402
-25
-7
-230
86
-269
-123
-97
-162
-392
-212
10
-251
164
-160
-223
-200
-297
-45
-132
-278
-2
-16
-8
-78
-118
-142
-130
-64
-110
-195
79
-25
-205
-58
-120
-106
-227
-58
44
-274
40
-114
-55
-63
-113
-185
-285
-212
-187
-316
-249
16
-153
-27
-318
-45
61
-269
-269
-25
-54
-180
-131
-259
-181
-147
-9
-146
-317
-239
-160
53
-100
-76
-252
-153
-342
-129
-216
-156
-128
-87
-69
-266
44
-240
-219
-147
58
-138
-356
-58
-321
-32
-52
-29
-38
60
-148
-301
-218
-78
-166
-88
64
-13
-111
-350
-136
90
-77
-227
-119
43
-169
-40
-359
-268
-164
-188
-173
-21
2
-142
-87
-41
-179
38
84
-12
-86
11
-234
-205
-184
96
-184
66
-300
-13
-45
-158
-409
-128
-85
-249
-42
-104
-96
-71
-79
136
-42
-18
-91
35
-265
-182
-175
16
-159
-84
72
-82
6
-101
70
-62
-49
-237
-133
-65
-165
-145
-253
-33
-16
-76
-169
-14
131
-216
-62
-329
-244
66
-163
-46
42
-243
-167
-127
-401
-169
11
-184
-384
-198
-95
-11
-131
-193
-92
-209
-80
-192
15
7
-107
66
-237
-65
-128
-252
81
-223
49
53
-132
-130
-79
-69
-151
-111
-229
-125
-311
-46
-344
69
-48
102
-364
-119
-52
-36
-69
-203
-203
13
-66
-3
178
-269
-382
5
54
-137
-231
-281
-382
-153
-294
-385
-305
-223
-6
-28
19
-225
-87
-184
-187
-28
-158
-7
-62
-168
-250
-157
-266
138
150
-3
41
2
-254
-79
-94
20
-33
-178
-4
-180
153
-297
-105
-28
-119
-35
-72
-205
-43
18
-47
-247
-195
-143
-3
-195
-360
-59
-86
-12
-250
94
74
-222
-251
-30
-256
-4
-99
-158
-129
-4
-128
-155
-22
-200
-56
-28
-197
-140
94
-236
164
-134
-32
-68
-7
-90
-211
-80
30
-190
-40
-14
-24
-179
-59
-176
-144
-250
-6
4
51
-137
54
-195
-164
-111
-192
-151
-113
56
32
141
75
-61
-130
-212
89
-248
-140
-46
-110
118
-145
-269
-86
150
-172
-29
-292
-286
-369
-149
-135
-46
-73
-113
-148
-118
-40
-131
-125
-116
-108
-113
3
27
-169
-173
-249
-47
60
26
-158
-171
-132
-39
-40
-137
-37
7
-257
-67
-76
-210
-131
-205
-131
-240
-34
-248
-7
-166
-245
-116
-66
-177
-82
-79
-113
-108
-193
-23
-216
-38
-285
-233
18
-240
130
-190
-79
-364
-124
-246
57
-179
2
-241
69
19
-94
-347
-13
3
-24
-311
-173
17
-119
110
-184
-180
-22
-273
-257
-200
84
-321
-452
-8
8
34
-218
-135
116
-26
-139
-63
-167
147
72
-288
-95
74
-105
-349
66
94
36
-77
-177
-88
-156
-8
-80
-7
169
-40
26
18
31
-213
-33
-114
-62
-6
74
-76
-139
101
-164
70
2
-53
90
-162
-177
-252
-227
-376
-45
-266
-352
-38
-149
-186
-193
-127
-58
117
-143
-174
-100
-198
-205
-194
-5
-26
-50
-93
166
-147
207
-316
-153
-119
-341
-116
-242
-28
-96
27
-191
-344
-147
13
-36
6
-299
-269
-107
67
-64
-228
-135
-231
69
46
-17
-172
122
-27
-191
-86
-207
-72
-305
29
-115
-8
-196
83
-212
-122
-279
-170
-98
-180
-65
108
-315
-24
-227
164
-254
-92
-232
-391
56
-94
-167
-127
-32
-119
-104
-45
-138
-56
-105
-19
-81
-230
-125
-9
-170
-57
-210
-252
44
-34
127
-256
-211
-209
65
-139
17
8
-110
18
111
-157
10
-93
-106
-2
-46
-126
-354
-95
-146
-88
-134
-136
-94
5
-22
-121
-112
-229
114
25
69
-135
-89
-19
-231
-96
-206
-31
-207
16
-302
-432
-88
-34
-256
-256
-62
222
-141
-86
-275
-265
-37
-200
-167
-182
30
131
-7
-132
123
-327
-34
-151
-50
-95
-146
57
-110
4
-120
-352
-183
-128
-243
-119
-294
-214
-89
-202
111
-98
131
-303
-71
-63
22
134
-79
-140
-115
-194
-44
-304
14
-354
-113
-69
26
-153
-6
-53
-231
19
-66
136
-192
27
29
-59
-20
-318
-78
-107
-84
-257
20
2
-164
-343
-67
-58
-330
-300
-104
-203
-143
-93
-94
-28
204
-212
-185
-15
-337
-236
-9
-62
-314
-34
-215
44
-54
-205
-53
-281
-95
-134
-265
-69
-101
-5
33
-275
-2
-244
62
30
-187
-32
-278
21
-99
-151
-159
17
-262
-62
104
-276
-34
-32
-104
-127
36
-322
-192
-126
-165
-92
100
-461
-17
-72
-144
-209
-52
-45
-145
30
-309
-121
-108
-236
-207
62
-270
-137
-298
-42
-143
-201
-400
-58
61
99
8
-29
-69
9
193
-200
-234
23
16
63
-144
-23
-119
-208
17
-41
-266
-92
20
-93
-62
-3
-10
-176
-158
-158
21
24
17
-194
-81
-30
-91
-144
-148
1
-177
-106
-135
42
-210
198
-211
-4
-325
-59
-314
57
-195
-207
-277
119
-111
20
-151
-110
-96
76
-431
-311
-144
-91
57
-37
-207
-137
-43
-48
-385
-132
116
-171
19
-72
-99
-48
-284
-129
-235
-258
-203
-94
-192
-123
94
-291
-326
-22
-138
-127
-41
-138
-190
190
-227
54
-94
-154
-183
-80
-5
-124
-96
-25
4
-123
-87
-214
-19
-65
-148
-121
217
-283
-152
-51
-154
57
-9
-134
-144
-183
101
-155
-128
-84
-92
-53
-158
-83
-90
-79
-91
-73
-98
-283
-33
-202
-169
-243
-119
-73
84
24
-116
-56
-116
-57
105
47
-545
8
-86
-240
68
16
-286
-190
-67
-84
-144
-41
-371
-379
-210
-108
176
-129
-210
-188
-248
-86
-126
-44
-11
-170
-200
3
-13
-309
-39
12
-59
-153
-7
-69
68
-110
8
-65
12
-354
166
-175
-334
-387
-279
-106
-213
-10
-148
-10
-65
-289
-58
76
135
-134
93
-81
-97
-105
-12
87
-276
10
-15
33
-132
-78
-225
101
-3
-143
4
-338
-334
-166
-255
-266
-23
-278
-65
-121
-211
-260
90
111
-198
-68
44
-333
-184
-74
127
-182
-232
-183
-250
-59
-122
-160
70
-146
-196
27
-202
-400
-211
-99
-264
-49
-23
-52
-177
-160
-82
48
60
-97
-41
-51
-98
-92
-364
-133
-253
-459
9
-37
-260
-187
-268
-248
36
-68
-258
-72
-212
-245
-233
18
-87
16
-73
13
-268
-236
-231
-96
-5
-17
-151
-148
21
-219
-269
-209
-284
-43
-53
-88
-62
-184
-68
-136
-409
-261
-54
20
-423
-196
-39
-296
-5
-171
-213
-254
-179
-157
-177
-82
94
160
-238
-22
-259
-281
-103
-31
-389
63
-118
-183
90
-193
0
29
-149
-183
-190
-129
-167
-59
117
-395
-213
-113
-156
-324
6
80
-173
-100
2
-65
35
-226
-292
-247
-38
5
-279
43
-73
-20
-119
-21
33
-296
-152
-65
-99
-113
-226
-176
-279
-150
60
57
-134
-19
12
-262
38
-166
-144
-242
56
-101
-56
-152
-265
-234
-228
-397
-133
-122
78
178
-3
127
60
-23
-74
-135
-64
-109
-204
-49
-130
-105
-124
-303
86
-170
-388
1
39
-108
-38
-353
-100
-282
54
-219
-155
23
-252
-46
-97
-281
5
15
80
-325
-114
-300
-157
-345
17
-203
-215
-42
-103
-194
-13
-151
89
-179
-223
38
71
1
-118
7
-55
-146
9
-55
-283
-104
-34
-266
-70
150
-335
-24
-350
-7
-97
-95
-90
3
6
-151
29
-209
-33
-177
-236
-135
-74
-137
156
-81
118
-39
-186
-4
38
-256
-223
-22
-413
-31
-87
-48
-70
-63
-162
-121
-57
-12
-261
-321
-111
52
-66
-141
-323
-194
-93
11
-129
-35
-206
-246
-106
-136
231
-109
-295
0
27
-336
-357
-46
18
38
-228
-160
-143
-169
-40
-26
-129
-120
-16
-52
-182
-156
-538
46
-190
-91
64
-314
45
-37
-158
-69
-168
-178
-13
-374
-163
6
-276
-368
57
-202
-50
-254
-228
-68
-380
-123
85
37
-326
-58
90
-227
-255
-165
-166
-302
-54
-193
18
-196
-192
-219
-279
-98
-43
7
85
-195
-69
46
12
-280
-130
-290
-28
-123
-93
-256
-239
264
-125
-96
23
-8
-198
100
-187
63
-112
-113
-200
-201
-65
-164
-9
-123
-195
-62
-124
119
-133
3
-185
-168
-226
-106
-62
-32
-182
-52
-138
1
-90
285
-256
-364
-76
-6
51
-83
-67
-39
43
-191
-39
-161
-23
-116
-99
-373
-352
-74
-66
-240
-216
-48
-186
-50
-257
-272
27
-22
-321
-40
-326
71
-199
28
-263
-135
-225
-176
-164
-222
-67
-277
-281
-164
-35
-72
-118
115
15
-186
-146
-267
-135
-113
68
-115
-5
-29
-86
-342
-2
48
-155
-313
-200
-206
-200
24
1
-247
-250
-292
-169
-97
-63
-101
-125
-218
-57
-505
-37
-78
-191
-142
76
-130
-259
-162
80
-301
-126
63
-210
-146
-15
-249
-202
142
86
-97
-183
-135
-2
-72
153
-275
-92
-251
-345
-24
-114
-45
-78
-208
-159
-132
-104
-152
175
233
17
-167
-317
-238
-195
-334
-148
-114
20
-463
-73
-122
-95
49
-14
-222
-140
-117
-144
-169
21
-220
-31
-100
-134
28
-243
-148
108
95
-302
-200
-130
-158
-90
-317
-288
-276
-160
-87
1
-157
-111
-6
-87
-484
53
-342
-161
-212
-158
-234
-390
-20
-20
-47
-177
-67
-96
-232
-85
-185
-239
105
-261
-152
-35
-132
-184
-44
11
39
-45
-286
-177
-247
-279
-69
28
-192
-248
-142
31
-241
-124
-143
-174
-161
-216
-376
-25
-228
178
-256
5
-47
-219
-45
-181
109
-61
-64
-205
-289
-284
27
-143
175
-226
20
-188
-144
-167
-133
-179
-15
-177
-140
-220
-28
-165
-146
-212
-85
-278
-87
-217
-193
-240
-154
-134
-39
-332
-115
-132
27
-243
108
-56
-54
-123
-91
9
-299
-5
-344
-202
-221
-3
11
-228
-106
-12
-112
-66
-74
-277
-9
114
37
-243
-189
-300
-168
-212
-112
-145
-248
-256
-88
-268
-169
-57
-29
62
-54
-83
-90
-171
-83
-2
67
-133
-134
-128
-360
-109
-6
-172
173
-117
-208
-98
105
-73
-111
-154
-217
211
-52
-116
15
52
-197
-269
-57
67
-200
-227
-168
-187
81
-187
-27
111
-3
-220
64
-234
-474
-198
-44
-371
-55
-87
-156
-132
-130
-141
120
76
-62
-133
-72
72
-74
-206
2
-21
-185
-107
-202
7
-40
-47
-210
-61
-50
-155
-244
-383
-30
-77
-109
-211
0
-183
-175
-164
75
-195
-144
11
-182
-24
-198
-41
-256
-146
-107
88
-128
-109
33
-240
110
-93
-185
-147
-141
-157
-134
-200
-82
-110
-288
-122
-118
-228
-41
-116
-47
283
114
-3
-21
-166
-190
-101
-209
-259
-73
-99
126
-266
45
-246
116
-121
-496
-189
-247
-329
46
-88
-128
-239
75
-259
-337
-315
-403
-106
-45
-240
-78
-432
2
-289
132
-24
-76
-411
38
-147
-128
59
-35
-283
-198
-217
-276
-381
149
-43
-180
-252
-118
-189
93
-283
-182
-180
123
-151
-112
-62
97
-121
24
-208
-39
-54
-99
43
-135
-51
-142
119
69
-279
-159
-56
53
-88
-145
20
-225
21
107
-177
-9
-127
-217
-258
182
-131
71
-38
-132
-258
-158
-204
-308
-315
-81
-212
-71
-162
-105
-236
-246
-55
-56
28
-164
-127
68
-175
-140
-110
-185
-160
-20
-26
-124
-140
-294
-299
96
-205
-101
-76
-274
-88
-127
-95
-151
105
-70
-83
47
-235
170
-273
-168
-224
81
-171
-12
-130
-256
-16
-218
112
-153
-197
-91
37
-292
-275
-172
-75
-1
-20
69
-26
-133
-51
-183
-427
-308
-167
-232
-231
75
-154
86
-320
-184
-256
-266
-41
-42
53
-225
-51
-135
-88
-188
-161
-8
2
-291
-87
-90
-182
-75
-82
-259
-4
-96
-20
-277
101
152
-66
-321
-256
-275
-274
-196
40
-259
-62
13
-50
-199
-219
-243
-45
-421
-51
-101
-287
-292
29
-158
-335
-112
-105
-186
-272
124
-153
-41
-116
-98
-146
-45
-15
-110
-204
-24
-82
-6
51
-86
-48
-154
-54
-53
190
-534
-207
-196
68
-197
-106
-233
-127
-43
67
66
-61
-37
-128
-137
-128
-99
-91
100
-433
-194
-127
0
-168
-124
-138
9
-217
93
-20
-126
-292
-154
-60
-187
45
18
-231
-209
31
-43
-108
-313
-236
-150
67
-164
33
-34
64
-26
-60
-17
-77
-123
-121
-52
-82
-140
-57
-127
-128
-266
-338
-72
-192
-157
5
-175
-23
-214
-58
-216
89
6
-124
-288
-76
71
-192
-146
-65
39
-51
58
-138
-130
-70
-195
-200
73
-90
-65
-294
-490
-252
-213
-91
22
-125
-2
-80
55
-379
31
5
-81
-41
-65
-132
67
-97
-91
75
-60
-216
-147
1
-117
-144
-102
-251
131
-48
-243
-174
-146
-242
-48
-39
-65
-8
-284
-117
-82
-159
-91
-15
-230
-196
-197
88
-84
-81
-248
-326
-305
-99
21
186
-161
-36
-5
-125
-223
122
-62
-79
-58
-98
-76
-154
-158
-233
35
-196
-21
-433
-309
88
-141
-192
-53
-301
-78
-43
-164
-71
-154
8
-144
-68
-364
-19
-37
-74
-1
-27
-41
-216
-324
-196
-34
-18
-206
-368
-223
-129
-146
-100
-210
-291
182
2
-184
-182
-84
82
-139
-14
-120
-72
-62
10
-51
7
-183
-239
-313
44
-17
-57
-63
-149
-203
-290
-366
4
-261
-39
-334
-75
-23
-264
-66
-158
-86
-158
-173
-100
-80
-311
-183
-159
-109
-10
-133
-172
-192
-97
-80
-67
-128
-346
71
-220
-105
-139
-33
-231
-200
-156
-43
-30
-216
-38
-259
91
-97
46
-169
16
34
-45
-110
-104
-178
-214
-172
-466
180
-265
-230
-34
-130
-227
-305
-1
-9
-223
-191
-18
-323
-37
-186
-250
-92
72
-327
-154
-310
-267
-207
-131
-56
-118
-187
-107
-131
-119
-109
-100
0
-69
194
-182
-295
-136
-126
-237
-185
-78
0
51
-168
22
-114
-230
40
-258
-116
-382
16
-32
125
-300
-8
-63
-294
-203
-156
-44
54
-31
-2
-108
-140
-37
-158
-150
-59
33
-276
-236
-140
96
-116
-23
-102
-215
-100
49
-72
-23
-273
-162
33
-122
82
30
-392
-44
-85
-333
-198
-370
40
103
-139
-206
-161
-40
-2
88
-110
-309
94
12
-134
-133
-164
-76
-256
21
92
-144
-101
6
-88
-94
-168
-231
-163
-131
-70
-42
-138
-42
-100
-19
-123
-45
-186
-70
17
-312
114
-137
-224
-37
11
-293
-413
-148
-129
34
-13
-41
-110
-187
-7
62
58
-92
40
-338
-199
-211
-143
71
-130
-158
-63
-309
24
-25
135
52
-18
-252
-176
-112
-81
-16
-366
88
5
-119
-261
94
-91
-31
86
-30
-191
-55
-119
-74
-221
-203
-207
15
-149
-29
64
-236
-99
69
-26
-186
-58
-15
22
-91
-64
-165
-438
-126
-236
-95
-186
-296
4
-237
-222
63
-344
-316
-72
-120
-129
-13
-153
-56
21
85
-182
-205
-132
39
44
-140
-29
-105
-142
-99
-174
-150
-427
-115
33
-59
-32
-237
-35
-147
26
-178
-79
-215
-70
238
-23
-92
-153
-256
129
-4
-206
-7
-205
-289
-189
-303
-469
-187
123
44
-183
55
-135
-56
12
-210
119
70
-179
-40
-6
8
-109
-291
-183
-157
-158
-102
-264
-183
-111
-61
-351
58
-222
-70
-208
-230
-134
-104
-127
-160
-105
-12
-146
-16
-131
-104
-266
-67
-244
-146
-175
-147
-379
85
-11
-91
26
-18
-47
-233
-163
103
-64
-205
-171
163
-352
80
100
-315
-397
-87
38
18
-65
-389
-190
-170
-139
104
37
-38
-181
-38
-144
-97
-29
-214
-246
-129
-140
-50
-397
-87
58
-2
-140
99
-322
-35
-160
-74
-140
-162
-42
-287
-5
-336
-119
-162
-83
-300
-291
-120
-153
-22
-43
-196
58
-194
-125
-276
190
-128
-196
-122
-434
-13
51
80
-79
-373
-69
-57
-55
-73
85
-181
-386
-133
-171
-11
-62
-36
-163
-268
159
67
-262
-2
2
-240
-145
-292
91
-231
-16
136
-493
-112
22
-34
-151
-384
-86
-259
-64
-71
-280
-154
-248
-278
-127
-105
195
-149
-344
-156
1
-244
141
135
-216
-125
-224
-109
-204
-3
93
68
60
-119
-87
-73
-208
154
-432
-261
-197
1
-188
-102
-108
55
-16
-62
-168
-124
-272
58
-27
-114
80
-7
-132
-65
-27
-90
-113
-166
-144
-126
-70
-166
-99
-101
-125
48
-140
0
-175
105
122
-81
-187
-46
316
-172
-68
66
-166
-175
-123
-159
-88
-239
-8
-59
-183
-156
-217
-220
-308
-137
97
-6
-239
-308
-374
-79
-76
-1
-70
-192
-182
-207
-174
-198
-226
-66
83
-158
-294
-250
-52
-245
-258
-196
-249
-130
-217
-43
-167
-37
-22
65
45
-111
-266
-267
-192
-258
-228
-71
-135
-26
37
-86
-27
-53
-269
72
-182
-26
-169
45
164
-158
17
-70
-85
-292
-70
-104
34
-164
-25
-84
-226
-104
-194
-143
-215
-369
-38
-112
-231
-135
-63
-21
-52
-143
-266
-195
-160
-115
-295
-60
-265
139
-424
-166
-87
-90
-336
-54
-231
-222
-136
-167
15
-200
-8
-28
-173
-71
-12
-199
-209
-234
18
-107
-211
-254
27
-136
-32
-2
-98
-210
-179
-182
-163
-85
158
0
-85
-40
-206
-39
38
-193
-138
-125
-74
-263
-486
-66
-210
23
181
-103
-50
-512
-195
-42
-207
-241
-144
136
-40
-233
-216
199
-175
-28
-260
11
-79
-23
-65
-119
-75
-83
-229
-18
-249
-93
-156
-22
-49
-275
4
91
-3
-148
-109
-156
-290
-178
-115
-83
-177
-60
-157
24
-173
-115
-23
102
-195
-156
-59
-240
-266
13
-10
-325
-91
-231
-169
-52
-8
-22
-293
-187
-184
-137
-110
-330
84
2
-169
-246
-82
-227
-155
-55
-100
-240
-147
-198
-45
-132
112
-71
-230
-216
-191
-108
-170
-290
168
-307
-245
-24
0
72
-95
-96
-180
-162
-239
-273
50
85
-243
-270
-106
-181
-394
-160
-71
-58
-3
-156
-115
224
-212
-126
-144
66
-362
18
-66
56
-78
-62
182
-250
-88
115
-167
13
-160
-185
-114
0
-226
-23
-79
-37
-318
-150
-382
16
-182
-180
-76
-26
-203
-322
-140
-112
-130
-54
-62
-280
-43
-53
28
-61
-98
-272
-239
-163
-203
92
-105
-169
157
-202
-58
-113
-249
-23
-79
-201
-115
43
84
-165
29
62
-90
-110
-17
24
-218
-83
30
-110
-58
-101
142
-291
47
-349
-110
-30
-291
-216
-65
-246
-33
-194
-111
15
-109
-5
-199
26
-16
-171
-230
-354
100
-265
-13
-129
21
-396
-58
72
-86
-103
-189
-426
-88
-239
-27
-24
-174
-53
-60
24
-213
-211
4
-140
19
-66
-36
26
-434
-93
-209
13
-236
-73
-75
-229
-73
67
-142
-191
-39
-377
34
-154
-142
-121
-214
-217
-126
-127
-32
-62
-85
-285
112
-33
-45
-81
-91
19
-126
-129
-413
-187
113
-214
-193
-189
-201
-47
-2
1
-45
-132
-178
47
-215
-155
-249
72
-270
109
-218
-61
-29
-208
-100
-136
-319
94
19
-225
-86
71
-211
34
-26
-274
-140
-270
-110
-72
16
-190
-106
143
7
-199
-202
-164
24
5
-112
-166
-101
-255
-126
-113
-45
-138
62
-270
-203
46
-186
-167
-53
-136
-164
-257
106
-23
-267
-255
-378
-107
-68
-75
-101
91
-158
-32
21
-2
5
-62
20
-156
-63
179
-145
-227
56
-131
-431
4
-130
-159
-101
-187
-108
-206
-159
-113
-368
19
-259
81
-188
-117
-103
-102
20
-215
-121
-24
-163
-125
-193
-108
113
-151
-329
21
-105
-157
-136
-70
-379
-158
-13
-94
-268
-66
88
29
106
-287
-261
-73
-168
-156
60
-106
-86
70
-274
57
-112
-54
-319
-54
76
-270
-106
-144
-164
-291
-130
9
-77
-172
-63
-175
-241
-271
-166
-132
125
-122
16
-134
71
-29
-288
-52
-280
-227
-44
-173
-198
-178
-278
-312
-363
-41
86
-130
1
-130
-66
-210
-50
-211
-46
-377
-146
-23
-149
-41
33
-100
-11
-219
-304
44
-153
-240
-135
-283
-104
-326
-74
-122
-130
-167
-211
-138
-150
-32
-253
124
-118
-112
-249
-124
99
-156
35
-140
-103
-114
-322
-103
-106
-75
-126
-275
200
-237
-203
37
-367
-80
-42
-130
-78
-126
-103
-124
66
-165
-188
-123
-263
-50
-155
-14
-149
-280
-223
-97
-68
-104
70
-260
-390
139
-246
-225
-110
-209
-216
-50
-292
-38
-74
36
-2
14
-38
49
-159
-42
-109
94
-28
73
-227
-199
-296
-370
-309
-211
90
17
-225
-149
-169
-38
-316
-168
-197
-252
90
-214
-147
-302
-134
60
105
93
-329
-255
-73
-29
57
97
-10
-325
-274
-127
-237
-227
-56
-205
-5
-10
-289
-291
-316
-348
-111
2
132
-243
-176
-17
-277
-118
114
-75
-122
-203
-323
-144
20
-116
-316
52
-229
-99
-259
51
-419
-51
-169
52
-116
63
-191
-187
-205
-260
-171
-308
-128
-112
-232
-16
-312
25
-158
-111
-196
-152
-79
-73
-152
-170
65
3
-174
-71
-274
-51
-110
-227
87
-236
-263
-28
-15
-120
19
-152
-248
49
-48
-267
32
102
-319
186
-68
-136
-2
-271
-256
-87
-321
-238
-61
-104
-202
-151
-162
-178
-68
13
-93
-197
-78
-183
-133
-138
-314
79
-98
37
-252
-162
-43
-120
-140
-228
-342
-39
-222
-298
19
-108
-114
-215
-88
-356
-40
-61
-113
-263
-228
-212
-97
-36
210
-130
-25
-277
-127
-194
1
-89
-139
117
31
-196
-91
-7
-234
-107
-218
-128
62
132
-170
-278
102
-60
-297
-139
-27
-269
-148
-123
-185
-146
26
-78
-165
-151
-152
36
-99
-11
-132
-47
-203
-156
-70
-289
-45
-166
47
-231
-239
-146
-102
-81
-85
-125
-195
-387
-427
-101
-156
-141
-164
-43
159
102
0
-173
141
163
-62
-148
-134
21
-168
-106
-107
-115
-281
-215
-196
-245
160
160
-155
-135
-55
7
-175
-291
-42
-107
-34
66
-150
-208
-266
-46
-344
122
-12
-212
-14
-31
-399
-362
-306
-99
-107
-66
-186
-95
-5
-120
-229
-110
8
-6
-107
-373
-12
-88
-35
-40
170
-19
-260
105
-135
-49
-235
-85
-142
-171
-72
-49
-92
-129
190
-135
-206
140
148
-400
-90
-70
-221
-215
-195
51
106
-13
-287
-27
24
-94
-130
-33
-53
-383
-182
-66
-74
-19
-183
-246
28
40
-131
-102
-146
-237
-118
-228
-108
-271
-220
-5
-348
-114
-19
2
-106
-295
91
-278
110
-127
-130
-185
-141
-144
-56
-262
-199
-8
97
-182
-231
-48
-62
-194
-203
3
123
-92
-35
76
-319
-133
-114
117
-279
-224
69
-129
-194
-154
-32
-106
-96
-91
-286
53
-242
-82
-139
-213
-183
-15
1
154
-321
-95
-60
-111
-80
-144
67
24
292
-105
-157
56
-177
-78
-274
-223
-121
-30
-117
-104
-127
-248
-117
-77
88
-135
-226
-45
-154
-78
-228
-265
37
-236
-131
-162
-96
-154
-113
-358
-278
-140
-113
-25
-122
-61
-65
-236
-186
-285
114
151
-21
34
122
-186
-167
-82
-12
-83
-173
-104
-154
3
82
-185
-240
-325
-102
-44
-66
241
62
-43
-226
-233
-296
-242
-226
32
-176
-291
58
-190
-123
-207
-145
-304
62
-159
-170
77
-232
94
-181
-162
-66
-412
-285
-114
-334
-310
-422
-126
-57
80
-135
-143
-292
-279
-42
-133
-236
-105
-32
-49
-108
28
-203
-181
-81
-118
-359
50
42
-59
175
-219
-226
-84
-182
-156
-197
-6
-86
-331
-59
-154
-86
-18
-62
-273
-27
-267
-102
-170
-142
-180
164
-145
-225
-58
-177
58
-184
-253
-194
-53
44
-83
-135
-366
-198
3
-271
-209
9
-187
-92
-232
-292
-58
4
-58
64
-212
-138
215
-32
-16
-163
64
-127
-129
45
-130
-261
-60
-47
-203
-22
-168
-508
-18
76
-381
-114
-124
-245
-121
-45
-24
-58
-11
-142
-181
-42
-249
-371
-185
-98
-191
-202
27
-356
-170
-146
-234
-193
-20
-194
-265
20
77
-214
-82
-117
53
-82
-187
253
-31
-311
-180
-101
-224
-136
-184
2
-385
-259
-15
-107
-326
5
-50
-420
-125
-164
-169
76
-278
-154
-119
-364
-213
-205
-199
-66
-273
-75
-216
-301
21
-302
19
-230
-240
-33
79
-160
-79
-70
-153
131
-140
-85
-102
40
-169
-133
50
75
-14
-382
-94
-31
-182
80
-211
-221
-110
-19
-70
-150
-112
-80
-403
57
-288
-76
-36
-135
-66
-149
184
-42
5
-192
-44
-9
-153
-271
-226
-184
-124
126
-150
-222
-232
-129
-59
-95
-225
-323
-158
78
-130
-186
-129
-153
-161
13
41
-194
-139
-125
-8
-83
-83
-50
-241
-68
-64
-182
-39
-76
115
-48
-23
-330
10
-279
-186
56
-23
-35
-347
-96
-86
-224
-195
21
-114
-346
-172
59
-33
-319
-92
0
-138
-57
-92
-117
-32
-47
10
-229
-32
-206
-32
-272
-170
-239
-241
18
-221
-82
-230
-213
4
16
-28
30
-11
205
-280
63
-156
-73
-29
-8
-250
-181
-93
-220
-1
-198
-66
-120
-196
-173
-166
-191
-297
-42
-199
-181
103
-136
-94
26
124
-216
15
-140
-138
-381
-25
-256
84
-52
-36
-214
-397
-263
-206
-322
-30
-111
62
-159
-30
-188
30
-24
60
-50
-198
-227
-11
-129
-231
101
-113
-179
-77
35
-221
-58
133
-275
81
-58
-134
151
-104
-214
122
-174
-88
-127
-72
13
-83
-367
-192
-214
42
-122
-314
49
-200
32
-164
-181
22
-26
-192
-213
-67
-242
-200
-70
-202
-228
-47
-220
-93
-198
140
-326
-195
-85
-152
-72
-88
-307
-293
-160
-113
-93
-110
-203
-143
-244
-92
131
-350
-107
-278
-319
-81
-271
-106
269
-55
-233
-82
13
-160
27
-172
114
38
-13
-305
-108
78
-229
-154
-122
-160
-356
-439
-29
-72
-87
-448
-311
155
-480
-76
-129
170
7
-168
44
-186
-81
-78
-152
11
-45
92
-283
-82
-95
-332
-204
-32
-323
-9
-93
183
-346
-195
-199
-52
-152
-219
-250
-182
-115
110
-16
-75
-122
-221
-165
-164
-44
-184
-53
136
-194
-38
-68
-214
-139
-177
-130
-155
-246
-128
-103
-66
36
75
-33
-156
-367
-28
-7
24
-207
-79
-35
-293
-27
-182
-178
17
-120
6
-34
89
-9
-179
-29
-80
-217
150
-258
-334
-62
-96
-384
-166
-13
-103
-177
-124
-454
-73
-59
-64
-187
-268
15
78
-69
-88
-147
12
-48
-77
119
-62
-148
-279
-203
-171
-392
-276
62
-335
-138
-267
-75
37
-106
-209
-103
-35
89
189
-52
-81
5
-174
-176
148
-6
-94
-170
-247
-47
-194
-85
-210
-46
-134
-178
-237
-66
-167
-130
-7
-195
-162
-257
-207
-227
-170
27
72
-122
-62
-157
-136
-66
94
-70
-159
-131
-50
-163
14
164
-41
-302
-46
-120
-177
-226
208
-85
-176
95
-175
-282
-131
-67
-40
-66
-3
-80
-204
-335
-307
-148
-239
-361
-5
-104
-47
53
-153
-237
38
-252
-269
-17
-171
-204
-195
-118
-195
-429
-17
-291
-28
120
-364
-234
-178
-224
-141
-148
127
-204
-207
127
-35
-135
138
-429
-267
-70
-36
-86
-23
48
-114
-112
-167
56
-269
-220
-210
-185
-233
-57
-23
-230
-259
-239
178
-109
9
-143
-114
-201
-201
-139
-47
68
-122
20
-426
-120
-89
-133
-141
-1
-222
-139
-382
-110
-81
-207
69
-215
-151
-27
-251
-118
-191
-264
-14
-132
-98
-210
-374
84
-273
-87
-26
56
65
-196
119
15
-145
-77
-175
-229
-182
58
-342
-71
-234
-95
-313
-228
-164
-96
-389
-174
-27
-173
-69
-14
10
-5
-200
-510
-260
-27
-135
-36
-356
-228
8
-228
-91
-317
3
-258
-68
-387
1
-209
-220
-82
-128
-28
-13
-246
-134
-67
-209
-115
-321
2
-325
-213
-250
16
-127
-7
-41
-246
-153
11
-134
-79
-263
11
-122
-190
30
70
-116
-93
-173
-112
-293
-231
-332
-142
-273
-118
45
-79
51
-150
-281
-215
-54
-161
-256
18
60
-85
-309
-74
99
-270
-87
-190
-94
37
-205
46
-126
-227
-38
17
-405
-27
-68
-135
71
-178
-52
-141
-43
-77
-116
-192
-136
131
-105
-288
-2
-24
26
7
-222
-157
180
-417
-66
144
23
-183
5
-180
-111
8
-318
-177
-142
-64
-73
41
-127
-137
-10
-159
-67
-85
-97
-112
-6
27
-77
-200
-157
-131
-111
-169
-109
-123
-122
62
-84
-43
-201
104
100
-259
-30
-96
-319
-121
-55
-123
-286
33
6
-328
-314
-300
21
161
66
-13
-182
-122
47
-132
-129
-167
-105
-138
-319
-32
-205
-282
-190
-207
-210
215
-31
-227
-225
9
-52
-356
-64
-38
-138
-41
-19
-39
25
-109
-46
142
-54
-198
-93
23
-131
-46
-135
86
80
-219
-138
-451
-164
-224
78
-103
-241
-288
-80
-86
-36
-146
-251
-223
-32
-172
-347
30
-97
-164
85
107
-178
-132
-240
-333
-335
-207
-119
77
-95
-261
66
59
-312
-168
-243
116
-93
-66
-62
-101
-222
-255
-130
-13
-299
-166
-73
-121
-82
-92
87
-102
-81
-180
-126
-144
-81
-54
-7
-91
-77
-215
165
-51
-141
-90
-150
12
-153
-109
-11
-108
-40
-149
-193
-419
-35
-254
-85
93
-238
66
-79
-14
57
-58
14
-291
-25
-131
58
-38
-160
-272
28
-180
-170
12
-218
97
-201
-185
-177
119
82
-107
-344
-347
-168
84
-160
-66
203
-43
112
-269
-226
-78
-217
-170
-98
-413
-37
-37
-153
140
-348
-228
-221
-80
-171
155
-254
62
-197
-287
-221
-148
-197
-114
104
-60
-31
-56
51
148
-205
14
-89
-42
-262
-53
-170
178
-109
-53
-64
-249
-139
-120
-146
37
-150
128
-112
-95
-93
-202
-157
-337
-272
-88
-5
-40
-31
-110
3
-137
-21
-164
-153
-161
-316
-41
-253
-214
83
-144
-40
-97
-430
-67
-34
11
-37
41
-35
47
-341
175
-87
59
-228
-20
-55
12
112
48
-97
-194
-365
-2
-34
-57
-194
-160
52
-6
-49
-253
-180
33
-64
-88
-49
-149
-312
-64
109
86
10
-190
-243
-67
-167
-94
43
33
-21
124
-119
94
-24
-144
-76
3
-65
21
-242
-86
-24
-345
-30
-145
-190
-189
-391
-18
-238
72
-36
-25
-89
-129
-155
99
-196
-148
156
-138
-198
-92
-206
-102
-120
-81
-444
-37
-66
-38
27
-107
47
47
-100
-4
-33
-203
18
-2
-119
-140
-242
-259
-102
-148
-199
-400
-41
-160
-2
-84
-245
-129
-298
-311
-114
-133
-282
-57
-171
113
-79
-107
116
-92
16
-193
1
-216
-93
-78
15
-272
-178
-46
-176
-119
-276
-62
-52
-48
92
-188
-163
-104
29
-133
-257
-102
-425
-140
-192
-227
-214
79
-139
-160
-254
-50
-274
-32
-232
-160
-93
-193
12
-29
-240
-83
46
-227
-84
-20
-135
-71
-291
-172
-127
-51
-136
-12
47
148
-27
-133
-28
-85
-142
111
-90
-314
-198
-282
-1
-297
-110
-190
-18
43
-87
-355
-114
-53
-286
-141
-79
-365
-177
-136
-178
115
-111
-300
-152
-87
17
-248
-195
-198
-24
-108
28
-335
-84
78
110
78
-69
-291
-67
-142
-301
-61
123
-139
-256
-118
-179
-44
-141
-106
-180
-134
-129
-48
-94
-54
-65
-249
-223
65
-48
-117
-85
-66
-175
-101
10
-215
-142
-285
-18
47
173
-233
-267
-319
-126
-334
-84
122
-291
-134
-130
-109
-105
-106
-34
301
76
-244
-58
-232
-50
-104
-29
-231
85
279
-27
-23
55
-274
-163
71
-334
-348
-190
-261
13
-321
-11
-75
-323
30
-127
-188
-19
-120
-272
-51
-126
-95
-148
70
-208
-283
-33
-245
-109
-311
-191
-278
-81
-148
-232
-220
-216
-170
-240
-362
-73
-319
-80
-36
-177
-279
-36
167
-56
-121
-273
-168
61
-147
-154
-94
104
-125
-206
-174
-71
-190
-14
25
-252
-177
-94
-243
-5
46
-152
-92
-143
10
-33
-266
-100
-222
-223
43
-133
-125
43
-239
-11
78
84
-238
-183
-212
-95
14
-170
-28
-67
-206
-254
-355
-371
103
51
-257
-146
-219
147
63
26
-216
-78
-342
-137
-104
18
-10
-202
-64
-124
-162
-204
-60
-219
-23
33
-53
-124
107
-460
10
-14
-146
-126
-252
-358
-346
-104
-59
-26
34
10
-77
-212
-16
-9
-143
-75
-312
47
-110
-62
-159
115
-100
-88
-76
-179
-215
-110
-204
-120
-397
-163
33
-211
-94
-218
-74
-242
-216
-50
13
-72
13
72
-93
-232
-130
-282
-321
1
-207
-44
-105
-272
-238
-72
-309
-242
-127
-295
120
8
-26
120
-200
-374
-272
-86
-17
-181
-33
-66
-175
108
-220
-314
-11
53
-324
-209
-185
-232
150
-179
-110
-157
-55
-154
-96
-78
-70
-48
-142
-45
-11
92
-148
-23
-138
61
47
-82
29
-99
-225
-171
301
-292
-191
-227
-118
-231
-204
60
-299
-195
-161
151
-253
7
19
-174
-67
-76
-173
1
-189
-351
-150
-183
-161
22
-231
-20
-103
-65
-162
-10
-149
-272
-43
-70
89
-272
28
-104
-258
-152
-238
61
-131
-148
-11
-106
-95
-73
-424
-251
-600
-240
-232
-163
-88
2
36
87
-122
-120
-102
-71
25
-90
-132
-100
47
-126
-320
-35
-300
-197
25
-121
-280
58
-79
-256
-180
72
109
-13
-62
-208
-18
-139
-334
-385
-100
-88
83
-122
-32
-104
-242
-79
-194
-80
-146
-200
-233
-41
-303
-40
-46
-130
-345
-346
-135
-51
-183
-139
38
-178
-93
81
197
0
-123
-90
-191
-117
-82
53
-141
-109
32
-21
-83
-280
-105
-62
-204
-145
-178
-254
-242
-279
-184
109
28
85
-49
-5
-137
16
-95
15
-50
50
-205
-204
-194
-16
96
-245
-256
-199
-298
-210
37
-202
67
66
-117
-1
-171
-337
1
-474
-185
-125
-149
-216
29
39
-106
-89
-74
-323
-224
-95
-451
177
-362
-255
-134
-154
-283
77
-46
-235
-219
-65
-69
5
113
-245
-214
-249
-99
3
-100
-296
-113
-270
-175
-224
30
-36
-356
-114
-162
-52
-76
-197
6
-130
-79
9
36
123
-25
28
-36
-253
-219
-259
-143
-90
-220
-157
-145
-57
-46
-160
-105
-5
-394
-336
-353
-111
-183
-234
-121
-411
-219
-99
-148
-236
-176
3
-129
-230
-161
126
-263
-188
-250
-240
-251
9
-208
-130
-41
-5
203
-210
-34
-56
-193
-125
-145
-61
-189
-150
-111
80
-69
-262
72
-68
-173
-294
-77
-198
-101
37
-290
17
119
-34
-204
100
-256
-49
-107
-70
-105
-57
-242
-76
-57
-234
-106
-104
65
-179
-329
-52
-195
-99
-120
-142
-316
103
-190
-25
-382
-152
-84
-203
-261
-10
-194
-131
-14
-43
105
-74
-147
-165
-80
-105
-330
-93
12
-117
-227
-139
-292
-85
-168
63
64
-71
-116
38
-46
-138
-199
10
18
-219
-182
-249
-126
-206
-189
60
-271
-352
-101
-67
-210
-205
-67
-196
-12
97
-126
-172
-50
-181
-138
-263
75
-162
-114
-65
-273
-49
-123
-179
-268
-197
-181
-129
-134
-122
-16
-23
-280
-209
-129
22
-95
-2
-201
-259
-71
-66
50
-184
-329
-59
-131
-204
-59
35
-14
-171
-62
-264
-371
52
-89
20
-258
-149
42
-53
32
10
-166
33
-39
-165
-341
-162
-270
-28
-100
-207
-231
-6
-2
93
-245
-173
-116
-173
-19
-101
147
31
49
156
-112
-127
-146
-147
-54
-227
-137
-185
-34
82
-214
44
-161
-121
-217
-193
53
-327
-281
75
-39
-13
-190
-103
-188
-248
-218
115
-127
-39
-124
-151
55
-160
-361
-339
-203
-223
-199
-117
67
-135
-90
-94
-304
-307
-167
114
-104
-204
-303
-202
-192
14
-277
-212
-155
-59
-185
-141
15
209
-41
101
-42
-168
15
-189
-136
102
151
-136
76
-70
-188
-111
-219
68
-130
-236
-126
-151
80
-119
-78
-197
-77
-244
-516
-185
-14
-46
48
-24
76
-99
-181
-478
-130
-143
-101
-243
-98
5
-241
-26
-148
46
85
-95
-120
65
-72
-100
76
128
-28
-177
-85
-272
-61
-78
-167
-308
81
169
-205
-65
-126
-136
-123
-174
-109
-9
-56
75
-54
-233
-105
-189
-224
-311
-70
-248
-148
-256
-196
-100
-126
-98
-210
-253
-184
-26
-488
-77
160
-333
-125
-235
-181
-125
8
-379
-43
-101
-258
75
-51
-18
-141
79
31
68
-125
31
118
-276
-296
-247
-202
109
-9
-67
-289
-247
-75
129
-281
-272
-117
-36
-268
157
-23
-92
-111
28
-23
5
-155
-303
-13
-94
-180
-294
77
-205
199
71
-16
-22
-88
-39
-146
-127
-170
41
-239
49
-89
50
-115
-147
-108
-100
-136
-297
-204
-170
-151
-76
-63
-13
-129
-87
-161
-162
83
-113
-94
-43
-172
-162
84
-123
-397
-198
-234
-55
-58
-89
-107
-23
-294
-134
-164
-398
-240
-285
-31
-127
-74
-90
-58
-156
-90
-67
-274
-108
-94
-136
-136
-170
-393
-18
-179
-371
-358
-225
-112
12
-126
-263
12
-132
-96
-42
-215
-196
-5
-118
-130
-105
-95
-114
-267
-247
-55
-8
-116
-37
-261
-198
-62
-45
-116
8
-30
-346
-294
-54
-215
-548
-140
-35
-12
-87
-297
-248
-193
-74
-259
-87
-164
-156
-53
-127
-348
-33
-187
-184
-152
-126
46
-116
-187
-106
-71
-6
41
-364
-248
15
-157
90
-61
213
-236
125
-194
-52
-95
-26
-239
-179
-213
-88
-226
-108
-273
-259
-254
-159
-41
-20
-96
-43
-94
-27
7
-143
-211
-5
-80
-43
-175
-96
-183
-49
-238
-164
-156
-183
-276
-245
-141
-129
-306
-151
186
-358
-118
-69
-55
-17
-275
-140
40
-168
-25
-227
-120
-295
-258
-223
-290
-119
-85
-22
-3
-10
-398
-38
-136
-108
-105
-183
-170
11
-200
-243
-35
-93
46
-28
-442
-56
-306
77
-218
-211
-137
25
-58
-308
-472
-283
-74
-116
36
-87
-126
-3
-112
-206
-220
-232
-260
-53
-42
-167
-116
-51
-255
-125
-266
-291
-425
-80
-104
-117
-109
98
30
-364
-93
38
-513
-146
-54
-45
-162
-200
-65
-83
-165
-96
-159
-372
-18
32
-145
-322
111
-251
-159
-9
-287
-125
6
-48
200
24
-5
-176
-112
-65
-465
-189
-81
-82
-147
-283
-83
-129
-162
-243
-145
-85
120
-382
72
-33
-298
-86
-38
31
-37
94
-179
-167
-134
-43
32
-243
212
-95
-129
61
-142
-97
-202
-157
-197
-163
-195
41
-100
-147
-217
-39
-306
15
21
-9
-76
-133
-265
-194
-273
76
-276
-103
-74
-7
90
-247
-165
71
-24
-309
-323
-29
-348
64
-166
74
-293
-10
47
-81
-242
-61
-160
-104
-44
-103
-302
-167
45
18
-136
-224
148
71
-94
69
-2
-74
-147
166
-101
-131
-54
-253
101
-101
-85
-257
-158
-111
-47
-311
-252
-174
-87
-224
-222
-48
-66
32
-310
-115
-166
-254
-55
-139
-233
40
-57
-222
-299
-150
-79
-211
-77
105
14
21
-44
-158
-60
-125
-283
-23
-130
-158
23
-25
-8
-37
-4
61
-75
-11
-227
-120
12
53
-162
92
-194
-74
214
-403
53
-344
-82
-125
-72
-135
-274
-310
-141
-186
-111
-209
-206
-159
-64
-96
-287
-324
10
-362
-81
204
-173
-68
142
-268
-67
-65
84
-200
-270
-28
-154
-110
-61
36
-127
65
-126
74
-245
-131
174
68
-150
-17
-20
-178
-205
-123
-3
-228
-190
-410
-115
-230
-5
-240
-57
-241
-90
213
-16
11
-43
-150
135
-90
-319
-122
-46
-30
-148
-81
-291
-240
-61
-148
-3
-151
-170
-286
-131
-211
-188
-182
44
-149
-290
-186
-370
-155
-178
-85
-268
-115
-381
-355
-77
-63
-92
-22
-337
-148
-81
-57
-83
-125
-358
51
-271
-115
-185
-31
46
-338
-175
-97
10
-183
95
-76
-12
-115
-135
6
-220
-160
102
-109
-154
-177
-140
-283
153
48
-74
-8
-171
-111
23
-247
-2
-257
-97
145
-303
35
-271
-207
-252
-138
-27
71
56
-124
-268
-10
-155
-180
22
-71
-96
20
-36
-128
-276
-175
-219
-22
-47
-6
-64
62
-159
4
-278
-129
-155
-116
-252
-114
-411
-135
92
-23
-98
29
-247
-55
-361
-252
-141
48
-450
-88
2
-149
107
-5
-295
9
-177
-136
37
-369
-26
-78
-42
-198
-231
-156
-36
56
-53
-98
33
2
-69
-294
135
-58
-379
-41
57
-33
76
2
-192
-48
18
-147
-408
-249
-97
-202
-70
-33
-204
-76
-230
8
-275
-110
-292
96
55
38
-90
-107
-2
-16
-267
-38
-12
-253
52
-376
-82
-252
-33
-22
-312
-35
-118
55
62
-39
-33
-51
84
-125
-335
43
-208
168
-25
-226
-326
-69
-141
-332
-212
-115
-226
-142
-188
-258
-107
-368
-321
-105
66
-130
-151
-53
207
-52
173
-55
-10
-185
-72
137
-60
47
-147
-84
-77
-81
-115
-22
-447
-211
-140
-162
-288
-201
-257
3
-70
-12
-347
-76
125
12
38
-148
84
-159
-149
-545
-299
-134
-24
-204
-59
-109
-236
-206
-221
-177
38
22
22
-253
-130
-46
-134
-195
-158
-200
-123
-104
-197
-196
90
-184
91
-286
-176
-150
-120
-264
-33
-162
-105
-83
-268
-127
52
6
-211
-252
-112
-170
-47
-191
-229
74
-141
71
-293
116
2
-268
76
-163
-89
-292
-210
-136
-253
-48
-172
-230
208
-393
-293
-176
234
-155
221
104
-166
19
35
-185
19
-7
-20
-116
-241
-193
-186
-211
-143
-130
33
-431
120
-115
-266
-21
214
-125
-179
-137
-316
-81
-232
-131
-188
-2
-182
29
-248
-287
-272
105
51
-183
-93
-211
-18
-123
-116
-135
37
-38
-37
-77
-263
204
-35
-279
28
-175
4
-136
-164
-239
-465
-126
-302
-224
-171
60
-137
-56
-383
-38
-179
-327
-181
-51
-303
105
8
-142
-198
16
-17
-201
-46
-83
-120
-102
-278
-38
-102
-65
10
-80
-217
52
-123
-107
-202
-60
-72
-113
-37
55
-13
-166
6
-46
-149
-62
-32
-183
-61
-153
-1
-162
-167
-100
-102
92
-50
-325
-186
-96
-185
-445
-149
-327
-248
-77
11
-66
-311
-129
-4
-212
-135
-236
-43
-121
-98
-360
34
-20
32
-10
-136
144
-205
-308
22
-126
-36
-99
-163
-256
-35
44
-228
-187
-51
-344
-140
-141
-102
-235
-48
-190
-222
9
-53
-66
-197
90
-157
129
-84
-180
-88
-117
-118
20
-270
54
-116
8
106
-67
-73
-293
-204
-294
-117
33
29
-36
-128
13
-161
-7
-69
-40
-135
-122
-186
-319
67
50
7
-286
-311
-53
-268
-190
16
-197
-146
-151
67
-35
-274
-199
-118
-90
-128
-95
-133
-215
-90
-168
-208
-30
-124
14
-53
-132
-169
-84
-127
-305
11
-45
-63
-318
96
-327
-77
-250
3
-52
-83
-344
-497
43
-120
231
-3
55
19
3
39
-54
-157
-63
-250
30
-137
-50
-209
-122
-169
-298
51
13
-138
-140
6
-50
54
-173
-109
-5
2
202
-400
-88
-13
-157
-200
-71
51
139
-186
-179
-241
-100
-28
-216
-346
-35
-194
-98
152
66
20
-154
-89
-92
-66
-41
72
129
-176
8
-189
-207
-156
4
-77
-116
-25
-218
-214
-284
-94
-295
-22
-166
-275
-381
-231
-126
-231
-190
-219
-186
-198
-104
-45
125
-40
-35
5
-158
39
-106
-290
-210
-104
-411
-268
-323
-112
-70
-144
-61
-78
-102
-172
77
-169
-240
-90
-217
94
-139
-160
-87
-188
-57
-33
-209
-31
-416
76
-139
-54
-126
-162
-5
-164
-192
-330
-84
70
-173
-276
-171
-127
-55
-130
-315
-343
-49
-169
-212
-90
-5
-223
-299
145
-116
-95
-7
-245
-163
-357
-238
-201
109
-188
-229
-112
-224
-280
-176
-171
89
-111
-14
-127
121
-40
-186
185
-98
-121
-262
-83
23
50
-307
-191
-328
12
-105
-52
7
-146
-31
111
-104
-155
-162
-176
-175
-195
-77
88
-129
-122
-64
-125
-167
-152
-154
-138
-105
-218
-176
-148
14
-158
-150
6
-278
-374
-61
-106
-47
-339
-186
-178
-29
-119
-140
-39
-328
-76
30
-216
137
-168
-25
-216
-11
-166
-165
-346
19
-26
-376
0
180
-157
-117
-108
-31
-51
-48
-103
-111
-222
-248
-15
-161
-151
-24
-94
-137
-124
-25
-110
-195
-14
-123
-89
13
-169
12
-234
-189
-145
-218
-145
-393
85
-93
-49
-200
165
-345
-62
-159
-189
-280
-396
123
-127
-99
-295
-92
-104
-236
-129
-107
124
-152
-189
17
-202
-155
138
-270
-170
-12
-210
32
76
36
23
-116
-104
-180
-80
-238
-117
-358
-101
-335
-240
-269
101
-107
-161
2
-217
-45
-151
-11
-244
-215
-202
144
71
-247
-234
-155
-106
-101
-100
-145
-172
-132
-229
-51
-101
-44
-62
-87
-338
-107
9
-140
-142
-97
27
-26
-58
3
-187
-158
-189
-43
-357
-36
-45
36
-255
-89
36
-112
-91
-187
-125
-168
-181
88
-2
-136
-235
-244
-68
-46
-222
-439
143
-144
-252
111
-4
-149
116
-184
123
-245
-56
-320
-29
-188
-56
-177
103
-232
22
27
-94
-132
36
-51
-60
-91
-113
-157
-150
-157
-16
-126
-174
20
-175
62
-133
123
-90
-260
20
4
-206
-138
-171
-59
-342
-381
-267
21
0
-243
-357
-264
82
-91
-212
-3
-93
-292
-51
-305
-229
-169
-392
-76
-167
69
109
1
-232
-223
161
-105
-3
-343
24
-17
25
-93
29
-122
-100
-446
-173
41
51
-73
-202
-51
-160
-11
-220
8
41
68
-98
22
-184
-164
-129
-292
-103
-96
-399
-42
-96
84
-52
52
-135
-174
-31
-319
-70
-151
77
101
-138
-164
100
-192
-116
45
-273
-190
-209
41
32
-151
-78
-28
76
-21
-16
-72
160
-244
-274
-343
-108
-95
-40
-143
-324
-175
-481
-46
25
90
-109
-22
88
-78
-117
-45
-69
-343
-268
-115
-33
-23
-332
-77
-78
40
-217
-7
-60
-193
-282
158
-29
-107
-69
-194
-160
-309
-116
-223
-117
-248
-95
-24
-87
34
-275
-184
-148
66
-263
-69
-25
-229
-31
61
-101
-234
-20
-174
-258
-102
69
63
-52
8
-7
-283
-226
-199
-78
-127
-123
-43
-200
-67
-148
-34
-182
-31
-142
-57
-131
-212
100
-205
-275
-113
-203
-159
-155
-76
-286
-28
74
-84
-297
-333
10
-125
0
28
-18
-320
-171
-83
4
-131
-133
-60
-209
-83
-259
-109
-162
-221
-126
-29
128
5
-128
-290
-126
-110
-189
-276
95
-334
-93
-156
78
-84
-194
-92
-236
232
24
-37
-98
-84
-215
-1
-60
-325
17
26
164
-29
85
-181
-277
-196
-185
-39
40
-74
44
-118
-61
-305
30
-166
-80
-151
-204
-290
-294
171
-308
71
-262
-343
-156
-160
14
-333
-92
-285
171
-121
-217
38
16
-194
-203
-38
-84
-140
-218
91
-202
22
-234
-44
-38
-15
-213
-87
-251
-318
-44
-27
-168
-147
-113
-306
-88
-92
-53
-176
-19
-103
-184
12
-233
-97
-185
-60
-238
-21
-188
-67
67
-411
-268
-179
68
-231
-106
-163
-49
-192
-104
-291
-130
-168
-199
-21
-115
21
-106
-65
-81
-242
-224
-272
-168
-164
-190
-219
-128
-208
-150
74
-194
-44
55
-122
-448
57
86
-456
-106
-142
-93
-35
-165
-222
106
-272
-67
-66
12
-316
-54
-199
-216
56
-91
110
-196
-111
-8
122
-212
-96
-34
45
-247
-122
-170
-43
-45
-279
2
-76
-8
152
-95
-166
-50
-201
-199
-62
-152
24
-30
13
-9
96
-15
-256
-10
-128
-201
-40
-149
186
-46
-49
-64
-209
-200
-168
-129
-15
-180
-94
-217
-33
-240
28
-94
16
-173
-20
-77
-10
-238
-27
-111
-39
-170
-42
-205
-31
-27
-239
-170
-277
-27
-355
-153
-112
-229
-220
-190
-71
120
-2
-249
-91
-157
-102
-210
-52
-19
-284
93
96
10
-37
50
52
-21
-49
-273
-61
102
-353
-18
167
-108
-226
-37
-209
-79
6
-215
-309
-23
-112
-161
-179
-84
-147
-78
-52
-128
-169
-116
-21
-29
-169
-105
-387
-185
65
-307
-69
-204
21
-117
-84
-6
-95
-31
29
-26
-196
-296
-170
-147
132
125
-350
-339
-337
-380
7
-109
-52
-264
-144
-105
-124
-217
-197
-137
-99
-109
-179
-318
179
-220
101
-241
-346
-231
-162
-268
-80
-227
-128
-241
67
-419
-178
-60
-129
-31
43
-83
-70
-18
-156
139
-178
-332
-159
48
-172
-26
67
15
-181
11
-83
-167
-300
-339
-224
-104
-35
-55
-75
-320
-202
-55
-77
-240
21
-166
-128
22
-231
-282
-32
-379
-184
-155
134
10
-260
-131
-87
-224
-86
29
-236
-372
-167
-103
-72
183
-40
-194
-93
-170
101
127
-238
-287
19
-215
-160
-209
-190
-188
-61
-33
-227
-90
161
-12
-246
-312
72
-81
-160
-129
114
-62
-238
21
-305
-210
-41
-44
-74
-345
-122
-31
75
-163
-87
-1
75
-346
-160
-78
-130
-97
-31
-108
-11
-100
31
-1
67
-231
-34
-161
-231
-379
-32
-275
-116
-168
-52
-146
142
-213
-91
-178
149
55
161
-79
-44
-120
94
-17
-214
-84
-209
-65
-24
-38
113
132
-226
61
-8
-464
83
-287
-88
-121
-61
-121
-176
21
-67
72
-60
-184
96
-85
-151
-236
-14
-258
-116
-121
-200
-338
-122
-203
145
-71
64
-113
-272
-222
-119
-186
-401
-104
11
-209
-267
-69
202
-196
-142
-161
-98
-68
-99
-22
-22
-235
-135
-46
-19
-381
-48
-282
-197
-143
25
-81
-49
5
-52
13
-195
-103
-22
-240
-102
-174
-52
-116
-74
-28
124
169
-86
-107
-46
-159
-288
-251
-203
96
52
-86
25
-140
5
-298
-168
232
-164
-50
-137
4
-343
-185
-367
-86
134
-207
-213
-66
-205
-259
-61
-281
-477
16
-376
-115
-48
-113
-44
78
-90
-271
-286
-205
126
-45
-76
14
75
-163
-233
-197
-326
-60
-14
-286
-118
-42
-156
-146
0
-47
-297
-159
-251
-138
-160
-108
-466
40
-61
-123
-83
-189
-150
-154
-332
243
-116
-2
-279
29
-170
-181
96
-76
-199
-278
-101
-88
-46
-48
41
-383
-22
-263
103
0
-84
-145
-40
-62
-16
65
-85
-10
-306
-8
-266
-35
-25
26
-45
-111
-306
-73
-61
40
-138
55
126
-66
-13
74
-20
33
-104
-153
-19
-70
-92
-87
5
-136
-78
-78
-129
-69
45
-137
-96
-225
-307
89
-37
-136
-1
-261
32
-160
-161
-162
-57
58
-397
-149
-107
-39
-45
-227
-155
-90
-235
106
-235
-196
74
-139
-115
-142
-167
-282
-120
-229
-308
-150
-230
-91
-309
-126
3
187
-215
-2
-253
-17
-220
-49
-4
87
87
-45
-30
62
-78
-65
-104
-50
20
-70
-56
-140
-26
-76
-157
-237
-64
-28
-167
-190
-195
-234
-184
74
138
-157
-10
-95
-95
-8
-49
-89
-216
-312
-19
-91
17
-6
11
-116
-168
82
-44
-202
127
32
-59
58
-304
-132
-123
-273
-56
-114
-238
-358
-44
85
-119
61
74
-243
-249
-24
-67
-320
-76
47
71
-51
-144
-104
-188
-153
-5
-95
-329
-53
-348
136
-224
-96
-111
-35
-106
157
-315
-269
-52
48
-114
-62
-128
-116
-102
-236
108
-349
-146
-58
-226
-23
73
-101
5
-156
258
-176
-305
-96
18
-76
-40
-182
-249
-138
-5
-165
-17
149
-258
16
-317
-24
-228
30
-349
136
142
-36
-175
99
-46
-51
-282
-174
-271
-123
-164
-263
-231
158
-368
-60
90
61
-110
101
-59
-96
46
-94
23
-100
20
-56
-160
-253
-242
-210
-189
-299
-70
-262
-73
-149
42
-35
-377
200
-356
-99
203
-99
95
-267
-240
-224
64
11
-301
-122
-78
-33
-199
-223
-194
-152
8
-190
-62
-121
23
-124
-15
85
-111
-93
100
-75
-166
-36
-169
-179
-141
-18
37
-52
-235
-263
46
-45
-219
-151
-127
-106
-124
-207
-108
62
-51
-99
-102
-131
-162
212
-121
-272
91
-162
-62
-210
-177
-187
-179
-162
-357
-53
-64
-215
-39
-95
-80
-254
-62
-206
-20
172
-141
-243
120
-238
-350
-217
97
67
47
86
23
-153
82
-21
-126
186
-150
-24
-89
-221
-95
-2
-93
-261
-277
-110
-165
93
-24
110
-96
-159
-209
-94
-79
-290
-87
22
-48
-526
28
-255
-306
-64
-129
4
-262
-81
-14
-303
-122
-132
105
-277
85
-187
51
86
-160
-93
-168
107
34
-258
-99
-157
-231
-298
113
-81
-341
-322
-59
-20
4
-125
34
-115
84
-23
-104
-124
-75
-81
-41
-59
-117
-131
-195
-59
21
-351
-207
-96
-145
120
-112
-222
-259
-78
-259
-80
-28
107
-23
-206
-203
-314
12
-140
-153
-186
-123
-106
-80
-67
-292
-147
-153
-163
-297
114
41
-127
25
-218
-13
-324
25
-36
-317
29
-138
-91
-111
-5
3
-198
-7
-385
-75
-206
-111
-368
90
18
-175
14
-207
-119
-382
-14
-175
-223
-191
55
-205
120
-122
-60
-77
-306
-357
-199
-230
-289
61
84
-103
-195
-307
-25
-124
-86
-414
-198
-384
-245
-69
-235
-234
-136
-252
-87
-79
-9
-145
-207
-206
-431
-41
-44
-154
-28
-76
-88
-147
-250
-285
165
-100
-65
8
-299
-26
-47
-169
-16
-96
-54
-41
-265
-444
-345
15
-197
-421
8
-181
-245
-63
-265
-92
57
-53
-187
-181
-147
-304
-56
-220
-83
-161
16
107
-128
-78
13
-132
-14
-63
94
192
138
-128
-112
-179
-258
-159
-157
-168
-8
73
-62
-49
-74
-38
21
-166
-36
-223
-182
-226
24
0
-104
-96
-28
36
-395
126
-64
-205
39
-183
-76
-228
-21
-132
-239
-25
-138
148
-63
-184
-57
-111
-91
-90
-106
-61
-14
47
98
-57
-197
-25
2
-164
-384
-40
-270
-79
-50
-115
-80
-123
-318
-207
-66
-55
-166
-120
-263
-255
-125
-496
-279
-165
-60
-201
-263
-167
-169
-166
-258
2
-218
-288
58
-88
-229
-229
62
12
-244
-1
-1
-73
-193
-166
214
146
138
-88
-281
55
-195
8
-83
-94
23
-243
-136
-185
25
-296
2
-277
-105
-48
-217
-98
-306
4
-29
-66
-98
-106
-274
-269
-74
-45
-144
-186
-108
-51
-72
-115
-50
18
54
82
-190
195
-229
-52
-290
-21
-39
-238
92
-212
-12
41
-47
-19
-251
-62
205
-231
-65
-305
52
-492
-330
39
72
-18
-191
-97
21
-190
-334
-60
-191
-319
14
-183
-74
-71
-31
-151
-117
17
46
-99
-91
-63
-31
62
-89
-190
77
0
-64
-54
-127
-338
-207
-286
-176
64
-242
-73
-94
-3
-108
-63
157
-4
-151
78
-108
70
-232
-108
-123
-87
-236
-258
78
-353
-112
-89
-48
4
-52
155
-87
-200
-45
-57
-291
75
-244
-179
-460
-16
-96
-290
-278
-233
-43
-166
-76
-183
-67
1
-308
-112
-144
61
-130
199
-76
-68
-172
-100
-225
49
12
-98
-149
-131
-160
-104
92
-269
-48
-121
-214
-112
-342
-255
-210
-50
-70
-242
-172
-46
-222
-127
-173
-310
-96
-163
-145
273
-148
-196
123
-102
80
-154
-135
-184
-91
-361
-143
-185
-105
-35
-30
-145
-323
-185
-149
-6
-30
-295
-192
-129
-15
-235
-106
-117
94
-66
-99
-190
-58
-163
-252
-120
-24
-65
-139
-144
-84
-40
-127
-205
-29
-15
-264
39
-245
-249
118
-245
90
-199
-257
-161
-150
2
31
-102
-282
-195
-32
26
9
-121
-159
-245
-262
-128
-209
-14
-394
-152
-101
6
-229
-281
-178
-72
-139
-185
41
-169
-230
-104
-95
-131
27
-76
-249
-8
-48
-70
-181
-180
-174
-123
-136
-100
-95
-53
-234
9
-164
75
-77
-135
-74
-86
-13
-180
-210
-112
12
-151
-74
-258
-38
-290
-166
-341
-135
-364
-224
-176
-312
-220
203
-195
-126
-139
32
-10
-55
-256
126
125
-134
-82
-36
168
-111
-170
-105
-78
-122
-109
-81
-88
-231
-13
-33
191
-143
-137
-167
68
-67
-38
-81
-125
-244
22
-383
31
-247
-222
-123
-210
-238
3
-153
-311
-108
0
-184
-7
-321
-127
16
-483
40
-165
-391
-15
-270
45
-103
-8
-248
-334
-95
-375
-108
-56
-94
-140
-203
144
-285
-72
5
-209
-132
-39
-80
159
20
-11
-121
-141
66
-316
-252
-205
-227
-92
-93
-238
39
-171
-313
-132
49
-246
-154
-211
-265
67
-75
-59
-62
-136
-172
-61
7
22
-215
-196
114
-311
-131
-100
-226
-212
-115
-100
-50
-22
15
-154
-205
-193
-8
-216
-60
102
-297
-116
-53
-258
218
-313
-116
-379
35
-228
-243
-197
-109
54
-309
-124
-132
-215
-308
27
-7
-128
13
-144
69
43
-71
63
57
-205
-125
-172
-153
-151
37
-242
-82
-63
-334
-78
-58
-33
-155
4
-155
102
-56
-136
73
-107
-166
-99
-230
-201
-344
-156
-19
-145
-20
-103
-45
-52
130
-42
-144
-89
-380
-23
-169
-198
-85
-136
-246
-386
-128
-127
-215
-235
-130
-21
71
-233
4
-4
-118
-19
-74
61
-359
57
-216
-9
14
-206
-55
-222
2
60
-73
-198
-78
-296
21
-79
-96
-230
-240
-157
48
-30
43
-455
-61
-257
-214
-85
-186
-28
-110
-219
-313
10
-389
-83
-101
117
-4
-377
-35
41
0
-62
-178
105
-221
-10
-328
-168
-194
-132
-85
-128
-199
-90
-226
22
-179
-311
-7
-55
-134
-1
-25
-193
-239
-119
-74
-156
-315
-235
-80
65
-266
-252
-113
-201
-239
35
-191
-149
101
-59
-173
-121
30
-208
-247
-110
-140
47
-137
-204
-80
-127
-344
-232
-208
-110
174
-82
89
-135
-185
-173
-28
-112
-68
-89
-26
-183
-110
22
6
-30
-254
117
-99
-62
-177
-149
45
-49
-72
25
15
-59
-33
-169
-119
171
-304
122
-125
-264
-84
38
-141
-67
-29
4
49
0
-107
1
-134
-232
-239
147
-262
-310
-105
-122
-90
-192
-319
18
-36
-206
-169
-200
-258
-81
-158
-106
-266
-56
-67
-143
-66
-13
-256
-176
99
98
-243
-101
-171
120
-205
-197
-65
31
-123
27
-159
-384
-121
-163
-80
-215
-201
-208
-165
-96
-278
-106
-329
-32
-150
16
178
-157
-66
134
-91
-103
-53
-40
-109
-218
-284
-326
-15
-64
-256
89
-277
19
-128
-43
-56
128
-194
15
-139
-92
-66
-185
-92
-56
35
51
167
34
-181
94
-222
-170
-125
-235
124
-190
-201
-90
197
74
-135
-216
-115
-28
30
185
-315
-325
30
51
-211
-204
-83
-282
73
-192
-63
-226
66
-274
-280
-29
-169
-49
95
-155
-43
-14
-181
-115
201
63
-163
-176
-2
-108
-112
131
-332
107
14
-5
-211
272
92
-37
-16
-69
79
-40
-180
-64
-205
106
-128
-181
-5
-272
100
-228
-105
-151
-226
-101
57
24
-156
-254
-49
-158
-238
-281
-104
8
24
-202
-231
50
-120
-140
-20
-248
-1
-242
114
-69
-60
-9
0
-127
-256
18
-197
-291
-117
-27
-28
-105
-199
-200
-60
-55
-250
-230
-225
-28
-278
-254
-159
-109
-310
97
-46
-215
81
-346
-115
-141
-95
-32
-114
-166
-43
-405
-15
71
-288
-33
-54
-6
-44
38
-39
-225
-31
-92
-102
-543
-97
-21
-159
-154
-245
155
-403
-15
-284
-140
-61
-113
71
-268
22
-231
-79
11
-140
-230
-73
-201
-242
159
29
-101
-91
-60
-232
-272
-95
-22
110
-69
-172
157
134
-196
82
-207
-17
31
55
19
-137
-116
-85
-18
-239
-65
-116
-118
220
-264
-187
49
-251
-213
-77
-196
-354
-263
-213
56
30
-218
-6
-41
-281
21
-65
62
-149
-86
-92
-267
-104
-300
-216
-76
-179
-149
-292
166
-56
106
-120
-402
42
-73
-81
-189
-364
-106
4
-194
-163
-188
-15
39
-255
-25
-354
27
-212
238
48
5
-197
5
-22
13
-230
-276
-82
-71
-135
-253
-31
-222
-253
86
-183
-214
-131
-10
-203
-293
110
67
-4
-229
-325
