0.100000	0.100000	0.100000
0.100282	0.100001	0.100000
0.100000	0.100001	0.100000
0.100000	0.100001	0.100000
0.100000	0.100001	0.114296
0.100000	0.100002	0.129653
0.100000	0.100002	0.127268
0.100000	0.100002	0.110325
0.100000	0.100002	0.102829
0.100000	0.100003	0.107282
0.100000	0.100003	0.128912
0.100000	0.100003	0.158282
0.100000	0.100003	0.179679
0.100000	0.100003	0.196723
0.100000	0.100004	0.212022
0.100000	0.100004	0.217308
0.100000	0.100004	0.204531
0.100000	0.100004	0.158821
0.100000	0.100004	0.100000
0.100000	0.100005	0.100000
0.100000	0.100005	0.100000
0.100000	0.100005	0.100000
0.100000	0.100005	0.100000
0.100000	0.100005	0.100000
0.100000	0.100006	0.100000
0.100000	0.100006	0.100000
0.100000	0.100007	0.100000
0.100000	0.100006	0.100000
0.100000	0.100006	0.100000
0.100000	0.100007	0.100000
0.111069	0.100007	0.100000
0.126560	0.100007	0.100000
0.146520	0.100007	0.100000
0.170906	0.100007	0.100000
0.191802	0.100007	0.100000
0.208261	0.100007	0.100000
0.213714	0.100007	0.100000
0.206209	0.100007	0.100000
0.192074	0.100007	0.100000
0.180090	0.100007	0.100000
0.173787	0.100007	0.100000
0.165502	0.100007	0.100000
0.156449	0.100007	0.100000
0.148687	0.100007	0.100000
0.135042	0.100007	0.100000
0.123391	0.100007	0.100000
0.119888	0.100007	0.100000
0.125056	0.100006	0.100000
0.132594	0.100007	0.100000
0.136506	0.100007	0.100000
0.137019	0.100007	0.100000
0.139372	0.100007	0.100000
0.160839	0.100007	0.100000
0.193514	0.100006	0.100000
0.218627	0.100007	0.100000
0.231834	0.100006	0.100000
0.231846	0.100006	0.100000
0.219785	0.100006	0.100000
0.202758	0.100005	0.100000
0.184862	0.100006	0.100000
0.163456	0.100005	0.100000
0.138328	0.100004	0.100000
0.116995	0.100006	0.100000
0.102161	0.100004	0.100000
0.100000	0.100002	0.100000
0.100000	0.100004	0.100000
0.100000	0.100004	0.100000
0.100000	0.100002	0.100000
0.100000	0.100002	0.100000
0.100000	0.100002	0.100000
0.100000	0.100001	0.100000
0.100000	0.100000	0.100000
0.100000	0.100001	0.100000
0.100000	0.100000	0.100000
0.100000	0.100000	0.100000
0.100000	0.100000	0.100000
0.100000	0.099999	0.100000
0.100000	0.099999	0.100000
0.100000	0.099999	0.100000
0.100000	0.099999	0.100000
0.100000	0.099998	0.100000
0.100000	0.099998	0.100000
0.100000	0.099998	0.100000
0.100000	0.099998	0.100000
0.100000	0.099997	0.100000
0.100000	0.099996	0.100000
0.100000	0.099997	0.100000
0.100000	0.099996	0.100000
0.100000	0.099995	0.100000
0.100000	0.099995	0.100000
0.100000	0.099995	0.100000
0.100000	0.099994	0.100000
0.100000	0.099994	0.100000
0.100000	0.099993	0.100000
0.100000	0.099993	0.100000
0.100000	0.099993	0.100000
0.100000	0.099992	0.100000
0.100000	0.151829	0.100000
0.100000	0.210162	0.100000
0.100000	0.257344	0.100000
0.100000	0.302317	0.100000
0.100000	0.341962	0.100000
0.100000	0.371112	0.100000
0.100000	0.393811	0.100000
0.100000	0.413537	0.100000
0.100000	0.430776	0.100000
0.100000	0.445020	0.100000
0.100000	0.453422	0.100000
0.100000	0.456898	0.100000
0.100000	0.461427	0.100000
0.100000	0.470578	0.100000
0.100000	0.483259	0.100000
0.100000	0.495097	0.100000
0.100000	0.503250	0.100000
0.100000	0.508131	0.100000
0.100000	0.512041	0.100000
0.100000	0.516233	0.100000
0.100000	0.520590	0.100000
0.100000	0.523336	0.100000
0.100000	0.525393	0.100000
0.100000	0.528330	0.100000
0.100000	0.533023	0.100000
0.100000	0.539223	0.100000
0.100000	0.544876	0.100000
0.100000	0.549026	0.100000
0.100000	0.552027	0.100000
0.100000	0.554215	0.100000
0.100000	0.556177	0.100000
0.100000	0.558397	0.100000
0.100000	0.560768	0.100000
0.100000	0.563097	0.100000
0.100000	0.565521	0.100000
0.100000	0.568430	0.100000
0.100000	0.570952	0.100000
0.100000	0.572360	0.100000
0.100000	0.574152	0.100000
0.100000	0.576205	0.100000
0.100000	0.577822	0.100000
0.100000	0.579402	0.100000
0.100000	0.580403	0.100000
0.100000	0.580412	0.100000
0.100000	0.579498	0.100000
0.100000	0.577785	0.100000
0.100000	0.575843	0.100000
0.100000	0.574290	0.100000
0.100000	0.573436	0.100000
0.100000	0.573458	0.100000
0.100000	0.573556	0.100000
0.100000	0.573576	0.100000
0.100000	0.574641	0.100000
0.100000	0.576269	0.100000
0.100000	0.578529	0.100000
0.100000	0.581846	0.100000
0.100000	0.584606	0.100000
0.100000	0.585893	0.100000
0.100000	0.586252	0.100000
0.100000	0.585969	0.100000
0.100000	0.585077	0.100000
0.100000	0.582848	0.100000
0.100000	0.578733	0.100000
0.100000	0.572820	0.100000
0.100000	0.565548	0.100000
0.100000	0.557168	0.100000
0.100000	0.548276	0.100000
0.100000	0.540596	0.100000
0.100000	0.534254	0.100000
0.100000	0.527788	0.100000
0.100000	0.520248	0.100000
0.100000	0.511547	0.100000
0.100000	0.501049	0.100000
0.100000	0.489296	0.100000
0.100000	0.477775	0.100000
0.100000	0.467622	0.100000
0.100000	0.459192	0.100000
0.100000	0.451765	0.100000
0.100000	0.444953	0.100000
0.100000	0.438339	0.100000
0.100000	0.432137	0.100000
0.100000	0.425953	0.100000
0.100000	0.420909	0.100000
0.100000	0.416049	0.100000
0.100000	0.408785	0.100000
0.100000	0.402171	0.100000
0.100000	0.397938	0.100000
0.100000	0.394837	0.100000
0.100000	0.389039	0.100000
0.100000	0.372442	0.100000
0.100000	0.337435	0.100000
0.100000	0.279422	0.100000
0.100000	0.204620	0.100000
0.100000	0.126081	0.100000
0.100000	0.099976	0.100000
0.100000	0.099977	0.100000
0.100000	0.099977	0.100000
0.100000	0.099977	0.100000
0.100000	0.099978	0.100000
0.100000	0.099979	0.100000
0.100000	0.099979	0.100000
0.100000	0.099979	0.100000
0.100000	0.099980	0.100000
0.100000	0.099981	0.100000
0.100000	0.099982	0.100000
0.100000	0.099982	0.100000
0.100000	0.099983	0.100000
0.100000	0.099983	0.100000
0.100000	0.099984	0.100000
0.100000	0.099985	0.100000
0.100000	0.099986	0.100000
0.100000	0.099987	0.100000
0.100000	0.099987	0.100000
0.100000	0.099988	0.100000
0.100000	0.099989	0.100000
0.100000	0.099989	0.100000
0.100000	0.099990	0.100000
0.100000	0.099993	0.100000
0.100000	0.099992	0.100000
0.100000	0.099992	0.100000
0.100000	0.099995	0.100000
0.100000	0.099994	0.100000
0.100000	0.099995	0.100000
0.100000	0.099997	0.100000
0.100000	0.099998	0.100000
0.100000	0.099999	0.100000
0.100000	0.100000	0.100000
0.100000	0.100000	0.100000
0.100000	0.100002	0.100000
0.100000	0.100003	0.100000
0.100000	0.100005	0.100000
0.100000	0.100006	0.100000
0.100000	0.100007	0.100000
0.100000	0.100007	0.100000
0.100000	0.100009	0.100000
0.100000	0.100009	0.100000
0.100000	0.100011	0.100000
0.100000	0.100014	0.100000
0.100000	0.100014	0.100000
0.100000	0.100014	0.100000
0.100000	0.100017	0.100000
0.100000	0.100018	0.100000
0.100000	0.100019	0.100000
0.100000	0.100020	0.100000
0.100000	0.100021	0.100000
0.100000	0.100023	0.100000
0.100000	0.100024	0.100000
0.100000	0.100025	0.100000
0.100000	0.100027	0.100000
0.100000	0.100028	0.100000
0.100000	0.100030	0.100000
0.100000	0.100032	0.100000
0.100000	0.100033	0.100000
0.100000	0.100033	0.100000
0.100000	0.100036	0.100000
0.100000	0.100036	0.100000
0.100000	0.100038	0.100000
0.100000	0.100039	0.100000
0.100000	0.100040	0.100000
0.100000	0.100042	0.100000
0.100000	0.100043	0.100000
0.100000	0.100044	0.100000
0.100000	0.100046	0.100000
0.100000	0.100046	0.100000
0.100000	0.100047	0.100000
0.100000	0.100048	0.100000
0.100000	0.100050	0.100000
0.100000	0.100051	0.100000
0.100000	0.100052	0.100000
0.100000	0.100054	0.100000
0.100000	0.100054	0.100000
0.100000	0.100055	0.100000
0.100000	0.100056	0.100000
0.100000	0.100058	0.100000
0.100000	0.100059	0.100000
0.100000	0.100060	0.100000
0.100000	0.100061	0.100000
0.100000	0.100062	0.100000
0.100000	0.100063	0.100000
0.100000	0.100064	0.100000
0.100000	0.100065	0.100000
0.100000	0.100066	0.100000
0.100000	0.100066	0.100000
0.100000	0.100067	0.100000
0.100000	0.100068	0.100000
0.100000	0.100069	0.100000
0.100000	0.100069	0.100000
0.100000	0.100070	0.100000
0.100000	0.100071	0.100000
0.100000	0.100072	0.100000
0.100000	0.100072	0.100000
0.100000	0.100073	0.100000
0.100000	0.100073	0.100000
0.100000	0.100074	0.100000
0.100000	0.100075	0.100000
0.100000	0.100075	0.100000
0.100000	0.100076	0.100000
0.100000	0.100076	0.100000
0.100000	0.100076	0.100000
0.100000	0.100077	0.100000
0.100000	0.100077	0.100000
0.100000	0.100077	0.100000
0.100000	0.100078	0.100000
0.100000	0.100078	0.100000
0.100000	0.100078	0.100000
0.100000	0.100078	0.100000
0.100000	0.100078	0.100000
0.100000	0.100079	0.100000
0.100000	0.100078	0.100000
0.100000	0.100079	0.100000
0.100000	0.100079	0.100000
0.100000	0.100079	0.100000
0.100000	0.100079	0.100000
0.100000	0.100078	0.100000
0.100000	0.100078	0.100000
0.100000	0.100078	0.100000
0.100000	0.100078	0.100000
0.100000	0.100078	0.100000
0.100000	0.100077	0.100000
0.100000	0.100077	0.100000
0.100000	0.100076	0.100000
0.100000	0.100076	0.100000
0.100000	0.100075	0.100000
0.100000	0.100075	0.100000
0.100000	0.100074	0.100000
0.100000	0.100074	0.100000
0.100000	0.100073	0.100000
0.100000	0.100073	0.100000
0.100000	0.100072	0.100000
0.100000	0.100072	0.100000
0.100000	0.100071	0.100000
0.100000	0.100070	0.100000
0.100000	0.100070	0.100000
0.100000	0.100069	0.100000
0.100000	0.100068	0.100000
0.100000	0.100066	0.100000
0.100000	0.100065	0.100000
0.100000	0.100064	0.100000
0.100000	0.100063	0.100000
0.100000	0.100062	0.100000
0.100000	0.100061	0.100000
0.100000	0.100060	0.100000
0.100000	0.100059	0.100000
0.100000	0.100058	0.100000
0.100000	0.100056	0.100000
0.100000	0.100055	0.100000
0.100000	0.100054	0.100000
0.100000	0.100052	0.100000
0.100000	0.100051	0.100000
0.100000	0.100049	0.100000
0.100000	0.100047	0.100000
0.100000	0.100047	0.100000
0.100000	0.100046	0.100000
0.100000	0.100044	0.100000
0.100000	0.100042	0.100000
0.100000	0.100041	0.100000
0.100000	0.100039	0.100000
0.100000	0.100038	0.100000
0.100000	0.100036	0.100000
0.116090	0.100034	0.100000
0.154119	0.100033	0.100000
0.188998	0.100031	0.100000
0.220745	0.100029	0.100000
0.252965	0.100027	0.100000
0.282001	0.100025	0.100000
0.306528	0.100024	0.100000
0.328358	0.100021	0.100000
0.348537	0.100019	0.100000
0.365922	0.100019	0.100000
0.379941	0.100017	0.100000
0.392482	0.100014	0.100000
0.401763	0.100012	0.100000
0.406252	0.100010	0.100000
0.408955	0.100007	0.100000
0.412145	0.100005	0.100000
0.416535	0.100004	0.100000
0.417344	0.100002	0.100000
0.414829	0.100000	0.100000
0.416537	0.099999	0.100000
0.425314	0.099997	0.100000
0.435922	0.099996	0.100000
0.447617	0.178157	0.100000
0.458738	0.230067	0.100000
0.468153	0.264938	0.100000
0.475085	0.287358	0.100000
0.479914	0.304237	0.100000
0.484334	0.322533	0.100000
0.488811	0.342461	0.100000
0.492828	0.360710	0.100000
0.497369	0.376438	0.100000
0.501277	0.387288	0.100000
0.502847	0.394031	0.100000
0.504631	0.403487	0.100000
0.510208	0.419501	0.100000
0.518669	0.438441	0.100000
0.528110	0.456070	0.100000
0.537463	0.470303	0.100000
0.545299	0.481370	0.100000
0.550550	0.489758	0.100000
0.554736	0.497777	0.100000
0.559450	0.507578	0.100000
0.564314	0.518677	0.100000
0.567842	0.529244	0.100000
0.569139	0.539250	0.100000
0.568611	0.547894	0.100000
0.566701	0.555109	0.100000
0.564563	0.563048	0.100000
0.564095	0.571915	0.100000
0.565470	0.579703	0.100000
0.568091	0.586575	0.100000
0.571036	0.592328	0.100000
0.573170	0.596403	0.100000
0.574150	0.599289	0.100000
0.574702	0.601711	0.100000
0.575680	0.604341	0.100000
0.577010	0.606844	0.100000
0.578321	0.608887	0.100000
0.579131	0.611122	0.100000
0.579706	0.613382	0.100000
0.580277	0.615032	0.100000
0.580888	0.616889	0.100000
0.581599	0.619301	0.100000
0.581909	0.622337	0.100000
0.582307	0.625800	0.100000
0.584058	0.629206	0.100000
0.586540	0.632704	0.100000
0.588879	0.636338	0.100000
0.590666	0.640024	0.100000
0.591688	0.643670	0.100000
0.592531	0.647105	0.100000
0.593985	0.649379	0.100000
0.596420	0.650667	0.100000
0.600038	0.651677	0.100000
0.604114	0.652998	0.100000
0.607214	0.654308	0.100000
0.608729	0.655045	0.100000
0.609193	0.655227	0.100000
0.608968	0.655423	0.100000
0.608715	0.655695	0.100000
0.608344	0.655514	0.100000
0.607542	0.655204	0.100000
0.606706	0.655397	0.100000
0.605952	0.656205	0.100000
0.604613	0.657314	0.100000
0.602470	0.658374	0.100000
0.599742	0.658860	0.100000
0.597061	0.658651	0.123713
0.594419	0.658242	0.257665
0.591864	0.658370	0.355696
0.589139	0.658705	0.423484
0.586746	0.658802	0.467672
0.585274	0.659024	0.498983
0.584460	0.659649	0.522999
0.584141	0.660539	0.542865
0.583730	0.661842	0.561900
0.582920	0.663540	0.579698
0.581936	0.665367	0.595658
0.580891	0.667056	0.610305
0.579206	0.668789	0.622305
0.576727	0.670655	0.630385
0.573766	0.672251	0.634528
0.569758	0.673424	0.634879
0.564396	0.674477	0.631616
0.558898	0.674952	0.625740
0.554584	0.674952	0.618792
0.551782	0.674451	0.612144
0.550528	0.673616	0.607320
0.551270	0.672676	0.605467
0.552696	0.671240	0.606895
0.554018	0.669340	0.610397
0.555471	0.667566	0.614439
0.556841	0.666344	0.618293
0.557679	0.665196	0.621648
0.558157	0.663754	0.624498
0.558726	0.662261	0.626450
0.559098	0.660612	0.627217
0.557961	0.658868	0.627312
0.556387	0.657672	0.627156
0.555794	0.657105	0.627003
0.554654	0.656974	0.626967
0.552216	0.656989	0.627560
0.550197	0.656911	0.629085
0.549495	0.656909	0.631256
0.550430	0.656922	0.633804
0.553348	0.656709	0.636389
0.557885	0.656220	0.638828
0.562255	0.655610	0.640598
0.565342	0.654903	0.641847
0.567262	0.654158	0.643179
0.567884	0.653294	0.645209
0.567715	0.652164	0.647864
0.567684	0.651173	0.649953
0.567817	0.650434	0.651526
0.567680	0.649663	0.652265
0.567651	0.648072	0.651797
0.567907	0.645143	0.651073
0.569354	0.641834	0.650756
0.571663	0.638946	0.650834
0.573248	0.636615	0.651352
0.574436	0.634639	0.652438
0.575261	0.632965	0.653642
0.575486	0.631239	0.654762
0.575690	0.629505	0.656039
0.576577	0.628278	0.657593
0.577093	0.627785	0.659156
0.575828	0.627860	0.660495
0.572724	0.628130	0.661792
0.568136	0.628231	0.663086
0.563608	0.628320	0.663887
0.559856	0.628519	0.664151
0.556487	0.628814	0.664943
0.553464	0.628685	0.666964
0.550720	0.627818	0.669633
0.548908	0.626118	0.671991
0.548039	0.623623	0.673849
0.547949	0.621314	0.675000
0.548742	0.619684	0.675000
0.550228	0.618550	0.675000
0.551271	0.617579	0.675000
0.551138	0.616458	0.675000
0.550737	0.615333	0.673870
0.550420	0.614871	0.672717
0.550274	0.615583	0.672540
0.551158	0.616843	0.673470
0.552847	0.617192	0.675000
0.554003	0.615934	0.675000
0.555730	0.613344	0.675000
0.558059	0.610326	0.675000
0.560488	0.607799	0.675000
0.562546	0.605682	0.675000
0.565469	0.604545	0.675000
0.569762	0.604256	0.675000
0.573869	0.603646	0.675000
0.576775	0.602043	0.675000
0.578185	0.599386	0.675000
0.579152	0.595150	0.675000
0.580897	0.589270	0.675000
0.583373	0.582588	0.675000
0.585851	0.575741	0.675000
0.587613	0.570601	0.675000
0.589008	0.567562	0.675000
0.591187	0.565003	0.675000
0.592988	0.562638	0.675000
0.593125	0.560852	0.675000
0.592651	0.559226	0.675000
0.593037	0.556634	0.675000
0.594391	0.552885	0.675000
0.596323	0.549156	0.675000
0.598900	0.546780	0.675000
0.601274	0.546210	0.675000
0.602775	0.545479	0.675000
0.603210	0.542220	0.675000
0.602978	0.537332	0.675000
0.603524	0.531726	0.675000
0.604739	0.526119	0.675000
0.606535	0.521701	0.675000
0.609040	0.516695	0.675000
0.612314	0.509076	0.675000
0.615940	0.500021	0.675000
0.619613	0.490375	0.675000
0.623253	0.479250	0.675000
0.626438	0.465554	0.675000
0.628749	0.447535	0.675000
0.630071	0.423772	0.675000
0.630744	0.393153	0.675000
0.631106	0.358259	0.675000
0.631703	0.315539	0.675000
0.633418	0.260137	0.675000
0.635930	0.188131	0.675000
0.639339	0.100113	0.675000
0.643426	0.100115	0.675000
0.647006	0.100117	0.675000
0.649869	0.100119	0.675000
0.652233	0.100122	0.674492
0.653725	0.100124	0.672974
0.654621	0.100125	0.670867
0.655761	0.100127	0.668031
0.657904	0.100129	0.664437
0.660504	0.100131	0.660667
0.663190	0.100132	0.657167
0.665818	0.100134	0.654130
0.667752	0.100136	0.652525
0.668812	0.100137	0.653034
0.669440	0.100139	0.655184
0.669973	0.100140	0.658785
0.670422	0.100142	0.663866
0.671256	0.100143	0.669743
0.673035	0.100144	0.675000
0.675000	0.100145	0.675000
0.675000	0.100146	0.675000
0.675000	0.100147	0.675000
0.675000	0.100148	0.675000
0.675000	0.100149	0.675000
0.675000	0.100150	0.675000
0.675000	0.100151	0.675000
0.675000	0.100152	0.675000
0.675000	0.100152	0.675000
0.675000	0.100153	0.675000
0.675000	0.100154	0.675000
0.675000	0.100154	0.675000
0.675000	0.100155	0.675000
0.675000	0.100155	0.675000
0.675000	0.100155	0.675000
0.100000	0.100155	0.100000
0.675000	0.100156	0.675000
0.243311	0.100156	0.587075
0.234207	0.100156	0.582993
0.231750	0.100156	0.577104
0.238654	0.100155	0.569229
0.241700	0.100155	0.559885
0.227606	0.100155	0.550343
0.194828	0.100155	0.540759
0.149991	0.100155	0.531638
0.108148	0.100154	0.524777
0.100000	0.100153	0.519595
0.100000	0.100152	0.513932
0.100000	0.100152	0.506298
0.100000	0.100151	0.494948
0.100000	0.100151	0.478767
0.100000	0.100149	0.455942
0.110590	0.100149	0.427058
0.133187	0.100147	0.393020
0.145357	0.100146	0.352540
0.139534	0.100145	0.304597
0.105822	0.100144	0.248001
0.100000	0.100143	0.181603
0.100000	0.100141	0.106172
0.100000	0.100140	0.100000
0.100000	0.100138	0.100000
0.100000	0.100138	0.100000
0.100000	0.100135	0.100000
0.100000	0.100133	0.100000
0.100000	0.100132	0.100000
0.100000	0.100130	0.100000
0.100000	0.100128	0.100000
0.100000	0.100126	0.100000
0.100000	0.100124	0.100000
0.100000	0.100122	0.100000
0.100000	0.100120	0.100000
0.100000	0.100118	0.100000
0.100000	0.100116	0.100000
0.100000	0.100113	0.100000
0.100000	0.100111	0.100000
0.100000	0.100109	0.100000
0.100000	0.100105	0.100000
0.100000	0.100103	0.100000
0.100000	0.100100	0.100000
0.100000	0.100098	0.100000
0.100000	0.100095	0.100000
0.100000	0.100092	0.100000
0.100000	0.100089	0.100000
0.100000	0.100087	0.100000
0.100000	0.100085	0.100000
0.100000	0.100081	0.100000
0.100000	0.100078	0.100000
0.100000	0.100075	0.100000
0.100000	0.100073	0.100000
0.100000	0.100070	0.100000
0.100000	0.100066	0.100000
0.100000	0.100063	0.100000
0.100000	0.100060	0.100000
0.100000	0.100056	0.100000
0.100000	0.100053	0.100000
0.100000	0.100049	0.100000
0.100000	0.100046	0.100000
0.100000	0.100044	0.100000
0.100000	0.100039	0.100000
0.100000	0.100034	0.100000
0.100000	0.100033	0.100000
0.100000	0.100030	0.100000
0.100000	0.100025	0.100000
0.100000	0.100021	0.100000
0.100000	0.100019	0.100000
0.100000	0.100014	0.100000
0.100000	0.100010	0.100000
0.100000	0.100007	0.100000
0.100000	0.100003	0.100000
0.100000	0.100000	0.100000
0.100000	0.099999	0.100000
0.100000	0.099996	0.100000
0.100000	0.099993	0.100000
0.100000	0.099990	0.100000
0.100000	0.099988	0.100000
0.100000	0.099985	0.100000
0.100000	0.099982	0.100000
0.100000	0.099979	0.100000
0.100000	0.099977	0.100000
0.100000	0.099974	0.100000
0.100000	0.099970	0.100000
0.100000	0.099968	0.100000
0.100000	0.099966	0.100000
0.100000	0.099962	0.100000
0.100000	0.099960	0.100000
0.100000	0.099957	0.100000
0.100000	0.099954	0.100000
0.100000	0.099951	0.100000
0.100000	0.099949	0.100000
0.100000	0.099946	0.100000
0.100000	0.099943	0.100000
0.100000	0.099940	0.100000
0.100000	0.099938	0.100000
0.100000	0.099935	0.100000
0.100000	0.099932	0.100000
0.100000	0.099930	0.100000
0.100000	0.099927	0.100000
0.100000	0.099923	0.100000
0.100000	0.099921	0.100000
0.100000	0.099919	0.100000
0.100000	0.099917	0.100000
0.100000	0.099914	0.100000
0.100000	0.099912	0.100000
0.100000	0.099909	0.100000
0.100000	0.099907	0.100000
0.100000	0.099904	0.100000
0.100000	0.099902	0.100000
0.100000	0.099900	0.100000
0.100000	0.099898	0.100000
0.100000	0.099896	0.100000
0.100000	0.099893	0.142322
0.100000	0.099891	0.188410
0.100000	0.099889	0.164876
0.100000	0.099888	0.100000
0.100000	0.099886	0.100000
0.100000	0.099883	0.100000
0.100000	0.099881	0.100000
0.100000	0.099879	0.100000
0.100000	0.099878	0.100000
0.100000	0.099876	0.100000
0.100000	0.099875	0.100000
0.100000	0.099873	0.100000
0.100000	0.099871	0.100000
0.100000	0.099870	0.100000
0.100000	0.099868	0.100000
0.100000	0.099867	0.100000
0.100000	0.099865	0.100000
0.100000	0.099864	0.100000
0.100000	0.099863	0.100000
0.100000	0.099862	0.100000
0.100000	0.099861	0.100000
0.100000	0.099860	0.100000
0.100000	0.099859	0.100000
0.100000	0.099858	0.100000
0.100000	0.099857	0.100000
0.100000	0.099856	0.100000
0.100000	0.099855	0.100000
0.100000	0.099854	0.100000
0.100000	0.099853	0.100000
0.100000	0.099853	0.100000
0.100000	0.099852	0.100000
0.100000	0.099852	0.100000
0.100000	0.099852	0.100000
0.100000	0.099851	0.100000
0.100000	0.099851	0.100000
0.100000	0.099851	0.100000
0.100000	0.099851	0.100000
0.100000	0.099851	0.100000
0.100000	0.099851	0.100000
0.100000	0.099851	0.161826
0.100000	0.099851	0.230463
0.100000	0.099851	0.285306
0.100000	0.099851	0.337257
0.100000	0.099852	0.375677
0.100000	0.099852	0.396987
0.100000	0.099853	0.400501
0.100000	0.099853	0.385677
0.100000	0.099854	0.351996
0.100000	0.099855	0.299267
0.100000	0.099855	0.229306
0.100000	0.099857	0.137035
0.100000	0.099857	0.100000
0.100000	0.099858	0.100000
0.100000	0.099860	0.100000
0.100000	0.099861	0.100000
0.100000	0.099862	0.100000
0.100000	0.099863	0.100000
0.100000	0.099864	0.100000
0.100000	0.099866	0.100000
0.100000	0.099867	0.100000
0.100000	0.099869	0.100000
0.100000	0.099870	0.100000
0.100000	0.099872	0.100000
0.100000	0.099873	0.100000
0.100000	0.099875	0.100000
0.100000	0.099877	0.100000
0.100000	0.099878	0.100000
0.100000	0.099882	0.100000
0.100000	0.099883	0.100000
0.100000	0.099885	0.100000
0.100000	0.099887	0.100000
0.100000	0.099888	0.100000
0.100000	0.099891	0.100000
0.100000	0.099894	0.100000
0.100000	0.099896	0.100000
0.100000	0.099898	0.100000
0.100000	0.099901	0.100000
0.100000	0.099903	0.100000
0.100000	0.099906	0.100000
0.100000	0.099908	0.100000
0.100000	0.099911	0.100000
0.100000	0.099914	0.100000
0.100000	0.099917	0.100000
0.100000	0.099918	0.100000
0.100000	0.099922	0.100000
0.100000	0.099924	0.100000
0.100000	0.099927	0.100000
0.100000	0.099929	0.100000
0.100000	0.099933	0.100000
0.100000	0.099936	0.100000
0.100000	0.099939	0.100000
0.100000	0.099942	0.100000
0.100000	0.099945	0.100000
0.100000	0.099948	0.100000
0.100000	0.099951	0.100000
0.100000	0.099955	0.100000
0.100000	0.099958	0.100000
0.100000	0.099960	0.100000
0.100000	0.099964	0.100000
0.100000	0.099969	0.100000
0.100000	0.099970	0.100000
0.100000	0.099973	0.100000
0.100000	0.099978	0.100000
0.100000	0.099980	0.100000
0.100000	0.099984	0.100000
0.100000	0.099988	0.100000
0.100000	0.099992	0.100000
0.100000	0.099995	0.100000
0.100000	0.099998	0.100000
0.100000	0.100001	0.100000
0.100000	0.100005	0.100000
0.100000	0.100009	0.100000
0.100000	0.100015	0.100000
0.100000	0.100019	0.100000
0.100000	0.100022	0.100000
0.100000	0.100027	0.100000
0.100000	0.100032	0.100000
0.100000	0.100034	0.100000
0.100000	0.100040	0.100000
0.100000	0.100046	0.100000
0.100000	0.100049	0.100000
0.100000	0.100053	0.100000
0.100000	0.100059	0.100000
0.100000	0.100062	0.100000
0.100000	0.100067	0.100000
0.100000	0.100072	0.100000
0.100000	0.100076	0.100000
0.100000	0.100080	0.100000
0.100000	0.100085	0.100000
0.100000	0.100088	0.100000
0.100000	0.100093	0.100000
0.100000	0.100098	0.100000
0.100000	0.100101	0.100000
0.100000	0.100106	0.100000
0.100000	0.100110	0.100000
0.100000	0.100113	0.100000
0.100000	0.100119	0.100000
0.100000	0.100123	0.100000
0.100000	0.100126	0.100000
0.100000	0.100130	0.100000
0.100000	0.100134	0.100000
0.100000	0.100138	0.100000
0.100000	0.100142	0.100000
0.100000	0.100145	0.100000
0.100000	0.100150	0.100000
0.100000	0.100152	0.100000
0.100000	0.100155	0.100000
0.100000	0.100159	0.100000
0.100000	0.100163	0.100000
0.100000	0.100166	0.100000
0.100000	0.100170	0.100000
0.100000	0.100173	0.100000
0.100000	0.100176	0.100000
0.100000	0.100178	0.100000
0.100000	0.100181	0.100000
0.100000	0.100185	0.100000
0.100000	0.100189	0.100000
0.100000	0.100191	0.100000
0.100000	0.100194	0.100000
0.100000	0.100196	0.100000
0.100000	0.100198	0.100000
0.100000	0.100201	0.100000
0.100000	0.100204	0.100000
0.100000	0.100206	0.100000
0.100000	0.100208	0.100000
0.100000	0.100210	0.100000
0.100000	0.100212	0.100000
0.100000	0.100214	0.100000
0.100000	0.100216	0.100000
0.100000	0.100218	0.100000
0.100000	0.100219	0.100000
0.100000	0.100221	0.100000
0.100000	0.100222	0.100000
0.100000	0.100224	0.100000
0.100000	0.100225	0.100000
0.100000	0.100226	0.100000
0.100000	0.100227	0.100000
0.100000	0.100229	0.100000
0.100000	0.100229	0.100000
0.100000	0.100230	0.100000
0.100000	0.100231	0.100000
0.100000	0.100232	0.100000
0.100000	0.100232	0.100000
0.100000	0.100232	0.100000
0.100000	0.100233	0.100000
0.100000	0.100233	0.100000
0.100000	0.100233	0.100000
0.100000	0.100233	0.100000
0.100000	0.100233	0.100000
0.100000	0.100233	0.100000
0.100000	0.100232	0.100000
0.100000	0.100232	0.100000
0.100000	0.100231	0.100000
0.100000	0.100231	0.100000
0.100000	0.100230	0.100000
0.100000	0.100230	0.100000
0.100000	0.100228	0.100000
0.100000	0.100227	0.100000
0.100000	0.100226	0.100000
0.100000	0.100225	0.100000
0.100000	0.100224	0.100000
0.100000	0.100222	0.100000
0.100000	0.100221	0.100000
0.100000	0.100219	0.100000
0.100000	0.100217	0.100000
0.100000	0.100215	0.100000
0.100000	0.100213	0.100000
0.100000	0.100211	0.100000
0.100000	0.100209	0.100000
0.100000	0.100207	0.100000
0.100000	0.100204	0.100000
0.100000	0.100203	0.100000
0.100000	0.100200	0.100000
0.100000	0.100197	0.100000
0.100000	0.100195	0.100000
0.100000	0.100192	0.100000
0.100000	0.100189	0.100000
0.100000	0.100186	0.100000
0.100000	0.100182	0.100000
0.100000	0.100179	0.100000
0.100000	0.100177	0.100000
0.100000	0.100173	0.100000
0.100000	0.100170	0.100000
0.100000	0.100166	0.100000
0.100000	0.100163	0.100000
0.100000	0.100159	0.100000
0.100000	0.100155	0.100000
0.100000	0.100152	0.100000
0.100000	0.100147	0.100000
0.100000	0.100143	0.100000
0.100000	0.100139	0.100000
0.100000	0.100135	0.100000
0.100000	0.100130	0.100000
0.100000	0.100127	0.100000
0.100000	0.100123	0.100000
0.100000	0.100118	0.100000
0.100000	0.100114	0.100000
0.100000	0.100110	0.100000
0.100000	0.100105	0.100000
0.100000	0.100100	0.100000
0.100000	0.100096	0.100000
0.100000	0.100091	0.100000
0.100000	0.100086	0.100000
0.114920	0.100082	0.100000
0.139529	0.100077	0.100000
0.168671	0.100073	0.100000
0.202562	0.100067	0.100000
0.242333	0.100063	0.100000
0.288070	0.100057	0.100000
0.336772	0.100050	0.100000
0.382968	0.100047	0.100000
0.418190	0.100043	0.100000
0.440918	0.100036	0.100000
0.455681	0.100032	0.100000
0.465382	0.100026	0.100000
0.472506	0.100020	0.100000
0.479702	0.100015	0.100000
0.485339	0.100010	0.100000
0.488795	0.100005	0.100000
0.491842	0.100000	0.100000
0.494973	0.099999	0.100000
0.497844	0.099994	0.100000
0.501844	0.099990	0.100000
0.507723	0.099986	0.100000
0.513903	0.099982	0.100000
0.519137	0.099979	0.100000
0.523298	0.099974	0.100000
0.526532	0.099970	0.100000
0.529668	0.099967	0.100000
0.531269	0.099962	0.100000
0.532202	0.099957	0.100000
0.532818	0.099954	0.100000
0.532234	0.099950	0.100000
0.530999	0.099946	0.100000
0.531338	0.099942	0.100000
0.534743	0.099938	0.100000
0.540082	0.099934	0.100000
0.545683	0.099930	0.100000
0.550985	0.099926	0.100000
0.555274	0.099922	0.100000
0.558752	0.099918	0.100000
0.561847	0.103801	0.100000
0.564307	0.187433	0.100000
0.567128	0.254151	0.100000
0.570408	0.301698	0.100000
0.573566	0.332871	0.100000
0.575938	0.359285	0.100000
0.578688	0.383580	0.100000
0.582656	0.409361	0.100000
0.586256	0.434573	0.100000
0.589096	0.452880	0.100000
0.591609	0.463752	0.100000
0.593901	0.469800	0.100000
0.595570	0.475607	0.100000
0.597091	0.483936	0.100000
0.599371	0.494354	0.100000
0.602628	0.505304	0.100000
0.605726	0.515543	0.100000
0.608208	0.524822	0.100000
0.610675	0.533114	0.100000
0.613376	0.540631	0.266057
0.616240	0.547788	0.376963
0.618311	0.554783	0.429482
0.619108	0.561363	0.446286
0.619475	0.566822	0.437668
0.619690	0.571167	0.405075
0.620206	0.574333	0.332880
0.620783	0.576798	0.163901
0.621557	0.578980	0.100000
0.622904	0.580067	0.100000
0.624197	0.580363	0.100000
0.625150	0.581091	0.100000
0.626334	0.582734	0.100000
0.628398	0.584536	0.100000
0.630951	0.586650	0.100000
0.633732	0.588925	0.100000
0.636093	0.590464	0.100000
0.637842	0.591630	0.100000
0.639163	0.592877	0.100000
0.640094	0.594065	0.100000
0.640632	0.595436	0.100000
0.640865	0.597191	0.100000
0.640877	0.599865	0.100000
0.640797	0.603156	0.100000
0.640989	0.606689	0.100000
0.641602	0.609864	0.100000
0.642565	0.612170	0.100000
0.643825	0.614107	0.100000
0.644903	0.616695	0.100000
0.645171	0.619949	0.100000
0.645199	0.623159	0.100000
0.645132	0.625636	0.100000
0.644754	0.626974	0.123184
0.643832	0.627851	0.252010
0.642424	0.628466	0.340115
0.641016	0.628795	0.404181
0.640180	0.628639	0.454850
0.639839	0.628366	0.494435
0.639355	0.628929	0.525271
0.638558	0.630261	0.549968
0.637709	0.631814	0.570029
0.637068	0.633384	0.586874
0.636714	0.635060	0.602784
0.635867	0.636350	0.617604
0.634281	0.637392	0.631321
0.631568	0.638037	0.642790
0.628901	0.637606	0.651442
0.626901	0.636413	0.657538
0.625272	0.634812	0.661379
0.624195	0.633194	0.662855
0.623651	0.631735	0.662442
0.624033	0.629874	0.660776
0.625099	0.627670	0.657939
0.625876	0.625690	0.654594
0.625821	0.624190	0.651654
0.624950	0.623142	0.649208
0.623950	0.621691	0.647138
0.623186	0.619625	0.645656
0.622472	0.616748	0.644943
0.621589	0.613725	0.644823
0.620779	0.611551	0.645460
0.620060	0.610451	0.646653
0.619524	0.610312	0.647842
0.619222	0.610995	0.648746
0.618869	0.611858	0.649132
0.618392	0.611967	0.649468
0.617790	0.610975	0.650122
0.617172	0.609311	0.651053
0.616773	0.607518	0.652416
0.616841	0.606046	0.654468
0.617784	0.604031	0.657097
0.619317	0.601296	0.660068
0.620373	0.599509	0.662909
0.620666	0.599044	0.665261
0.620444	0.599174	0.667281
0.620035	0.598581	0.669249
0.619893	0.597105	0.671533
0.620466	0.595876	0.674038
0.621671	0.594244	0.675000
0.623412	0.592204	0.675000
0.625612	0.590320	0.675000
0.627989	0.589316	0.675000
0.630247	0.590098	0.675000
0.632177	0.592577	0.675000
0.634076	0.595485	0.675000
0.635844	0.598169	0.675000
0.636903	0.600657	0.675000
0.637379	0.602083	0.675000
0.637745	0.602389	0.675000
0.638292	0.601883	0.675000
0.639036	0.599641	0.675000
0.639826	0.595696	0.675000
0.640610	0.592521	0.675000
0.641957	0.590931	0.675000
0.643636	0.590579	0.675000
0.645034	0.589642	0.675000
0.645988	0.586162	0.675000
0.646639	0.580241	0.675000
0.647164	0.572089	0.675000
0.647836	0.562834	0.675000
0.648365	0.554072	0.675000
0.648587	0.546278	0.675000
0.648972	0.539134	0.675000
0.649990	0.532451	0.675000
0.651458	0.526067	0.675000
0.652850	0.520412	0.675000
0.654225	0.516711	0.675000
0.655886	0.513275	0.675000
0.657353	0.508909	0.675000
0.658747	0.505829	0.675000
0.660582	0.505678	0.675000
0.662852	0.507277	0.675000
0.665430	0.507370	0.675000
0.668115	0.504961	0.675000
0.670267	0.501858	0.675000
0.671599	0.498391	0.675000
0.672140	0.493579	0.675000
0.672396	0.486057	0.675000
0.672803	0.475440	0.675000
0.673261	0.462573	0.675000
0.673769	0.448481	0.675000
0.674386	0.431924	0.675000
0.675000	0.413284	0.675000
0.675000	0.396065	0.675000
0.675000	0.382032	0.675000
0.675000	0.368418	0.675000
0.675000	0.350398	0.675000
0.675000	0.325568	0.675000
0.675000	0.297387	0.675000
0.675000	0.273804	0.675000
0.675000	0.259099	0.675000
0.675000	0.252100	0.675000
0.675000	0.242899	0.675000
0.675000	0.222629	0.675000
0.675000	0.190363	0.675000
0.675000	0.145280	0.675000
0.675000	0.100161	0.675000
0.675000	0.100165	0.675000
0.675000	0.100171	0.675000
0.675000	0.100176	0.675000
0.675000	0.100181	0.675000
0.675000	0.100186	0.675000
0.675000	0.100191	0.675000
0.675000	0.100195	0.675000
0.675000	0.100201	0.675000
0.675000	0.100205	0.675000
0.675000	0.100210	0.675000
0.675000	0.100215	0.675000
0.675000	0.100219	0.675000
0.675000	0.100224	0.675000
0.675000	0.100229	0.675000
0.675000	0.100233	0.675000
0.675000	0.100237	0.675000
0.675000	0.100241	0.675000
0.675000	0.100244	0.675000
0.675000	0.100249	0.675000
0.675000	0.100253	0.675000
0.675000	0.100256	0.670015
0.675000	0.100260	0.664628
0.675000	0.100263	0.660719
0.675000	0.100267	0.658267
0.675000	0.100270	0.656771
0.675000	0.100273	0.655933
0.675000	0.100276	0.656033
0.675000	0.100279	0.657497
0.675000	0.100282	0.660296
0.675000	0.100284	0.663701
0.675000	0.100287	0.666999
0.675000	0.100289	0.669823
0.675000	0.100291	0.671875
0.675000	0.100294	0.673840
0.675000	0.100296	0.675000
0.675000	0.100298	0.675000
0.675000	0.100299	0.675000
0.675000	0.100301	0.675000
0.675000	0.100303	0.675000
0.675000	0.100304	0.675000
0.675000	0.100305	0.675000
0.675000	0.100306	0.675000
0.675000	0.100307	0.675000
0.675000	0.100308	0.675000
0.675000	0.100309	0.675000
0.675000	0.100310	0.675000
0.675000	0.100310	0.675000
0.675000	0.100310	0.675000
0.100000	0.100311	0.100000
0.675000	0.100311	0.675000
0.484350	0.100311	0.582996
0.484229	0.100310	0.579603
0.483685	0.100310	0.574993
0.484390	0.100309	0.568645
0.487209	0.100309	0.560724
0.493208	0.100308	0.552258
0.500594	0.100307	0.543421
0.505556	0.100306	0.533169
0.507509	0.100305	0.520498
0.505983	0.100304	0.504567
0.503190	0.100302	0.486512
0.502537	0.100301	0.464711
0.503189	0.100299	0.437479
0.504239	0.100297	0.401070
0.506132	0.100295	0.346170
0.508625	0.100293	0.260155
0.512741	0.100290	0.129724
0.518354	0.100288	0.100000
0.523727	0.100285	0.100000
0.528422	0.100283	0.100000
0.533171	0.100280	0.100000
0.538106	0.100277	0.100000
0.541667	0.100274	0.100000
0.542246	0.100271	0.100000
0.540523	0.100269	0.100000
0.538593	0.100264	0.100000
0.536924	0.100261	0.100000
0.535379	0.100257	0.100000
0.533967	0.100254	0.100000
0.532079	0.100250	0.100000
0.530740	0.100245	0.100000
0.530546	0.100241	0.100000
0.530547	0.100237	0.100000
0.530335	0.100233	0.100000
0.529557	0.100229	0.100000
0.527846	0.100224	0.100000
0.525633	0.100219	0.100000
0.522630	0.100214	0.100000
0.518467	0.100210	0.100000
0.513727	0.100204	0.100000
0.509424	0.100200	0.100000
0.506948	0.100194	0.100000
0.505728	0.100190	0.100000
0.504231	0.100184	0.100000
0.502804	0.100178	0.100000
0.501791	0.100172	0.100000
0.500317	0.100168	0.100000
0.498485	0.100162	0.100000
0.499333	0.100155	0.100000
0.504882	0.100150	0.100000
0.513738	0.100144	0.100000
0.523822	0.100139	0.100000
0.532180	0.100132	0.100000
0.536798	0.100126	0.100000
0.539666	0.100120	0.100000
0.541321	0.100113	0.100000
0.541838	0.100107	0.100000
0.540548	0.100101	0.100000
0.537495	0.100095	0.100000
0.534108	0.100087	0.100000
0.532297	0.100083	0.100000
0.532860	0.100074	0.100000
0.534176	0.100067	0.100000
0.534589	0.100061	0.100000
0.533908	0.100056	0.100000
0.532015	0.100047	0.100000
0.529136	0.100041	0.100000
0.525149	0.100034	0.100000
0.521625	0.100027	0.100000
0.519162	0.100020	0.100000
0.517508	0.100014	0.100000
0.517172	0.100007	0.100000
0.518247	0.100000	0.100000
0.519498	0.099998	0.100000
0.517539	0.099993	0.100000
0.510840	0.099987	0.100000
0.500555	0.099982	0.100000
0.487591	0.099977	0.100000
0.471959	0.099972	0.100000
0.455136	0.099966	0.100000
0.438780	0.099961	0.100000
0.422508	0.099957	0.100000
0.409544	0.099950	0.100000
0.402464	0.099944	0.100000
0.395750	0.099940	0.100000
0.388715	0.099935	0.100000
0.382847	0.099929	0.100000
0.377142	0.099925	0.100000
0.372273	0.099919	0.100000
0.368362	0.099914	0.100000
0.362327	0.099909	0.100000
0.351027	0.099904	0.100000
0.333215	0.099899	0.100000
0.307879	0.099894	0.100000
0.274846	0.099888	0.100000
0.232544	0.099884	0.100000
0.180160	0.099879	0.100000
0.122855	0.099874	0.100000
0.100000	0.099869	0.100000
0.100000	0.099864	0.100000
0.100000	0.099859	0.100000
0.100000	0.099855	0.100000
0.100000	0.099851	0.100000
0.100000	0.099846	0.100000
0.100000	0.099841	0.100000
0.100000	0.099837	0.100000
0.100000	0.099833	0.100000
0.100000	0.099828	0.100000
0.100000	0.172539	0.100000
0.100000	0.236468	0.100000
0.100000	0.273010	0.100000
0.100000	0.291693	0.100000
0.100000	0.304302	0.100000
0.100000	0.317441	0.100000
0.100000	0.336529	0.100000
0.100000	0.360172	0.100000
0.100000	0.384639	0.100000
0.100000	0.409605	0.100000
0.100000	0.428187	0.100000
0.100000	0.435770	0.100000
0.100000	0.434520	0.100000
0.100000	0.427060	0.100000
0.100000	0.418077	0.100000
0.100000	0.411229	0.100000
0.100000	0.406916	0.100000
0.100000	0.404837	0.100000
0.100000	0.404800	0.100000
0.100000	0.405389	0.100000
0.100000	0.401448	0.100000
0.100000	0.390735	0.100000
0.100000	0.374672	0.100000
0.100000	0.357541	0.100000
0.100000	0.340682	0.100000
0.100000	0.322523	0.100000
0.100000	0.303483	0.100000
0.100000	0.288018	0.100000
0.100000	0.280828	0.100000
0.100000	0.275697	0.100000
0.100000	0.279067	0.100000
0.100000	0.294613	0.100000
0.100000	0.317760	0.100000
0.100000	0.337849	0.100000
0.100000	0.347136	0.100000
0.100000	0.347543	0.100000
0.100000	0.349842	0.100000
0.100000	0.352365	0.100000
0.100000	0.349835	0.100000
0.100000	0.344970	0.100000
0.100000	0.340775	0.100000
0.100000	0.337486	0.100000
0.100000	0.332794	0.100000
0.100000	0.325138	0.100000
0.100000	0.318798	0.100000
0.100000	0.318666	0.100000
0.100000	0.315762	0.100000
0.100000	0.305093	0.100000
0.100000	0.293145	0.100000
0.100000	0.287024	0.100000
0.100000	0.281808	0.100000
0.100000	0.275186	0.100000
0.100000	0.265976	0.100000
0.100000	0.249702	0.100000
0.100000	0.224937	0.100000
0.100000	0.187163	0.100000
0.100000	0.122689	0.100000
0.100000	0.099748	0.100000
0.100000	0.099750	0.100000
0.100000	0.099752	0.100000
0.100000	0.099754	0.100000
0.100000	0.099756	0.100000
0.100000	0.099759	0.100000
0.100000	0.099761	0.100000
0.100000	0.099764	0.100000
0.100000	0.099767	0.100000
0.100000	0.099769	0.100000
0.100000	0.099773	0.100000
0.100000	0.099776	0.100000
0.100000	0.099779	0.100000
0.100000	0.099783	0.100000
0.100000	0.099785	0.100000
0.100000	0.099790	0.100000
0.100000	0.099793	0.100000
0.100000	0.099797	0.100000
0.100000	0.099800	0.100000
0.100000	0.099804	0.100000
0.100000	0.099808	0.100000
0.100000	0.099813	0.100000
0.100000	0.099817	0.100000
0.100000	0.099820	0.100000
0.100000	0.099826	0.100000
0.100000	0.099829	0.100000
0.100000	0.099834	0.100000
0.100000	0.099838	0.100000
0.100000	0.099844	0.100000
0.100000	0.099848	0.100000
0.100000	0.099854	0.100000
0.100000	0.099857	0.100000
0.100000	0.099862	0.100000
0.100000	0.099867	0.100000
0.100000	0.099872	0.100000
0.100000	0.099877	0.100000
0.100000	0.099883	0.100000
0.100000	0.099888	0.100000
0.100000	0.099893	0.100000
0.100000	0.099899	0.100000
0.100000	0.099904	0.100000
0.100000	0.099910	0.100000
0.100000	0.099914	0.100000
0.100000	0.099920	0.100000
0.100000	0.099927	0.100000
0.100000	0.099931	0.100000
0.100000	0.099938	0.100000
0.100000	0.099945	0.100000
0.100000	0.099949	0.100000
0.100000	0.099954	0.100000
0.100000	0.099962	0.100000
0.100000	0.099966	0.100000
0.100000	0.099973	0.100000
0.100000	0.099978	0.100000
0.100000	0.099985	0.100000
0.100000	0.099990	0.100000
0.100000	0.099996	0.100000
0.100000	0.100002	0.100000
0.100000	0.100008	0.100000
0.100000	0.100016	0.100000
0.100000	0.100024	0.100000
0.100000	0.100032	0.100000
0.100000	0.100038	0.100000
0.100000	0.100046	0.100000
0.100000	0.100055	0.100000
0.100000	0.100060	0.100000
0.100000	0.100069	0.100000
0.100000	0.100078	0.100000
0.100000	0.100085	0.100000
0.100000	0.100091	0.100000
0.100000	0.100100	0.100000
0.100000	0.100107	0.100000
0.100000	0.100114	0.100000
0.100000	0.100123	0.100000
0.100000	0.100130	0.100000
0.100000	0.100137	0.100000
0.100000	0.100144	0.100000
0.100000	0.100152	0.100000
0.100000	0.100159	0.100000
0.100000	0.100166	0.100000
0.100000	0.100174	0.100000
0.100000	0.100181	0.100000
0.100000	0.100188	0.100000
0.100000	0.100194	0.100000
0.100000	0.100202	0.100000
0.100000	0.100208	0.100000
0.100000	0.100215	0.100000
0.100000	0.100221	0.100000
0.100000	0.100228	0.100000
0.100000	0.100234	0.100000
0.100000	0.100241	0.100000
0.100000	0.100246	0.100000
0.100000	0.100253	0.100000
0.100000	0.100258	0.100000
0.100000	0.100264	0.100000
0.100000	0.100270	0.100000
0.100000	0.100276	0.100000
0.100000	0.100282	0.100000
0.100000	0.100287	0.100000
0.100000	0.100293	0.100000
0.100000	0.100297	0.100000
0.100000	0.100302	0.100000
0.100000	0.100308	0.100000
0.100000	0.100312	0.100000
0.100000	0.100318	0.100000
0.100000	0.100322	0.100000
0.100000	0.100326	0.100000
0.100000	0.100330	0.100000
0.100000	0.100335	0.100000
0.100000	0.100339	0.100000
0.100000	0.100342	0.100000
0.100000	0.100346	0.100000
0.100000	0.100350	0.100000
0.100000	0.100353	0.100000
0.100000	0.100356	0.100000
0.100000	0.100360	0.100000
0.100000	0.100362	0.100000
0.100000	0.100365	0.100000
0.100000	0.100368	0.100000
0.100000	0.100370	0.100000
0.100000	0.100373	0.100000
0.100000	0.100375	0.100000
0.100000	0.100377	0.100000
0.100000	0.100379	0.100000
0.100000	0.100381	0.100000
0.100000	0.100382	0.100000
0.100000	0.100383	0.100000
0.100000	0.100384	0.100000
0.100000	0.100386	0.100000
0.100000	0.100386	0.100000
0.100000	0.100387	0.100000
0.100000	0.100388	0.100000
0.100000	0.100388	0.100000
0.100000	0.100388	0.100000
0.100000	0.100388	0.100000
0.100000	0.100388	0.100000
0.100000	0.100388	0.100000
0.100000	0.100387	0.100000
0.100000	0.100386	0.100000
0.100000	0.100385	0.100000
0.100000	0.100384	0.100000
0.100000	0.100383	0.100000
0.100000	0.100382	0.100000
0.100000	0.100381	0.100000
0.100000	0.100379	0.100000
0.100000	0.100377	0.100000
0.100000	0.100375	0.100000
0.100000	0.100373	0.100000
0.100000	0.100370	0.100000
0.100000	0.100368	0.100000
0.100000	0.100365	0.100000
0.100000	0.100362	0.100000
0.100000	0.100359	0.100000
0.100000	0.100355	0.100000
0.100000	0.100352	0.100000
0.100000	0.100349	0.100000
0.100000	0.100345	0.100000
0.100000	0.100342	0.100000
0.100000	0.100337	0.100000
0.100000	0.100334	0.100000
0.100000	0.100329	0.100000
0.100000	0.100324	0.100000
0.100000	0.100321	0.100000
0.100000	0.100316	0.100000
0.100000	0.100310	0.100000
0.100000	0.100305	0.100000
0.100000	0.100300	0.100000
0.100000	0.100295	0.100000
0.100000	0.100290	0.100000
0.100000	0.100284	0.100000
0.100000	0.100279	0.100000
0.100000	0.100272	0.100000
0.100000	0.100266	0.100000
0.100000	0.100260	0.100000
0.100000	0.100254	0.100000
0.100000	0.100247	0.100000
0.100000	0.100241	0.100000
0.100000	0.100235	0.100000
0.100000	0.100228	0.100000
0.100000	0.100221	0.100000
0.100000	0.100214	0.100000
0.100000	0.100208	0.100000
0.100000	0.100201	0.100000
0.100000	0.100193	0.100000
0.100000	0.100186	0.100000
0.100000	0.100178	0.100000
0.100000	0.100171	0.100000
0.100000	0.100164	0.100000
0.100000	0.100156	0.100000
0.100000	0.100149	0.100000
0.100000	0.100140	0.100000
0.100000	0.100133	0.100000
0.100000	0.100126	0.100000
0.100000	0.100117	0.100000
0.100000	0.100109	0.100000
0.100000	0.100101	0.100000
0.100000	0.100092	0.100000
0.100000	0.100083	0.100000
0.100000	0.100076	0.100000
0.100000	0.100069	0.100000
0.100000	0.100059	0.100000
0.117360	0.100051	0.100000
0.150095	0.100043	0.100000
0.183444	0.100033	0.100000
0.206824	0.100024	0.100000
0.221122	0.100017	0.100000
0.237183	0.100008	0.100000
0.256260	0.100000	0.100000
0.280950	0.099998	0.100000
0.305815	0.099991	0.100000
0.324364	0.099984	0.100000
0.339583	0.099977	0.100000
0.349217	0.099971	0.100000
0.354733	0.099965	0.100000
0.362842	0.099958	0.100000
0.373465	0.099952	0.100000
0.387245	0.099946	0.100000
0.402036	0.099939	0.100000
0.416450	0.099932	0.100000
0.428902	0.099926	0.100000
0.438367	0.099920	0.100000
0.447390	0.099913	0.100000
0.454750	0.099907	0.100000
0.460637	0.099900	0.100000
0.464971	0.099894	0.100000
0.468521	0.099888	0.100000
0.474034	0.099881	0.100000
0.481262	0.099875	0.100000
0.489137	0.099869	0.100000
0.497604	0.099863	0.100000
0.504699	0.099857	0.100000
0.510354	0.099851	0.100000
0.515877	0.099845	0.100000
0.520124	0.099839	0.100000
0.521788	0.099833	0.100000
0.521183	0.099827	0.100000
0.519695	0.099822	0.100000
0.517614	0.099816	0.100000
0.515602	0.099810	0.100000
0.517715	0.099805	0.100000
0.524191	0.099799	0.100000
0.531276	0.099794	0.100000
0.536902	0.099789	0.100000
0.540536	0.099784	0.100000
0.543419	0.099779	0.100000
0.545153	0.099775	0.100000
0.545459	0.099770	0.100000
0.546377	0.099765	0.100000
0.548869	0.099760	0.100000
0.551441	0.099755	0.100000
0.552424	0.119271	0.262195
0.552559	0.184752	0.339651
0.552813	0.221990	0.367862
0.553453	0.242862	0.363767
0.554906	0.260178	0.317582
0.556996	0.278704	0.189551
0.559399	0.299714	0.100000
0.561625	0.311051	0.100000
0.564148	0.313684	0.100000
0.568041	0.313253	0.100000
0.572179	0.313952	0.100000
0.574735	0.317582	0.100000
0.575907	0.325115	0.100000
0.577149	0.336102	0.100000
0.578438	0.345816	0.100000
0.579509	0.355646	0.100000
0.580354	0.368680	0.100000
0.580851	0.385020	0.100000
0.580416	0.399244	0.100000
0.578592	0.406736	0.100000
0.575664	0.407762	0.100000
0.573186	0.406273	0.100000
0.570813	0.407100	0.100000
0.567514	0.412730	0.100000
0.563331	0.420872	0.100000
0.557916	0.428649	0.100000
0.551649	0.437068	0.100000
0.545985	0.444219	0.100000
0.542715	0.450648	0.100000
0.542755	0.457812	0.100000
0.544902	0.464672	0.100000
0.547362	0.470949	0.214909
0.548314	0.477477	0.326618
0.546861	0.485122	0.399335
0.543438	0.494009	0.452569
0.538893	0.504086	0.491517
0.533205	0.512600	0.522163
0.526485	0.517491	0.546971
0.521747	0.519625	0.566218
0.521696	0.521007	0.581043
0.524509	0.523161	0.594761
0.528407	0.525752	0.608732
0.531211	0.527517	0.621133
0.530476	0.528213	0.631524
0.526674	0.528354	0.639991
0.521919	0.527786	0.645832
0.518556	0.527525	0.648079
0.517767	0.528858	0.646654
0.519237	0.531214	0.642272
0.520879	0.531317	0.635989
0.519038	0.527421	0.628533
0.515350	0.519913	0.620800
0.514096	0.509918	0.614143
0.515334	0.498877	0.609492
0.518606	0.488672	0.607015
0.521185	0.479398	0.607006
0.521087	0.470576	0.608676
0.519771	0.461274	0.611252
0.518818	0.451781	0.614538
0.518664	0.440601	0.617796
0.518756	0.428029	0.620171
0.518511	0.417399	0.621631
0.517450	0.411898	0.623157
0.517500	0.409762	0.624721
0.519170	0.411846	0.626205
0.521264	0.419656	0.627702
0.523061	0.427436	0.629355
0.524527	0.433009	0.631469
0.525180	0.439278	0.633724
0.526118	0.444870	0.635707
0.528605	0.447362	0.637477
0.531741	0.446385	0.638868
0.533866	0.442003	0.640019
0.535876	0.437184	0.641158
0.537827	0.435665	0.642418
0.539153	0.437256	0.644027
0.540220	0.439056	0.645917
0.541986	0.440726	0.647312
0.544302	0.441476	0.648358
0.545700	0.440060	0.649867
0.545694	0.436151	0.651661
0.545431	0.432239	0.653213
0.545876	0.431449	0.654381
0.547237	0.434631	0.655333
0.548452	0.439162	0.656093
0.547590	0.441717	0.656522
0.544351	0.438436	0.656853
0.539956	0.427502	0.657553
0.535641	0.409243	0.658990
0.531826	0.387457	0.660621
0.528212	0.368730	0.662255
0.525438	0.355981	0.663650
0.524601	0.348840	0.664668
0.525268	0.343965	0.665970
0.525198	0.341803	0.667620
0.524837	0.346865	0.669254
0.525226	0.359180	0.670824
0.525304	0.374157	0.672681
0.524930	0.383821	0.674798
0.527329	0.386965	0.675000
0.532590	0.384398	0.675000
0.538170	0.379151	0.675000
0.542862	0.374760	0.675000
0.546976	0.372970	0.675000
0.551776	0.370130	0.675000
0.556439	0.363514	0.675000
0.558585	0.355722	0.675000
0.558293	0.347211	0.675000
0.557551	0.335532	0.675000
0.556350	0.319093	0.675000
0.553396	0.298079	0.675000
0.548491	0.273830	0.675000
0.543608	0.246555	0.675000
0.541732	0.214082	0.675000
0.542165	0.176513	0.675000
0.543645	0.138269	0.675000
0.546999	0.101373	0.675000
0.551143	0.100095	0.675000
0.554400	0.100102	0.675000
0.556248	0.100111	0.675000
0.557482	0.100121	0.675000
0.559311	0.100130	0.675000
0.561792	0.100139	0.675000
0.564515	0.100148	0.675000
0.566979	0.100157	0.675000
0.568529	0.100165	0.675000
0.569814	0.100175	0.675000
0.570555	0.100183	0.675000
0.570777	0.100192	0.675000
0.571903	0.100201	0.675000
0.574609	0.100209	0.675000
0.578462	0.100218	0.675000
0.582159	0.100226	0.675000
0.584349	0.100234	0.675000
0.585182	0.100244	0.675000
0.585884	0.100251	0.675000
0.587016	0.100259	0.675000
0.589537	0.100267	0.675000
0.593698	0.100275	0.675000
0.598421	0.100283	0.675000
0.603171	0.100290	0.675000
0.607177	0.100297	0.675000
0.611297	0.100305	0.675000
0.615197	0.100312	0.675000
0.618201	0.100319	0.675000
0.620479	0.100325	0.675000
0.622833	0.100333	0.675000
0.625804	0.100339	0.672628
0.629234	0.100346	0.669678
0.632335	0.100352	0.666929
0.634723	0.100358	0.664285
0.636522	0.100364	0.660922
0.637832	0.100370	0.656339
0.639033	0.100376	0.650755
0.640334	0.100382	0.644821
0.642566	0.100387	0.638793
0.645634	0.100393	0.633483
0.648688	0.100397	0.629480
0.651574	0.100402	0.627667
0.653820	0.100407	0.628022
0.655376	0.100412	0.630712
0.656674	0.100416	0.635108
0.657861	0.100420	0.639975
0.659484	0.100425	0.644605
0.661698	0.100428	0.649149
0.664212	0.100432	0.653356
0.666942	0.100436	0.656871
0.669906	0.100439	0.659881
0.673023	0.100442	0.662400
0.675000	0.100445	0.664374
0.675000	0.100448	0.665711
0.675000	0.100450	0.666114
0.675000	0.100453	0.666010
0.675000	0.100455	0.666453
0.675000	0.100457	0.667395
0.675000	0.100459	0.668017
0.675000	0.100460	0.667896
0.675000	0.100461	0.667385
0.675000	0.100463	0.666683
0.675000	0.100464	0.665978
0.675000	0.100464	0.665288
0.675000	0.100465	0.664356
0.675000	0.100465	0.663231
0.100000	0.100466	0.100000
0.675000	0.100465	0.659722
0.365431	0.100465	0.436538
0.367287	0.100465	0.414692
0.375077	0.100464	0.388177
0.382583	0.100463	0.352460
0.387320	0.100462	0.305624
0.391623	0.100461	0.257899
0.393017	0.100459	0.220961
0.394442	0.100458	0.201554
0.399559	0.100456	0.189802
0.406630	0.100454	0.172205
0.413359	0.100452	0.145784
0.417940	0.100449	0.100000
0.418178	0.100446	0.100000
0.416063	0.100443	0.100000
0.413810	0.100440	0.100000
0.413111	0.100437	0.100000
0.414791	0.100433	0.100000
0.416523	0.100430	0.100000
0.415928	0.100426	0.100000
0.413889	0.100422	0.100000
0.411499	0.100418	0.100000
0.409222	0.100413	0.100000
0.408014	0.100409	0.100000
0.409323	0.100404	0.100000
0.413030	0.100399	0.100000
0.418405	0.100393	0.100000
0.425181	0.100388	0.100000
0.429047	0.100383	0.100000
0.428042	0.100377	0.100000
0.424685	0.100372	0.100000
0.422388	0.100365	0.100000
0.421798	0.100359	0.100000
0.420222	0.100352	0.100000
0.416526	0.100346	0.100000
0.410994	0.100339	0.100000
0.404554	0.100333	0.100000
0.399147	0.100325	0.100000
0.394648	0.100318	0.100000
0.387906	0.100311	0.100000
0.376152	0.100303	0.100000
0.362051	0.100296	0.100000
0.352406	0.100288	0.100000
0.348425	0.100281	0.100000
0.347561	0.100272	0.100000
0.347927	0.100264	0.100000
0.348288	0.100256	0.100000
0.346578	0.100248	0.100000
0.339062	0.100240	0.100000
0.332226	0.100231	0.100000
0.327526	0.100222	0.100000
0.315425	0.100213	0.100000
0.288864	0.100204	0.100000
0.250220	0.100195	0.100000
0.217353	0.100186	0.100000
0.206211	0.100178	0.100000
0.201477	0.100167	0.100000
0.192342	0.100158	0.100000
0.181826	0.100149	0.100000
0.174480	0.100139	0.100000
0.176264	0.100129	0.100000
0.179375	0.100121	0.100000
0.185388	0.100110	0.100000
0.184980	0.100099	0.100000
0.164286	0.100091	0.100000
0.126265	0.100082	0.100000
0.100000	0.100071	0.100000
0.100000	0.100060	0.100000
0.100000	0.100051	0.100000
0.100000	0.100040	0.100000
0.100000	0.100030	0.100000
0.100000	0.100020	0.100000
0.100000	0.100009	0.100000
0.100000	0.100000	0.100000
0.100000	0.099997	0.100000
0.100000	0.099990	0.100000
0.100000	0.099981	0.100000
0.100000	0.099973	0.100000
0.100000	0.099966	0.100000
0.100000	0.099958	0.100000
0.100000	0.099950	0.100000
0.100000	0.099943	0.100000
0.100000	0.099936	0.100000
0.100000	0.099927	0.100000
0.100000	0.099918	0.100000
0.100000	0.099912	0.100000
0.100000	0.099905	0.100000
0.100000	0.099896	0.100000
0.100000	0.099889	0.100000
0.100000	0.099882	0.100000
0.100000	0.099874	0.100000
0.100000	0.099867	0.100000
0.100000	0.099859	0.100000
0.100000	0.099852	0.100000
0.100000	0.099844	0.100000
0.100000	0.099837	0.100000
0.100000	0.099830	0.100000
0.100000	0.099823	0.100000
0.100000	0.099816	0.100000
0.100000	0.099809	0.100000
0.100000	0.099802	0.100000
0.100000	0.099794	0.100000
0.100000	0.099788	0.100000
0.100000	0.099781	0.100000
0.100000	0.099775	0.100000
0.100000	0.099768	0.100000
0.100000	0.099762	0.100000
0.100000	0.099756	0.100000
0.100000	0.099750	0.100000
0.100000	0.099744	0.100000
0.100000	0.099738	0.100000
0.100000	0.099732	0.100000
0.100000	0.099727	0.100000
0.100000	0.099721	0.100000
0.100000	0.099715	0.100000
0.100000	0.099710	0.151590
0.100000	0.099705	0.217481
0.100000	0.099700	0.210831
0.100000	0.099695	0.127791
0.100000	0.099690	0.100000
0.100000	0.099685	0.100000
0.100000	0.099680	0.100000
0.100000	0.099676	0.100000
0.100000	0.099671	0.100000
0.100000	0.099667	0.100000
0.100000	0.099663	0.100000
0.100000	0.099659	0.100000
0.100000	0.099655	0.100000
0.100000	0.099652	0.100000
0.100000	0.099648	0.100000
0.100000	0.099645	0.100000
0.100000	0.099642	0.100000
0.100000	0.099639	0.100000
0.100000	0.099636	0.100000
0.100000	0.099633	0.100000
0.100000	0.099631	0.100000
0.100000	0.099629	0.100000
0.100000	0.099626	0.100000
0.100000	0.099624	0.100000
0.100000	0.099622	0.100000
0.100000	0.099621	0.100000
0.100000	0.099619	0.100000
0.100000	0.099618	0.100000
0.100000	0.099616	0.100000
0.100000	0.099615	0.100000
0.100000	0.099614	0.100000
0.100000	0.099614	0.100000
0.100000	0.099613	0.100000
0.100000	0.099613	0.100000
0.100000	0.099612	0.100000
0.100000	0.099612	0.100000
0.100000	0.099613	0.109280
0.100000	0.099613	0.225814
0.100000	0.099614	0.312497
0.100000	0.099615	0.380730
0.100000	0.099616	0.435894
0.100000	0.099617	0.478315
0.100000	0.099618	0.510003
0.100000	0.099619	0.533024
0.100000	0.099621	0.548502
0.100000	0.099623	0.556546
0.100000	0.099625	0.557616
0.100000	0.099627	0.553476
0.100000	0.099629	0.545974
0.100000	0.099632	0.535786
0.100000	0.099635	0.522632
0.100000	0.099637	0.505727
0.100000	0.099640	0.486289
0.100000	0.099644	0.468763
0.100000	0.099647	0.456378
0.100000	0.099650	0.450010
0.100000	0.099654	0.451690
0.100000	0.099658	0.458002
0.100000	0.099661	0.465441
0.100000	0.099666	0.473166
0.100000	0.099669	0.479510
0.100000	0.099675	0.483865
0.100000	0.099679	0.488276
0.100000	0.099683	0.494009
0.100000	0.099688	0.499882
0.100000	0.099693	0.504770
0.100000	0.099698	0.509168
0.100000	0.099704	0.511292
0.100000	0.099709	0.508444
0.100000	0.099714	0.503787
0.100000	0.099720	0.498308
0.100000	0.099725	0.492508
0.100000	0.099731	0.487163
0.100000	0.099738	0.481287
0.100000	0.099743	0.476118
0.100000	0.099750	0.472574
0.100000	0.099756	0.470201
0.100000	0.099763	0.468331
0.100000	0.099769	0.466054
0.100000	0.099776	0.461788
0.100000	0.099783	0.454750
0.100000	0.099790	0.447167
0.100000	0.099795	0.443321
0.100000	0.099804	0.442697
0.100000	0.099811	0.442199
0.100000	0.099818	0.440675
0.100000	0.099825	0.437812
0.100000	0.099833	0.430711
0.100000	0.099840	0.416666
0.100000	0.099847	0.399059
0.100000	0.099855	0.381458
0.100000	0.099863	0.362469
0.100000	0.099871	0.340544
0.100000	0.099879	0.316169
0.100000	0.099887	0.290137
0.100000	0.099896	0.272630
0.100000	0.099902	0.271481
0.100000	0.099911	0.280476
0.100000	0.099921	0.293334
0.100000	0.099926	0.303076
0.100000	0.099935	0.313555
0.100000	0.099944	0.324834
0.100000	0.099953	0.330063
0.100000	0.099960	0.330595
0.100000	0.099969	0.327630
0.100000	0.099979	0.320279
0.100000	0.099986	0.308062
0.100000	0.099995	0.291917
0.100000	0.100003	0.279456
0.100000	0.100011	0.277909
0.100000	0.100022	0.280448
0.100000	0.100034	0.277468
0.100000	0.100045	0.267487
0.100000	0.100055	0.254372
0.100000	0.100066	0.240264
0.100000	0.100077	0.231174
0.100000	0.100086	0.220897
0.100000	0.100099	0.208031
0.100000	0.100111	0.194172
0.100000	0.100120	0.171770
0.100000	0.100130	0.133712
0.100000	0.100142	0.100000
0.100000	0.100152	0.100000
0.100000	0.100163	0.100000
0.100000	0.100174	0.100000
0.100000	0.100184	0.100000
0.100000	0.100194	0.100000
0.100000	0.100204	0.100000
0.100000	0.100215	0.100000
0.100000	0.100225	0.100000
0.100000	0.100235	0.106461
0.100000	0.100245	0.129354
0.100000	0.100256	0.143764
0.100000	0.100265	0.146185
0.100000	0.100274	0.133083
0.100000	0.100285	0.100000
0.100000	0.100294	0.100000
0.100000	0.100303	0.100000
0.100000	0.100312	0.100000
0.100000	0.100322	0.100000
0.100000	0.100331	0.100000
0.100000	0.100339	0.100000
0.100000	0.100348	0.100000
0.100000	0.100357	0.100000
0.100000	0.100365	0.100000
0.100000	0.100373	0.100000
0.100000	0.100381	0.100000
0.100000	0.100389	0.100000
0.100000	0.100397	0.100000
0.100000	0.100405	0.100000
0.100000	0.100413	0.100000
0.100000	0.100419	0.100000
0.100000	0.100426	0.100000
0.100000	0.100433	0.100000
0.100000	0.100440	0.100000
0.100000	0.100447	0.100000
0.100000	0.100453	0.100000
0.100000	0.100459	0.100000
0.100000	0.100465	0.100000
0.100000	0.100471	0.100000
0.100000	0.100476	0.100000
0.100000	0.100481	0.100000
0.100000	0.100486	0.100000
0.100000	0.100492	0.100000
0.100000	0.100496	0.100000
0.100000	0.100500	0.100000
0.100000	0.100505	0.100000
0.100000	0.100509	0.100000
0.100000	0.100513	0.100000
0.100000	0.100516	0.100000
0.100000	0.100520	0.100000
0.100000	0.100523	0.100000
0.100000	0.100526	0.100000
0.100000	0.100528	0.100000
0.100000	0.100531	0.100000
0.100000	0.100533	0.100000
0.100000	0.100535	0.100000
0.100000	0.100537	0.100000
0.100000	0.100539	0.100000
0.100000	0.100540	0.100000
0.100000	0.100541	0.100000
0.100000	0.100542	0.100000
0.100000	0.100542	0.100000
0.100000	0.100543	0.100000
0.100000	0.100543	0.100000
0.100000	0.100543	0.100000
0.100000	0.100543	0.100000
0.100000	0.100542	0.100000
0.100000	0.100541	0.100000
0.100000	0.100540	0.100000
0.100000	0.100539	0.100000
0.100000	0.100537	0.100000
0.100000	0.100536	0.100000
0.100000	0.100534	0.100000
0.100000	0.100531	0.100000
0.100000	0.100529	0.100000
0.100000	0.100526	0.100000
0.100000	0.100523	0.100000
0.100000	0.100520	0.100000
0.100000	0.100517	0.100000
0.100000	0.100513	0.100000
0.100000	0.100509	0.100000
0.100000	0.100505	0.100000
0.100000	0.100500	0.100000
0.100000	0.100496	0.100000
0.100000	0.100491	0.100000
0.100000	0.100486	0.100000
0.100000	0.100481	0.100000
0.100000	0.100476	0.100000
0.100000	0.100470	0.100000
0.100000	0.100465	0.100000
0.100000	0.100458	0.100000
0.100000	0.100452	0.100000
0.100000	0.100446	0.100000
0.100000	0.100439	0.100000
0.100000	0.100432	0.100000
0.100000	0.100425	0.100000
0.100000	0.100417	0.100000
0.100000	0.100410	0.100000
0.100000	0.100402	0.100000
0.100000	0.100395	0.100000
0.100000	0.100388	0.100000
0.100000	0.100378	0.100000
0.100000	0.100370	0.100000
0.100000	0.100362	0.100000
0.100000	0.100353	0.100000
0.100000	0.100344	0.100000
0.100000	0.100335	0.100000
0.100000	0.100326	0.100000
0.100000	0.100316	0.100000
0.100000	0.100307	0.100000
0.100000	0.100296	0.100000
0.100000	0.100288	0.100000
0.100000	0.100278	0.100000
0.100000	0.100268	0.100000
0.100000	0.100257	0.100000
0.100000	0.100248	0.100000
0.100000	0.100237	0.100000
0.100000	0.100227	0.100000
0.100000	0.100217	0.100000
0.118398	0.100205	0.100000
0.147444	0.100194	0.100000
0.173737	0.100184	0.100000
0.194672	0.100173	0.100000
0.217589	0.100162	0.100000
0.245119	0.100151	0.100000
0.278455	0.100140	0.100000
0.307077	0.100127	0.100000
0.326047	0.100115	0.100000
0.344295	0.100105	0.100000
0.362559	0.100095	0.100000
0.379301	0.100082	0.100000
0.395415	0.100071	0.100000
0.415930	0.100059	0.100000
0.439666	0.100046	0.100000
0.458791	0.100034	0.100000
0.470045	0.100023	0.100000
0.476256	0.100011	0.100000
0.480536	0.100000	0.100000
0.484272	0.099997	0.100000
0.488316	0.099988	0.100000
0.493506	0.099978	0.100000
0.498895	0.099969	0.100000
0.504363	0.099961	0.100000
0.509884	0.099952	0.100000
0.514797	0.099943	0.100000
0.518118	0.099934	0.100000
0.521006	0.099925	0.100000
0.524171	0.099916	0.100000
0.527138	0.099906	0.100000
0.530409	0.099898	0.100000
0.533780	0.099889	0.100000
0.536826	0.099880	0.100000
0.539295	0.099871	0.100000
0.540935	0.099863	0.100000
0.542389	0.099854	0.100000
0.543384	0.099845	0.100000
0.543615	0.099837	0.100000
0.542810	0.099828	0.100000
0.541961	0.099820	0.100000
0.540981	0.099811	0.100000
0.539675	0.099803	0.100000
0.539407	0.099795	0.100000
0.540539	0.099787	0.100000
0.542999	0.099779	0.100000
0.547496	0.099771	0.100000
0.553311	0.099762	0.100000
0.559060	0.099755	0.100000
0.564104	0.099747	0.100000
0.568466	0.099740	0.100000
0.572464	0.099732	0.100000
0.576479	0.099725	0.100000
0.580201	0.099718	0.100000
0.583547	0.099711	0.100000
0.586652	0.099704	0.100000
0.589604	0.099697	0.100000
0.591889	0.099690	0.100000
0.593441	0.099684	0.100000
0.594280	0.099677	0.100000
0.594353	0.099671	0.100000
0.594459	0.099664	0.134108
0.595522	0.099658	0.252783
0.597963	0.099653	0.297299
0.600878	0.099647	0.300469
0.603266	0.099641	0.269729
0.605111	0.099636	0.181676
0.606073	0.099631	0.100000
0.606705	0.099625	0.100000
0.607683	0.099620	0.100000
0.608864	0.099616	0.100000
0.609897	0.099611	0.100000
0.611342	0.099606	0.100000
0.613280	0.099602	0.100000
0.614652	0.099598	0.100000
0.615441	0.099594	0.100000
0.616246	0.099590	0.100000
0.617307	0.099586	0.100000
0.618872	0.099583	0.100000
0.620517	0.099580	0.100000
0.622244	0.099577	0.100000
0.624027	0.099574	0.100000
0.624947	0.099571	0.100000
0.624645	0.099569	0.100000
0.622921	0.099566	0.100000
0.620631	0.099564	0.100000
0.618447	0.099562	0.100000
0.616839	0.099560	0.100000
0.616112	0.099559	0.100000
0.615138	0.099557	0.100000
0.613091	0.099556	0.100000
0.610285	0.099555	0.100000
0.606980	0.099554	0.275804
0.603666	0.099554	0.382225
0.601190	0.099553	0.447789
0.599369	0.099553	0.492387
0.598705	0.099553	0.524246
0.599120	0.099553	0.547433
0.599756	0.099554	0.564977
0.600196	0.145463	0.577959
0.600424	0.193655	0.587291
0.600203	0.238217	0.596100
0.599520	0.282960	0.604591
0.598181	0.317764	0.610982
0.595942	0.339402	0.614372
0.592939	0.351014	0.615023
0.589788	0.358202	0.613474
0.586873	0.359827	0.610238
0.584825	0.351850	0.605367
0.582900	0.337525	0.599886
0.581126	0.324082	0.595369
0.579913	0.320367	0.593139
0.578735	0.323693	0.592978
0.577814	0.324591	0.594188
0.577645	0.323140	0.596564
0.577882	0.322872	0.600436
0.578378	0.322459	0.605294
0.579502	0.324141	0.609447
0.581342	0.330976	0.612000
0.583417	0.339377	0.613024
0.585524	0.348486	0.612810
0.587721	0.356530	0.612777
0.589410	0.359141	0.614193
0.589413	0.355997	0.616137
0.587908	0.344472	0.617445
0.587134	0.325607	0.618231
0.587070	0.303935	0.618759
0.587090	0.277837	0.619624
0.588350	0.251367	0.620279
0.591279	0.225564	0.620589
0.595032	0.199093	0.620725
0.599060	0.173986	0.620806
0.602627	0.151289	0.620580
0.604938	0.126398	0.620632
0.605224	0.099757	0.621080
0.603900	0.099704	0.621263
0.602814	0.099713	0.621854
0.602360	0.099719	0.623126
0.601969	0.099727	0.624887
0.601659	0.099735	0.627390
0.601524	0.099743	0.630686
0.601251	0.099750	0.633915
0.600920	0.099758	0.636262
0.600810	0.099765	0.637618
0.600866	0.099774	0.638697
0.601436	0.099783	0.640104
0.602014	0.099790	0.641442
0.602539	0.099799	0.642382
0.603278	0.099808	0.643263
0.604494	0.099816	0.644417
0.606215	0.099825	0.645700
0.607776	0.099833	0.647431
0.608996	0.099843	0.649457
0.610236	0.099852	0.651364
0.612083	0.099861	0.653143
0.614041	0.099870	0.654648
0.615184	0.099879	0.655798
0.615635	0.099888	0.656452
0.615926	0.099898	0.656836
0.616498	0.099909	0.656877
0.617596	0.099916	0.656823
0.619492	0.099925	0.657227
0.621998	0.099936	0.658083
0.624568	0.099945	0.659280
0.626819	0.099954	0.660146
0.628393	0.099965	0.660262
0.629311	0.099976	0.660422
0.629736	0.099984	0.661234
0.629831	0.099994	0.662571
0.630103	0.100003	0.664203
0.630688	0.100013	0.665560
0.631640	0.100025	0.665942
0.632929	0.100039	0.666187
0.634625	0.100051	0.666715
0.636234	0.100063	0.666980
0.637610	0.100075	0.667072
0.638657	0.100088	0.667045
0.639202	0.100099	0.667132
0.639826	0.100112	0.667655
0.640400	0.100127	0.668131
0.641016	0.100138	0.668606
0.642236	0.100150	0.669370
0.644316	0.100163	0.669998
0.646901	0.100175	0.670345
0.649681	0.100187	0.670676
0.652099	0.100199	0.670374
0.653883	0.100211	0.669439
0.655377	0.100223	0.668194
0.656744	0.100234	0.667273
0.657756	0.100246	0.667270
0.658317	0.100258	0.667807
0.658828	0.100270	0.668133
0.660298	0.100282	0.668463
0.662479	0.100293	0.668697
0.664788	0.100304	0.668188
0.667113	0.100314	0.666686
0.669311	0.100327	0.664329
0.671711	0.100337	0.661421
0.674260	0.100348	0.658184
0.675000	0.100358	0.654693
0.675000	0.100369	0.650916
0.675000	0.100379	0.647080
0.675000	0.100389	0.643125
0.675000	0.100399	0.639129
0.675000	0.100409	0.634833
0.675000	0.100418	0.629715
0.675000	0.100427	0.624382
0.675000	0.100437	0.619618
0.675000	0.100445	0.615072
0.675000	0.100454	0.609455
0.675000	0.100464	0.602362
0.675000	0.100472	0.594112
0.675000	0.100479	0.585787
0.675000	0.100488	0.577827
0.675000	0.100495	0.569397
0.675000	0.100504	0.559124
0.675000	0.100511	0.545015
0.675000	0.100518	0.526385
0.675000	0.100525	0.504921
0.675000	0.100532	0.481858
0.675000	0.100538	0.457990
0.675000	0.100544	0.435265
0.675000	0.100551	0.418082
0.675000	0.100556	0.411769
0.675000	0.100562	0.418556
0.675000	0.100568	0.435590
0.675000	0.100573	0.455482
0.675000	0.100577	0.474732
0.675000	0.100582	0.489729
0.675000	0.100586	0.497343
0.675000	0.100590	0.497587
0.675000	0.100595	0.491793
0.675000	0.100598	0.483999
0.675000	0.100601	0.476973
0.675000	0.100604	0.474317
0.675000	0.100607	0.475801
0.675000	0.100610	0.477827
0.675000	0.100612	0.479655
0.675000	0.100614	0.482168
0.675000	0.100616	0.485382
0.675000	0.100617	0.487837
0.675000	0.100618	0.488020
0.675000	0.100619	0.484424
0.675000	0.100620	0.476667
0.675000	0.100620	0.466086
0.100000	0.100620	0.100000
0.675000	0.100620	0.442514
0.555041	0.100620	0.100000
0.553014	0.100619	0.100000
0.551527	0.100618	0.100000
0.550427	0.100617	0.100000
0.548935	0.100615	0.100000
0.546850	0.100614	0.100000
0.544466	0.100612	0.100000
0.543324	0.100609	0.100000
0.543130	0.100607	0.100000
0.543563	0.100604	0.100000
0.543103	0.100601	0.100000
0.539871	0.100597	0.100000
0.534075	0.100594	0.100000
0.527178	0.100590	0.100000
0.520351	0.100585	0.100000
0.514731	0.100581	0.100000
0.512862	0.100576	0.100000
0.513234	0.100571	0.100000
0.512255	0.100566	0.100000
0.508994	0.100561	0.100000
0.505400	0.100555	0.100000
0.501030	0.100549	0.100000
0.496340	0.100543	0.100000
0.493209	0.100536	0.100000
0.491904	0.100530	0.100000
0.491812	0.100522	0.100000
0.492038	0.100516	0.100000
0.493242	0.100508	0.100000
0.495479	0.100501	0.100000
0.496936	0.100493	0.100000
0.496451	0.100484	0.100000
0.495065	0.100476	0.100000
0.493108	0.100467	0.100000
0.490706	0.100459	0.100000
0.488352	0.100451	0.100000
0.486430	0.100441	0.100000
0.484628	0.100431	0.100000
0.483077	0.100422	0.100000
0.481585	0.100413	0.100000
0.479537	0.100402	0.100000
0.476401	0.100392	0.100000
0.474626	0.100382	0.100000
0.475276	0.100372	0.100000
0.475627	0.100361	0.100000
0.475724	0.100349	0.100000
0.476307	0.100338	0.100000
0.473769	0.100328	0.100000
0.467890	0.100317	0.100000
0.464045	0.100305	0.100000
0.461570	0.100294	0.100000
0.457388	0.100283	0.100000
0.452191	0.100270	0.100000
0.445439	0.100258	0.100000
0.435646	0.100246	0.100000
0.422095	0.100234	0.100000
0.406495	0.100221	0.100000
0.391847	0.100209	0.100000
0.378458	0.100197	0.100000
0.367018	0.100184	0.100000
0.358215	0.100171	0.100000
0.348759	0.100160	0.100000
0.338423	0.100145	0.100000
0.333596	0.100131	0.100000
0.332768	0.100120	0.100000
0.324083	0.100108	0.100000
0.303795	0.100093	0.100000
0.274299	0.100080	0.100000
0.236097	0.100067	0.100000
0.190037	0.100053	0.100000
0.143871	0.100039	0.100000
0.107947	0.100027	0.100000
0.100000	0.100013	0.100000
0.100000	0.100000	0.100000
0.100000	0.099996	0.100000
0.100000	0.099986	0.100000
0.100000	0.099976	0.100000
0.100000	0.099965	0.100000
0.100000	0.099955	0.100000
0.100000	0.099945	0.100000
0.100000	0.099935	0.100000
0.100000	0.099925	0.100000
0.100000	0.099915	0.100000
0.100000	0.099904	0.100000
0.100000	0.099893	0.100000
0.100000	0.099884	0.100000
0.100000	0.099874	0.100000
0.100000	0.099864	0.100000
0.100000	0.099854	0.100000
0.100000	0.099844	0.100000
0.100000	0.099834	0.100000
0.100000	0.099824	0.100000
0.100000	0.099814	0.100000
0.100000	0.099805	0.100000
0.100000	0.099795	0.100000
0.100000	0.099785	0.100000
0.100000	0.099776	0.100000
0.100000	0.099767	0.100000
0.100000	0.099758	0.100000
0.100000	0.099748	0.100000
0.100000	0.099739	0.100000
0.100000	0.099730	0.100000
0.100000	0.099721	0.100000
0.100000	0.099713	0.100000
0.100000	0.099704	0.100000
0.100000	0.099696	0.100000
0.100000	0.099687	0.100000
0.100000	0.099679	0.100000
0.100000	0.099671	0.100000
0.100000	0.099663	0.100000
0.100000	0.099656	0.100000
0.100000	0.099648	0.100000
0.100000	0.099641	0.100000
0.100000	0.099633	0.100000
0.100000	0.099626	0.100000
0.100000	0.099619	0.100000
0.100000	0.099612	0.100000
0.100000	0.099606	0.100000
0.100000	0.099599	0.100000
0.100000	0.099593	0.100000
0.100000	0.099587	0.100000
0.100000	0.099581	0.100000
0.100000	0.099575	0.100000
0.100000	0.099569	0.100000
0.100000	0.099564	0.100000
0.100000	0.099559	0.100000
0.100000	0.099554	0.100000
0.100000	0.099549	0.100000
0.100000	0.099544	0.100000
0.100000	0.099539	0.100000
0.100000	0.099535	0.100000
0.100000	0.099531	0.100000
0.100000	0.099527	0.100000
0.100000	0.099523	0.100000
0.100000	0.099520	0.100000
0.100000	0.099517	0.100000
0.100000	0.099514	0.100000
0.100000	0.099511	0.100000
0.100000	0.099508	0.100000
0.100000	0.099506	0.100000
0.100000	0.099504	0.100000
0.100000	0.099502	0.100000
0.100000	0.099500	0.100000
0.100000	0.099498	0.100000
0.100000	0.099497	0.100000
0.100000	0.099496	0.100000
0.100000	0.099495	0.100000
0.100000	0.099494	0.100000
0.100000	0.099494	0.100000
0.100000	0.099494	0.100000
0.100000	0.099494	0.100000
0.100000	0.099494	0.100000
0.100000	0.099495	0.100000
0.100000	0.099495	0.100000
0.100000	0.099497	0.100000
0.100000	0.099498	0.100000
0.100000	0.099500	0.245082
0.100000	0.099501	0.340157
0.100000	0.099503	0.392296
0.100000	0.099505	0.415342
0.100000	0.099508	0.421527
0.100000	0.099510	0.418011
0.100000	0.099513	0.403478
0.100000	0.099517	0.376327
0.100000	0.099520	0.340743
0.100000	0.099524	0.297260
0.100000	0.099527	0.248002
0.100000	0.099531	0.202420
0.100000	0.099535	0.164156
0.100000	0.099540	0.129525
0.100000	0.099544	0.100000
0.100000	0.099549	0.100000
0.100000	0.099554	0.100000
0.100000	0.099559	0.100000
0.100000	0.099564	0.100000
0.100000	0.099569	0.100000
0.100000	0.099576	0.100000
0.100000	0.099581	0.100000
0.100000	0.099587	0.100000
0.100000	0.099594	0.100000
0.100000	0.099600	0.100000
0.100000	0.099607	0.100000
0.100000	0.099614	0.100000
0.100000	0.099621	0.100000
0.100000	0.099627	0.100000
0.100000	0.099635	0.100000
0.100000	0.099643	0.100000
0.100000	0.099651	0.100000
0.100000	0.099658	0.100000
0.100000	0.099666	0.100000
0.100000	0.099675	0.100000
0.100000	0.099683	0.100000
0.100000	0.099691	0.100000
0.100000	0.099700	0.100000
0.100000	0.099709	0.100000
0.100000	0.099717	0.100000
0.100000	0.099728	0.100000
0.100000	0.099735	0.100000
0.100000	0.099744	0.100000
0.100000	0.099755	0.100000
0.100000	0.099764	0.100000
0.100000	0.099773	0.100000
0.100000	0.099782	0.100000
0.100000	0.099793	0.100000
0.100000	0.099803	0.100000
0.100000	0.099813	0.100000
0.100000	0.099823	0.100000
0.100000	0.099833	0.100000
0.100000	0.099843	0.100000
0.100000	0.099853	0.100000
0.100000	0.099864	0.100000
0.100000	0.099873	0.100000
0.100000	0.099885	0.100000
0.100000	0.099897	0.100000
0.100000	0.099905	0.100000
0.100000	0.099915	0.100000
0.100000	0.099928	0.100000
0.100000	0.099939	0.100000
0.100000	0.099949	0.100000
0.100000	0.099960	0.100000
0.100000	0.099972	0.100000
0.100000	0.099982	0.100000
0.100000	0.099993	0.100000
0.100000	0.100004	0.100000
0.100000	0.100015	0.100000
0.100000	0.100029	0.100000
0.100000	0.100044	0.100000
0.100000	0.100058	0.100000
0.100000	0.100071	0.100000
0.100000	0.100086	0.100000
0.100000	0.100099	0.100000
0.100000	0.100112	0.100000
0.100000	0.100127	0.100000
0.100000	0.100143	0.100000
0.100000	0.100156	0.100000
0.100000	0.100168	0.100000
0.100000	0.100184	0.100000
0.100000	0.100197	0.100000
0.100000	0.100211	0.100000
0.100000	0.100225	0.100000
0.100000	0.100238	0.100000
0.100000	0.100251	0.100000
0.100000	0.100265	0.100000
0.100000	0.100278	0.100000
0.100000	0.100291	0.100000
0.100000	0.100304	0.100000
0.100000	0.100317	0.100000
0.100000	0.100330	0.100000
0.100000	0.100342	0.100000
0.100000	0.100355	0.100000
0.100000	0.100368	0.100000
0.100000	0.100380	0.100000
0.100000	0.100392	0.100000
0.100000	0.100403	0.100000
0.100000	0.100415	0.100000
0.100000	0.100427	0.100000
0.100000	0.100439	0.100000
0.100000	0.100449	0.100000
0.100000	0.100461	0.100000
0.100000	0.100471	0.100000
0.100000	0.100481	0.100000
0.100000	0.100492	0.100000
0.100000	0.100502	0.100000
0.100000	0.100512	0.100000
0.100000	0.100522	0.100000
0.100000	0.100531	0.100000
0.100000	0.100541	0.100000
0.100000	0.100549	0.100000
0.100000	0.100558	0.100000
0.100000	0.100568	0.100000
0.100000	0.100576	0.100000
0.100000	0.100583	0.100000
0.100000	0.100592	0.100000
0.100000	0.100599	0.100000
0.100000	0.100606	0.100000
0.100000	0.100613	0.100000
0.100000	0.100620	0.100000
0.100000	0.100627	0.100000
0.100000	0.100633	0.100000
0.100000	0.100639	0.100000
0.100000	0.100645	0.100000
0.100000	0.100650	0.100000
0.100000	0.100655	0.100000
0.100000	0.100660	0.100000
0.100000	0.100665	0.100000
0.100000	0.100669	0.100000
0.100000	0.100673	0.100000
0.100000	0.100676	0.100000
0.100000	0.100680	0.100000
0.100000	0.100683	0.100000
0.100000	0.100686	0.100000
0.100000	0.100689	0.100000
0.100000	0.100691	0.100000
0.100000	0.100693	0.100000
0.100000	0.100694	0.100000
0.100000	0.100696	0.100000
0.100000	0.100697	0.100000
0.100000	0.100697	0.100000
0.100000	0.100698	0.100000
0.100000	0.100698	0.100000
0.100000	0.100698	0.100000
0.100000	0.100697	0.100000
0.100000	0.100696	0.100000
0.100000	0.100695	0.100000
0.100000	0.100694	0.100000
0.100000	0.100692	0.100000
0.100000	0.100690	0.100000
0.100000	0.100688	0.100000
0.100000	0.100685	0.100000
0.100000	0.100682	0.100000
0.100000	0.100679	0.100000
0.100000	0.100675	0.100000
0.100000	0.100672	0.100000
0.100000	0.100667	0.100000
0.100000	0.100663	0.100000
0.100000	0.100658	0.100000
0.100000	0.100653	0.100000
0.100000	0.100648	0.100000
0.100000	0.100642	0.100000
0.100000	0.100636	0.100000
0.100000	0.100630	0.100000
0.100000	0.100624	0.100000
0.100000	0.100617	0.100000
0.100000	0.100610	0.100000
0.100000	0.100602	0.100000
0.100000	0.100595	0.100000
0.100000	0.100587	0.100000
0.100000	0.100579	0.100000
0.100000	0.100571	0.100000
0.100000	0.100562	0.100000
0.100000	0.100554	0.100000
0.100000	0.100543	0.100000
0.100000	0.100534	0.100000
0.100000	0.100525	0.100000
0.100000	0.100516	0.100000
0.100000	0.100505	0.100000
0.100000	0.100495	0.100000
0.100000	0.100485	0.100000
0.100000	0.100474	0.100000
0.100000	0.100464	0.100000
0.100000	0.100452	0.100000
0.100000	0.100440	0.100000
0.100000	0.100428	0.100000
0.100000	0.100417	0.100000
0.100000	0.100405	0.100000
0.100000	0.100393	0.100000
0.100000	0.100380	0.100000
0.100000	0.100369	0.100000
0.100000	0.100356	0.100000
0.100000	0.100342	0.100000
0.100000	0.100330	0.100000
0.100000	0.100317	0.100000
0.100000	0.100303	0.100000
0.100000	0.100290	0.100000
0.100000	0.100277	0.100000
0.100000	0.100263	0.100000
0.100000	0.100249	0.100000
0.100000	0.100235	0.100000
0.100000	0.100221	0.100000
0.100000	0.100206	0.100000
0.100000	0.100191	0.100000
0.100000	0.100178	0.100000
0.122085	0.100164	0.100000
0.160777	0.100147	0.100000
0.188229	0.100135	0.100000
0.214851	0.100121	0.100000
0.234288	0.100104	0.100000
0.248673	0.100090	0.100000
0.261015	0.100075	0.100000
0.271191	0.100060	0.100000
0.279817	0.100044	0.100000
0.290459	0.100030	0.100000
0.307263	0.100015	0.100000
0.327925	0.100000	0.100000
0.349836	0.099996	0.100000
0.370119	0.099984	0.100000
0.385390	0.099972	0.100000
0.395265	0.099961	0.100000
0.402199	0.099950	0.100000
0.410063	0.099938	0.100000
0.419366	0.099927	0.100000
0.429553	0.099916	0.100000
0.440215	0.099904	0.100000
0.450728	0.099892	0.100000
0.461128	0.099880	0.100000
0.471304	0.099870	0.100000
0.479202	0.099859	0.100000
0.485581	0.099847	0.100000
0.492546	0.099836	0.100000
0.500422	0.099825	0.100000
0.507831	0.099814	0.100000
0.515653	0.099803	0.100000
0.523827	0.099792	0.100000
0.531577	0.099781	0.100000
0.539092	0.099771	0.100000
0.545136	0.099760	0.100000
0.549829	0.099749	0.100000
0.554540	0.099739	0.100000
0.560436	0.099729	0.100000
0.566707	0.099719	0.100000
0.571881	0.099708	0.100000
0.576330	0.099698	0.100000
0.579325	0.099688	0.100000
0.581267	0.099678	0.100000
0.583183	0.099669	0.100000
0.585081	0.099660	0.100000
0.587001	0.099650	0.100000
0.588561	0.099641	0.100000
0.589693	0.099632	0.100000
0.591559	0.099623	0.100000
0.594110	0.099615	0.100000
0.595927	0.099607	0.100000
0.596246	0.099598	0.100000
0.596356	0.099590	0.100000
0.597308	0.099582	0.100000
0.598428	0.099573	0.100000
0.598918	0.099566	0.100000
0.598366	0.099559	0.100000
0.596622	0.099552	0.100000
0.593855	0.099545	0.100000
0.591395	0.099537	0.100000
0.590448	0.099531	0.100000
0.589708	0.099524	0.100000
0.588404	0.099518	0.100000
0.586602	0.099512	0.100000
0.585404	0.099506	0.100000
0.585999	0.099501	0.100000
0.589303	0.099495	0.100000
0.594458	0.099490	0.100000
0.598943	0.099485	0.100000
0.601614	0.099480	0.100000
0.603133	0.099476	0.100000
0.604340	0.099471	0.100000
0.605503	0.099467	0.100000
0.606844	0.099463	0.100000
0.608178	0.099460	0.100000
0.608985	0.099456	0.100000
0.609102	0.099453	0.100000
0.609151	0.099450	0.100000
0.608837	0.099448	0.100000
0.608415	0.099445	0.100000
0.608516	0.099443	0.100000
0.608713	0.099441	0.100000
0.608822	0.099439	0.100000
0.608734	0.099438	0.100000
0.608230	0.099437	0.100000
0.607411	0.099436	0.100000
0.606360	0.099435	0.100000
0.604891	0.099434	0.212997
0.603412	0.099434	0.316076
0.602070	0.099434	0.388668
0.600541	0.099435	0.440963
0.599309	0.099436	0.480597
0.598336	0.099436	0.512084
0.597650	0.099438	0.538723
0.597422	0.099439	0.561144
0.597290	0.099441	0.580183
0.596995	0.113420	0.597174
0.596332	0.137224	0.612475
0.595679	0.153027	0.623620
0.595624	0.160799	0.629468
0.596330	0.160478	0.630986
0.597759	0.146613	0.630367
0.600159	0.109729	0.628361
0.603162	0.099464	0.625553
0.606050	0.099468	0.622681
0.608278	0.099472	0.619698
0.608958	0.099476	0.616467
0.608279	0.099481	0.612758
0.607105	0.099486	0.608863
0.605725	0.099491	0.606085
0.604475	0.099496	0.605618
0.603141	0.099502	0.607526
0.602234	0.099507	0.610668
0.602492	0.099514	0.614001
0.603616	0.099519	0.617204
0.605408	0.099526	0.620207
0.607511	0.099532	0.623701
0.608807	0.099539	0.626892
0.609150	0.099546	0.629789
0.610088	0.099553	0.633246
0.610970	0.099561	0.637164
0.610556	0.099569	0.640886
0.609380	0.099577	0.644124
0.608810	0.099585	0.646770
0.609516	0.099593	0.649270
0.611646	0.099601	0.651778
0.614897	0.099610	0.654064
0.618152	0.099619	0.656028
0.620137	0.099627	0.657784
0.621320	0.099637	0.659240
0.622311	0.099646	0.660437
0.623224	0.099655	0.661298
0.624034	0.099665	0.661608
0.625138	0.099675	0.661532
0.626601	0.099685	0.661384
0.627321	0.099696	0.661329
0.626431	0.099704	0.661512
0.624952	0.099715	0.662160
0.623589	0.099726	0.662715
0.622358	0.099736	0.663114
0.622123	0.099747	0.663366
0.623511	0.099758	0.663173
0.626170	0.099768	0.662583
0.629060	0.099779	0.662082
0.631692	0.099791	0.661861
0.634275	0.099802	0.661878
0.637113	0.099814	0.662079
0.639942	0.099824	0.662363
0.642540	0.099837	0.662743
0.644756	0.099848	0.663507
0.646077	0.099858	0.664432
0.646620	0.099872	0.665439
0.647410	0.099885	0.666597
0.648617	0.099894	0.667754
0.650204	0.099906	0.668725
0.652360	0.099920	0.669400
0.654912	0.099931	0.669772
0.657631	0.099943	0.669723
0.660245	0.099955	0.669250
0.662413	0.099969	0.668226
0.663910	0.099979	0.666952
0.664815	0.099992	0.665933
0.665657	0.100004	0.665486
0.666670	0.100016	0.665796
0.667858	0.100032	0.666974
0.669061	0.100048	0.668324
0.670396	0.100064	0.669527
0.672022	0.100079	0.670779
0.673625	0.100095	0.672009
0.674976	0.100112	0.673266
0.675000	0.100126	0.674805
0.675000	0.100141	0.675000
0.675000	0.100159	0.675000
0.675000	0.100174	0.675000
0.675000	0.100188	0.675000
0.675000	0.100204	0.675000
0.675000	0.100219	0.675000
0.675000	0.100234	0.675000
0.675000	0.100250	0.675000
0.675000	0.100265	0.675000
0.675000	0.100280	0.675000
0.675000	0.100295	0.675000
0.675000	0.100309	0.675000
0.675000	0.100324	0.675000
0.675000	0.100338	0.675000
0.675000	0.100353	0.675000
0.675000	0.100368	0.675000
0.675000	0.100381	0.675000
0.675000	0.100395	0.675000
0.675000	0.100410	0.675000
0.675000	0.100423	0.675000
0.675000	0.100436	0.674321
0.675000	0.100449	0.671997
0.675000	0.100463	0.669870
0.675000	0.100475	0.667683
0.675000	0.100488	0.664847
0.675000	0.100500	0.661486
0.675000	0.100513	0.657807
0.675000	0.100524	0.653957
0.675000	0.100535	0.650384
0.675000	0.100547	0.647087
0.675000	0.100558	0.643561
0.675000	0.100570	0.639546
0.675000	0.100581	0.635231
0.675000	0.100592	0.630774
0.675000	0.100601	0.625799
0.675000	0.100611	0.619985
0.675000	0.100621	0.613344
0.675000	0.100631	0.605694
0.675000	0.100640	0.596984
0.675000	0.100648	0.587928
0.675000	0.100658	0.579485
0.675000	0.100666	0.571261
0.675000	0.100674	0.564513
0.675000	0.100682	0.559732
0.675000	0.100690	0.556037
0.675000	0.100697	0.553534
0.675000	0.100704	0.553512
0.675000	0.100711	0.556356
0.675000	0.100717	0.560996
0.675000	0.100723	0.566293
0.675000	0.100728	0.571443
0.675000	0.100734	0.575883
0.675000	0.100739	0.579122
0.675000	0.100743	0.580950
0.675000	0.100748	0.582063
0.675000	0.100752	0.583621
0.675000	0.100756	0.586661
0.675000	0.100759	0.589862
0.675000	0.100763	0.591846
0.675000	0.100765	0.592522
0.675000	0.100768	0.591199
0.675000	0.100770	0.587446
0.675000	0.100772	0.582069
0.675000	0.100773	0.576698
0.675000	0.100774	0.571742
0.675000	0.100775	0.566502
0.675000	0.100775	0.561045
0.100000	0.100775	0.100000
0.675000	0.100775	0.556720
0.597618	0.100774	0.143359
0.597714	0.100774	0.140112
0.598618	0.100772	0.134046
0.599189	0.100771	0.128717
0.598573	0.100769	0.116586
0.596190	0.100766	0.100000
0.591926	0.100764	0.100000
0.586494	0.100761	0.100000
0.581623	0.100758	0.100000
0.578238	0.100754	0.100000
0.576203	0.100750	0.100000
0.575339	0.100746	0.100000
0.574714	0.100741	0.100000
0.573775	0.100736	0.100000
0.572203	0.100730	0.100000
0.570285	0.100725	0.100000
0.568220	0.100719	0.100000
0.565827	0.100713	0.100000
0.564114	0.100706	0.100000
0.563359	0.100699	0.100000
0.562633	0.100692	0.100000
0.561213	0.100685	0.100000
0.559350	0.100677	0.100000
0.556895	0.100669	0.100000
0.553222	0.100660	0.100000
0.547708	0.100651	0.100000
0.540119	0.100643	0.100000
0.532193	0.100634	0.100000
0.525686	0.100624	0.100000
0.521772	0.100614	0.100000
0.521864	0.100604	0.100000
0.524860	0.100594	0.100000
0.527779	0.100582	0.100000
0.530384	0.100572	0.100000
0.532186	0.100561	0.100000
0.532628	0.100550	0.100000
0.531768	0.100538	0.100000
0.530483	0.100526	0.100000
0.528826	0.100514	0.100000
0.526594	0.100501	0.100000
0.524075	0.100489	0.100000
0.521932	0.100476	0.100000
0.521314	0.100463	0.100000
0.520523	0.100449	0.100000
0.518037	0.100436	0.100000
0.514222	0.100421	0.100000
0.509796	0.100409	0.100000
0.505153	0.100395	0.100000
0.502179	0.100380	0.100000
0.501459	0.100365	0.100000
0.503381	0.100351	0.100000
0.506704	0.100336	0.100000
0.509859	0.100322	0.100000
0.512405	0.100307	0.100000
0.513493	0.100292	0.100000
0.512179	0.100276	0.100000
0.508350	0.100260	0.100000
0.503166	0.100245	0.100000
0.498039	0.100229	0.100000
0.493616	0.100213	0.100000
0.488980	0.100198	0.100000
0.483541	0.100181	0.100000
0.478767	0.100164	0.100000
0.475998	0.100149	0.100000
0.472176	0.100134	0.100000
0.465202	0.100115	0.100000
0.455675	0.100099	0.100000
0.443921	0.100083	0.100000
0.431097	0.100066	0.100000
0.417898	0.100049	0.100000
0.403461	0.100033	0.100000
0.387939	0.100016	0.100000
0.373540	0.100000	0.100000
0.357306	0.099996	0.100000
0.338634	0.099983	0.100000
0.319827	0.099970	0.100000
0.303027	0.099957	0.100000
0.289667	0.099944	0.100000
0.277975	0.099932	0.100000
0.269698	0.099919	0.100000
0.262686	0.099906	0.100000
0.247916	0.099894	0.100000
0.232474	0.099881	0.100000
0.229375	0.099868	0.100000
0.237310	0.099856	0.100000
0.248995	0.099844	0.100000
0.251916	0.099831	0.100000
0.244776	0.099819	0.100000
0.224282	0.099806	0.100000
0.188314	0.099794	0.100000
0.138411	0.099782	0.100000
0.100000	0.099770	0.100000
0.100000	0.099758	0.100000
0.100000	0.099746	0.100000
0.100000	0.099734	0.100000
0.100000	0.099723	0.100000
0.100000	0.099711	0.100000
0.100000	0.099699	0.100000
0.100000	0.099689	0.100000
0.100000	0.099677	0.100000
0.100000	0.099666	0.100000
0.100000	0.099655	0.100000
