-0.003288
0.000718
-0.002734
-0.001294
0.017736
-0.003991
0.006566
-0.000368
0.004636
-0.003628
0.038671
-0.016021
0.073288
-0.030719
0.098796
-0.031385
0.046634
0.004108
-0.082733
0.027976
-0.200215
0.057351
-0.327703
0.086596
-0.443200
0.107335
-0.494921
0.114347
-0.533785
0.125200
-0.568541
0.130109
-0.578051
0.131067
-0.580801
0.129530
-0.574759
0.128573
-0.562960
0.126846
-0.572728
0.134093
-0.615582
0.145852
-0.670691
0.159808
-0.716692
0.165714
-0.719296
0.164744
-0.726866
0.170138
-0.757289
0.175438
-0.752177
0.166010
-0.711839
0.159696
-0.691644
0.157404
-0.686479
0.153391
-0.658094
0.145187
-0.625893
0.139220
-0.619016
0.144475
-0.657994
0.155714
-0.703125
0.165543
-0.740064
0.173983
-0.775245
0.182771
-0.805205
0.187893
-0.822754
0.195605
-0.873997
0.211490
-0.929110
0.219656
-0.940177
0.222067
-0.949745
0.219705
-0.931410
0.216760
-0.922807
0.211646
-0.894118
0.201188
-0.832788
0.176471
-0.717791
0.147947
-0.612936
0.126097
-0.519791
0.107059
-0.468211
0.106370
-0.496775
0.117993
-0.565863
0.142064
-0.694814
0.178018
-0.845781
0.214791
-0.976058
0.000000
0.000000
0.000000
0.000000
0.000000
0.000000
0.000000
0.000000
0.000000
0.000000
0.000000
0.000000
0.000000
0.000000
0.000000
0.000000
0.000000
0.000000
0.000000
0.000000
0.000000
0.000000
0.000000
0.000000
0.000000
0.000000
0.000000
0.000000
0.000000
0.000000
0.000000
0.000000
0.000000
0.000000
0.000000
0.000000
0.000000
0.000000
0.000000
0.000000
0.000000
0.000000
0.000000
0.000000
0.000000
0.000000
0.000000
0.000000
0.000000
0.000000
0.000000
0.000000
0.000000
0.000000
0.000000
0.000000
0.000000
-0.353755
0.049373
-0.451267
0.097702
-0.541229
0.127641
-0.598100
0.137188
-0.619417
0.145995
-0.673527
0.161196
-0.723221
0.169463
-0.750664
0.173823
-0.755821
0.172556
-0.749084
0.172083
-0.756902
0.178484
-0.808680
0.197629
-0.885932
0.214218
-0.941024
0.222725
-0.954957
0.228199
-0.997809
0.243521
-1.058828
0.256328
-1.097771
0.262609
-1.103332
0.263442
-1.125598
0.272260
-1.150230
0.274692
-1.150321
0.273602
-1.146733
0.272211
-1.136291
0.265500
-1.099106
0.255925
-1.066334
0.245008
-1.025845
0.242259
-1.035043
0.249085
-1.073469
0.259760
-1.113587
0.270846
-1.167895
0.287959
-1.238612
0.309970
-1.323576
0.328297
-1.363759
0.335734
-1.374344
0.336885
-1.383155
0.339331
-1.375450
0.327631
-1.327247
0.313544
-1.284606
0.309298
-1.286965
0.317166
-1.353346
0.348275
-1.465120
0.394364
-1.583126
0.450343
-1.737682
0.555140
-1.950930
0.723960
-2.173617
0.941644
-2.380083
1.132704
-2.577235
1.126112
-2.585369
1.172571
-2.697128
1.225816
-2.844800
1.295319
-3.001586
1.370960
-3.196193
1.467203
-3.405214
1.535213
-3.487318
1.545235
-3.465690
1.523891
-3.408395
1.497458
-3.353395
1.482996
-3.349042
1.491992
-3.384492
1.506786
-3.406224
1.510239
-3.395760
1.499192
-3.374772
1.497073
-3.387168
1.511898
-3.449075
1.548668
-3.517487
0.904798
-2.267771
0.953565
-2.321024
0.850489
-2.213488
0.794706
-2.176422
0.812347
-2.207545
0.856627
-2.262242
0.929806
-2.326628
0.963520
-2.349404
1.023724
-2.403070
1.099502
-2.501661
1.109752
-2.534818
1.140640
-2.602881
1.166218
-2.657319
1.190742
-2.713310
1.215737
-2.772509
1.241074
-2.819919
1.255689
-2.836354
1.261182
-2.853784
1.264790
-2.843025
1.255125
-2.822905
1.249322
-2.821348
1.258013
-2.855186
1.268378
-2.849696
1.256132
-2.819108
1.241970
-2.774101
1.215888
-2.709679
1.189088
-2.667935
1.183668
-2.677328
1.186386
-2.658336
1.163070
-2.579474
1.127666
-2.519750
1.109185
-2.489214
1.097671
-2.458863
1.083187
-2.427033
1.029803
-2.373633
0.891457
-2.241965
0.807483
-2.178746
0.773560
-2.142924
0.724725
-2.091099
0.688403
-2.045268
0.652487
-2.001849
0.624163
-1.961444
0.594265
-1.920403
0.575100
-1.892833
0.557951
-1.865621
0.531679
-1.799101
0.473473
-1.669750
0.404881
-1.506177
0.000000
0.000000
0.000000
0.000000
0.000000
0.000000
0.000000
0.000000
0.000000
0.000000
0.000000
0.000000
0.000000
0.000000
0.000000
0.000000
0.000000
0.000000
0.000000
0.000000
0.000000
0.000000
0.000000
0.000000
0.000000
0.000000
0.000000
0.000000
0.000000
0.000000
0.000000
0.000000
0.000000
0.000000
0.000000
0.000000
0.000000
0.000000
0.000000
0.000000
0.000000
0.000000
0.000000
0.000000
0.000000
0.000000
0.000000
0.000000
0.000000
0.000000
0.000000
0.000000
0.000000
0.000000
0.000000
0.000000
0.000000
0.000000
0.000000
0.000000
0.000000
0.000000
0.000000
0.000000
0.000000
0.000000
0.000000
0.000000
0.000000
0.000000
0.000000
0.000000
0.000000
0.000000
0.000000
0.000000
0.000000
0.000000
0.000000
0.000000
0.000000
0.000000
0.000000
0.000000
0.000000
0.000000
0.000000
0.000000
0.000000
0.000000
0.000000
0.000000
0.000000
0.000000
0.000000
0.000000
0.000000
0.000000
0.000000
0.000000
0.000000
0.000000
0.000000
0.000000
0.000000
0.000000
0.000000
0.000000
0.000000
0.000000
0.000000
0.000000
0.000000
0.000000
0.000000
0.000000
0.000000
0.000000
0.000000
0.000000
0.000000
0.000000
0.000000
0.000000
0.000000
0.000000
0.000000
0.000000
0.000000
0.000000
0.000000
0.000000
0.000000
0.000000
0.000000
0.000000
0.000000
0.000000
0.000000
0.000000
0.000000
0.000000
0.000000
0.000000
0.000000
0.000000
0.000000
0.000000
0.000000
0.000000
0.000000
0.000000
0.000000
0.000000
0.000000
0.000000
0.000000
0.000000
0.000000
-0.711582
0.635786
-1.815563
2.617196
-4.033087
4.424679
1.003174
-2.361304
3.394161
-3.189591
4.051602
-0.673013
0.694029
-1.418270
2.323328
-3.300380
3.781451
0.838412
-1.629496
2.578547
-2.666216
3.339004
0.267010
-0.636034
1.082793
-2.099141
3.377126
-2.418748
3.717097
-2.828395
4.104522
-2.646557
3.877975
-3.496254
4.570063
-1.178216
1.547504
-3.207066
4.293966
-1.682283
2.440169
-3.924236
4.431498
-0.264091
1.149693
-1.022468
1.640154
-1.011287
1.538642
-0.722094
1.178401
-0.850962
1.246494
-0.282395
0.580504
-0.672581
1.033241
-0.260475
0.504142
-0.454936
0.631648
-0.077163
0.185062
-0.102777
0.149912
-0.023497
0.004548
0.009589
-0.115520
0.039114
-0.251748
0.070645
-0.403769
0.112406
-0.588529
0.152742
-0.741697
0.189769
-0.895392
0.230108
-1.065971
0.276974
-1.226556
0.306952
-1.297517
0.318632
-1.325207
0.323122
-1.342847
0.334153
-1.398948
0.352342
-1.427720
0.354842
-1.424392
0.344916
-1.378990
0.326875
-1.335915
0.323365
-1.334581
0.323547
-1.336554
0.329018
-1.380687
0.350246
-1.439132
0.365682
-1.463928
0.364702
-1.452349
0.361438
-1.449884
0.363761
-1.460651
0.368192
-1.476179
0.379408
-1.525579
0.411346
-1.617870
0.462127
-1.740572
0.514590
-1.821979
0.539038
-1.850199
0.549638
-1.868633
0.565817
-1.898734
0.588441
-1.937893
0.621185
-1.990285
0.660570
-2.041826
0.690949
-2.065292
0.666301
-2.018390
0.621675
-1.946409
0.559721
-1.836180
0.478688
-1.673081
0.392955
-1.433160
0.288128
-1.067271
0.195152
-0.706078
0.120047
-0.427137
0.061086
-0.173528
0.010186
0.027607
-0.015883
0.043764
0.011773
-0.192835
0.068031
-0.523084
0.175686
-0.988549
0.294423
-1.406961
0.405696
-1.627730
0.453564
-1.662098
0.422173
-1.555241
0.362794
-1.406901
0.321185
-1.288469
0.297809
-1.203469
0.275476
-1.134235
0.264778
-1.102784
0.255983
-1.052794
0.233339
-0.932950
0.190794
-0.740661
0.138737
-0.515356
0.079571
-0.249009
0.024543
-0.032873
-0.006872
0.091669
-0.063536
0.252405
-0.190402
0.446486
-0.220386
0.407164
-0.166651
0.238833
-0.042667
0.028236
0.013415
-0.120158
0.029050
-0.131263
0.020550
-0.067485
0.007023
-0.023510
0.004584
-0.024951
0.004330
-0.024842
0.006961
-0.052920
0.013796
-0.086666
0.022518
-0.133701
0.032970
-0.176549
0.038146
-0.169077
0.029853
-0.125568
0.023867
-0.123126
0.029556
-0.163854
0.037964
-0.192392
0.044043
-0.228328
0.053284
-0.262934
0.060688
-0.299725
0.069760
-0.338020
0.077918
-0.369898
0.084686
-0.392280
0.088695
-0.413662
0.095597
-0.448737
0.106001
-0.510098
0.123876
-0.585657
0.139541
-0.634731
0.147190
-0.648190
0.144167
-0.625152
0.141218
-0.626103
0.142492
-0.635658
0.150193
-0.695559
0.168780
-0.771054
0.184403
-0.813382
0.189692
-0.820114
0.189971
-0.831790
0.196169
-0.868324
0.209938
-0.925500
0.219350
-0.927936
0.209765
-0.883918
0.202234
-0.867132
0.201830
-0.874141
0.206131
-0.900261
0.217158
-0.970912
0.240450
-1.069813
0.269771
-1.196375
0.305485
-1.340338
0.350685
-1.498534
0.430204
-1.703661
0.529367
-1.894832
0.653192
-2.077051
0.815544
-2.257519
0.985877
-2.400320
1.122062
-2.590923
1.164864
-2.715247
1.241039
-2.867723
1.299245
-2.979262
1.329784
-2.989529
1.317765
-2.958637
1.304658
-2.926882
1.294841
-2.920780
1.295737
-2.924795
1.298528
-2.935325
1.305783
-2.956532
1.315813
-2.982552
1.334431
-3.054460
1.380147
-3.168257
1.422590
-3.231522
2.331178
-3.243926
0.432828
-1.713844
0.579984
-1.941381
0.689158
-2.092577
0.775586
-2.189920
0.851913
-2.261933
0.909428
-2.310594
0.998181
-2.391726
1.111166
-2.531753
1.117621
-2.553612
1.152962
-2.653110
1.200131
-2.766051
1.257270
-2.915408
1.329676
-3.084881
1.405260
-3.247135
1.470096
-3.372286
1.509534
-3.421125
1.519949
-3.427265
1.516062
-3.410439
1.508901
-3.388653
1.490148
-3.320149
1.454688
-3.255685
1.434717
-3.218522
1.419741
-3.185473
1.400204
-3.119217
1.364646
-3.040140
1.331042
-2.968127
1.304135
-2.919487
1.284705
-2.876992
1.267201
-2.847502
1.266987
-2.879483
1.284967
-2.912766
1.295254
-2.920463
1.292773
-2.905966
1.281366
-2.871411
1.261272
-2.816386
1.239470
-2.782351
1.227468
-2.751482
1.215403
-2.743612
1.221643
-2.771975
1.237047
-2.801363
1.239408
-2.775770
1.222390
-2.738842
1.207445
-2.712725
1.200952
-2.707788
1.198048
-2.685612
1.177621
-2.620525
1.148204
-2.563384
1.122575
-2.486698
1.071009
-2.399195
0.807051
-2.130982
0.634024
-1.917368
0.490180
-1.669691
0.369864
-1.362097
0.272108
-0.995195
0.174003
-0.602745
0.000000
0.000000
0.000000
0.000000
0.000000
0.000000
0.000000
0.000000
0.000000
0.000000
0.000000
0.000000
0.000000
0.000000
0.000000
0.000000
0.000000
0.000000
0.000000
0.000000
0.000000
0.000000
0.000000
0.000000
0.000000
0.000000
0.000000
0.000000
0.000000
0.000000
0.000000
0.000000
0.000000
0.000000
0.000000
0.000000
0.000000
0.000000
0.000000
0.000000
0.000000
0.000000
0.000000
0.000000
0.000000
0.000000
0.000000
0.000000
0.000000
0.000000
0.000000
0.000000
0.000000
0.000000
0.000000
0.000000
0.000000
0.000000
0.000000
0.000000
0.000000
0.000000
0.000000
0.000000
0.000000
0.000000
0.000000
0.000000
0.000000
0.000000
0.000000
0.000000
0.000000
0.000000
0.000000
0.000000
0.000000
0.000000
0.000000
0.000000
0.000000
0.000000
0.000000
0.000000
0.000000
0.000000
0.000000
0.000000
0.000000
0.000000
0.000000
0.000000
0.000000
0.000000
0.000000
0.000000
0.000000
0.000000
0.000000
0.000000
0.000000
0.000000
0.000000
0.000000
0.000000
0.000000
0.000000
0.000000
0.000000
0.000000
0.000000
0.000000
0.000000
0.000000
0.000000
0.000000
0.000000
0.000000
0.000000
-0.738085
0.678983
-2.001736
2.970068
-4.700683
5.291264
1.228883
-2.952207
4.325996
-4.147872
5.373056
-0.907175
0.944539
-2.521652
3.759151
-5.022759
5.700909
1.251029
-3.066783
4.497376
-4.611649
5.672801
-0.260829
-0.315086
-0.202578
-0.403650
-0.011292
-0.736075
0.643486
-1.898308
2.730446
-4.341285
4.802722
0.993109
-2.413781
3.495040
-3.701448
4.428921
0.052907
-0.705998
0.718162
-1.403678
2.231013
-3.004871
3.490816
0.771909
-1.512222
2.485769
-2.787349
3.560594
0.392381
-0.940003
1.585807
-2.821224
3.909354
-0.733304
0.874822
-2.172505
3.203889
-3.435483
4.199351
0.017042
-0.635059
0.610281
-1.708952
2.519706
-3.708907
4.112932
1.019622
2.578861
4.077686
0.181962
-0.247317
0.503089
-0.721279
1.204906
-1.004403
1.396819
-0.133390
0.317542
-0.361435
0.636505
-0.508540
0.688605
-0.044078
0.132570
-0.048500
0.020260
0.023582
-0.212596
0.066903
-0.402230
0.111429
-0.581754
0.154796
-0.777711
0.208996
-1.021794
0.277871
-1.284419
0.341336
-1.476851
0.406840
-1.597248
0.430018
-1.614615
0.422250
-1.602369
0.426040
-1.632494
0.456209
-1.712019
0.496171
-1.792009
0.529816
-1.848729
0.563890
-1.896772
0.581220
-1.922315
0.608500
-1.976959
0.667552
-2.063359
0.739871
-2.147720
0.809826
-2.226341
0.906466
-2.314502
0.968752
-2.358342
1.011071
-2.387624
1.037722
-2.403578
1.048191
-2.409482
1.085619
-2.466695
1.100886
-2.515625
1.128190
-2.564885
1.143661
-2.595885
1.159801
-2.635740
1.176463
-2.672291
1.197204
-2.743756
1.235713
-2.822578
1.264048
-2.869422
1.276575
-2.887518
1.284577
-2.911198
1.299911
-2.951840
1.312541
-2.956575
1.303943
-2.921004
1.284004
-2.866847
1.257867
-2.803544
1.221958
-2.693190
1.161817
-2.540129
1.086262
-2.400580
0.733273
-2.020232
0.514508
-1.692457
0.365821
-1.355192
0.273626
-1.030293
0.199170
-0.751186
0.141352
-0.566325
0.120657
-0.570595
0.154388
-0.835924
0.246282
-1.251439
0.365621
-1.665880
0.605824
-2.073134
0.898321
-2.353974
1.020962
-2.398091
0.852853
-2.187863
0.680564
-2.000611
0.593222
-1.911796
0.575801
-1.893776
0.556912
-1.859916
0.527778
-1.796608
0.474453
-1.670493
0.399105
-1.469554
0.315339
-1.206671
0.244750
-0.923168
0.171872
-0.633779
0.107633
-0.384361
0.060172
-0.220150
0.035223
-0.159292
0.041956
-0.280602
0.087187
-0.514538
0.143775
-0.714436
0.177366
-0.802620
0.190913
-0.838011
0.195627
-0.846065
0.197912
-0.862337
0.204103
-0.898301
0.214865
-0.932250
0.220612
-0.953474
0.225933
-0.956438
0.217610
-0.918269
0.213261
-0.905816
0.208914
-0.902830
0.213887
-0.925916
0.217760
-0.932401
0.219553
-0.944939
0.222510
-0.954247
0.225189
-0.969679
0.233026
-1.016894
0.247143
-1.075149
0.262524
-1.117449
0.267136
-1.128985
0.269134
-1.130848
0.269082
-1.134008
0.273288
-1.166496
0.284994
-1.210873
0.293225
-1.228009
0.296441
-1.239695
0.300600
-1.260723
0.308083
-1.299699
0.323455
-1.364766
0.342272
-1.411657
0.356874
-1.455090
0.374767
-1.503788
0.390794
-1.542211
0.403491
-1.554328
0.400514
-1.559018
0.410368
-1.588271
0.426369
-1.626155
0.441036
-1.660326
0.461615
-1.715328
0.485566
-1.749542
0.489026
-1.736755
0.468302
-1.696898
0.465739
-1.726871
0.514036
-1.856662
0.619697
-2.029485
0.780957
-2.234808
1.052296
-2.508661
1.143385
-2.673589
1.225025
-2.867791
1.320659
-3.088091
1.418498
-3.310336
1.516333
-3.530405
1.613645
-3.743914
1.701157
-3.891707
1.722899
-3.827311
1.653827
-3.616956
1.554674
-3.410227
1.479548
-3.286668
1.446916
-3.269709
1.462773
-3.351096
1.516771
-3.493859
1.575764
-3.593297
1.596107
-3.577174
1.572263
-3.516141
1.548084
-3.486002
1.550732
-3.531978
1.589137
-7.198692
1.630387
-1.977295
0.388964
-1.599134
0.452056
-1.699757
0.495535
-1.801635
0.555076
-1.901323
0.611053
-1.994273
0.710915
-2.135101
0.847219
-2.278572
1.002518
-2.408963
1.114590
-2.552884
1.144698
-2.663993
1.221331
-2.831698
1.283772
-2.960549
1.345194
-3.124444
1.430632
-3.334700
1.527893
-3.555941
1.618436
-3.716496
1.663391
-3.748415
1.644568
-3.644376
1.583494
-3.506700
1.531896
-3.418308
1.506530
-3.389849
1.499393
-3.365545
1.482297
-3.318626
1.459121
-3.267184
1.443192
-3.254415
1.447573
-3.280357
1.459694
-3.291895
1.449996
-3.239385
1.426998
-3.220221
1.436931
-3.262538
1.451050
-3.269808
1.445566
-3.241627
1.424326
-3.181784
1.396370
-3.117960
1.370758
-3.079844
1.369133
-3.110166
1.385861
-3.130813
1.385709
-3.113228
1.376089
-3.098244
1.367488
-3.063871
1.352358
-3.046923
1.354484
-3.076340
1.377031
-3.135286
1.400373
-3.175875
1.414016
-3.191681
1.414712
-3.192933
1.414175
-3.178915
1.398328
-3.110444
1.351959
-2.962418
1.260931
-2.698792
1.124503
-2.407740
0.689297
-1.946917
0.457664
-1.579722
0.329762
-1.232508
0.236607
-0.846023
0.134995
-0.419557
0.039668
-0.021112
-0.018969
0.179690
-0.152744
0.329714
-0.138312
0.089372
0.021978
-0.327104
0.128633
-0.787938
0.235033
-1.162673
0.311745
-1.345936
0.325175
-1.283656
0.279636
-1.071089
0.215046
-0.829984
0.165551
-0.669168
0.137757
-0.575111
0.122982
-0.522584
0.105900
-0.419711
0.065194
-0.187723
0.008405
0.085460
-0.079996
0.350305
-0.369545
0.860628
0.000000
0.000000
0.000000
0.000000
0.000000
0.000000
0.000000
0.000000
0.000000
0.000000
0.000000
0.000000
0.000000
0.000000
0.000000
0.000000
0.000000
0.000000
0.026911
-0.016269
0.063443
-0.089019
0.190391
-0.341662
0.645059
-1.130740
1.938670
-1.997326
2.696044
0.032025
-0.086615
0.131204
-0.286302
0.493786
-0.955353
1.673010
-2.380089
3.048800
0.326710
-0.689632
1.205943
-2.079328
3.056822
-1.102395
1.900648
-2.729848
3.391660
0.518080
-1.093477
1.853387
-2.781803
3.481316
0.417774
-0.943771
1.601363
-2.709516
3.651439
-0.348113
0.467691
-1.090746
1.826713
-3.072974
4.011366
0.015396
-0.634859
0.618517
-1.749310
2.589115
-3.836518
4.276677
1.067115
-2.520115
3.700101
-3.218616
4.360295
-1.528492
2.207387
-3.928384
4.666335
0.436260
-1.506360
2.164536
-3.999554
4.873160
0.138229
-0.967935
1.144080
-2.734425
4.020586
-3.807549
5.013861
-1.028087
1.228182
-2.957757
4.363549
-4.119221
5.379450
-1.093757
1.283302
-2.993931
4.254360
-3.821160
4.825530
-1.026500
1.227722
-2.732387
3.833848
-2.849223
3.896665
-2.176219
3.117521
-2.797085
3.759349
-0.757639
1.201096
-2.163285
3.130308
-1.609049
2.480431
-2.153428
2.827650
-0.252358
0.431386
-0.803421
1.449909
-2.187913
3.006548
0.022194
-0.136825
0.151435
-0.425821
0.670952
-1.406697
2.370817
-3.136860
3.726747
0.791615
-1.629250
2.678150
-3.139779
3.790629
0.621124
-1.334578
2.203309
-3.115144
3.673619
0.755335
4.793599
3.540782
0.040202
0.049661
0.033966
0.047852
0.021465
0.038332
0.010254
0.032181
0.002388
0.029173
-0.002454
-0.002075
0.006905
-0.114573
0.038739
-0.260969
0.070268
-0.366687
0.091553
-0.463417
0.116916
-0.581572
0.145522
-0.679576
0.162371
-0.740561
0.182612
-0.852138
0.214352
-0.977289
0.246687
-1.107429
0.281794
-1.252485
0.324645
-1.417152
0.389106
-1.608179
0.485402
-1.817583
0.590173
-1.976061
0.690912
-2.101630
0.749972
-2.137301
0.712751
-2.075350
0.672351
-2.035697
0.682895
-2.075708
0.769231
-2.187407
0.856824
-2.263043
0.866798
-2.248256
0.793985
-2.155315
0.727543
-2.101685
0.745283
-2.144304
0.815417
-2.228290
0.896823
-2.301013
0.941415
-2.332000
0.972747
-2.356019
1.032287
-2.409795
1.094646
-2.464943
1.080129
-2.425886
1.070372
-2.425489
1.083295
-2.450689
1.089074
-2.467363
1.104919
-2.526942
1.135428
-2.591629
1.158798
-2.627826
1.170196
-2.649276
1.174872
-2.643768
1.164321
-2.590735
1.121823
-2.451493
0.954011
-2.274508
0.679175
-1.963274
0.496002
-1.683704
0.392727
-1.455310
0.309797
-1.180542
0.229569
-0.825175
0.131516
-0.416903
0.044267
-0.073852
-0.005515
0.081080
-0.032376
0.020376
0.025552
-0.287709
0.111777
-0.721722
0.231894
-1.229261
0.361519
-1.647511
0.557212
-1.930852
0.594839
-1.882720
0.459179
-1.592906
0.346334
-1.326019
0.290964
-1.161430
0.258752
-1.060522
0.244492
-1.024927
0.235948
-0.963485
0.203345
-0.800382
0.154224
-0.574594
0.092736
-0.308027
0.036529
-0.084056
-0.000956
0.094050
-0.077525
0.326707
-0.315911
0.773365
-0.494909
1.052439
-0.844214
1.440198
-0.567208
1.021063
-0.997223
1.341275
-0.015027
0.126933
-0.084003
0.239683
-0.232446
0.482046
-0.427060
0.753340
-0.184779
0.455094
-0.497686
0.868893
-0.295912
0.634598
-0.641774
1.048359
-0.185687
0.447549
-0.542358
0.921978
-0.482541
0.834281
-0.469933
0.802636
-0.383047
0.702884
-0.438834
0.762227
-0.301111
0.588286
-0.437454
0.705152
-0.150239
0.370704
-0.361626
0.642453
-0.226420
0.461658
-0.327218
0.516533
-0.093500
0.231683
-0.155673
0.272294
-0.071092
0.162813
-0.074039
0.192792
-0.078534
0.212685
-0.109789
0.269390
-0.118697
0.271734
-0.126312
0.264550
-0.098281
0.205714
-0.078346
0.187322
-0.072232
0.178423
-0.070250
0.154719
-0.047078
0.118209
-0.038454
0.093803
-0.025253
0.056516
-0.007098
-0.004390
0.004627
-0.042112
0.010613
-0.057040
0.009509
-0.032962
0.003321
-0.008172
-0.000730
0.018661
-0.006785
0.031012
-0.005996
-0.014193
0.016710
-0.177405
0.063227
-0.393702
0.111533
-0.587501
0.152552
-0.726905
0.180088
-0.836171
0.210508
-0.970521
0.247008
-1.106200
0.279371
-1.222476
0.307320
-1.330495
0.344388
-1.477592
0.413732
-1.646293
0.486699
-1.807542
0.577161
-1.946989
0.631409
-1.984808
0.593543
-1.890478
0.500990
-1.735396
0.463104
-1.696553
0.475935
-1.746337
0.505149
-1.801523
0.533818
-1.850834
0.569768
-1.928249
0.646731
-2.043761
0.720935
-2.121852
0.758984
-2.155164
4.211967
-2.461780
0.148296
-1.152510
0.276635
-1.362147
0.366883
-1.519956
0.417500
-1.636833
0.474212
-1.776734
0.558385
-1.927860
0.658779
-2.074357
0.790912
-2.224066
0.942528
-2.366418
1.132261
-2.603065
1.156001
-2.700451
1.245544
-2.917425
1.346871
-3.169365
1.464792
-3.430055
1.572320
-3.639366
1.641029
-3.733620
1.656606
-3.714280
1.628386
-3.619407
1.579393
-3.508015
1.535001
-3.427083
1.509104
-3.397218
1.508881
-3.411996
1.514519
-3.411286
1.505768
-3.367125
1.477895
-3.317788
1.470432
-3.319528
1.475244
-3.329547
1.469195
-3.279947
1.435321
-3.196458
1.402760
-3.141461
1.385935
-3.118618
1.380020
-3.104370
1.375172
-3.103909
1.379670
-3.127151
1.390295
-3.133397
1.383079
-3.097424
1.364911
-3.070633
1.363363
-3.081089
1.369788
-3.098518
1.373783
-3.083872
1.357661
-3.048027
1.351001
-3.045667
1.345934
-3.027674
1.338293
-3.000790
1.320089
-2.962071
1.311014
-2.959330
1.314148
-2.961411
1.307639
-2.922155
1.276673
-2.829350
1.227728
-2.695048
1.151083
-2.463563
0.835473
-2.107258
0.505183
-1.677662
0.361740
-1.325365
0.256755
-0.938001
0.162421
-0.546457
0.066638
-0.135853
-0.003410
0.115459
-0.079330
0.205961
-0.081137
0.075371
0.021455
-0.286778
0.112013
-0.718117
0.228150
-1.198716
0.346149
-1.577461
0.485799
-1.756413
0.461877
-1.624554
0.365857
-1.363423
0.284895
-1.095681
0.219280
-0.841326
0.163873
-0.630253
0.113598
-0.417392
0.060843
-0.161568
0.001707
0.146929
-0.152775
0.524797
-0.534599
1.122035
-0.541028
1.147282
-1.280445
1.971923
-0.156700
0.364951
-0.639623
1.200887
-1.756616
2.416459
-0.193157
0.367193
-0.590521
1.060827
-1.446212
2.056200
-0.193635
0.417488
-0.694765
1.316105
-1.766766
2.416762
0.083895
-0.135718
0.267902
-0.470616
0.886265
-1.451377
2.280597
-1.218925
2.036726
-1.765363
2.522023
-0.445496
0.814776
-1.366649
2.200372
-1.540897
2.373987
-1.142619
1.951316
-1.989766
2.718546
-0.003868
-0.029987
0.007985
-0.072298
0.073623
-0.205179
0.315486
-0.661196
1.150363
-1.982812
2.959919
-1.206980
2.072628
-2.713521
3.356033
0.598257
-1.232325
2.081736
-2.865256
3.457795
0.656813
-1.338091
2.247783
-2.940053
3.550348
0.702750
-1.435575
2.392325
-3.025664
3.671736
0.719888
-1.505061
2.482627
-3.162875
3.754180
0.790104
-1.628398
2.658284
-3.136258
3.797582
0.643937
-1.402245
2.328827
-3.286310
3.869336
0.856337
-1.745163
2.794965
-3.060271
3.773574
0.452930
-1.053516
1.747484
-2.919191
3.783703
-0.094957
-0.017365
-0.147657
0.108225
-0.344529
0.500278
-0.996152
1.654682
-2.345244
2.898711
0.270391
-0.503853
0.878490
-1.396761
2.109233
-1.104481
1.725319
-1.218337
1.746359
-0.499970
0.884258
-0.977739
1.252559
-0.030711
0.149527
-0.106799
0.264149
-0.235399
0.461689
-0.286557
0.600131
-0.293159
0.661164
-0.545735
0.957483
-0.304429
0.605060
-0.576164
0.877929
-0.116254
0.326567
-0.369804
0.712845
-0.504263
0.874764
-0.304085
0.623691
-0.575507
0.874709
-0.116656
-3.735413
0.134025
0.015859
-0.100385
0.025251
-0.169859
0.047270
-0.280907
0.076091
-0.398968
0.100195
-0.496701
0.122206
-0.586080
0.143541
-0.674987
0.164308
-0.755041
0.183140
-0.833426
0.203567
-0.902504
0.217446
-0.957389
0.231346
-1.009590
0.246976
-1.084972
0.268613
-1.170586
0.293507
-1.274444
0.320642
-1.366434
0.353686
-1.493040
0.417158
-1.653557
0.489715
-1.808131
0.579570
-1.974811
0.735145
-2.186727
0.985097
-2.426021
1.147098
-2.654735
1.183929
-2.715452
1.224486
-2.791868
1.243632
-2.800226
1.238842
-2.805820
1.257545
-2.874508
1.290155
-2.935569
1.305057
-2.934061
1.291016
-2.889460
1.275269
-2.874410
1.276066
-2.880823
1.281842
-2.918761
1.312673
-3.005541
1.349729
-3.071982
1.370837
-3.115952
1.389709
-3.138235
1.390876
-3.137947
1.390378
-3.135999
1.392470
-3.148197
1.400051
-3.169067
1.411379
-3.197789
1.421590
-3.216193
1.434575
-3.265168
1.460455
-3.312074
1.466604
-3.284368
1.440974
-3.208447
1.400577
-3.106236
1.353327
-2.996272
1.301504
-2.859031
1.225206
-2.645199
1.106242
-2.391679
0.632223
-1.866924
0.419853
-1.481846
0.290832
-1.087584
0.199539
-0.714412
0.117000
-0.430101
0.084034
-0.394958
0.103522
-0.576347
0.166994
-0.907797
0.270363
-1.353316
0.417852
-1.773243
0.666858
-2.140106
0.910001
-2.332581
0.811679
-2.137188
0.571548
-1.813502
0.444041
-1.596416
0.378417
-1.455432
0.346707
-1.384834
0.322068
-1.282322
0.284572
-1.114743
0.235425
-0.925523
0.187401
-0.735308
0.143224
-0.546355
0.093205
-0.332887
0.045575
-0.119933
0.001076
0.113953
-0.102624
0.358867
-0.290014
0.560622
-0.205402
0.402770
-0.234996
0.347438
-0.050736
0.108750
-0.034990
0.054548
-0.004858
-0.000122
0.002217
-0.020822
0.006843
-0.054920
0.017182
-0.120854
0.033379
-0.193464
0.046021
-0.224796
0.047975
-0.216379
0.042619
-0.184496
0.033510
-0.142747
0.024330
-0.102511
0.017273
-0.066793
0.008675
-0.025485
0.002013
-0.005412
0.000699
-0.002547
0.000909
-0.012766
0.005472
-0.041441
0.008770
-0.043351
0.008578
-0.039398
0.006677
-0.030268
0.004742
-0.023625
0.005677
-0.040089
0.009228
-0.053329
0.014715
-0.104874
0.027384
-0.150452
0.033199
-0.159875
0.034585
-0.170525
0.035754
-0.170187
0.036510
-0.179252
0.036681
-0.163973
0.032093
-0.146941
0.028394
-0.143175
0.034075
-0.186684
0.043528
-0.220344
0.048812
-0.220774
0.043973
-0.202483
0.042133
-0.197978
0.040872
-0.187663
0.040002
-0.206346
0.049268
-0.249666
0.056970
-0.281608
0.068151
-0.356743
0.091082
-0.462988
0.117710
-0.596593
0.155753
-0.766173
0.201045
-0.960393
0.248463
-1.112985
0.280806
-1.231554
0.312185
-1.351680
0.350465
-1.480846
0.409013
-1.631776
0.477009
-1.782198
0.559611
-1.937937
0.682619
-2.096342
0.741226
-2.126394
0.700870
-2.053952
0.631830
-1.959819
0.584604
-1.906921
0.572367
-1.882745
0.532445
-1.807060
0.495470
-1.757511
0.500531
-1.797768
0.544800
-1.879461
0.588640
-1.945583
0.633942
-2.010038
0.683670
-2.083333
5.532217
-2.476839
0.113414
-1.065389
0.245604
-1.309101
0.354137
-1.511296
0.425478
-1.664001
0.484517
-1.779800
0.541826
-1.895602
0.645086
-2.067341
0.809934
-2.256476
1.058574
-2.524540
1.155235
-2.705548
1.239602
-2.903211
1.336379
-3.116016
1.422809
-3.298940
1.501251
-3.475075
1.576657
-3.615880
1.617195
-3.654654
1.615844
-3.622719
1.597995
-3.594463
1.589432
-3.573467
1.579699
-3.556714
1.576170
-3.559488
1.580879
-3.570107
1.580221
-3.543638
1.556478
-3.471545
1.525991
-3.429395
1.523585
-3.458908
1.545588
-3.502843
1.551620
-3.483691
1.538447
-3.466490
1.537024
-3.467489
1.536914
-3.457540
1.524981
-3.422527
1.512561
-3.411792
1.517418
-3.434086
1.526878
-3.459330
1.540905
-3.486020
1.549935
-3.499458
1.548769
-3.486041
1.541895
-3.465865
1.530873
-3.436688
1.515674
-3.403455
1.504422
-3.389143
1.499233
-3.373120
1.494378
-3.369325
1.495556
-3.384537
1.503935
-3.394413
1.501165
-3.367966
1.481977
-3.300688
1.434667
-3.149103
1.350082
-2.928589
1.244730
-2.680836
1.125940
-2.415745
0.736318
-2.004792
0.488770
-1.646283
0.349919
-1.301612
0.255602
-0.927689
0.160753
-0.565006
0.088270
-0.317939
0.059160
-0.287560
0.074137
-0.422719
0.122757
-0.693393
0.204456
-1.061416
0.302453
-1.409027
0.398919
-1.606500
0.447384
-1.664768
0.433963
-1.583837
0.366771
-1.388149
0.297770
-1.162031
0.249244
-0.997731
0.214236
-0.862952
0.176255
-0.677513
0.118297
-0.410316
0.054702
-0.145753
0.004776
0.083602
-0.074021
0.330397
-0.334007
0.793655
-0.486735
1.072130
-0.966496
1.757845
-0.708464
1.450011
-2.018899
2.773737
0.150164
-0.312440
0.537471
-0.960181
1.635743
-2.007171
2.513246
0.314000
-0.528736
0.964460
-1.457691
2.216932
-0.701753
1.306035
-1.860235
2.569096
-0.005723
-0.002895
-0.018656
0.001330
-0.049469
0.033054
-0.140023
0.177762
-0.439024
0.727100
-1.444020
2.425172
-2.830241
3.529684
0.494718
-1.084557
1.823295
-2.850982
3.591039
0.273124
-0.683476
1.116692
-2.101239
3.218016
-2.085035
3.191774
-2.140880
3.230731
-1.945310
3.040902
-2.383627
3.439059
-1.238126
2.081253
-3.055470
3.712159
0.663794
-1.426422
2.376120
-3.261619
3.839307
0.861325
-1.757319
2.815150
-3.034687
3.731211
0.401623
-0.945229
1.578259
-2.754443
3.777859
-0.611232
0.939713
-1.933822
3.118887
-3.185535
4.103434
-0.260915
-0.097205
-0.406144
0.187186
-0.939000
1.201375
-2.634910
3.685243
-2.171384
3.209729
-3.338013
4.198473
-0.213587
-0.209048
-0.218834
-0.198051
-0.232370
-0.159132
0.062042
-0.338433
0.413504
-0.967343
1.563800
-2.599373
3.430335
-0.453840
0.702936
-1.331197
2.161773
-2.399730
2.909899
0.398738
-0.726943
1.239720
-1.742261
2.280099
-0.129102
0.267181
-0.381655
0.709631
-0.958404
1.473795
-0.570505
1.036941
-1.048257
1.550198
-0.077239
0.244502
-0.347271
0.728486
-1.073230
1.727769
-0.769650
1.383698
-1.404597
2.021410
-0.079949
0.207084
-0.308239
0.601226
-0.891920
1.460793
-1.104602
1.614954
-0.387228
-6.583154
0.157709
-0.008445
0.028693
-0.005819
0.019559
-0.002587
-0.005774
0.005731
-0.060307
0.019015
-0.123704
0.033076
-0.191866
0.046612
-0.241188
0.057739
-0.290844
0.068166
-0.329603
0.073963
-0.344691
0.079832
-0.393374
0.095195
-0.461082
0.110465
-0.522251
0.121340
-0.545701
0.125701
-0.575249
0.134854
-0.621191
0.145900
-0.650540
0.149430
-0.659090
0.149148
-0.646739
0.142159
-0.612387
0.136395
-0.609129
0.143128
-0.661073
0.157678
-0.715928
0.170079
-0.761213
0.179608
-0.796423
0.186135
-0.812951
0.191532
-0.852941
0.206135
-0.915027
0.220330
-0.956515
0.227582
-0.979884
0.234023
-1.011088
0.240557
-1.016169
0.235943
-0.986575
0.225855
-0.954268
0.224156
-0.967502
0.232061
-1.008060
0.241259
-1.027586
0.244864
-1.049764
0.250815
-1.067983
0.257019
-1.094846
0.260813
-1.099587
0.263216
-1.132374
0.281325
-1.229298
0.308553
-1.310090
0.320108
-1.314557
0.314150
-1.274379
0.291962
-1.163932
0.254518
-1.015455
0.218505
-0.885518
0.190551
-0.790564
0.173292
-0.729681
0.160258
