-0.008770
-0.022373
-0.020170
-0.010312
-0.008383
-0.032139
-0.002898
-0.005331
-0.011127
-0.002201
-0.004521
-0.004559
-0.009850
-0.013362
-0.010468
-0.006257
-0.002395
-0.010469
-0.023602
-0.006374
0.007649
-0.013711
-0.015918
-0.015415
-0.003552
0.002743
0.006104
0.002858
-0.015220
-0.006799
-0.011398
0.014606
-0.012520
-0.003168
-0.008727
-0.020086
-0.015653
-0.009811
-0.005446
-0.008613
-0.019980
-0.004053
-0.013872
-0.018735
0.000502
-0.009775
-0.002279
-0.014101
-0.009736
-0.009932
-0.002974
0.017958
-0.009696
-0.012632
-0.012591
-0.019049
-0.015915
-0.008772
-0.014333
-0.018124
-0.014025
-0.006336
-0.012402
-0.013831
-0.017310
-0.010198
-0.009463
-0.009737
-0.009966
-0.014062
-0.016112
-0.014371
-0.027276
-0.012672
-0.008384
-0.015260
-0.007612
-0.016687
-0.023171
-0.009852
-0.002859
-0.001159
-0.002280
-0.010701
-0.015608
-0.010701
-0.015220
-0.031188
-0.024775
-0.015840
-0.015375
-0.007263
-0.011667
-0.000232
-0.020470
-0.014180
-0.005640
-0.028317
-0.030252
-0.013866
-0.023845
-0.004134
-0.014647
-0.013985
-0.022641
-0.023601
0.009660
-0.013562
-0.019668
-0.013098
-0.003361
-0.023687
-0.004328
-0.019852
-0.014840
0.002974
-0.013404
-0.011320
-0.010588
-0.028241
-0.015729
-0.006103
-0.026077
-0.028469
-0.004443
-0.026156
-0.023863
-0.005640
-0.004211
-0.011204
-0.010971
-0.013286
-0.032992
-0.007881
-0.017154
-0.014642
-0.013405
-0.021753
-0.024383
-0.033037
-0.013796
-0.016807
-0.036695
-0.017771
-0.021129
-0.022714
-0.023179
-0.019090
-0.021552
-0.024844
-0.029174
-0.022949
-0.036629
-0.040452
-0.023219
-0.009544
-0.037679
-0.011743
-0.002858
-0.005060
-0.026968
-0.017545
-0.024759
-0.024456
-0.010894
-0.018037
-0.012827
-0.017694
-0.013714
-0.010355
-0.026158
-0.026295
-0.024365
-0.022743
-0.015334
-0.026199
-0.025109
-0.033411
-0.016854
-0.015721
-0.038328
-0.027308
-0.016229
-0.027038
-0.032312
-0.014946
-0.013558
-0.014910
-0.011896
-0.027597
-0.012170
-0.012402
-0.015026
-0.026702
-0.022486
-0.012133
-0.023837
-0.017348
-0.011743
-0.016377
-0.012324
-0.008577
-0.016997
-0.016577
-0.009195
-0.013329
-0.025695
-0.019365
-0.030315
0.003361
0.000850
-0.010278
-0.018691
-0.017310
-0.020282
-0.020589
-0.018277
-0.022868
-0.007340
-0.009156
-0.037423
-0.020858
-0.001854
-0.015718
-0.019778
-0.009079
0.002125
-0.009659
-0.010933
-0.012911
-0.008111
-0.007882
-0.009966
-0.022283
-0.023172
-0.008113
-0.016303
-0.032831
-0.016031
-0.033684
-0.012865
-0.001391
-0.003902
-0.003477
-0.034043
-0.019776
-0.020745
-0.021522
-0.006955
-0.015730
-0.010162
-0.013870
-0.019507
-0.015954
-0.021679
-0.010277
-0.010044
-0.009849
-0.028159
-0.006220
-0.006102
0.009352
-0.014378
0.004288
-0.005061
-0.006609
-0.014180
-0.019242
-0.019894
-0.018078
-0.018008
-0.013752
-0.009388
0.007726
-0.004481
0.019169
-0.001622
0.001004
-0.000579
-0.001159
0.001352
-0.010431
0.011395
-0.009043
-0.012864
-0.007224
-0.003052
-0.014144
-0.026007
-0.006721
0.000000
0.002665
-0.000425
-0.003786
-0.012167
-0.003593
0.000348
-0.010624
-0.007186
-0.014641
-0.013367
0.008809
-0.005100
0.008964
-0.003091
-0.002511
-0.005949
-0.012824
-0.011742
0.010043
0.004327
-0.002163
-0.003206
-0.004792
0.002511
0.002704
-0.021364
-0.000850
-0.009388
-0.011823
-0.018584
0.005523
-0.007686
0.000541
-0.011669
0.006644
-0.026009
-0.017045
0.003361
-0.012443
-0.006683
0.001932
-0.005563
-0.004983
-0.003824
-0.007534
-0.016456
-0.004983
-0.009314
-0.007110
-0.007302
-0.007804
0.003594
-0.004793
-0.003323
-0.001584
0.000734
-0.003863
-0.016767
-0.012171
-0.014287
-0.003710
-0.012090
-0.012593
-0.011127
-0.010352
0.003244
-0.022800
0.001777
-0.008384
-0.009270
-0.009813
-0.005099
-0.008074
-0.011554
-0.012520
-0.005951
-0.023498
-0.019546
-0.010814
-0.014022
-0.011708
-0.038402
-0.011131
0.003593
-0.002357
-0.020161
0.005333
-0.019547
-0.005487
-0.022140
-0.009427
-0.010507
-0.011669
-0.016495
-0.002781
-0.025639
-0.022564
0.000734
0.010550
-0.006646
0.000541
-0.003902
-0.013331
-0.021249
0.003207
-0.001506
-0.010162
-0.025806
-0.027423
-0.023146
-0.028707
-0.012900
-0.002627
-0.013756
-0.007103
-0.017577
-0.022019
-0.020210
-0.009468
-0.007959
-0.014950
-0.014910
-0.021710
-0.009734
-0.017816
-0.012710
-0.015688
-0.024490
-0.005525
0.003400
-0.019431
-0.013638
-0.018889
-0.018516
-0.009422
-0.004790
-0.003052
0.003593
-0.011823
-0.025036
-0.023137
-0.015253
-0.023919
-0.008655
-0.029326
-0.021291
-0.017081
-0.021786
-0.034842
-0.026765
-0.029514
-0.018076
-0.032604
-0.020287
-0.034417
-0.012596
-0.019200
-0.018467
-0.017501
-0.026698
-0.021443
-0.019773
-0.021479
-0.033227
-0.025031
-0.026808
-0.040038
-0.033579
-0.018967
-0.018506
-0.019089
-0.014488
-0.005216
-0.026353
-0.011591
-0.014450
-0.016572
-0.021140
-0.014257
-0.014797
-0.021786
-0.036699
-0.005141
-0.015299
-0.037325
-0.023943
-0.007418
-0.016301
-0.005526
-0.003206
-0.002858
-0.021673
-0.016070
-0.016774
-0.024493
-0.014489
-0.012981
-0.019783
-0.022166
-0.011903
-0.018237
0.003053
-0.019398
-0.025381
-0.006296
-0.024573
-0.017619
-0.012324
-0.007108
-0.034228
-0.035270
-0.031278
-0.033332
-0.012672
-0.028004
-0.024074
-0.022483
-0.023331
-0.011975
-0.021020
-0.013367
-0.013406
-0.013289
-0.027008
-0.022990
-0.011898
-0.020901
-0.014371
-0.006180
-0.016815
-0.024804
0.004597
-0.021673
-0.007378
-0.021986
0.012052
-0.007038
-0.016804
-0.019202
-0.022099
-0.004133
-0.003400
-0.009773
-0.015289
-0.021208
-0.008615
0.003942
-0.036741
-0.026394
-0.008736
-0.002628
-0.013561
-0.009234
-0.003477
-0.023302
-0.017585
-0.025682
-0.015068
0.002897
-0.022255
-0.000386
-0.008963
0.003865
-0.011079
-0.000580
-0.006413
-0.012946
-0.018310
-0.019278
-0.014953
-0.017155
-0.005447
0.008382
-0.013133
0.018043
-0.003631
-0.017538
-0.003400
-0.010004
-0.026914
-0.006684
0.000077
0.014259
-0.017654
0.005717
-0.010006
-0.022988
-0.017887
-0.009158
-0.013022
-0.016536
0.005911
0.010934
-0.010666
-0.016186
-0.021550
-0.016998
0.004210
-0.001391
-0.015300
-0.014412
-0.014180
-0.008768
-0.004055
-0.008113
-0.005484
0.000193
-0.008612
-0.028002
0.000696
-0.012558
-0.007303
0.002203
-0.001004
-0.025110
-0.027005
-0.020054
-0.012711
-0.002704
0.000155
-0.012902
-0.008461
-0.001816
-0.011975
0.001159
0.008845
-0.016223
-0.007806
-0.024264
-0.026233
-0.024222
0.008154
0.003014
-0.008268
0.003632
-0.007690
-0.022446
-0.015612
-0.015882
-0.003091
0.001507
-0.012056
-0.010512
-0.009504
-0.005100
0.009312
-0.002394
-0.002163
-0.003979
-0.008884
-0.010273
-0.010316
-0.019549
-0.023222
-0.008848
-0.007302
-0.003863
-0.004945
-0.005139
-0.017812
-0.019264
0.002241
-0.018083
-0.018929
-0.014021
-0.004560
-0.014338
0.002163
0.000927
-0.015375
-0.012515
-0.012209
-0.007650
-0.007300
-0.000695
-0.019238
-0.011090
-0.000657
-0.032337
-0.013019
0.000734
-0.010778
0.005062
-0.018151
-0.025649
-0.027506
-0.019782
-0.016726
-0.020548
-0.019815
-0.015295
-0.022176
-0.023100
-0.006142
-0.005950
-0.005252
-0.003130
-0.002705
-0.007611
-0.006295
-0.009234
-0.029836
-0.023868
-0.011356
-0.011818
-0.001854
-0.010468
-0.006537
-0.003707
-0.015451
-0.002357
-0.025810
-0.019547
-0.027484
-0.030104
-0.000889
-0.025189
-0.007456
-0.018856
-0.025071
-0.011126
-0.032063
-0.007301
-0.004830
-0.013019
0.009195
0.009661
-0.021087
-0.001082
-0.000386
-0.015955
-0.017782
-0.010815
-0.014911
-0.021482
-0.025960
-0.020321
-0.015843
-0.021093
-0.030411
-0.021172
-0.013406
0.001893
-0.024375
-0.030330
-0.011047
-0.043698
-0.037665
-0.034851
-0.035158
-0.006916
-0.033061
-0.033466
-0.022476
-0.009159
-0.024032
-0.045821
-0.025261
-0.021948
-0.026695
-0.028317
-0.020632
-0.021599
-0.021406
-0.043646
-0.017271
-0.038200
-0.022599
-0.021560
-0.028004
-0.031988
-0.015143
-0.018731
-0.019897
-0.012782
-0.035650
-0.033763
-0.026966
-0.016115
-0.023567
-0.011511
-0.032874
-0.004868
-0.010353
-0.023527
-0.030173
-0.024687
-0.018545
-0.032296
-0.026976
-0.024522
-0.025567
-0.017852
-0.016270
-0.028244
0.000270
-0.018623
-0.027231
-0.014450
-0.007339
-0.008693
-0.017929
-0.022368
-0.009272
-0.017732
-0.021323
-0.020279
-0.007535
-0.031264
-0.039802
-0.027355
-0.025267
-0.028086
-0.020475
-0.022954
-0.008461
-0.010469
-0.038979
-0.021324
-0.021082
-0.017227
-0.012287
-0.014911
-0.006993
-0.019937
-0.015187
-0.011473
-0.003244
-0.020313
-0.003554
-0.010204
-0.025146
-0.008501
-0.023410
-0.013367
-0.013220
0.003167
-0.016030
-0.011977
-0.009542
-0.012984
-0.012287
-0.023960
-0.006839
-0.007804
0.002858
-0.024370
-0.018733
-0.023449
-0.013333
-0.033450
-0.023133
0.005947
0.008190
0.010466
-0.016884
-0.010938
-0.002125
-0.001390
-0.013138
-0.008501
-0.016145
-0.014448
0.001894
-0.007842
-0.002009
-0.013093
-0.011860
-0.011279
-0.001082
-0.006839
-0.000039
0.003323
-0.005643
0.003940
-0.005485
-0.012362
-0.000386
0.000309
-0.012901
-0.024223
-0.015989
-0.005487
-0.006295
-0.012403
-0.014861
-0.000657
-0.020556
-0.002434
-0.015875
0.002163
-0.010818
-0.013328
-0.004830
-0.007226
-0.004287
-0.004250
0.000695
-0.008501
0.001545
-0.010009
-0.017656
0.014021
-0.004211
0.009390
-0.009928
-0.015914
-0.003206
-0.019316
-0.017846
-0.012516
-0.014138
-0.021594
0.001854
0.006105
0.000039
-0.004675
-0.006066
-0.015917
-0.008343
-0.019467
-0.013211
-0.006529
-0.009350
-0.011399
0.010006
-0.001043
0.008344
-0.007960
0.000850
0.001855
-0.006297
-0.012864
-0.000464
-0.022602
0.024259
0.001738
-0.002163
-0.001584
0.009271
-0.003128
-0.017343
-0.013023
-0.011549
0.002550
-0.010506
-0.025075
-0.008884
-0.000116
-0.002666
-0.016224
-0.013715
-0.007379
-0.027153
0.000155
-0.023762
-0.005562
-0.007842
-0.007766
-0.002550
-0.023403
-0.006643
-0.017307
-0.017149
-0.022638
-0.018234
-0.003090
-0.015457
-0.008463
-0.006104
0.001391
0.007573
0.011817
0.009193
-0.017074
-0.015026
-0.009038
-0.016845
-0.009079
-0.005023
-0.028277
-0.014835
-0.012364
-0.016573
-0.017537
-0.002628
-0.007727
-0.016498
-0.015768
-0.015646
-0.016972
-0.009195
-0.036487
-0.003438
-0.030088
-0.023987
-0.020625
-0.000541
-0.003090
-0.011048
-0.013254
-0.008846
-0.020355
-0.008653
-0.015065
-0.019001
0.000309
-0.016609
-0.012478
-0.025107
0.008696
-0.004984
-0.027113
-0.011515
-0.013361
-0.013596
-0.025526
-0.006219
-0.004559
-0.003284
-0.026814
-0.010430
-0.006991
-0.008732
-0.008963
-0.031405
-0.022289
-0.009578
-0.023645
-0.004443
-0.028048
-0.003631
-0.011897
-0.022986
-0.016498
-0.004786
0.000734
-0.015261
-0.002318
-0.027084
-0.010082
-0.019473
-0.016994
-0.022752
-0.018585
-0.022337
-0.018314
-0.011903
-0.014372
-0.013216
-0.011668
-0.025655
-0.031760
-0.005836
-0.030518
-0.022211
-0.035885
-0.024570
-0.021482
-0.011859
-0.024801
-0.030592
-0.024150
-0.020708
-0.018773
-0.019588
-0.042212
-0.026151
-0.051850
0.000116
-0.035582
-0.020473
-0.020470
-0.019317
-0.005061
-0.020399
-0.028556
-0.028695
-0.027736
-0.014678
-0.023177
-0.024576
-0.026969
-0.016959
-0.026223
-0.016529
-0.022213
-0.024792
-0.021629
-0.023992
-0.020128
-0.017928
-0.013984
-0.005486
-0.017618
-0.030336
-0.020432
-0.022989
-0.018275
-0.014181
-0.008423
-0.015186
-0.006567
-0.009580
-0.010894
-0.013716
-0.015260
-0.005063
-0.019467
-0.026776
-0.015995
-0.015342
-0.013714
-0.016384
-0.017538
-0.016187
0.002550
-0.021445
-0.018007
-0.020090
-0.015605
-0.017423
-0.010355
-0.028552
-0.017728
-0.009351
-0.004327
-0.015805
-0.019208
-0.006839
-0.005023
-0.026198
-0.000464
-0.001970
-0.004249
-0.001352
-0.004868
-0.026000
-0.018376
-0.026544
-0.007108
-0.013987
-0.019897
-0.013290
-0.014873
-0.015375
-0.020473
-0.017147
-0.007765
-0.017305
-0.016799
-0.008421
-0.019976
0.000966
-0.016533
-0.009386
0.000966
0.011128
-0.012631
-0.002820
-0.003476
-0.005138
-0.006027
-0.015260
-0.004096
0.003630
-0.012592
-0.012905
-0.018929
-0.009268
-0.010470
-0.020515
0.001931
-0.009502
-0.018816
-0.012282
-0.004867
-0.001893
-0.005293
-0.013562
-0.011399
-0.015455
-0.007264
0.004097
-0.002357
-0.026930
-0.007457
-0.016729
-0.010235
-0.001777
0.012399
-0.013757
-0.005641
-0.004058
-0.012016
-0.005564
-0.005214
-0.007804
-0.009310
0.018738
0.000116
-0.000580
-0.002357
-0.006915
-0.017547
0.002395
-0.000193
-0.009119
-0.004752
-0.002086
-0.005796
-0.008809
-0.004212
0.005177
0.002627
0.016848
-0.004095
-0.014875
-0.005681
-0.022408
0.006490
0.005794
-0.010662
-0.000270
0.001159
-0.001661
0.014101
0.002589
-0.002086
0.003323
0.008579
0.003980
-0.013100
-0.019668
-0.006335
0.001352
-0.010780
-0.005253
-0.008187
-0.013326
0.005138
-0.005255
-0.008807
-0.005716
-0.011124
-0.010972
-0.006603
-0.016537
-0.013250
-0.009811
-0.005871
0.001738
-0.011434
-0.011166
-0.001661
-0.007070
-0.011940
-0.004635
0.017351
0.016072
0.011744
0.012016
-0.008884
-0.012946
0.012475
-0.014569
-0.000348
-0.024702
-0.007458
-0.006916
0.007842
0.001081
-0.010430
-0.012019
-0.007610
-0.014448
-0.009197
-0.017809
0.005099
-0.012248
-0.002395
-0.000618
0.000425
-0.010239
-0.033646
-0.023801
-0.019123
-0.022802
-0.024615
-0.012632
-0.015567
-0.019392
0.003012
-0.005409
-0.024492
-0.000155
-0.010198
-0.008652
-0.004636
-0.007340
-0.017197
-0.018120
-0.018774
-0.020897
-0.018312
-0.023135
-0.017541
-0.011087
-0.007922
-0.013600
-0.010161
-0.028044
-0.021555
-0.005448
-0.020326
-0.016460
-0.014446
-0.016418
-0.021250
-0.013638
-0.015770
-0.019161
-0.034187
-0.014409
-0.009426
-0.020051
-0.022216
-0.019386
-0.013021
-0.014952
-0.019356
-0.019394
-0.006373
-0.004598
-0.018425
-0.022372
-0.005796
-0.017157
-0.011357
-0.014256
-0.001777
-0.024716
-0.006838
-0.002163
-0.003633
-0.028547
-0.018771
-0.029828
-0.038129
-0.019511
-0.025655
-0.004945
-0.014366
-0.030747
-0.024110
-0.014220
-0.029482
-0.033579
-0.035074
-0.029438
-0.017580
-0.023726
-0.012822
-0.035087
-0.011819
-0.039792
-0.010858
-0.023483
-0.045422
-0.019124
-0.007686
-0.006220
-0.003401
-0.020742
-0.013291
-0.012865
-0.027515
-0.019126
-0.002743
-0.021358
-0.012129
-0.008264
-0.013251
-0.006451
-0.020901
-0.025850
-0.035933
-0.020515
-0.023496
-0.028889
-0.040795
-0.023489
-0.037433
0.001585
-0.006568
-0.014454
-0.015143
-0.023492
-0.003129
-0.002434
-0.039621
-0.020710
0.004249
-0.019901
-0.000116
-0.015876
-0.013212
-0.014571
-0.024874
-0.015406
-0.003129
-0.006723
-0.006489
-0.030207
-0.008230
-0.017109
-0.003090
-0.013176
-0.019541
-0.014837
-0.015063
-0.013714
-0.000232
-0.004520
-0.029584
-0.016571
-0.016527
-0.018851
0.004520
-0.021831
-0.009194
-0.011591
-0.016697
-0.017541
-0.016071
-0.014602
-0.022484
-0.014154
-0.006993
-0.008650
-0.013904
-0.018279
-0.029165
-0.020944
0.003671
-0.008346
-0.011826
-0.029591
-0.024920
-0.023261
-0.035081
-0.010818
-0.001236
-0.009080
-0.011551
-0.005986
-0.008923
-0.015767
-0.007266
-0.009271
-0.010856
-0.003360
-0.004519
-0.000734
-0.026780
-0.000618
0.003671
-0.005484
-0.014288
-0.006028
-0.013059
-0.017762
-0.004367
-0.007227
-0.017234
-0.024033
-0.017925
0.001622
0.004867
-0.011094
-0.015030
-0.003555
-0.012941
-0.012515
-0.020053
-0.008459
-0.015838
-0.018505
-0.011321
-0.020201
0.011128
-0.017004
-0.016757
0.006451
-0.007147
-0.001082
0.001971
0.005600
0.010780
0.000657
0.006026
-0.011476
-0.007069
-0.003902
-0.017391
-0.011203
-0.020623
0.003786
-0.016262
0.001391
-0.010430
-0.012209
-0.012404
0.008422
-0.001507
-0.015068
-0.012169
-0.028745
-0.001352
-0.013987
-0.006257
0.000618
-0.012399
0.003710
-0.010584
-0.008538
-0.004173
0.007147
-0.018315
-0.004944
0.001043
-0.015611
-0.005756
-0.009199
-0.003014
-0.000155
-0.016191
0.001198
-0.002472
-0.004249
-0.004868
-0.000850
-0.006838
-0.004867
-0.001970
-0.002278
-0.007690
-0.002627
0.000039
-0.014522
-0.017466
-0.012163
-0.018195
-0.014095
-0.007882
-0.006257
-0.014528
0.006841
-0.004403
-0.000309
-0.001932
0.003670
-0.010396
-0.001738
0.001275
-0.021177
-0.020161
-0.023177
-0.024947
-0.012286
-0.026967
-0.000232
-0.003130
-0.030099
-0.014137
-0.009736
-0.003052
-0.019312
-0.000850
-0.033378
-0.006104
-0.008074
-0.010121
0.000734
-0.017347
-0.017539
-0.006101
-0.029088
-0.009080
-0.004326
-0.014292
0.001005
-0.015218
-0.003129
-0.017581
-0.012519
-0.002821
-0.024177
-0.006723
-0.023492
-0.008228
-0.001776
-0.011281
-0.007340
-0.004366
-0.022754
-0.006412
-0.008150
-0.025015
-0.026696
-0.023488
-0.017498
-0.027503
-0.015495
0.016492
-0.009155
-0.017468
-0.017577
-0.020597
-0.005602
-0.031598
-0.018120
-0.002434
-0.009351
-0.024916
-0.029067
-0.010278
-0.017193
-0.013174
-0.009075
-0.013754
-0.011279
-0.017693
-0.002279
0.003824
-0.020552
-0.027931
-0.013906
-0.004249
-0.023029
-0.013711
-0.019939
-0.018955
-0.032497
-0.031137
-0.028199
-0.007378
-0.040564
-0.030554
-0.031840
-0.038921
-0.027583
-0.019090
-0.008344
-0.006956
-0.017074
-0.019201
-0.032723
-0.030587
-0.027822
-0.026119
-0.034927
-0.028656
-0.001120
-0.002279
-0.020173
-0.008502
-0.031835
-0.038215
-0.025035
-0.019736
-0.011049
-0.013020
-0.013060
-0.027782
-0.048106
-0.006221
-0.003554
-0.018116
-0.004441
-0.036315
-0.025257
-0.015222
-0.014908
-0.016959
-0.021595
-0.021330
-0.024643
-0.001198
-0.018810
-0.016228
-0.019516
-0.014834
-0.025039
-0.004712
-0.008923
-0.017543
-0.025191
-0.003013
-0.023642
-0.016000
-0.015994
-0.006298
-0.017807
-0.026417
-0.022366
-0.011514
-0.013566
-0.011898
-0.026269
-0.038312
-0.028509
-0.023107
-0.020808
-0.024564
-0.025921
-0.015066
-0.011398
-0.018075
-0.032682
-0.008184
-0.017185
-0.025263
-0.016764
0.013973
-0.013326
-0.013945
-0.015808
-0.006840
0.002627
-0.020324
-0.037428
-0.018770
-0.009967
-0.032376
-0.037627
-0.032792
-0.011591
0.000270
-0.025686
-0.009966
0.001506
-0.019546
-0.019233
-0.022100
-0.009932
-0.006644
-0.012826
-0.011628
-0.016764
-0.022328
-0.006604
-0.029902
-0.011941
-0.001198
-0.002241
-0.005718
-0.019623
-0.029176
-0.017003
-0.007765
-0.013677
0.006876
-0.001661
-0.009465
-0.002009
-0.019434
0.017497
-0.025696
-0.009002
-0.016537
0.005062
-0.003246
-0.002047
-0.019977
-0.011708
-0.015878
-0.016033
-0.008572
-0.012744
0.016424
-0.009660
-0.009232
-0.002357
-0.023879
-0.008536
-0.009428
-0.012437
0.008114
-0.004134
-0.002240
0.001622
0.004715
0.002588
-0.003863
0.002781
-0.005294
-0.023146
-0.003207
-0.014219
0.001739
-0.008504
-0.005253
0.015064
-0.009301
-0.020369
-0.026935
-0.005988
-0.017191
-0.006953
0.003400
-0.000618
0.000965
-0.015877
-0.004288
-0.001081
-0.019663
0.009196
-0.000464
-0.003245
-0.006297
-0.009582
-0.018469
-0.001854
-0.009733
-0.000116
-0.004636
-0.011974
-0.014102
-0.005563
-0.009929
-0.007071
-0.005249
0.000039
-0.003980
-0.000656
0.000077
-0.022214
-0.011937
-0.006916
-0.000541
-0.008465
-0.016417
-0.011437
-0.013369
-0.009698
-0.005682
-0.012171
-0.020436
-0.021523
-0.007334
0.001507
-0.009198
-0.007301
-0.008731
-0.008192
-0.014219
-0.021517
0.008228
-0.018428
-0.029474
-0.030134
-0.014409
0.007649
0.002357
-0.028089
-0.008384
-0.010085
-0.003670
0.000000
-0.016264
0.005446
-0.028012
-0.023183
-0.014297
-0.017466
-0.007882
0.004326
-0.018770
-0.002356
-0.021714
-0.015338
-0.013403
-0.012478
-0.012088
0.000695
-0.026623
-0.012475
-0.012166
-0.003246
-0.018925
-0.032602
-0.017267
-0.019244
-0.024528
-0.005640
-0.001507
0.006218
-0.012519
-0.007495
-0.031564
-0.017651
-0.023026
-0.023088
-0.008309
-0.007032
-0.014952
-0.025455
-0.027993
-0.012366
-0.011546
-0.013948
-0.025458
-0.014450
-0.000425
0.000888
-0.019587
-0.004056
-0.021325
-0.012057
-0.026351
-0.011669
-0.016806
-0.019932
-0.030606
-0.018967
-0.020433
-0.026814
-0.008150
-0.017798
-0.019736
-0.021328
-0.018196
-0.021790
-0.015142
-0.023330
-0.014407
-0.021910
-0.031789
-0.013062
-0.023985
-0.021636
-0.021129
-0.022988
-0.019097
-0.021753
-0.024921
-0.015992
-0.025345
-0.033920
-0.013714
-0.025918
-0.016148
-0.028640
-0.022637
-0.044847
-0.033110
-0.024763
-0.018620
-0.018357
-0.017618
-0.009005
-0.032226
-0.027469
-0.014603
-0.008614
-0.024380
-0.019591
-0.022408
-0.038595
-0.029541
-0.019651
-0.021327
-0.022792
-0.020392
-0.034310
-0.025765
-0.037912
-0.023255
-0.018850
-0.017623
-0.023260
-0.023907
-0.015102
-0.019666
-0.017927
-0.017657
-0.017305
-0.020168
-0.009347
-0.017916
-0.000425
-0.011860
-0.004095
-0.022137
-0.013869
-0.010357
-0.027321
-0.010543
-0.012747
-0.024063
-0.023453
-0.019237
-0.023137
-0.012713
-0.023760
-0.022868
-0.016381
-0.026969
-0.031103
-0.019237
-0.044279
-0.011280
-0.006530
-0.016999
-0.018390
-0.022093
-0.020246
-0.011477
-0.027929
-0.008193
-0.017037
-0.010128
-0.017778
-0.018888
-0.008847
-0.014524
-0.004559
-0.002744
-0.001776
-0.005409
-0.021247
0.000155
-0.010741
-0.011320
-0.001197
-0.013980
-0.008806
-0.014874
-0.007265
0.001236
-0.016156
-0.010508
-0.018658
-0.028020
-0.015761
-0.013400
-0.018350
-0.009580
-0.023398
-0.028787
-0.023637
-0.010161
-0.014605
-0.021792
-0.020310
-0.018850
-0.023606
-0.020166
-0.006493
-0.004287
-0.007222
0.006876
-0.007148
-0.006490
0.003399
0.008190
-0.000618
-0.023913
-0.004946
-0.007419
-0.006684
0.001430
-0.000155
0.011474
-0.005254
-0.019628
-0.005099
-0.003706
0.001043
-0.014293
-0.015953
-0.004519
0.004868
0.003786
-0.013905
-0.018317
-0.006142
-0.008810
-0.011979
-0.001545
-0.006606
-0.006531
0.001390
-0.000696
-0.001970
-0.025995
-0.012984
-0.011242
-0.006335
-0.010354
0.003014
0.003595
-0.005408
-0.012092
0.003322
-0.005757
-0.009888
-0.011008
-0.011167
-0.013366
-0.006950
-0.008306
-0.001738
-0.017425
0.004133
-0.011980
-0.004754
-0.015955
0.002975
-0.000386
-0.008348
-0.000927
-0.005641
0.002974
0.005795
-0.008963
-0.009764
-0.017385
-0.009463
-0.002396
-0.006683
-0.006605
-0.005486
-0.006025
-0.000657
0.001352
-0.011706
-0.001313
-0.018579
-0.001700
-0.007341
-0.006609
-0.004364
-0.004675
-0.011208
-0.005370
0.005177
-0.008965
0.009117
-0.030442
-0.018816
-0.003091
0.014413
0.000657
-0.000502
-0.007107
-0.010042
0.001352
-0.032612
-0.026808
-0.002511
-0.011279
-0.015415
-0.018809
-0.000270
-0.028231
-0.008114
-0.008961
-0.004365
0.000348
-0.024690
-0.016145
0.004597
-0.017115
-0.006415
-0.008541
0.019163
-0.002163
-0.022527
-0.025378
-0.010625
-0.013984
-0.013017
-0.011780
-0.007110
-0.018433
-0.006684
-0.014644
-0.014907
-0.024298
-0.004482
-0.017158
-0.015684
-0.008923
-0.017191
-0.015027
-0.019042
-0.020009
-0.011708
-0.025887
-0.019698
-0.029096
-0.010393
-0.031480
-0.018350
-0.009931
-0.015338
-0.009041
0.002589
-0.010625
-0.010935
-0.012672
-0.009425
-0.008770
-0.005100
-0.015924
-0.008500
-0.011784
-0.012904
-0.022211
-0.015723
-0.024346
-0.022832
-0.009580
-0.005948
-0.001661
-0.020163
-0.018120
-0.013793
-0.028234
-0.006182
-0.013792
-0.016074
-0.020282
-0.000541
-0.016109
-0.029273
-0.012862
-0.013138
-0.012678
-0.007032
-0.021591
-0.005255
-0.017386
-0.033645
-0.027356
-0.041878
-0.013709
-0.030098
-0.012324
-0.019121
-0.041030
-0.034779
-0.028389
-0.033974
-0.023143
-0.016347
-0.029444
-0.002511
-0.022600
-0.019894
-0.022220
-0.018191
-0.027467
-0.021165
-0.033190
-0.031504
-0.031827
-0.023111
-0.028913
-0.014681
-0.039019
-0.013598
-0.023256
-0.027564
-0.014989
-0.014988
-0.021860
-0.014676
-0.010392
-0.011354
-0.017118
-0.011549
-0.012017
-0.026846
-0.035577
-0.025342
0.004364
-0.033112
-0.014448
0.001932
-0.005100
-0.010045
-0.005719
-0.019123
-0.023692
-0.039348
-0.022416
-0.003709
-0.025458
-0.022727
-0.017996
-0.018850
-0.025955
-0.016963
-0.018393
-0.019509
-0.008770
-0.029404
-0.010625
-0.017772
-0.007072
-0.014063
-0.021443
-0.014951
-0.011478
-0.002396
-0.023754
-0.026089
-0.017160
-0.015561
-0.012210
-0.010778
-0.002627
-0.010710
-0.012749
-0.016119
-0.022330
-0.016994
-0.020837
-0.019162
-0.009737
-0.018226
-0.010236
-0.013365
-0.005525
-0.025058
-0.009119
-0.024192
-0.019703
-0.005641
-0.028207
-0.006528
-0.004557
0.000155
-0.010469
-0.002512
-0.023180
-0.013020
-0.009465
-0.013062
-0.022364
-0.019667
-0.009582
0.016804
-0.018469
-0.004365
-0.008381
-0.008729
0.007843
-0.009272
0.002279
-0.002009
-0.010854
0.016541
-0.002434
-0.018311
-0.005215
0.001197
0.000077
-0.004557
-0.004906
-0.000386
0.000850
0.009503
0.013214
-0.014910
-0.011783
-0.010857
-0.007885
0.001507
0.008034
-0.003979
-0.005447
-0.005484
-0.012207
0.000618
-0.004211
-0.027431
0.003014
-0.002820
-0.005370
-0.000966
0.004171
-0.025110
-0.005255
0.003013
-0.013677
-0.011010
-0.015416
-0.013988
-0.003515
-0.008617
0.011896
-0.008964
-0.004327
-0.002357
0.001236
-0.025878
-0.004633
-0.008883
0.002086
-0.013366
-0.010930
-0.012055
-0.007417
0.008114
-0.012787
0.003671
-0.025646
-0.023492
-0.018122
-0.010238
-0.012594
-0.004055
0.013675
-0.017152
-0.018618
-0.014449
0.001275
-0.023877
0.000000
-0.003283
-0.002628
-0.005333
-0.006066
0.004483
-0.002859
-0.011706
-0.011044
-0.001816
-0.011549
-0.005487
-0.007029
-0.004288
-0.009426
-0.003052
-0.009234
-0.008692
-0.012167
0.009583
-0.004017
-0.013755
0.002241
-0.004751
-0.029663
-0.005563
0.011708
-0.020478
-0.013484
-0.006951
-0.018232
-0.018350
-0.020084
-0.009854
-0.008383
-0.013754
-0.005832
-0.008267
-0.017345
-0.005409
0.007574
-0.012593
-0.031468
-0.015645
-0.017262
-0.018193
-0.015800
-0.005139
-0.004753
-0.010468
-0.015919
-0.023296
-0.012171
0.000193
-0.018888
-0.004095
-0.011319
-0.008264
-0.013719
-0.012441
-0.011116
-0.006914
-0.020396
-0.035583
-0.017387
-0.007959
-0.001584
-0.005951
-0.014722
-0.026426
-0.009773
0.000464
-0.012746
-0.015607
-0.017383
-0.015646
-0.027110
-0.006799
0.001468
-0.027926
-0.017534
-0.014100
-0.009160
-0.004791
-0.024534
-0.021011
-0.023609
-0.002201
-0.024374
-0.018120
-0.018346
-0.008382
-0.015021
-0.009272
-0.012866
-0.022949
-0.040502
-0.011705
-0.009121
-0.012093
-0.027089
-0.025579
-0.004866
-0.007919
-0.019773
-0.020369
-0.015028
-0.029313
-0.020746
-0.009658
-0.015643
-0.021253
-0.036741
-0.037816
-0.019128
-0.030599
-0.020320
-0.013254
-0.028122
-0.010194
-0.029396
-0.023219
-0.024069
-0.026232
-0.033180
-0.035001
-0.024692
-0.030961
-0.011127
-0.017457
-0.011509
-0.024492
-0.020247
-0.012859
-0.006181
-0.018270
-0.019156
-0.022907
-0.018232
-0.021324
-0.004481
-0.016264
-0.031683
-0.018274
-0.016998
-0.039038
-0.027742
-0.005794
-0.005023
-0.016420
-0.011704
-0.008229
-0.014332
-0.033875
-0.033973
-0.026624
-0.019740
-0.021595
-0.010661
-0.028119
-0.011046
-0.016109
-0.020050
-0.029504
-0.020936
-0.021597
-0.000502
-0.017150
-0.019084
-0.013909
-0.018623
-0.021863
-0.030910
-0.014411
-0.025384
-0.027040
-0.010664
-0.009235
-0.027234
-0.000154
-0.012977
-0.027001
-0.016224
-0.012249
-0.014061
-0.008807
-0.006257
-0.016378
-0.010435
-0.013163
-0.008114
-0.011864
-0.015101
-0.000270
-0.021554
0.002589
-0.001662
-0.014948
-0.017800
-0.015529
-0.014988
0.003555
-0.020364
-0.024576
-0.006182
-0.006182
-0.015876
-0.019812
-0.010661
-0.019159
-0.029514
-0.013755
-0.018658
-0.012092
-0.003554
-0.015496
0.001546
-0.021369
-0.018810
-0.014912
-0.016575
-0.013138
-0.011896
-0.009849
-0.010314
0.000348
-0.001931
-0.005330
-0.010162
-0.011128
0.005181
-0.003400
-0.003980
-0.005797
-0.019122
-0.015687
-0.020788
-0.017538
-0.014872
-0.006144
-0.003323
-0.009271
-0.011166
-0.015067
0.001932
0.003554
-0.015883
-0.018268
-0.008809
-0.015761
-0.025647
-0.019625
-0.009272
-0.017730
0.005215
-0.000077
-0.004327
-0.013097
-0.026464
0.001314
-0.010160
-0.003515
-0.002163
-0.013288
-0.002009
-0.004094
0.001429
-0.023248
-0.025306
-0.022139
-0.010353
0.001854
-0.011938
0.000232
0.013053
0.002974
0.002009
-0.005758
-0.008693
-0.002782
0.012901
-0.023878
-0.012593
-0.012867
-0.018622
-0.024916
-0.023801
-0.010970
-0.001815
-0.003130
-0.000811
0.021714
-0.011434
-0.032101
-0.021252
-0.007996
-0.005562
-0.008075
-0.004907
-0.000695
-0.015140
0.000464
0.005369
-0.004326
0.005678
-0.014952
0.009541
0.011126
-0.015373
-0.008538
-0.000155
-0.004096
0.001468
0.002782
-0.004095
-0.008964
0.003130
-0.014687
-0.014295
-0.011053
-0.021866
-0.004715
-0.001392
-0.010971
-0.013637
-0.000695
0.007032
-0.020318
-0.006337
-0.022066
-0.005909
-0.014930
-0.012092
-0.006604
0.002395
-0.013287
-0.001468
-0.020436
-0.012053
-0.001893
-0.034423
-0.001777
-0.015535
-0.025192
-0.012827
-0.019627
-0.018584
-0.018855
-0.010390
-0.005794
-0.012787
-0.007378
-0.015610
-0.020907
-0.020281
-0.015104
-0.007264
-0.015611
-0.010047
-0.012673
-0.011589
-0.009616
-0.010932
-0.025263
-0.007186
-0.007572
-0.008113
-0.018353
0.003168
-0.013677
-0.007147
-0.006068
-0.024403
-0.008423
-0.005102
0.004983
-0.015107
-0.018389
-0.004098
-0.035687
-0.006257
-0.015182
-0.016691
-0.014642
-0.026550
-0.016189
-0.000541
-0.019246
-0.032033
-0.031409
-0.004249
-0.013832
-0.026470
-0.027776
-0.032270
-0.034003
-0.033499
-0.011474
-0.013055
-0.042586
-0.023832
-0.033856
-0.005370
-0.006530
0.011974
-0.013098
-0.027354
-0.026581
-0.012322
-0.015957
-0.016614
-0.013520
-0.021286
-0.026544
-0.024883
-0.013295
-0.036009
-0.011935
-0.017457
-0.026886
-0.019396
-0.026312
-0.026814
-0.024224
-0.026953
-0.031488
-0.018663
-0.028874
-0.029403
-0.015528
-0.029737
-0.016349
-0.021133
-0.024569
-0.023796
-0.027591
-0.017228
-0.016186
-0.015454
-0.013363
-0.004519
-0.015411
-0.016459
-0.023027
-0.039209
-0.023259
-0.023720
-0.027462
-0.020289
-0.033142
-0.010044
-0.012746
-0.017657
-0.010045
-0.017458
-0.034466
-0.019348
0.004096
-0.041831
-0.032842
-0.021290
-0.006298
-0.011056
-0.001933
-0.007611
-0.020941
-0.033610
-0.007032
-0.020703
-0.015606
-0.022330
-0.006258
-0.018459
-0.039299
-0.041232
-0.010701
-0.030639
-0.022612
-0.003978
-0.003786
-0.007956
-0.019666
-0.011125
-0.007225
-0.002781
-0.015571
-0.009388
-0.017497
-0.030867
-0.017619
0.000077
-0.019661
-0.004598
-0.004443
-0.007341
-0.006840
-0.012013
-0.018849
-0.021939
-0.019351
-0.006180
-0.015492
-0.009794
-0.019740
-0.003942
-0.008227
-0.018625
-0.015683
-0.006489
-0.015570
-0.005022
-0.017627
-0.013946
-0.003091
-0.018544
0.004597
-0.006413
-0.042567
-0.017655
0.004445
-0.011128
-0.021287
-0.030631
-0.004365
-0.011200
-0.006026
-0.007845
-0.012597
-0.027961
-0.009310
-0.006375
-0.007185
-0.013063
-0.005407
-0.002434
0.002048
-0.002474
-0.001622
-0.002551
0.008497
-0.015840
-0.008886
-0.010120
-0.004674
-0.014064
0.007380
0.018200
-0.001545
-0.018389
-0.005292
-0.016149
-0.014521
-0.010701
-0.002395
-0.003863
-0.019823
-0.023680
-0.020166
-0.001971
-0.001313
-0.018817
0.011359
0.002009
0.001082
0.010199
-0.024381
0.006415
0.006413
-0.003979
0.002588
-0.002472
-0.009697
-0.019622
0.006760
0.002975
-0.013138
-0.008537
-0.005831
-0.004134
0.012557
-0.005680
-0.012095
-0.018346
-0.025129
-0.025187
-0.018084
-0.001931
-0.001120
-0.009386
0.001545
-0.016916
-0.005060
-0.016803
-0.002550
-0.013219
-0.010355
0.005294
-0.006567
-0.011475
-0.012945
-0.005061
-0.016616
-0.018347
-0.024954
-0.022367
-0.003709
-0.007457
0.002743
0.012399
-0.001159
-0.010706
0.007417
-0.012075
-0.004714
-0.010893
0.000502
-0.013172
-0.006568
-0.008500
-0.001468
0.004058
-0.020477
-0.011437
-0.010816
-0.008189
-0.010547
0.007533
-0.004674
0.011629
-0.006725
0.000386
-0.003632
-0.009541
-0.015492
-0.013563
-0.007802
-0.006064
-0.007146
-0.015296
-0.010508
-0.001159
-0.001623
-0.025811
-0.014297
-0.015028
-0.016073
-0.010468
-0.014143
-0.016807
-0.011554
-0.006335
-0.024723
-0.006799
-0.011823
-0.004829
-0.007340
-0.009505
-0.000039
-0.012439
-0.021364
0.008655
0.006720
-0.000077
-0.002396
-0.021678
-0.003980
-0.027204
-0.012324
-0.018738
-0.007803
-0.016452
-0.023225
-0.002395
-0.015992
-0.010742
-0.009236
-0.008112
-0.033686
-0.023105
-0.023870
-0.021333
