0.028011
0.099160
0.196889
0.308146
0.423031
0.534388
0.637370
0.729010
0.807820
0.873434
0.926292
0.967378
0.998009
1.019663
1.033856
1.042048
1.045587
1.045663
1.043300
1.039346
1.034482
1.029236
1.023997
1.019042
1.014548
1.010617
1.007289
1.004563
1.002403
1.000756
0.999558
0.998738
0.998228
0.997964
0.997885
0.997942
0.998090
0.998296
0.998531
0.998774
0.999010
0.999228
0.999423
0.999590
0.999729
0.999842
0.999929
0.999995
1.000041
1.000071
1.000089
1.000096
1.000097
1.000092
1.000083
1.000073
1.000062
1.000051
1.000041
1.000031
1.000023
1.000016
1.000010
1.000005
1.000002
0.999999
0.999997
0.999996
0.999996
0.999996
0.999996
0.999996
0.999996
0.999997
0.999997
0.999998
0.999998
0.999999
0.999999
0.999999
1.000000
1.000000
1.000000
1.000000
1.000000
1.000000
1.000000
1.000000
1.000000
1.000000
1.000000
1.000000
1.000000
1.000000
1.000000
1.000000
1.000000
1.000000
1.000000
1.000000
1.000000
