0.000050
-0.001582
-0.004511
-0.005770
-0.004832
-0.006056
-0.006412
-0.003842
-0.001681
0.000342
0.002348
0.003610
0.003566
0.002041
0.000324
-0.000224
0.000743
0.001434
-0.000603
-0.002313
-0.000030
0.001948
0.000981
-0.001106
-0.001571
0.000684
0.004520
0.007942
0.007714
0.005379
0.002983
0.004038
0.005284
0.004898
0.004118
0.001399
-0.001948
-0.003540
-0.002887
-0.001456
-0.001813
-0.001879
-0.001538
-0.002669
-0.002141
-0.000533
0.001087
0.001511
0.000760
0.000104
0.000519
0.004596
0.007631
0.006456
0.003559
-0.000131
-0.003426
-0.004512
-0.004432
-0.004900
-0.005316
-0.004237
-0.002852
-0.002452
-0.003140
-0.003532
-0.002931
-0.002035
-0.001301
-0.001363
-0.002390
-0.003530
-0.005900
-0.007550
-0.006545
-0.005161
-0.003655
-0.002907
-0.004351
-0.005262
-0.003563
-0.000333
0.002730
0.003765
0.002271
0.000265
-0.001550
-0.005282
-0.009565
-0.011238
-0.010494
-0.007862
-0.004904
-0.001530
-0.000327
-0.001457
-0.001584
-0.003331
-0.007709
-0.010166
-0.010908
-0.009195
-0.006360
-0.004697
-0.004982
-0.006949
-0.004976
-0.001656
-0.001610
-0.002680
-0.002078
-0.002591
-0.002911
-0.003200
-0.004242
-0.002591
-0.000629
-0.000332
-0.000510
-0.003012
-0.005933
-0.005868
-0.006204
-0.008826
-0.008902
-0.008376
-0.009509
-0.008507
-0.004959
-0.002012
-0.000700
-0.000672
-0.003910
-0.006361
-0.006650
-0.006532
-0.005879
-0.006113
-0.007785
-0.010977
-0.012366
-0.011204
-0.012093
-0.013096
-0.012515
-0.011947
-0.011738
-0.011257
-0.010708
-0.010925
-0.012267
-0.013355
-0.015206
-0.018691
-0.020139
-0.016996
-0.015022
-0.013419
-0.008779
-0.003496
-0.002286
-0.003961
-0.006425
-0.009238
-0.009727
-0.008744
-0.007418
-0.006411
-0.005750
-0.004595
-0.005217
-0.007941
-0.010610
-0.012186
-0.011812
-0.011400
-0.011972
-0.013759
-0.014280
-0.012423
-0.012819
-0.014799
-0.014475
-0.013597
-0.014412
-0.014017
-0.011391
-0.008548
-0.006085
-0.006115
-0.006706
-0.005940
-0.005162
-0.006310
-0.008541
-0.008936
-0.008970
-0.009136
-0.007983
-0.006633
-0.005471
-0.003821
-0.003102
-0.003701
-0.003716
-0.003307
-0.004791
-0.007056
-0.009856
-0.008928
-0.003804
0.000103
0.000381
-0.001542
-0.004134
-0.006666
-0.008263
-0.009429
-0.008583
-0.005871
-0.006840
-0.009675
-0.008570
-0.006065
-0.005453
-0.004809
-0.001874
0.000833
0.001473
0.000719
0.000001
-0.000033
-0.000018
-0.001750
-0.005051
-0.006333
-0.006058
-0.008087
-0.009994
-0.012008
-0.012589
-0.008987
-0.003795
0.000550
-0.000408
-0.004417
-0.007437
-0.009467
-0.008793
-0.006897
-0.005105
-0.003754
-0.003999
-0.004929
-0.006295
-0.006590
-0.005251
-0.003528
-0.004393
-0.005067
-0.003385
0.000820
0.003456
0.004883
0.006034
0.005690
0.003705
0.000180
-0.003650
-0.006462
-0.007955
-0.007972
-0.006413
-0.002007
0.002535
0.007821
0.011677
0.012313
0.011500
0.010069
0.009010
0.007117
0.007011
0.007155
0.004934
0.002651
0.001991
0.001160
-0.002094
-0.004202
-0.002609
0.001093
0.004588
0.006385
0.005635
0.004311
0.004404
0.004042
0.002975
0.001268
-0.000818
0.004241
0.006874
0.009883
0.012087
0.012323
0.011301
0.008816
0.005840
0.006290
0.009394
0.011440
0.011774
0.011014
0.010769
0.011521
0.009454
0.007061
0.006009
0.004660
0.002440
0.002844
0.004849
0.006797
0.007456
0.008577
0.007198
0.003165
0.002503
0.003344
0.003820
0.005668
0.007481
0.008178
0.008438
0.008088
0.006088
0.004522
0.004076
0.004076
0.004447
0.004795
0.006445
0.008235
0.009014
0.009538
0.010282
0.010564
0.008505
0.005356
0.002725
0.002121
0.002455
0.002230
0.001970
0.001999
0.003942
0.004169
0.004270
0.005342
0.005463
0.005006
0.004973
0.005194
0.004740
0.003667
0.003353
0.001830
-0.000975
-0.002112
-0.001843
-0.001071
-0.003460
-0.005626
-0.002681
0.002280
0.003984
0.005448
0.005705
0.004814
0.002896
0.001070
0.000822
0.001040
0.000672
0.001438
0.000880
-0.001870
-0.001576
0.003372
0.007739
0.010028
0.010993
0.009541
0.005553
0.003882
0.005328
0.006149
0.003690
-0.001197
-0.005458
-0.008673
-0.009156
-0.005572
-0.001651
0.001197
0.002177
0.000571
-0.001891
-0.002544
-0.001066
0.000174
0.000340
-0.000842
-0.001408
-0.001462
-0.001409
-0.001218
-0.002421
-0.002323
0.001229
0.003257
0.002700
0.001095
-0.000987
-0.001545
0.000124
0.002955
0.006556
0.008233
0.005538
0.000700
-0.002613
-0.004799
-0.004847
-0.005169
-0.006470
-0.006546
-0.006291
-0.008071
-0.010458
-0.012069
-0.011757
-0.011483
-0.011113
-0.011420
-0.010502
-0.008072
-0.006169
-0.004777
-0.005028
-0.006104
-0.006537
-0.006649
-0.008256
-0.010150
-0.011126
-0.013324
-0.015907
-0.015520
-0.012550
-0.009296
-0.006223
-0.002392
-0.001026
-0.001166
-0.000853
-0.000974
-0.002027
-0.002758
-0.002582
-0.003016
-0.006151
-0.007018
-0.005011
-0.006088
-0.008566
-0.007621
-0.005052
-0.001940
0.001925
0.005383
0.005433
0.002979
0.000554
-0.002289
-0.004044
-0.003758
-0.003418
-0.004093
-0.003940
-0.003310
-0.000540
0.001586
0.000005
-0.000855
-0.001702
-0.003185
-0.003218
-0.001475
-0.002390
-0.006887
-0.011317
-0.014472
-0.013864
-0.011832
-0.010687
-0.009625
-0.008825
-0.006974
-0.005228
-0.003858
-0.002270
-0.000984
-0.001884
-0.004257
-0.004843
-0.004628
-0.004163
-0.002049
-0.000362
-0.001309
-0.000132
0.001087
0.001328
0.000607
0.002606
0.006037
0.006131
0.003582
-0.000010
-0.001113
0.000901
0.002955
0.003194
0.001343
0.000133
0.002291
0.001323
-0.003254
-0.004933
-0.002525
0.000157
0.001779
0.003691
0.003265
0.000818
-0.002330
-0.004388
-0.002177
-0.000244
0.001466
0.003639
0.006265
0.007732
0.008257
0.008514
0.007211
0.004287
0.000804
-0.001568
-0.002742
-0.001843
0.002560
0.005877
0.009812
0.013215
0.011699
0.009003
0.007010
0.003039
0.000220
0.001382
0.006345
0.008915
0.009769
0.009922
0.006598
0.002091
-0.000164
-0.000571
-0.000921
0.001358
0.006924
0.010167
0.008864
0.004800
0.000694
0.000744
0.003813
0.005052
0.004004
0.002389
0.001660
0.002599
0.003922
0.005017
0.006709
0.007639
0.004715
0.002737
-0.001965
-0.001777
0.000162
0.002832
0.001756
-0.003135
-0.007660
-0.009286
-0.007324
-0.003058
-0.000310
0.000430
0.001415
0.001593
0.002093
0.004826
0.005336
0.003476
-0.000183
-0.005473
-0.010024
-0.008804
-0.003071
0.001149
0.004106
0.005480
0.002893
-0.001213
-0.004287
-0.004550
-0.001779
0.000260
0.000380
-0.000051
0.000055
0.002607
0.005409
0.006515
0.006427
0.005070
0.002889
0.000784
-0.001930
-0.005552
-0.007151
-0.005938
-0.003284
-0.000519
0.001461
0.000982
-0.001786
-0.002204
-0.002076
-0.003797
-0.005303
-0.004666
-0.003646
-0.001559
0.001852
0.002753
0.001197
-0.000673
-0.001586
-0.001393
0.000083
-0.000012
-0.001465
-0.001009
-0.002910
-0.005866
-0.004919
-0.002749
0.000293
0.001480
-0.001568
-0.006545
-0.010250
-0.011360
-0.011306
-0.011054
-0.010139
-0.009627
-0.010184
-0.008977
-0.005706
-0.002305
0.000619
0.002857
0.003658
0.003358
0.002430
-0.001420
-0.006704
-0.009079
-0.008510
-0.005643
-0.002698
-0.000793
0.000931
0.000916
0.000731
-0.001212
-0.004825
-0.008624
-0.012621
-0.012218
-0.010400
-0.008518
-0.006849
-0.007569
-0.007916
-0.009353
-0.009722
-0.006883
-0.004242
-0.000313
0.005325
0.006371
0.004862
0.004670
0.003161
-0.000224
-0.002814
-0.004271
-0.006113
-0.008839
-0.010948
-0.011157
-0.010766
-0.011910
-0.013112
-0.012165
-0.007885
-0.005194
-0.007105
-0.008555
-0.011758
-0.017213
-0.021282
-0.023509
-0.020847
-0.017468
-0.017193
-0.016917
-0.013973
-0.011294
-0.013592
-0.016831
-0.017257
-0.016695
-0.016525
-0.015739
-0.014288
-0.012999
-0.014913
-0.016434
-0.017553
-0.018230
-0.016934
-0.015870
-0.016293
-0.015463
-0.013178
-0.011361
-0.009407
-0.010124
-0.013702
-0.016513
-0.016263
-0.014721
-0.012214
-0.011512
-0.010212
-0.007027
-0.006066
-0.008373
-0.011382
-0.012613
-0.013956
-0.015636
-0.016211
-0.016079
-0.014807
-0.012450
-0.011615
-0.009140
-0.006302
-0.006928
-0.008028
-0.006923
-0.004680
-0.003839
-0.005237
-0.005966
-0.006061
-0.007129
-0.008539
-0.008012
-0.008619
-0.012885
-0.016813
-0.018151
-0.018232
-0.017073
-0.015286
-0.012087
-0.007992
-0.008384
-0.011007
-0.012176
-0.011931
-0.010167
-0.008086
-0.005647
-0.004572
-0.004965
-0.004942
-0.003354
-0.002907
-0.002542
-0.001553
-0.003090
-0.004590
-0.006003
-0.007163
-0.006947
-0.004120
-0.001809
-0.001613
-0.001649
-0.001978
-0.002584
-0.004567
-0.005552
-0.004364
-0.001315
-0.000716
-0.003161
-0.006309
-0.008110
-0.010486
-0.013101
-0.010470
-0.003281
0.004471
0.007223
0.005352
0.003726
0.003548
0.002593
0.001030
-0.000917
-0.003040
-0.002456
-0.000580
0.001168
0.001566
0.000402
-0.000920
-0.000621
0.000513
0.002022
0.004375
0.005661
0.006540
0.006742
0.004839
0.003416
0.003783
0.003186
-0.000355
-0.004247
-0.005174
-0.003739
-0.002542
-0.002643
-0.001685
-0.001709
-0.001726
-0.001717
-0.000689
0.000569
0.000047
-0.000240
0.000149
0.000864
0.001817
0.003257
0.003836
0.004310
0.004109
0.001607
0.002085
0.004377
0.006829
0.007564
0.004799
0.002332
-0.000221
-0.003506
0.000189
-0.000391
-0.001364
0.000018
0.004797
0.009402
0.011585
0.011582
0.009289
0.006654
0.003857
0.001440
0.001242
0.002292
0.003063
0.006047
0.009823
0.013106
0.014171
0.013612
0.013487
0.012635
0.010087
0.008436
0.005944
0.007586
0.012123
0.014066
0.014140
0.014855
0.015111
0.012125
0.007750
0.004512
0.004503
0.005518
0.003605
0.001635
0.002800
0.005478
0.006136
0.004817
0.004058
0.001815
0.001115
0.000794
0.000748
0.002271
0.003849
0.005718
0.005078
0.003706
0.002619
0.000933
-0.001256
-0.003057
-0.001896
0.000068
0.001577
0.003478
0.006234
0.010143
0.014661
0.018353
0.017173
0.012033
0.007515
0.003984
0.002006
0.002430
0.001174
-0.000965
-0.001332
-0.001169
-0.001352
0.000171
0.002786
0.003587
0.002689
0.001401
0.000122
0.000034
-0.002264
-0.003293
-0.003774
-0.005666
-0.006654
-0.004143
0.000768
0.004169
0.005040
0.004990
0.003528
0.002244
0.001660
0.000404
0.001269
0.002482
0.002444
0.000686
0.001755
0.005204
0.004647
0.002447
0.001375
0.000839
-0.000877
-0.001328
0.000911
0.004014
0.003817
0.002143
0.002280
0.003239
0.004100
0.001827
-0.002145
-0.003327
-0.003628
-0.002386
-0.001992
-0.001195
0.000841
0.000676
-0.000591
0.000113
0.003273
0.005138
0.006114
0.004558
0.002150
0.000427
-0.001151
-0.002763
-0.003998
-0.004841
-0.005153
-0.003968
-0.002167
-0.000657
0.000654
-0.000082
-0.003586
-0.004633
-0.005063
-0.006421
-0.008765
-0.010785
-0.010687
-0.008218
-0.006123
-0.006685
-0.007938
-0.008108
-0.007212
-0.006022
-0.007965
-0.010826
-0.015075
-0.014661
-0.012007
-0.010579
-0.008584
-0.006715
-0.003454
-0.001037
-0.002083
-0.005093
-0.008042
-0.008465
-0.007568
-0.007340
-0.007884
-0.007566
-0.007195
-0.006548
-0.005749
-0.005961
-0.006381
-0.006779
-0.006801
-0.006014
-0.004381
-0.001358
0.000739
-0.000854
-0.003523
-0.005341
-0.005987
-0.005014
-0.002495
-0.000288
0.001679
0.003482
0.004305
0.004028
0.002901
0.002856
0.002413
-0.000384
-0.002769
-0.003267
-0.002587
-0.001775
-0.001516
-0.001491
0.000941
0.002485
0.001421
-0.000391
-0.001680
-0.002229
-0.001605
-0.002293
-0.003707
-0.002967
-0.000086
0.001968
0.001632
0.001637
0.003191
0.002474
0.002252
0.004550
0.006875
0.008770
0.009833
0.007260
0.002792
-0.001637
-0.003229
-0.002262
-0.001887
-0.001576
-0.000942
-0.000551
-0.001055
-0.001866
-0.001087
-0.000168
-0.000267
0.000348
0.000433
0.001837
0.003201
0.003443
0.005154
0.009315
0.011381
0.011036
0.010630
0.010029
0.009228
0.007291
0.005915
0.007168
0.007865
0.006571
0.003984
0.002175
0.001916
0.000975
0.001887
0.004019
0.003843
0.002697
0.003005
0.004922
0.006869
0.006958
0.005741
0.003983
0.003103
0.005035
0.007903
0.006691
0.004231
0.002555
0.001575
0.002825
0.007289
0.009974
0.009779
0.009413
0.008209
0.007026
0.006811
0.006758
0.006347
0.009313
0.013228
0.014678
0.014444
0.012824
0.009255
0.007310
0.008103
0.008449
0.008227
0.008580
0.002251
0.001698
0.001237
0.002561
0.004858
0.008539
0.010548
0.007988
0.004328
-0.000107
-0.001654
0.001053
0.002679
0.003195
0.004291
0.005126
0.007374
0.009674
0.009719
0.009060
0.009459
0.010112
0.008095
0.003024
-0.000953
-0.001217
-0.000684
-0.000409
-0.000157
-0.000912
-0.000034
0.001734
0.001980
0.001587
0.000636
-0.000800
-0.001502
-0.002566
-0.004039
-0.004555
-0.003715
-0.001185
0.000453
0.000083
0.000209
0.000725
0.000138
-0.000293
0.002941
0.008801
0.013586
0.016329
0.014896
0.009591
0.006874
0.004906
0.002983
-0.000173
-0.003163
-0.003613
-0.000967
0.002835
0.004041
0.002566
0.000763
-0.001166
-0.002639
-0.004143
-0.003185
-0.001474
-0.000285
0.001548
0.003483
0.003712
-0.000815
-0.007139
-0.011066
-0.013020
-0.014239
-0.013493
-0.011353
-0.009946
-0.006719
-0.002496
-0.002162
-0.002250
-0.001450
-0.001246
-0.000682
-0.000075
-0.001114
-0.003628
-0.006283
-0.008653
-0.010174
-0.011323
-0.011773
-0.010466
-0.007746
-0.005554
-0.004242
-0.005575
-0.008542
-0.008768
-0.008156
-0.008278
-0.008048
-0.007791
-0.008389
-0.008683
-0.008321
-0.008414
-0.010904
-0.012671
-0.011173
-0.009577
-0.009633
-0.010208
-0.009772
-0.008668
-0.008312
-0.008780
-0.007820
-0.005047
-0.003817
-0.005357
-0.005924
-0.005809
-0.005784
-0.005619
-0.004129
-0.004195
-0.004802
-0.003182
-0.000794
-0.002001
-0.005521
-0.009578
-0.014933
-0.017885
-0.018098
-0.015074
-0.010702
-0.009864
-0.011421
-0.011686
-0.012346
-0.014975
-0.018331
-0.020560
-0.019710
-0.017452
-0.014385
-0.013554
-0.013025
-0.014096
-0.014544
-0.013469
-0.016026
-0.018186
-0.015672
-0.010586
-0.005231
-0.003063
-0.003473
-0.004085
-0.006446
-0.009259
-0.008663
-0.007611
-0.007236
-0.005869
-0.004704
-0.003529
-0.003840
-0.006691
-0.011623
-0.015162
-0.016133
-0.016760
-0.019112
-0.020514
-0.021290
-0.017977
-0.011134
-0.006348
-0.004472
-0.005408
-0.005479
-0.003146
-0.005070
-0.009406
-0.008667
-0.006703
-0.004517
-0.002914
-0.003124
-0.003950
-0.006261
-0.008377
-0.007411
-0.004701
-0.002271
-0.003567
-0.005543
-0.006335
-0.005497
-0.004144
-0.004691
-0.005895
-0.006645
-0.006867
-0.004971
-0.001941
-0.002805
-0.005798
-0.007666
-0.008883
-0.006772
-0.004941
-0.004596
-0.004056
-0.004451
-0.005726
-0.006934
-0.007481
-0.008476
-0.009095
-0.007697
-0.005348
-0.004028
-0.004527
-0.007454
-0.010633
-0.009197
-0.005396
-0.003168
-0.004750
-0.008606
-0.011768
-0.015180
-0.015870
-0.011727
-0.006719
-0.003689
-0.001779
-0.000664
-0.001311
-0.002096
-0.002184
-0.002352
-0.001709
-0.000328
0.001379
-0.000163
-0.001815
-0.000057
0.001913
0.001479
0.000370
-0.000844
-0.003059
-0.003870
-0.002981
-0.003157
-0.005547
-0.008117
-0.007042
-0.002456
0.000700
0.000438
-0.000091
-0.000696
-0.002018
-0.004218
-0.005466
-0.005836
-0.006788
-0.007081
-0.007469
-0.004663
-0.001839
-0.002374
-0.001192
0.000881
0.002273
0.003993
0.006162
0.008969
0.010533
0.010901
0.008966
0.005463
0.003023
0.000234
-0.002488
-0.005097
-0.004789
-0.003574
-0.001957
0.005624
0.005400
0.004304
0.005752
0.008608
0.008652
0.006596
0.002362
0.000206
0.000463
0.001435
0.004066
0.005715
0.007344
0.008268
0.007562
0.007111
0.008733
0.008645
0.007145
0.007475
0.006933
0.005835
0.005287
0.005564
0.007066
0.006926
0.006825
0.007955
0.008732
0.008917
0.009262
0.009206
0.008678
0.008646
0.009063
0.008844
0.008544
0.009109
0.008291
0.005348
0.002667
0.000516
-0.000921
-0.000516
0.001348
0.002447
0.004875
0.007843
0.009728
0.010867
0.011964
0.011510
0.010290
0.010269
0.008186
0.003768
-0.000778
-0.004732
-0.005993
-0.006476
-0.004513
0.000141
0.001022
-0.000424
-0.000389
0.001520
0.002290
0.003190
0.001538
-0.000382
0.000422
0.001704
0.004041
0.004957
0.003304
0.002442
0.000296
-0.001483
-0.000147
0.001327
0.003477
0.004755
0.005338
0.004798
0.003198
0.003279
0.002247
0.001201
-0.000054
-0.000733
0.001274
0.003289
0.004391
0.005586
0.004462
0.002988
0.003080
0.001489
-0.002214
-0.005602
-0.006930
-0.007766
-0.007612
-0.001878
0.004495
0.006012
0.004324
0.001342
0.000200
-0.001763
-0.004328
-0.003214
-0.000243
0.000105
-0.002733
-0.004177
-0.003765
-0.002836
-0.001026
0.000485
0.001356
0.001159
0.001919
0.005124
0.006011
0.002452
-0.000965
-0.000890
-0.000853
-0.001445
-0.002052
-0.002977
-0.005427
-0.009001
-0.011628
-0.010268
-0.009836
-0.011785
-0.013437
-0.015566
-0.016585
-0.014725
-0.009970
-0.004027
-0.000258
0.000416
-0.002287
-0.006717
-0.010181
-0.011882
-0.013376
-0.014445
-0.010969
-0.004020
0.000216
0.002027
0.000517
-0.005018
-0.009745
-0.011004
-0.008896
-0.005352
-0.002308
-0.002121
-0.007151
-0.009676
-0.006192
-0.002700
0.000257
-0.000509
-0.004254
-0.005952
-0.005374
-0.004229
-0.003926
-0.004456
-0.005593
-0.004028
-0.001747
-0.001099
-0.001465
-0.001876
-0.003053
-0.002636
-0.000263
0.000819
-0.000702
-0.000825
-0.000847
-0.001814
-0.002198
-0.001011
-0.000013
-0.001538
-0.004025
-0.004514
-0.003277
-0.001623
-0.001884
-0.005771
-0.010074
-0.011833
-0.011282
-0.010172
-0.009643
-0.008240
-0.005332
-0.003039
-0.004078
-0.004511
-0.003395
-0.003803
-0.004429
-0.000271
0.004270
0.005135
0.003960
0.003200
0.004862
0.005091
0.000308
-0.004592
-0.005398
-0.006311
-0.009835
-0.013431
-0.012986
-0.007452
-0.003387
-0.001440
0.002087
0.003788
0.002334
-0.000393
-0.001680
-0.000465
0.001005
0.001770
0.001510
-0.000306
-0.000836
-0.002161
-0.003414
-0.001243
0.002685
0.005801
0.005688
0.001727
-0.002184
-0.002745
-0.001646
0.001911
0.006453
0.008443
0.009071
0.007471
0.008387
0.008142
0.005486
0.003139
0.003545
0.005990
0.008020
0.007195
0.004741
0.002494
0.000487
0.000026
0.000502
0.004556
0.008523
0.009015
0.008855
0.006384
0.003485
0.002495
0.002080
0.004336
0.007524
0.009362
0.010843
0.012559
0.013960
0.013851
0.013373
0.012471
0.008585
0.005286
0.003569
0.003925
0.005268
0.006116
0.009435
0.011770
0.009377
0.003744
0.000239
-0.000920
-0.000576
-0.002377
0.001632
0.004787
0.004795
0.003364
0.003213
0.001574
0.001634
0.003904
0.005238
0.005192
0.003878
0.000930
-0.000679
-0.000743
0.000322
0.001926
0.001982
0.000412
-0.000549
-0.000755
-0.000648
0.000065
0.001694
0.003280
0.004484
0.005633
0.003703
0.000172
-0.001508
-0.000703
0.000526
-0.000146
-0.001560
-0.002692
-0.003137
-0.002324
-0.001638
-0.002848
-0.005461
-0.006290
-0.003695
-0.000858
0.000577
0.001065
0.000968
-0.000061
-0.002716
-0.002284
-0.001238
-0.004144
-0.009085
-0.011676
-0.008332
-0.001951
-0.000309
-0.001444
-0.001783
-0.001051
0.001014
0.001390
0.002180
0.000755
-0.003797
-0.006898
-0.008163
-0.007429
-0.003589
-0.001211
-0.000159
-0.000821
-0.003059
-0.004528
-0.005001
-0.004803
-0.002716
-0.002632
-0.004202
-0.004673
-0.003404
-0.002881
-0.006031
-0.009255
-0.010480
-0.011424
-0.010113
-0.005878
-0.000133
0.003129
0.003385
-0.000252
-0.005100
-0.008574
-0.011113
-0.010745
-0.007696
-0.005196
-0.005650
-0.008536
-0.009951
-0.008803
-0.007113
-0.007319
-0.007956
-0.005779
-0.001488
0.000111
0.000210
-0.001055
-0.003029
-0.005728
-0.007536
-0.007769
-0.008176
-0.010204
-0.011927
-0.012161
-0.012670
-0.011397
-0.009160
-0.008257
-0.008525
-0.008963
-0.009519
-0.009479
-0.009611
-0.009425
-0.009259
-0.011113
-0.011894
-0.011635
-0.011753
-0.011709
-0.011797
-0.011600
-0.011301
-0.011693
-0.011437
-0.011317
-0.013264
-0.013821
-0.013286
-0.012356
-0.012155
-0.012735
-0.015742
-0.019612
-0.020677
-0.018731
-0.015415
-0.012255
-0.008800
-0.008234
-0.010617
-0.011527
-0.009610
-0.008441
-0.008772
-0.009544
-0.012627
-0.016273
-0.017106
-0.015831
-0.014353
-0.013001
-0.013586
-0.015064
-0.017267
-0.018503
-0.017068
-0.014315
-0.012316
-0.011759
-0.010883
-0.009841
-0.009208
-0.008706
-0.008317
-0.008403
-0.007562
-0.006610
-0.004446
-0.002120
-0.000421
-0.000968
-0.002974
-0.003841
-0.005836
-0.007274
-0.006797
-0.007295
-0.009071
-0.010330
-0.011148
-0.010622
-0.010084
-0.010616
-0.010547
-0.010975
-0.013033
-0.014128
-0.016598
-0.017199
-0.013127
-0.009033
-0.007145
-0.007256
-0.008286
-0.008144
-0.008809
-0.008697
-0.007536
-0.006200
-0.005446
-0.005995
-0.005774
-0.005055
-0.003587
-0.001004
0.001681
0.003354
0.001822
0.000564
0.000392
-0.000396
-0.000007
0.000109
-0.000476
-0.001482
-0.002017
-0.000415
0.000263
-0.000551
-0.002276
-0.005905
-0.008732
-0.009040
-0.008628
-0.007380
-0.007024
-0.009129
-0.011577
-0.011341
-0.009333
-0.008439
-0.008730
-0.009112
-0.009900
-0.010671
-0.009173
-0.005534
-0.002097
0.001893
0.004656
0.004955
0.005475
0.007505
0.008980
0.006051
0.002234
0.000513
-0.000044
0.001126
0.003285
0.006631
0.008599
0.006074
0.002808
0.001625
0.002345
0.002173
0.000004
-0.001145
0.000702
0.004078
0.004877
0.002159
-0.000199
-0.000986
-0.001578
-0.000915
0.000451
0.001288
0.002706
0.004493
0.005617
0.003006
-0.001123
-0.003371
-0.003475
-0.002708
-0.000459
0.003179
0.005377
0.004712
0.004351
0.004522
0.003480
0.001666
-0.000134
0.003686
0.003148
0.003638
0.005135
0.005301
0.006118
0.007002
0.007073
0.006053
0.006180
0.008124
0.008996
0.009386
0.009585
0.010299
0.012223
0.012553
0.010631
0.007219
0.004340
0.004067
0.005073
0.005955
0.006710
0.007259
0.008212
0.009858
0.009903
0.009350
0.007486
0.006053
0.006055
0.006207
0.006737
0.007464
0.007227
0.006771
0.008236
0.009332
0.010947
0.009060
0.003913
0.001830
0.005269
0.010041
0.012694
0.012843
0.010913
0.009781
0.006037
-0.000333
-0.002529
-0.001236
-0.000185
-0.000327
0.001104
0.001036
0.000257
0.001190
0.003098
0.005961
0.005758
0.003037
0.003415
0.004196
0.004240
0.004714
0.008564
0.012762
0.011416
0.005812
0.001474
-0.000257
-0.000663
-0.000166
0.001290
0.001778
0.002156
0.002498
0.001948
-0.000051
-0.000518
0.000046
-0.000126
0.000440
0.000761
0.000386
-0.000486
-0.001847
-0.002101
-0.002844
-0.004163
-0.005990
-0.006081
-0.006327
-0.006914
-0.005173
-0.002796
-0.000474
0.003310
0.006165
0.006610
0.005692
0.004690
0.004300
0.004792
0.004499
0.003868
0.003546
0.002980
0.001168
-0.000762
-0.002726
-0.004834
-0.004635
-0.001808
0.002280
0.003907
0.002597
0.001146
-0.001416
-0.002359
-0.001258
-0.000605
-0.001055
0.000260
0.001873
0.000043
-0.001915
-0.001901
-0.001041
0.000713
0.001078
0.001464
0.001774
-0.001248
-0.005631
-0.010708
-0.012583
-0.012053
-0.009963
-0.006929
-0.007708
-0.011161
-0.013437
-0.014746
-0.014476
-0.011725
-0.009663
-0.006237
-0.003106
-0.002463
-0.003055
-0.003717
-0.005035
-0.006371
-0.008303
-0.010920
-0.013036
-0.013327
-0.012696
-0.010586
-0.010138
-0.009581
-0.007927
-0.007706
-0.006948
-0.004963
-0.003848
-0.003119
-0.001508
0.000345
0.001001
0.001154
0.001529
-0.000028
-0.004511
-0.008597
-0.006727
-0.004798
-0.004532
-0.001165
0.003296
0.005778
0.006884
0.005847
0.002329
-0.003747
-0.008675
-0.007882
-0.005902
-0.005657
-0.005332
-0.004716
-0.005120
-0.005377
-0.004834
-0.004376
-0.002810
-0.002785
-0.002982
-0.002342
-0.000838
0.000771
0.000411
-0.000552
-0.000461
0.001530
0.001951
-0.000715
-0.003071
-0.003645
-0.002755
-0.000984
0.001874
0.004203
0.004691
0.003669
0.001171
-0.001217
-0.002931
-0.004081
-0.003348
-0.002202
-0.000970
0.000348
0.002064
0.001772
0.000887
-0.000416
-0.002425
-0.002001
-0.002205
-0.002010
0.000614
0.004364
0.006725
0.007907
0.006431
0.003552
0.002243
0.001800
0.000305
-0.001789
-0.002060
0.002808
0.006597
0.007408
0.007609
0.007079
0.008454
0.009672
0.010353
0.011192
0.010351
0.011667
0.013739
0.011772
0.008784
0.008196
0.009220
0.009957
0.009901
0.010073
0.010881
0.012966
0.016344
0.016178
0.012304
0.008294
0.005715
0.005863
0.008827
0.011300
0.011609
0.010797
0.008869
0.007959
0.008310
0.005685
0.004152
0.005619
0.007078
0.008479
0.010570
0.009184
0.006444
0.006781
0.006974
0.005809
0.004072
0.002301
0.002434
0.003672
0.007174
0.010025
0.010483
0.010524
0.011025
0.008486
-0.001155
-0.002139
-0.001034
-0.000262
-0.000987
-0.002059
-0.002520
-0.000195
0.001517
0.002639
0.001072
-0.003728
-0.007759
-0.008931
-0.008168
-0.005936
-0.000596
0.002442
0.000631
-0.002340
-0.002640
-0.003455
-0.003637
-0.001653
0.000494
0.001880
0.002247
0.003369
0.004589
0.003716
0.001439
0.000396
-0.000229
-0.000676
-0.000556
-0.000029
0.000141
0.000440
0.000537
0.000007
-0.001039
0.000401
0.002848
0.002557
0.002310
0.002778
-0.000407
-0.003606
-0.001506
-0.000190
-0.001709
-0.002521
-0.003645
-0.005700
-0.007851
-0.008357
-0.006893
-0.005526
-0.004052
-0.002465
-0.002620
-0.002806
-0.000171
0.001636
-0.001680
-0.006061
-0.008468
-0.009715
-0.009948
-0.008118
-0.004835
-0.002475
-0.002335
-0.004609
-0.006593
-0.005321
-0.004270
-0.003516
-0.002586
-0.002120
-0.002367
-0.003204
-0.003782
-0.003446
-0.004129
-0.008275
-0.011934
-0.011529
-0.007834
-0.003663
-0.001888
-0.003881
-0.005927
-0.004588
-0.002890
-0.003096
-0.004539
-0.006074
-0.008549
-0.009293
-0.006146
-0.005134
-0.006744
-0.007605
-0.006982
-0.004876
-0.004785
-0.006985
-0.009569
-0.009181
-0.008439
-0.009055
-0.009511
-0.008539
-0.007119
-0.005775
-0.004714
-0.005665
-0.010399
-0.013507
-0.012079
-0.009266
-0.008783
-0.010625
-0.010187
-0.007330
-0.005995
-0.006836
-0.007742
-0.009752
-0.011979
-0.011504
-0.009735
-0.009162
-0.011733
-0.016565
-0.018831
-0.019134
-0.018332
-0.015399
-0.013546
-0.011750
-0.011169
-0.012282
-0.013335
-0.014450
-0.016396
-0.019084
-0.020258
-0.020321
-0.017982
-0.014160
-0.010543
-0.009016
-0.009441
-0.009224
-0.007245
-0.005939
-0.006508
-0.008272
-0.009844
-0.010885
-0.009594
-0.007558
-0.008814
-0.010878
-0.011314
-0.013642
-0.016825
-0.015688
-0.010860
-0.007107
-0.005241
-0.003742
-0.003222
-0.006306
-0.011971
-0.016339
-0.017483
-0.016578
-0.013841
-0.012219
-0.010965
-0.009200
-0.008657
-0.010335
-0.012318
-0.013191
-0.010764
-0.007693
-0.006968
-0.006927
-0.007287
-0.008581
-0.011392
-0.012881
-0.013265
-0.014349
-0.013523
-0.010376
-0.009217
-0.007452
-0.004936
-0.005752
-0.007708
-0.008107
-0.007611
-0.006375
-0.004322
-0.003497
-0.003600
-0.003842
-0.003698
-0.003427
-0.003941
-0.003072
-0.003145
-0.002547
-0.000066
0.000472
-0.001560
-0.004124
-0.005970
-0.004641
-0.003607
-0.005772
-0.006775
-0.005290
-0.004383
-0.005370
-0.006103
-0.006752
-0.009327
-0.011027
-0.011054
-0.010013
-0.007084
-0.004822
-0.002385
-0.001785
-0.003957
-0.005986
-0.007279
-0.007659
-0.007079
-0.005869
-0.004571
-0.002257
0.000615
0.002338
0.002208
0.000760
0.001114
0.002588
0.003261
0.003143
0.000861
-0.002568
-0.005922
-0.008463
-0.009371
-0.008008
-0.004860
-0.002261
-0.001359
-0.002067
-0.001473
0.001334
0.002028
-0.000485
-0.002712
-0.004237
-0.007001
-0.009750
-0.009903
-0.009031
-0.005844
-0.000998
0.002259
0.002508
-0.001088
-0.003105
-0.002767
-0.001786
0.000016
0.000414
0.000503
0.001250
0.002583
0.001209
-0.003548
-0.008290
-0.010019
-0.007384
-0.004202
-0.001369
0.003385
0.007665
0.009576
0.008939
0.013779
0.011447
0.012395
0.011281
0.007528
0.004676
0.002167
-0.000909
-0.003894
-0.004344
-0.001243
0.003245
0.007335
0.013302
0.016458
0.011864
0.004636
0.000874
0.001079
0.002789
0.004852
0.007372
0.008006
0.008303
0.010494
0.012147
0.013505
0.012724
0.012405
0.014891
0.014691
0.011773
0.010188
0.009856
0.010461
0.011996
0.012778
0.011775
0.011360
0.010182
0.007341
0.004984
0.002361
0.001448
0.003530
0.005424
0.005507
0.006208
0.009201
0.009642
0.008086
0.005429
0.003549
0.002862
0.002346
0.003000
0.005639
0.007293
0.008126
0.007121
0.004869
0.004763
0.002407
0.000770
0.001208
-0.000143
-0.001239
-0.001637
-0.002159
-0.002535
-0.001705
0.000805
0.002920
0.004355
0.004611
0.002856
0.000289
-0.001244
-0.000467
0.000754
0.001762
0.002620
0.003086
0.003624
0.004075
0.002429
0.001266
0.002271
0.003813
0.003833
0.004977
0.006203
0.006377
0.006830
0.005055
0.003094
0.003498
0.006379
0.007959
0.006269
0.005155
0.001911
-0.000657
-0.000624
-0.000562
-0.000387
-0.001527
-0.002740
-0.000699
0.001284
-0.000667
-0.004891
-0.005472
-0.003025
-0.002464
-0.004197
-0.007136
-0.010474
-0.013229
-0.012193
-0.007953
-0.007368
-0.008875
-0.010354
-0.008780
-0.003776
0.003618
0.008694
0.007318
0.002358
-0.000941
-0.001814
-0.001888
-0.001282
-0.001240
-0.002850
-0.005025
-0.005249
-0.006391
-0.006725
-0.005049
-0.004691
-0.004915
-0.005491
-0.006787
-0.007771
-0.008475
-0.009720
-0.009673
-0.009180
-0.009667
-0.008723
-0.007910
-0.007011
-0.005638
-0.005311
-0.005729
-0.006759
-0.006824
-0.005354
-0.003429
-0.001471
0.001326
0.003216
0.003078
0.001199
-0.003604
-0.007911
-0.009454
-0.009979
-0.009391
-0.009442
-0.008034
-0.004523
-0.001916
0.000152
0.001252
-0.001196
-0.004191
-0.002231
-0.002319
-0.006465
-0.008914
-0.007030
-0.003007
0.001586
0.005392
0.005667
0.001529
-0.001214
-0.001887
-0.002183
-0.002618
-0.001596
-0.000251
-0.002925
-0.008813
-0.010840
-0.010376
-0.009875
-0.006354
-0.000679
0.003932
0.005043
0.004389
0.004479
0.005790
0.006072
0.005423
0.004111
0.000388
-0.002977
-0.001825
0.000082
0.001852
0.004568
0.006632
0.007686
0.007444
0.005365
0.002009
-0.000986
-0.001148
-0.000024
0.001185
0.001399
0.002208
0.004016
0.004049
0.002722
0.002616
0.002766
0.003459
0.003603
0.002751
0.003432
0.003646
0.005081
0.007461
0.003984
-0.001313
-0.000835
0.002041
0.002405
-0.000519
-0.001615
-0.000041
0.002247
0.004508
0.005407
0.003106
0.000971
0.001598
0.003387
0.004378
0.005200
0.006848
0.009272
0.011252
0.012222
0.012488
0.013711
0.012978
0.010187
0.007759
0.006674
0.005748
0.006955
0.012155
0.016209
0.014733
0.011402
0.008016
0.004643
0.002775
0.003426
0.005561
0.005599
0.002749
-0.000495
-0.000428
0.002810
0.004377
0.007020
0.011121
0.013774
0.016221
0.014433
0.011966
0.012776
0.013419
0.013674
0.013685
0.012192
0.008507
0.007259
0.009370
0.009928
0.008752
0.007937
0.000041
0.002680
0.005007
0.004060
0.000591
-0.004498
-0.009615
-0.012543
-0.011089
-0.006547
-0.002854
0.000149
0.000794
0.000047
-0.001451
-0.002186
-0.002415
-0.003029
-0.001384
0.000761
0.000814
-0.000668
-0.001547
-0.002670
-0.004928
-0.008087
-0.011114
-0.010699
-0.007661
-0.003370
0.002546
0.006825
0.006831
0.006458
0.005271
0.003128
0.001050
0.000389
-0.000170
-0.001006
-0.001361
-0.000717
0.001550
0.001320
-0.001073
-0.002815
-0.003450
-0.003514
-0.001251
0.001570
0.004814
0.006627
0.006540
0.005855
0.003962
0.000731
-0.002552
-0.004106
-0.003777
-0.002723
-0.002776
-0.003441
-0.002548
-0.000404
-0.001405
-0.004296
-0.006231
-0.007478
-0.007511
-0.006964
-0.007005
-0.006865
-0.005522
-0.005863
-0.006288
-0.005571
-0.004153
-0.002459
-0.001596
-0.000300
0.000170
-0.002136
-0.002042
0.001636
0.004815
0.006037
0.003464
0.000385
-0.003385
-0.006801
-0.008600
-0.008490
-0.007675
-0.008458
-0.007704
-0.006248
-0.005499
-0.004543
-0.003459
-0.005740
-0.009926
-0.012927
-0.014421
