0.000289
-0.008773
-0.034622
-0.067686
-0.095374
-0.130075
-0.166808
-0.188819
-0.198452
-0.196493
-0.183037
-0.162346
-0.141900
-0.130178
-0.128305
-0.129635
-0.125559
-0.117655
-0.121511
-0.135262
-0.135984
-0.125412
-0.120440
-0.127469
-0.137114
-0.133657
-0.107987
-0.062711
-0.018905
0.011550
0.028401
0.051390
0.081629
0.109641
0.133227
0.141361
0.130208
0.110020
0.093687
0.085370
0.074710
0.063403
0.053979
0.037989
0.024886
0.021042
0.026728
0.035194
0.039670
0.040261
0.042985
0.068842
0.112030
0.148831
0.169616
0.169635
0.150611
0.125183
0.100108
0.072125
0.041775
0.017899
0.002224
-0.011197
-0.028570
-0.048402
-0.065340
-0.077670
-0.086007
-0.094761
-0.109320
-0.130310
-0.164845
-0.208780
-0.247034
-0.277313
-0.298763
-0.315739
-0.341067
-0.372076
-0.393745
-0.396920
-0.382259
-0.361037
-0.348126
-0.346936
-0.355895
-0.385809
-0.440218
-0.504441
-0.564367
-0.608905
-0.636350
-0.644185
-0.644502
-0.650718
-0.657383
-0.674177
-0.716512
-0.772973
-0.833608
-0.884894
-0.920755
-0.947900
-0.977262
-1.018137
-1.048165
-1.059808
-1.071563
-1.089606
-1.104140
-1.121425
-1.140149
-1.160183
-1.186217
-1.202841
-1.208486
-1.212841
-1.218665
-1.238856
-1.275251
-1.310782
-1.348220
-1.400748
-1.453489
-1.502772
-1.558078
-1.607270
-1.635744
-1.646884
-1.650209
-1.653370
-1.675203
-1.711203
-1.749098
-1.786534
-1.820236
-1.855293
-1.899768
-1.962181
-2.032259
-2.095435
-2.163554
-2.237375
-2.307886
-2.375186
-2.441347
-2.504837
-2.565291
-2.627120
-2.696755
-2.772755
-2.859545
-2.966512
-3.081922
-3.179346
-3.265399
-3.342177
-3.392314
-3.412172
-3.425152
-3.447883
-3.484894
-3.538108
-3.594120
-3.644440
-3.687067
-3.723897
-3.756957
-3.783288
-3.812976
-3.858131
-3.918545
-3.987994
-4.055356
-4.120332
-4.188705
-4.267477
-4.349059
-4.419728
-4.492411
-4.576447
-4.658884
-4.736387
-4.818619
-4.898767
-4.964050
-5.013124
-5.048089
-5.083123
-5.121297
-5.154704
-5.183120
-5.217796
-5.265474
-5.315587
-5.366035
-5.418049
-5.463581
-5.500915
-5.531201
-5.551782
-5.568386
-5.588712
-5.609256
-5.627895
-5.655421
-5.695610
-5.751324
-5.801756
-5.823190
-5.822517
-5.820410
-5.829325
-5.853085
-5.891429
-5.939117
-5.993868
-6.044062
-6.078490
-6.118449
-6.175010
-6.224888
-6.259694
-6.290492
-6.317178
-6.326892
-6.321135
-6.311713
-6.306467
-6.304896
-6.303397
-6.301681
-6.309529
-6.336435
-6.371507
-6.405462
-6.451337
-6.508528
-6.577149
-6.648969
-6.700440
-6.722656
-6.720475
-6.724124
-6.750737
-6.794152
-6.848593
-6.898695
-6.937062
-6.964221
-6.983053
-7.003200
-7.028711
-7.062025
-7.096551
-7.122553
-7.137950
-7.158066
-7.182265
-7.197138
-7.188183
-7.164575
-7.133500
-7.096536
-7.062067
-7.039248
-7.036346
-7.055082
-7.089308
-7.131721
-7.174406
-7.208072
-7.216139
-7.197737
-7.148776
-7.078408
-7.005820
-6.939072
-6.881448
-6.830481
-6.790637
-6.751382
-6.711341
-6.683795
-6.668851
-6.657327
-6.650239
-6.661726
-6.685444
-6.700203
-6.693936
-6.667894
-6.631628
-6.599484
-6.574744
-6.549307
-6.525729
-6.508005
-6.500019
-6.482483
-3.247621
-3.186245
-3.107873
-3.017133
-2.925109
-2.838900
-2.766809
-2.711623
-2.653810
-2.578207
-2.490865
-2.401619
-2.316777
-2.233380
-2.145704
-2.069893
-2.007831
-1.951839
-1.903634
-1.868197
-1.830464
-1.781273
-1.720992
-1.656951
-1.586505
-1.523981
-1.484617
-1.449067
-1.408749
-1.365757
-1.312163
-1.248120
-1.179977
-1.110230
-1.042575
-0.986415
-0.939049
-0.894069
-0.849038
-0.801975
-0.752989
-0.694755
-0.626585
-0.554003
-0.478132
-0.397569
-0.315246
-0.244779
-0.192250
-0.154521
-0.120106
-0.083734
-0.048795
-0.015766
0.016921
0.060548
0.105761
0.152094
0.205170
0.259261
0.310470
0.361061
0.412718
0.461576
0.504317
0.545394
0.577698
0.593945
0.603937
0.615934
0.632821
0.635981
0.626204
0.632826
0.667955
0.713035
0.766394
0.821114
0.870812
0.909579
0.937762
0.964456
0.992413
1.018327
1.048615
1.075566
1.086632
1.099381
1.140457
1.206547
1.286253
1.372198
1.450246
1.505977
1.552547
1.607456
1.667024
1.712217
1.729275
1.722304
1.697416
1.670153
1.664274
1.681641
1.715475
1.754670
1.783892
1.797561
1.805311
1.819180
1.838302
1.857421
1.869394
1.877946
1.886514
1.895738
1.906549
1.911305
1.917418
1.944685
1.984345
2.021129
2.048825
2.064850
2.078158
2.101321
2.140704
2.200634
2.270272
2.324791
2.351946
2.360332
2.356259
2.351708
2.345025
2.330647
2.315759
2.302426
2.278963
2.241906
2.195674
2.151196
2.108291
2.067617
2.025133
1.987681
1.963970
1.951032
1.945989
1.939529
1.926897
1.911714
1.895786
1.870509
1.834210
1.792186
1.737509
1.668050
1.600883
1.550826
1.519478
1.505731
1.513842
1.529611
1.544420
1.560937
1.576733
1.586511
1.592128
1.598849
1.603260
1.589823
1.571472
1.564637
1.551618
1.524273
1.502133
1.494545
1.504664
1.536884
1.588924
1.641427
1.680014
1.704668
1.712775
1.710559
1.710164
1.711899
1.710106
1.709723
1.713076
1.732130
1.763186
1.784981
1.801565
1.813225
1.816422
1.819328
1.832047
1.839500
1.821300
1.777726
1.716064
1.658189
1.612305
1.572629
1.538189
1.507829
1.488232
1.478966
1.478003
1.486460
1.502468
1.513857
1.512393
1.508018
1.504556
1.502976
1.512615
1.531288
1.544253
1.563911
1.590967
1.619910
1.645012
1.681626
1.737555
1.793624
1.834895
1.855423
1.869699
1.895874
1.933947
1.973206
2.001713
2.023111
2.056979
2.085417
2.087589
2.080054
2.086185
2.107836
2.139128
2.181600
2.221519
2.247151
2.254637
2.250630
2.260054
2.281159
2.312729
2.357571
2.417594
2.486028
2.557546
2.630721
2.696675
2.745752
2.774266
2.788925
2.796850
2.809967
2.848045
2.904942
2.984319
3.082919
3.172570
3.246554
3.309278
3.349648
3.374176
3.405720
3.466023
3.541026
3.620679
3.700895
3.761368
3.795097
3.815229
3.832443
3.847031
3.874311
3.933369
4.011196
4.081985
4.129842
4.154668
4.180352
4.224020
4.275001
4.320079
4.355931
4.387567
4.424538
4.469082
4.519821
4.580122
4.645597
-1.805778
4.704882
0.188560
0.173464
0.169480
0.180770
0.185849
0.162847
0.113872
0.055545
0.008463
-0.014164
-0.021070
-0.023799
-0.020991
-0.017299
-0.010907
0.011042
0.035869
0.050009
0.043173
0.006025
-0.057187
-0.113361
-0.136804
-0.136240
-0.118815
-0.093567
-0.083218
-0.096703
-0.128112
-0.160976
-0.177772
-0.182883
-0.187389
-0.194432
-0.200971
-0.193216
-0.169458
-0.138882
-0.108161
-0.084748
-0.073556
-0.074270
-0.090388
-0.127437
-0.174196
-0.214026
-0.238266
-0.246356
-0.242904
-0.241963
-0.256414
-0.272924
-0.288784
-0.314784
-0.349825
-0.381453
-0.407121
-0.421010
-0.415898
-0.406060
-0.405257
-0.414976
-0.429603
-0.442654
-0.446808
-0.451468
-0.464578
-0.475227
-0.496912
-0.535589
-0.568827
-0.589804
-0.593752
-0.591419
-0.606969
-0.651374
-0.717467
-0.789925
-0.861451
-0.930920
-0.994549
-1.055003
-1.118622
-1.175331
-1.213455
-1.232135
-1.234146
-1.223464
-1.208332
-1.195014
-1.186919
-1.200811
-1.244717
-1.301538
-1.354464
-1.390750
-1.409884
-1.417772
-1.415482
-1.412731
-1.410610
-1.419267
-1.447849
-1.497112
-1.568188
-1.636173
-1.693766
-1.741278
-1.780189
-1.823923
-1.869819
-1.924075
-1.980866
-2.022441
-2.050523
-2.057751
-2.034469
-2.006610
-1.988432
-1.972126
-1.964942
-1.977182
-2.003901
-2.037958
-2.081100
-2.138549
-2.206968
-2.275689
-2.341552
-2.413535
-2.492249
-2.565727
-2.614812
-2.648652
-2.693644
-2.747005
-2.818813
-2.922051
-3.048741
-3.188265
-3.312504
-3.417291
-3.520402
-3.621840
-3.706362
-3.775551
-3.857971
-3.959018
-4.062576
-4.163039
-4.262668
-4.357892
-4.444871
-4.524502
-4.615158
-4.714622
-4.820535
-4.930264
-5.032390
-5.128149
-5.226050
-5.318988
-5.398748
-5.468045
-5.526054
-5.588324
-5.671553
-5.771361
-5.870081
-5.960183
-6.035840
-6.107188
-6.170817
-6.216176
-6.256116
-6.309168
-6.379247
-6.456219
-6.540911
-6.635169
-6.732553
-6.829146
-6.918444
-6.994358
-7.065948
-7.123878
-7.165888
-7.211481
-7.262966
-7.307597
-7.338898
-7.365306
-7.399915
-7.438829
-7.478178
-7.523396
-7.576759
-7.627260
-7.681144
-7.759367
-7.860089
-7.968503
-8.077476
-8.179848
-8.272051
-8.346145
-8.396779
-8.449464
-8.517000
-8.591133
-8.663518
-8.725288
-8.774958
-8.810785
-8.840801
-8.873506
-8.906477
-8.930885
-8.953324
-8.973778
-8.988099
-9.010888
-9.042361
-9.081620
-9.126697
-9.169873
-9.196716
-9.210446
-9.223514
-9.237465
-9.253711
-9.273790
-9.305126
-9.341675
-9.371216
-9.382837
-9.390584
-9.412603
-9.453463
-9.505672
-9.572180
-9.653588
-9.719502
-9.743807
-9.723414
-9.687000
-9.661031
-9.644180
-9.627707
-9.615935
-9.612968
-9.620872
-9.640534
-9.656601
-9.661627
-9.656594
-9.649164
-9.647928
-9.653693
-9.657613
-9.655313
-9.644603
-9.620651
-9.589411
-9.553138
-9.516317
-9.490978
-9.474003
-9.454764
-9.438240
-9.441686
-9.467774
-9.499568
-9.523397
-9.540611
-9.559042
-9.573135
-9.588512
-9.604254
-9.619797
-9.629515
-9.632007
-9.637148
-9.643702
-9.647973
-9.648129
-9.642766
-9.629076
-9.611969
-9.592109
-9.573407
-9.568954
-9.561439
-9.540373
-9.504951
-9.465445
-9.442164
-9.433431
-14.433907
-9.432347
-3.427921
-3.402771
-3.382935
-3.354956
-3.299496
-3.217714
-3.123477
-3.029383
-2.948508
-2.882834
-2.833291
-2.797585
-2.762978
-2.722342
-2.677293
-2.615231
-2.531646
-2.429306
-2.320870
-2.215659
-2.111209
-2.011701
-1.926869
-1.851594
-1.790690
-1.720466
-1.624321
-1.517087
-1.409453
-1.297710
-1.184370
-1.088037
-1.016702
-0.963848
-0.910980
-0.852282
-0.804570
-0.768042
-0.724653
-0.665701
-0.602983
-0.548030
-0.497517
-0.459888
-0.426287
-0.394510
-0.362779
-0.322066
-0.272245
-0.211772
-0.154949
-0.106067
-0.063573
-0.030842
-0.010647
-0.000796
0.015662
0.043168
0.078751
0.124899
0.186911
0.271427
0.381988
0.513975
0.639303
0.735336
0.805660
0.855841
0.894926
0.936501
0.970646
0.992311
1.011889
1.032500
1.051849
1.079545
1.121921
1.168736
1.210351
1.244802
1.272462
1.300062
1.314457
1.322946
1.328590
1.323242
1.312016
1.315081
1.346432
1.397627
1.454224
1.510724
1.558686
1.599152
1.636425
1.666939
1.702937
1.746211
1.789404
1.822865
1.862830
1.922806
1.979747
2.024475
2.063609
2.099983
2.126868
2.151696
2.189466
2.244623
2.298444
2.342575
2.387341
2.437424
2.491793
2.531937
2.547589
2.554821
2.559069
2.569311
2.580814
2.596328
2.623594
2.650068
2.669782
2.694495
2.738218
2.793449
2.855091
2.908668
2.949151
2.980153
3.002250
3.015101
3.020675
3.020972
3.019053
3.023649
3.038433
3.061833
3.092758
3.119518
3.126215
3.126933
3.125246
3.115818
3.092924
3.058383
3.024316
3.004295
2.996159
2.984681
2.965900
2.946030
2.931162
2.922975
2.903490
2.867436
2.806983
2.749007
2.706429
2.672306
2.650024
2.638860
2.646703
2.668716
2.684902
2.683767
2.665627
2.644992
2.629348
2.614806
2.596977
2.580728
2.566406
2.555786
2.549837
2.542875
2.533530
2.521772
2.509762
2.502058
2.503359
2.521651
2.551708
2.572630
2.578474
2.574051
2.565913
2.563089
2.574480
2.598619
2.633953
2.679391
2.729491
2.778102
2.820428
2.862815
2.902961
2.927337
2.938373
2.946874
2.959671
2.977152
2.995846
3.014572
3.047020
3.088097
3.122794
3.146765
3.163225
3.176601
3.193795
3.207443
3.213163
3.223139
3.249738
3.288553
3.325889
3.363313
3.409188
3.450376
3.490109
3.543299
3.610541
3.688900
3.772879
3.842014
3.885627
3.903524
3.912029
3.925615
3.940976
3.958084
3.979024
4.002586
4.023425
4.039526
4.059891
4.085128
4.109806
4.138633
4.168071
4.205187
4.249634
4.295290
4.351155
4.431345
4.524075
4.615689
4.705418
4.791848
4.873927
4.945152
5.008822
5.079801
5.154584
5.221727
5.274150
5.316261
5.356798
5.392038
5.432293
5.484532
5.535669
5.580194
5.626631
5.684546
5.754094
5.824512
5.888632
5.942525
5.990205
6.047953
6.121515
6.187737
6.239337
6.280606
6.315547
6.357316
6.424696
6.507701
6.590000
6.670254
6.743600
6.810439
6.876357
6.942204
7.005702
7.086286
7.189496
7.301153
7.411442
7.512311
7.592670
7.661808
7.735426
7.811043
-5.236944
7.924002
0.964554
0.963808
0.960478
0.964797
0.982296
1.020822
1.070795
1.106067
1.120339
1.109166
1.089073
1.084441
1.089060
1.096566
1.110251
1.128604
1.159751
1.204005
1.248423
1.289007
1.331832
1.378377
1.413339
1.419136
1.401977
1.383097
1.367034
1.352394
1.339199
1.321820
1.309675
1.307935
1.307936
1.306036
1.299070
1.283928
1.264695
1.239187
1.204913
1.167369
1.134565
1.116214
1.107311
1.096505
1.086328
1.079172
1.068868
1.056228
1.062053
1.101192
1.167452
1.249233
1.322740
1.365832
1.393548
1.409889
1.415045
1.402221
1.372500
1.340510
1.323813
1.328969
1.341144
1.344990
1.338653
1.321239
1.295322
1.260537
1.230798
1.210553
1.197193
1.194510
1.203143
1.213288
1.197447
1.145231
1.070525
0.984701
0.891854
0.802938
0.725701
0.656522
0.606136
0.580207
0.556576
0.532757
0.513586
0.495526
0.480546
0.468789
0.451113
0.419455
0.373037
0.313457
0.245319
0.170764
0.093781
0.024296
-0.029479
-0.070218
-0.102914
-0.142929
-0.199710
-0.257486
-0.311291
-0.365249
-0.417367
-0.467510
-0.520602
-0.575311
-0.628194
-0.681685
-0.749610
-0.828247
-0.898854
-0.961089
-1.024768
-1.093015
-1.160522
-1.223616
-1.286105
-1.352060
-1.412817
-1.457666
-1.495214
-1.541019
-1.589306
-1.635966
-1.681414
-1.724874
-1.758863
-1.792579
-1.829524
-1.857244
-1.871443
-1.892884
-1.934839
-2.000229
-2.096326
-2.209340
-2.323573
-2.420442
-2.492208
-2.559125
-2.634935
-2.712252
-2.793378
-2.889645
-3.005251
-3.133761
-3.257544
-3.368539
-3.462092
-3.550982
-3.636912
-3.728966
-3.823518
-3.911819
-4.014528
-4.129145
-4.228876
-4.299086
-4.338344
-4.365181
-4.394651
-4.428027
-4.475195
-4.538667
-4.598869
-4.653191
-4.705436
-4.749743
-4.787322
-4.818039
-4.850362
-4.899030
-4.976129
-5.073601
-5.176569
-5.283206
-5.403791
-5.532844
-5.666246
-5.780313
-5.855279
-5.902814
-5.939147
-5.980587
-6.022517
-6.051280
-6.091186
-6.155773
-6.216078
-6.265230
-6.301843
-6.329231
-6.357645
-6.390315
-6.435940
-6.493643
-6.545640
-6.582194
-6.605525
-6.636668
-6.679080
-6.726266
-6.768721
-6.803449
-6.841130
-6.885244
-6.933267
-6.982337
-7.020771
-7.042349
-7.069050
-7.112941
-7.167530
-7.228901
-7.278067
-7.316513
-7.352568
-7.385016
-7.419733
-7.462139
-7.511705
-7.564400
-7.622710
-7.684285
-7.738182
-7.778805
-7.811774
-7.848026
-7.901844
-7.973834
-8.036997
-8.078232
-8.106456
-8.143579
-8.202902
-8.280421
-8.377373
-8.477833
-8.554357
-8.602732
-8.634258
-8.655383
-8.671022
-8.690617
-8.714425
-8.737779
-8.760599
-8.778302
-8.787091
-8.785938
-8.793288
-8.809522
-8.815447
-8.810134
-8.807693
-8.811808
-8.822495
-8.845805
-8.873787
-8.896461
-8.920150
-8.957464
-9.009585
-9.055644
-9.075438
-9.077247
-9.080825
-9.087984
-9.100410
-9.123191
-9.160982
-9.207624
-9.257060
-9.311758
-9.367449
-9.424306
-9.464083
-9.486509
-9.510791
-9.527376
-9.531244
-9.526486
-9.511829
-9.485252
-9.443381
-9.393703
-9.342928
-9.303479
-9.284047
-9.278385
-9.288106
-9.312892
-9.351974
-9.388806
-19.320257
-9.404810
-3.543055
-3.488049
-3.439512
-3.382569
-3.308845
-3.234510
-3.171788
-3.133375
-3.107459
-3.080160
-3.047154
-2.998910
-2.941298
-2.874448
-2.802416
-2.734574
-2.669413
-2.595027
-2.521181
-2.455891
-2.388729
-2.324715
-2.267107
-2.212769
-2.156911
-2.092495
-2.028918
-1.965988
-1.896683
-1.823036
-1.748440
-1.671944
-1.595760
-1.522521
-1.449291
-1.373446
-1.298645
-1.225454
-1.149048
-1.077413
-1.022762
-0.983641
-0.956986
-0.938570
-0.917721
-0.886107
-0.848156
-0.796234
-0.727357
-0.647871
-0.562056
-0.470161
-0.380964
-0.298711
-0.216346
-0.145508
-0.099771
-0.080295
-0.083948
-0.095248
-0.109341
-0.111951
-0.087599
-0.058049
-0.036563
-0.014628
0.018294
0.055670
0.098189
0.131111
0.152678
0.178339
0.210988
0.257187
0.308903
0.351417
0.389170
0.414551
0.429640
0.452600
0.484179
0.527897
0.578673
0.632488
0.682868
0.723858
0.765318
0.801018
0.830877
0.853644
0.872821
0.903576
0.945806
0.994487
1.050213
1.099868
1.141557
1.184215
1.218404
1.232150
1.227130
1.214892
1.198049
1.182039
1.198854
1.252364
1.314524
1.366827
1.402101
1.430972
1.448731
1.451894
1.461449
1.487814
1.515721
1.526578
1.528084
1.530905
1.538061
1.554487
1.578537
1.606843
1.633704
1.664943
1.714823
1.770241
1.805779
1.822417
1.840311
1.859144
1.875013
1.887665
1.895172
1.888613
1.861411
1.818957
1.784120
1.751657
1.707950
1.654728
1.589295
1.518016
1.457361
1.423851
1.424260
1.446142
1.471795
1.481892
1.466517
1.431173
1.386000
1.332154
1.272055
1.231813
1.231384
1.255069
1.288872
1.313930
1.307303
1.273699
1.233248
1.205640
1.199276
1.211158
1.224617
1.209546
1.180054
1.170236
1.179930
1.206043
1.227145
1.226337
1.215518
1.207756
1.206510
1.207257
1.205270
1.196732
1.197132
1.210618
1.227802
1.242805
1.255222
1.260803
1.268873
1.290618
1.318739
1.338262
1.357079
1.375689
1.388537
1.398989
1.416526
1.439986
1.454397
1.454337
1.451612
1.456231
1.470474
1.483356
1.474205
1.440480
1.396393
1.354867
1.319514
1.287155
1.263016
1.255853
1.261552
1.260958
1.257863
1.261193
1.261869
1.258656
1.279405
1.326497
1.378996
1.425332
1.467731
1.519416
1.572079
1.597181
1.593728
1.585016
1.571053
1.537432
1.483777
1.432896
1.413989
1.418324
1.433273
1.467972
1.512449
1.548745
1.569875
1.584206
1.605791
1.635755
1.669554
1.700996
1.721224
1.738252
1.748183
1.751180
1.766463
1.804007
1.859504
1.915133
1.949272
1.962496
1.973741
1.992079
2.031280
2.096728
2.173634
2.253951
2.324131
2.398777
2.471831
2.529790
2.574738
2.622148
2.683393
2.756157
2.823920
2.877442
2.918540
2.948895
2.977081
3.007958
3.061853
3.137841
3.215797
3.291636
3.352215
3.395015
3.431248
3.464805
3.511347
3.576147
3.651608
3.735899
3.830285
3.932961
4.035312
4.135279
4.230579
4.303872
4.357975
4.401990
4.448202
4.502455
4.561728
4.640076
4.731779
4.809737
4.855481
4.881172
-12.122766
4.892905
0.460137
0.465601
0.489126
0.512737
0.528142
0.542490
0.547211
0.552076
0.569870
0.595335
0.620562
0.638319
0.639253
0.630982
0.622286
0.619613
0.626059
0.632775
0.630460
0.622590
0.613488
0.604935
0.600443
0.605310
0.619303
0.640149
0.667408
0.683480
0.679264
0.665376
0.656037
0.653657
0.647349
0.632785
0.611579
0.587751
0.568418
0.552781
0.530077
0.492451
0.450320
0.423223
0.412418
0.410100
0.411082
0.412049
0.407478
0.387831
0.370576
0.359038
0.330476
0.273041
0.200381
0.146880
0.130211
0.123333
0.110393
0.096010
0.086276
0.088617
0.092735
0.100822
0.100268
0.073171
0.028072
-0.024387
-0.072498
-0.098360
-0.110410
-0.116324
-0.125986
-0.148546
-0.179738
-0.213881
-0.246692
-0.267020
-0.286439
-0.314752
-0.345990
-0.370275
-0.391708
-0.431105
-0.488954
-0.553917
-0.624688
-0.688243
-0.727505
-0.733744
-0.721046
-0.706650
-0.713015
-0.747110
-0.800852
-0.868956
-0.934648
-0.982412
-1.015219
-1.050180
-1.101507
-1.160678
-1.212892
-1.255032
-1.298131
-1.345045
-1.379816
-1.390048
-1.390897
-1.390871
-1.397633
-1.415197
-1.448035
-1.491406
-1.536542
-1.584759
-1.645654
-1.717548
-1.791954
-1.870345
-1.942400
-2.002442
-2.057811
-2.114965
-2.174713
-2.237439
-2.299493
-2.361710
-2.422065
-2.480573
-2.548913
-2.621144
-2.691583
-2.762661
-2.833619
-2.905300
-2.976065
-3.045280
-3.116833
-3.186997
-3.256497
-3.337160
-3.421036
-3.501948
-3.577677
-3.652405
-3.730617
-3.826279
-3.944323
-4.068591
-4.181730
-4.275788
-4.351686
-4.407862
-4.460972
-4.527973
-4.600471
-4.662152
-4.717182
-4.774027
-4.834990
-4.912994
-5.011051
-5.113149
-5.207487
-5.293028
-5.370532
-5.451095
-5.540071
-5.642047
-5.751661
-5.853594
-5.940444
-6.016277
-6.089072
-6.156949
-6.218763
-6.276755
-6.331912
-6.385063
-6.438790
-6.487603
-6.530927
-6.561490
-6.577815
-6.584079
-6.593346
-6.614085
-6.639894
-6.677071
-6.722621
-6.765713
-6.811844
-6.868234
-6.931774
-6.999690
-7.064187
-7.125555
-7.190541
-7.255601
-7.323132
-7.402304
-7.487556
-7.586370
-7.687747
-7.765504
-7.819994
-7.863694
-7.907936
-7.958075
-8.007488
-8.061471
-8.115953
-8.164478
-8.205667
-8.242346
-8.282267
-8.321038
-8.355200
-8.380533
-8.390750
-8.385201
-8.369680
-8.362678
-8.363239
-8.365615
-8.372804
-8.377359
-8.380746
-8.387298
-8.399597
-8.415315
-8.421805
-8.424288
-8.431417
-8.448035
-8.484827
-8.537950
-8.593110
-8.646172
-8.692477
-8.737252
-8.794806
-8.866895
-8.937568
-8.996384
-9.050241
-9.105929
-9.163496
-9.225059
-9.290360
-9.345493
-9.377606
-9.388436
-9.375631
-9.347081
-9.317199
-9.284781
-9.241691
-9.191211
-9.158016
-9.146522
-9.144456
-9.145208
-9.139264
-9.121345
-9.084484
-9.036702
-9.003665
-8.988949
-8.980269
-8.966947
-8.954525
-8.954791
-8.961673
-8.957855
-8.935122
-8.908755
-8.899567
-8.905478
-8.917319
-8.934027
-8.947677
-8.952866
-8.951818
-8.941314
-8.919521
-8.890764
-8.877109
-8.887112
-8.910055
-8.933675
-8.952478
-8.957870
-8.942136
-8.913979
-8.890176
-8.868901
-8.846930
-8.831208
-24.456505
-8.799686
-3.563137
-3.517961
-3.469736
-3.412719
-3.354671
-3.292006
-3.224149
-3.155671
-3.092794
-3.029032
-2.954137
-2.874421
-2.792615
-2.709673
-2.622751
-2.524998
-2.425418
-2.336786
-2.267728
-2.215153
-2.164163
-2.107483
-2.045739
-1.979595
-1.910270
-1.835497
-1.751370
-1.667158
-1.586293
-1.516361
-1.454894
-1.393619
-1.331624
-1.266675
-1.197596
-1.129867
-1.064711
-0.991121
-0.911225
-0.822061
-0.743715
-0.694905
-0.658089
-0.601586
-0.517725
-0.418616
-0.318583
-0.229491
-0.146830
-0.085771
-0.061348
-0.049559
-0.030426
-0.005209
0.019419
0.052492
0.085305
0.113653
0.147240
0.191621
0.252299
0.311683
0.355460
0.401432
0.451785
0.502296
0.555421
0.630468
0.729680
0.821384
0.881200
0.916323
0.941467
0.964072
0.989274
1.022784
1.059041
1.097456
1.138013
1.175715
1.202100
1.225667
1.252185
1.277735
1.306696
1.337462
1.366102
1.389922
1.406055
1.420568
1.430618
1.432973
1.424814
1.416280
1.406506
1.393638
1.391014
1.402137
1.426720
1.473212
1.536467
1.602809
1.664391
1.720397
1.774146
1.830625
1.885373
1.936672
1.986163
2.032324
2.068013
2.092632
2.106057
2.107227
2.108932
2.126087
2.166057
2.214798
2.255599
2.287653
2.304561
2.315750
2.333168
2.354382
2.373125
2.399605
2.435615
2.461474
2.476493
2.491900
2.512386
2.542933
2.575508
2.610204
2.646582
2.665561
2.659319
2.623933
2.577776
2.534598
2.503317
2.489331
2.470719
2.432088
2.380203
2.320636
2.262507
2.220087
2.189421
2.178358
2.185267
2.195899
2.203293
2.207128
2.203416
2.191948
2.169667
2.132923
2.084630
2.035172
1.989747
1.956808
1.926587
1.899345
1.881047
1.863522
1.849996
1.847521
1.850986
1.858259
1.874902
1.902636
1.934640
1.967965
2.003377
2.029322
2.029360
2.006228
1.994015
1.992963
1.993286
2.012994
2.058426
2.118159
2.184265
2.244594
2.284626
2.289641
2.266562
2.247808
2.240021
2.233348
2.228064
2.225769
2.221125
2.215518
2.213660
2.214603
2.224265
2.234104
2.243096
2.255796
2.276887
2.307077
2.334826
2.356775
2.379300
2.413303
2.449933
2.471584
2.480186
2.485754
2.496747
2.517985
2.555154
2.605221
2.657732
2.704705
2.738124
2.757821
2.767019
2.769068
2.774971
2.787709
2.808573
2.837136
2.875215
2.911912
2.943731
2.968219
2.981068
2.995858
3.009531
3.024312
3.053799
3.104924
3.169892
3.241651
3.305685
3.353944
3.395037
3.433214
3.461794
3.477783
3.492447
3.534999
3.599368
3.669193
3.741235
3.811100
3.889327
3.974743
4.064174
4.158529
4.247964
4.344889
4.453565
4.551044
4.631820
4.709162
4.791814
4.878409
4.965160
5.053504
5.146812
5.251860
5.375957
5.498930
5.600027
5.678916
5.743567
5.808825
5.890511
5.985742
6.081995
6.172561
6.250772
6.322398
6.394876
6.451772
6.499678
6.556340
6.622379
6.697608
6.785740
6.866145
6.930659
6.996507
7.062947
7.122640
7.172394
7.211921
7.252130
7.299511
7.367213
7.451639
7.539063
7.626886
-15.831597
7.755570
1.556019
1.533155
1.516665
1.504637
1.488525
1.466407
1.441661
1.430011
1.428046
1.432443
1.427776
1.395554
1.340203
1.278088
1.220273
1.175200
1.160681
1.163553
1.156017
1.131355
1.104935
1.073834
1.041656
1.020828
1.012292
1.011694
1.013170
1.021045
1.035880
1.045680
1.042406
1.033111
1.020166
1.004535
0.989502
0.977428
0.966264
0.956771
0.947749
0.935526
0.917160
0.906949
0.910672
0.912691
0.913248
0.916614
0.902066
0.869376
0.848722
0.835720
0.814246
0.788405
0.756148
0.711822
0.654855
0.594838
0.543244
0.499643
0.464805
0.439384
0.413317
0.386194
0.373991
0.371925
0.350745
0.304486
0.244270
0.176553
0.107194
0.048253
0.008251
-0.017996
-0.043278
-0.081678
-0.131325
-0.173369
-0.209286
-0.240926
-0.267181
-0.290804
-0.315943
-0.345937
-0.379293
-0.410757
-0.446196
-0.505391
-0.585425
-0.663160
-0.719917
-0.752970
-0.775832
-0.809896
-0.855253
-0.892571
-0.919968
-0.948430
-0.985025
-1.030375
-1.089901
-1.153659
-1.199325
-1.238941
-1.287493
-1.340646
-1.389774
-1.426546
-1.462708
-1.511405
-1.574821
-1.636009
-1.692995
-1.753613
-1.816954
-1.874917
-1.925068
-1.968186
-2.006089
-2.050153
-2.121938
-2.211920
-2.293946
-2.360068
-2.423503
-2.497375
-2.568514
-2.622994
-2.669534
-2.720594
-2.776594
-2.843951
-2.924037
-3.001495
-3.068954
-3.133252
-3.212359
-3.319179
-3.438976
-3.560471
-3.677258
-3.777202
-3.866643
-3.946005
-4.022288
-4.105166
-4.194206
-4.289692
-4.396458
-4.518664
-4.647611
-4.777189
-4.893589
-4.988131
-5.062051
-5.127355
-5.195309
-5.262288
-5.317994
-5.365682
-5.415655
-5.474857
-5.542457
-5.615314
-5.680095
-5.732965
-5.792950
-5.864850
-5.939631
-6.028131
-6.135059
-6.235648
-6.308846
-6.360611
-6.401472
-6.433505
-6.462117
-6.508101
-6.586443
-6.689909
-6.800492
-6.906428
-6.997129
-7.078938
-7.153789
-7.218831
-7.280905
-7.352558
-7.435665
-7.523610
-7.597503
-7.654070
-7.706547
-7.758737
-7.812701
-7.873564
-7.950321
-8.035577
-8.122828
-8.215949
-8.303879
-8.373905
-8.437911
-8.492061
-8.531685
-8.576300
-8.632144
-8.690249
-8.745582
-8.793564
-8.829329
-8.860040
-8.891603
-8.924566
-8.955778
-8.984685
-9.016841
-9.044556
-9.073393
-9.099266
-9.110621
-9.118930
-9.139248
-9.174271
-9.219575
-9.257176
-9.289490
-9.334742
-9.385549
-9.427793
-9.464877
-9.506655
-9.551588
-9.599994
-9.663556
-9.737003
-9.811159
-9.880439
-9.933200
-9.972632
-9.997894
-10.019594
-10.053905
-10.100032
-10.152998
-10.207064
-10.257328
-10.300982
-10.337569
-10.360638
-10.366339
-10.361257
-10.356336
-10.359734
-10.360653
-10.352193
-10.339322
-10.326840
-10.326818
-10.346342
-10.386008
-10.441445
-10.502552
-10.555925
-10.591273
-10.611602
-10.626667
-10.645504
-10.660650
-10.659650
-10.654719
-10.664204
-10.686430
-10.716947
-10.763364
-10.827032
-10.893784
-10.957063
-11.003160
-11.022326
-11.023106
-11.022409
-11.041747
-11.071847
-11.099709
-11.122503
-11.135640
-11.146543
-11.156589
-11.161482
-11.157642
-11.160705
-11.190623
-11.247852
-11.315235
-11.367557
-11.401597
-11.419609
-11.410192
-11.376045
-31.443893
-11.246680
-4.465919
-4.367036
-4.262567
-4.164365
-4.087708
-4.027421
-3.981450
-3.953059
-3.942019
-3.933751
-3.907702
-3.855726
-3.779982
-3.669882
-3.541882
-3.440268
-3.379961
-3.341122
-3.301142
-3.251507
-3.190214
-3.114475
-3.035149
-2.954336
-2.861191
-2.758713
-2.648569
-2.542946
-2.439325
-2.321775
-2.205732
-2.106687
-2.016893
-1.929096
-1.837799
-1.737638
-1.632995
-1.534111
-1.437599
-1.347822
-1.274311
-1.214305
-1.169334
-1.129605
-1.077947
-1.015418
-0.952386
-0.885303
-0.801082
-0.714389
-0.636697
-0.574309
-0.522746
-0.475076
-0.430243
-0.381568
-0.317786
-0.244605
-0.166691
-0.094544
-0.035283
0.023448
0.068765
0.104703
0.143077
0.173595
0.197706
0.219522
0.238357
0.254961
0.276304
0.312094
0.360006
0.416224
0.474041
0.521816
0.554903
0.579258
0.608078
0.643946
0.685612
0.732155
0.781292
0.833422
0.888191
0.933543
0.972144
1.016484
1.069594
1.122719
1.182446
1.249274
1.317248
1.387942
1.448558
1.498147
1.550332
1.619284
1.697495
1.766162
1.828488
1.872277
1.901494
1.930987
1.960883
1.991838
2.016238
2.033691
2.062827
2.103318
2.132671
2.137874
2.139667
2.155250
2.173755
2.181911
2.172731
2.144003
2.099243
2.060253
2.045437
2.033933
2.013826
1.985346
1.966045
1.975595
2.027660
2.108910
2.182314
2.227287
2.253300
2.274195
2.294531
2.318217
2.342034
2.356573
2.358691
2.359570
2.353907
2.346295
2.348114
2.351668
2.353621
2.352048
2.342967
2.328301
2.309630
2.283810
2.258120
2.235068
2.209109
2.188426
2.172229
2.160888
2.157130
2.154956
2.150117
2.139262
2.128633
2.127748
2.139234
2.162685
2.202671
2.253795
2.304168
2.343837
2.356092
2.343854
2.322851
2.298439
2.276544
2.253441
2.237879
2.242294
2.261641
2.292868
2.330093
2.353365
2.359564
2.376606
2.392759
2.385159
2.363732
2.353420
2.366196
2.405205
2.466124
2.528826
2.567946
2.591572
2.611552
2.630116
2.646706
2.669518
2.700114
2.715308
2.696530
2.665679
2.637578
2.612504
2.607753
2.635987
2.691066
2.752416
2.809726
2.867305
2.932199
2.998622
3.061221
3.115876
3.149005
3.162746
3.182893
3.213956
3.255363
3.312679
3.382185
3.458250
3.533454
3.597417
3.642446
3.669996
3.695919
3.727382
3.764725
3.803066
3.846199
3.899612
3.953222
3.999165
4.044106
4.090012
4.140791
4.193579
4.242188
4.294577
4.347842
4.409216
4.483931
4.538617
4.562941
4.589499
4.631886
4.675871
4.702897
4.724123
4.755282
4.800383
4.859166
4.923936
4.976295
5.016688
5.060601
5.114450
5.173976
5.238843
5.313586
5.402387
5.502521
5.607781
5.714190
5.827678
5.937232
6.030881
6.110563
6.184234
6.252977
6.328926
6.435001
6.564559
6.685483
6.786917
6.868433
6.929688
6.979294
7.032133
7.096731
7.160673
7.207302
7.234699
7.262173
7.308174
7.363350
7.434101
7.528896
7.639172
7.763285
7.876549
7.975658
8.079887
8.188282
8.298857
8.410303
8.513752
8.595919
8.670668
8.757459
8.847380
-20.612839
8.961821
2.160362
2.161941
2.176901
2.186413
2.176161
2.136949
2.068593
1.983593
1.906924
1.856201
1.826671
1.814325
1.805487
1.792305
1.770563
1.744552
1.717172
1.686194
1.664505
1.655087
1.646087
1.628690
1.606263
1.577359
1.535473
1.475454
1.397995
1.322862
1.265147
1.232022
1.232784
1.258058
1.283342
1.306474
1.322798
1.326842
1.318989
1.307367
1.292573
1.273005
1.251370
1.233349
1.228216
1.221683
1.201445
1.171219
1.137352
1.103143
1.081905
1.076840
1.090426
1.114428
1.137832
1.157163
1.165555
1.155431
1.126562
1.088902
1.053176
1.023509
0.993485
0.959601
0.930975
0.914831
0.893072
0.854878
0.805627
0.749090
0.692158
0.638155
0.583793
0.530185
0.484406
0.436821
0.386736
0.340680
0.302817
0.274682
0.251364
0.235544
0.222562
0.196403
0.170651
0.165667
0.178549
0.198261
0.203334
0.191039
0.157603
0.104820
0.041870
-0.020173
-0.077212
-0.138463
-0.195242
-0.243658
-0.287890
-0.326808
-0.359655
-0.405756
-0.476025
-0.563506
-0.659640
