-0.007306
-0.013707
-0.005266
0.014992
0.031867
0.029191
0.010760
0.002914
0.007553
0.031034
0.065665
0.093140
0.116545
0.138819
0.146812
0.127757
0.066332
-0.023031
-0.122479
-0.230899
-0.338099
-0.442765
-0.549480
-0.653901
-0.743409
-0.803417
-0.830688
-0.856048
-0.897018
-0.933107
-0.955388
-0.968354
-0.971489
-0.975800
-0.976318
-0.967602
-0.966912
-0.960418
-0.946363
-0.944777
-0.962457
-0.997023
-1.035028
-1.077506
-1.127432
-1.173515
-1.204475
-1.215209
-1.208644
-1.208755
-1.221877
-1.246264
-1.273250
-1.282570
-1.263498
-1.226614
-1.197821
-1.177823
-1.162965
-1.158692
-1.153776
-1.135814
-1.106364
-1.078968
-1.052289
-1.035027
-1.041244
-1.069439
-1.106464
-1.145914
-1.181924
-1.213739
-1.244015
-1.272122
-1.303290
-1.332569
-1.353652
-1.366912
-1.383199
-1.418440
-1.469853
-1.521834
-1.561850
-1.576160
-1.580332
-1.593754
-1.596998
-1.582735
-1.566723
-1.559815
-1.551528
-1.530708
-1.503741
-1.464907
-1.399633
-1.309666
-1.207483
-1.110006
-1.031412
-0.954574
-0.874001
-0.813282
-0.788018
-0.798225
-0.834447
-0.882124
-0.951103
-1.050161
-1.168168
-1.295290
-1.421299
-1.539552
-1.639971
-1.724867
-1.812475
-1.904215
-2.011606
-2.143287
-2.302625
-2.466930
-2.604613
-2.716224
-2.829284
-2.949202
-3.057977
-3.141384
-3.196076
-3.226759
-3.230877
-3.202869
-3.151481
-3.097795
-3.052119
-3.014709
-2.996520
-2.997356
-2.999010
-3.002006
-2.988326
-2.934791
-2.843386
-2.714690
-2.554359
-2.373467
-2.178639
-1.972418
-1.755051
-1.531035
-1.303505
-1.081433
-0.861661
-0.652763
-0.485598
-0.404533
-0.424016
-0.522893
-0.670530
-0.822184
-0.945483
-1.033066
-1.075712
-1.064354
-1.016705
-0.957846
-0.906322
-0.869525
-0.850936
-0.837293
-0.822494
-0.821817
-0.843973
-0.878898
-0.914779
-0.948690
-0.976272
-1.004388
-1.022059
-1.026561
-1.043883
-1.080370
-1.132849
-1.183234
-1.215507
-1.240880
-1.261816
-1.271518
-1.270481
-1.265032
-1.259632
-1.259818
-1.272553
-1.303707
-1.360017
-1.430566
-1.489500
-1.539275
-1.581745
-1.596184
-1.605201
-1.633752
-1.678224
-1.732540
-1.780365
-1.815917
-1.845670
-1.857788
-1.854907
-1.864174
-1.893206
-1.920641
-1.934163
-1.937166
-1.934297
-1.931301
-1.928666
-1.923218
-1.910865
-1.884839
-1.848613
-1.820489
-1.793284
-1.753678
-1.726559
-1.724705
-1.740208
-1.770208
-1.805360
-1.839009
-1.872587
-1.911003
-1.964187
-2.021489
-2.083130
-2.156930
-2.225789
-2.266818
-2.292300
-2.307876
-2.310269
-2.316381
-2.326791
-2.327479
-2.311453
-2.278632
-2.234027
-2.189718
-2.162193
-2.155389
-2.164925
-2.204687
-2.277376
-2.370777
-2.467718
-2.563872
-2.661581
-2.777167
-2.924381
-3.099341
-3.284364
-3.462637
-3.630979
-3.790801
-3.934919
-4.053201
-4.145457
-4.218176
-4.280886
-4.355370
-4.443288
-4.558075
-4.689633
-4.815798
-4.947649
-5.097125
-5.268493
-5.454927
-5.613025
-5.707786
-5.748364
-5.745050
-5.712715
-5.665696
-5.618271
-5.567421
-5.527611
-5.513648
-5.520436
-5.547095
-5.578870
-5.602098
-5.614692
-5.614935
-5.597444
-5.573865
-5.562848
-5.565986
-5.583282
-5.621105
-5.685328
-5.757814
-5.798095
-3.853627
-3.874076
-3.865557
-3.820231
-3.761291
-3.705194
-3.668403
-3.662643
-3.673248
-3.691705
-3.728078
-3.776611
-3.819028
-3.849187
-3.869743
-3.895742
-3.931488
-3.975811
-4.029723
-4.086133
-4.135559
-4.184168
-4.239485
-4.289690
-4.336081
-4.380338
-4.427053
-4.472505
-4.520009
-4.570103
-4.614205
-4.648250
-4.668543
-4.675340
-4.688966
-4.704071
-4.702379
-4.686337
-4.666445
-4.653171
-4.644870
-4.650605
-4.677184
-4.706381
-4.715719
-4.697333
-4.670187
-4.646912
-4.617536
-4.572725
-4.520565
-4.466534
-4.420927
-4.397726
-4.400774
-4.413208
-4.410880
-4.381902
-4.324194
-4.251910
-4.192563
-4.153462
-4.123852
-4.103128
-4.081043
-4.053098
-4.027193
-4.000632
-3.962937
-3.905011
-3.826931
-3.751039
-3.697911
-3.665247
-3.629036
-3.585005
-3.545712
-3.511187
-3.473239
-3.432851
-3.397729
-3.365194
-3.332101
-3.296288
-3.261073
-3.231803
-3.207743
-3.183888
-3.160942
-3.138132
-3.094259
-3.020046
-2.927566
-2.811849
-2.677943
-2.541015
-2.405513
-2.282029
-2.163794
-2.028054
-1.869290
-1.692020
-1.475592
-1.222923
-0.962094
-0.711230
-0.493881
-0.341885
-0.291390
-0.353454
-0.507223
-0.710947
-0.936877
-1.176066
-1.403190
-1.616186
-1.806712
-1.955088
-2.061752
-2.124977
-2.144677
-2.146276
-2.142062
-2.122201
-2.071842
-2.002330
-1.931305
-1.864511
-1.789230
-1.688793
-1.558885
-1.408494
-1.247287
-1.097197
-0.966236
-0.852069
-0.740557
-0.614570
-0.475500
-0.320423
-0.150395
0.025241
0.213493
0.432315
0.660477
0.868190
1.059642
1.242280
1.425368
1.637077
1.877829
2.128291
2.380571
2.611424
2.781085
2.873024
2.880969
2.808048
2.682063
2.541366
2.414437
2.326686
2.293893
2.319128
2.382244
2.457449
2.531582
2.598157
2.656275
2.696933
2.713101
2.715110
2.711813
2.708577
2.707816
2.720380
2.752969
2.800122
2.856700
2.915479
2.972246
3.014291
3.044369
3.076844
3.127173
3.194525
3.248759
3.290368
3.310147
3.297597
3.278319
3.269931
3.271980
3.285726
3.314795
3.347387
3.378050
3.413451
3.457171
3.501874
3.540748
3.578938
3.617559
3.641723
3.649743
3.673937
3.736568
3.821478
3.898579
3.960799
4.002728
4.030681
4.050638
4.047890
4.013986
3.961506
3.922726
3.916829
3.947998
4.005370
4.074203
4.145000
4.198536
4.231362
4.252389
4.270864
4.303470
4.352226
4.408902
4.472025
4.532414
4.578121
4.618549
4.666344
4.719990
4.780656
4.837298
4.889176
4.942994
5.000616
5.063918
5.121113
5.163860
5.197474
5.235965
5.285822
5.340769
5.383014
5.392117
5.374478
5.326730
5.241529
5.149191
5.055573
4.957077
4.849018
4.727943
4.611615
4.522977
4.446346
4.369234
4.289280
4.221581
4.162245
4.105355
4.061743
4.031198
4.011466
3.982634
3.931323
3.861577
3.770223
3.658465
3.545792
3.445130
3.360708
3.317130
3.330874
3.389709
3.491195
3.641081
3.825006
4.024837
4.217872
4.381767
4.520502
4.617876
4.661905
4.664705
4.641888
4.604213
4.558891
4.514112
4.469699
4.421770
4.380763
4.360092
4.370498
-1.357910
4.398989
1.993053
1.928037
1.839658
1.730480
1.612654
1.503724
1.404308
1.317808
1.257349
1.214078
1.168959
1.111461
1.032331
0.930979
0.806964
0.675164
0.547220
0.423590
0.306234
0.196549
0.095712
0.006391
-0.089819
-0.198940
-0.310780
-0.422900
-0.538483
-0.677076
-0.836946
-0.987427
-1.118480
-1.245094
-1.374214
-1.504705
-1.638815
-1.791329
-1.942895
-2.060433
-2.135306
-2.180636
-2.208857
-2.227868
-2.238225
-2.258306
-2.307590
-2.356970
-2.385795
-2.398913
-2.402114
-2.394052
-2.363920
-2.318637
-2.278013
-2.250988
-2.242918
-2.245409
-2.243021
-2.248412
-2.277097
-2.324366
-2.376050
-2.419598
-2.449239
-2.459515
-2.451608
-2.442077
-2.437785
-2.439761
-2.447551
-2.457648
-2.467061
-2.483463
-2.515944
-2.569137
-2.639061
-2.722269
-2.823783
-2.925447
-3.002301
-3.054829
-3.083555
-3.102766
-3.120740
-3.139200
-3.163855
-3.190226
-3.220029
-3.255085
-3.295689
-3.340370
-3.381592
-3.420125
-3.448029
-3.447035
-3.419117
-3.381958
-3.332316
-3.268050
-3.190032
-3.087325
-2.964404
-2.824061
-2.646400
-2.416645
-2.133787
-1.811096
-1.486389
-1.191796
-0.940031
-0.719035
-0.503479
-0.291040
-0.096632
0.046430
0.104952
0.073917
-0.058414
-0.275674
-0.559496
-0.897344
-1.273612
-1.662020
-2.038717
-2.358762
-2.586419
-2.725921
-2.785678
-2.775933
-2.713902
-2.610697
-2.487745
-2.375663
-2.270204
-2.176774
-2.100123
-2.025645
-1.958426
-1.909778
-1.878419
-1.854900
-1.823398
-1.769902
-1.687033
-1.568342
-1.417627
-1.245725
-1.062955
-0.866464
-0.643879
-0.418310
-0.218231
-0.055133
0.070076
0.167410
0.265846
0.383220
0.490978
0.560861
0.573203
0.522753
0.422099
0.294731
0.165557
0.040280
-0.087733
-0.187768
-0.229357
-0.218378
-0.174439
-0.113123
-0.062703
-0.039602
-0.039865
-0.041814
-0.037930
-0.041696
-0.060167
-0.088871
-0.115437
-0.145273
-0.184191
-0.224248
-0.263891
-0.296066
-0.302990
-0.282943
-0.246317
-0.211038
-0.196427
-0.206941
-0.239654
-0.275317
-0.301960
-0.322797
-0.347934
-0.383434
-0.415792
-0.441402
-0.470496
-0.503429
-0.536341
-0.567751
-0.595396
-0.621352
-0.644379
-0.659024
-0.673608
-0.695159
-0.723037
-0.754159
-0.797141
-0.857399
-0.923276
-0.984136
-1.032783
-1.066496
-1.086836
-1.089235
-1.072027
-1.051398
-1.046303
-1.052401
-1.055517
-1.068666
-1.108477
-1.169665
-1.234954
-1.296010
-1.342356
-1.367052
-1.378546
-1.378474
-1.381724
-1.398757
-1.422284
-1.460215
-1.512269
-1.556046
-1.574032
-1.558871
-1.521822
-1.487260
-1.466223
-1.458592
-1.460058
-1.469821
-1.488593
-1.513935
-1.560554
-1.633041
-1.710869
-1.798718
-1.900603
-2.011445
-2.132578
-2.255452
-2.382979
-2.527428
-2.692909
-2.864100
-3.026622
-3.182397
-3.330595
-3.477213
-3.625054
-3.752033
-3.858580
-3.958355
-4.065461
-4.201113
-4.350719
-4.488093
-4.611318
-4.725340
-4.830874
-4.911146
-4.943967
-4.927794
-4.899343
-4.876912
-4.850605
-4.824563
-4.814107
-4.814506
-4.817436
-4.821123
-4.827814
-4.838480
-4.854786
-4.873437
-4.892078
-4.916328
-4.961298
-5.034859
-5.131269
-5.222436
-5.289067
-5.326721
-8.667116
-5.347167
-3.258231
-3.268115
-3.303617
-3.364215
-3.439329
-3.513137
-3.586570
-3.650355
-3.709172
-3.757689
-3.795298
-3.838917
-3.895525
-3.964554
-4.044623
-4.117204
-4.170330
-4.218519
-4.284562
-4.372024
-4.462277
-4.559636
-4.674379
-4.805624
-4.943624
-5.085006
-5.224633
-5.352456
-5.465690
-5.558750
-5.612316
-5.639256
-5.651039
-5.649377
-5.636586
-5.621641
-5.609961
-5.585729
-5.540239
-5.472810
-5.408402
-5.366550
-5.334151
-5.305291
-5.278475
-5.250815
-5.205837
-5.141601
-5.073636
-5.011254
-4.948699
-4.892550
-4.848662
-4.812373
-4.776423
-4.742327
-4.711345
-4.693716
-4.710549
-4.746433
-4.777397
-4.801294
-4.815641
-4.813983
-4.806418
-4.790087
-4.764009
-4.733127
-4.689301
-4.642426
-4.608242
-4.586324
-4.563618
-4.535441
-4.518762
-4.522468
-4.541963
-4.569221
-4.599232
-4.617663
-4.608010
-4.575476
-4.544740
-4.514606
-4.489176
-4.471555
-4.465035
-4.463418
-4.454237
-4.426864
-4.378291
-4.319576
-4.268922
-4.225387
-4.173635
-4.098980
-3.996162
-3.875598
-3.747019
-3.599174
-3.429737
-3.245391
-3.051142
-2.833424
-2.582655
-2.310623
-2.014565
-1.682993
-1.339711
-1.015370
-0.699326
-0.384896
-0.074943
0.228756
0.494969
0.685314
0.760114
0.720747
0.589646
0.372202
0.072685
-0.280265
-0.638690
-0.998501
-1.329629
-1.587651
-1.771380
-1.883101
-1.916540
-1.860029
-1.721583
-1.529967
-1.309920
-1.077486
-0.859998
-0.697193
-0.595133
-0.536199
-0.499252
-0.466971
-0.429709
-0.376472
-0.313992
-0.238611
-0.129034
0.024658
0.203498
0.390540
0.586396
0.801511
1.028922
1.261583
1.499652
1.741130
1.989772
2.247298
2.518156
2.801564
3.067327
3.288136
3.455635
3.566704
3.610637
3.598269
3.548989
3.467005
3.373440
3.293770
3.229290
3.175942
3.138379
3.120533
3.117537
3.133482
3.163581
3.193958
3.217276
3.227304
3.236067
3.253207
3.277792
3.314205
3.369959
3.443135
3.528293
3.612247
3.683709
3.746512
3.809077
3.883440
3.967196
4.044801
4.124716
4.213871
4.304305
4.389459
4.466082
4.528620
4.577888
4.616318
4.640871
4.652021
4.647033
4.640873
4.645785
4.655305
4.673088
4.699580
4.736974
4.787191
4.841672
4.893620
4.936105
4.963809
4.985013
5.005603
5.022091
5.022895
5.008105
4.991476
4.990685
5.009985
5.035525
5.051055
5.041232
5.022430
5.020051
5.021120
5.019451
5.029622
5.049176
5.084502
5.132804
5.182349
5.224959
5.254347
5.278006
5.304952
5.338767
5.386505
5.433776
5.459404
5.480596
5.514832
5.566424
5.624581
5.668387
5.694898
5.695635
5.664732
5.617285
5.563785
5.500810
5.427340
5.340269
5.246681
5.159524
5.080302
4.996316
4.909335
4.825204
4.736366
4.655245
4.582868
4.513240
4.444791
4.368839
4.269850
4.147906
4.007571
3.833820
3.664295
3.547316
3.476357
3.433974
3.410501
3.413278
3.454458
3.534931
3.636091
3.737669
3.827608
3.894735
3.960495
4.028743
4.080192
4.111253
4.125251
4.138448
4.144210
4.133111
4.108702
4.084721
4.071657
4.063127
4.061748
4.066611
4.068717
-4.196692
4.034438
1.928074
1.876412
1.809432
1.722759
1.622756
1.524739
1.430992
1.331820
1.221482
1.098919
0.977936
0.852263
0.719905
0.575224
0.406391
0.217967
0.031947
-0.146859
-0.329344
-0.504206
-0.671596
-0.826739
-0.974864
-1.131997
-1.305763
-1.500284
-1.717736
-1.943783
-2.156520
-2.340762
-2.491553
-2.604404
-2.676683
-2.710220
-2.706028
-2.697613
-2.696319
-2.710027
-2.750120
-2.813245
-2.880129
-2.948263
-3.009900
-3.055146
-3.105191
-3.149930
-3.180301
-3.202135
-3.227323
-3.267395
-3.323632
-3.389698
-3.458311
-3.526826
-3.584414
-3.646504
-3.716662
-3.780810
-3.832397
-3.868101
-3.896841
-3.921798
-3.941275
-3.954789
-3.961462
-3.969315
-3.980023
-4.001960
-4.043520
-4.098515
-4.150036
-4.193751
-4.227398
-4.252139
-4.279024
-4.312028
-4.344647
-4.373990
-4.404907
-4.451099
-4.522705
-4.594276
-4.652633
-4.699619
-4.729849
-4.746193
-4.759677
-4.775944
-4.798710
-4.832955
-4.865704
-4.879911
-4.873508
-4.847945
-4.814874
-4.773817
-4.725604
-4.676641
-4.621257
-4.543132
-4.439353
-4.319532
-4.187054
-4.038626
-3.865455
-3.663205
-3.432180
-3.173352
-2.887039
-2.594239
-2.310562
-2.026312
-1.745850
-1.492439
-1.265682
-1.079119
-0.954830
-0.904554
-0.959982
-1.135332
-1.407083
-1.738887
-2.102894
-2.478500
-2.849686
-3.191223
-3.485115
-3.711050
-3.854437
-3.910182
-3.879827
-3.781066
-3.648697
-3.513082
-3.387128
-3.294134
-3.242570
-3.215282
-3.189733
-3.160666
-3.128078
-3.084035
-3.019006
-2.929321
-2.811714
-2.660128
-2.476585
-2.268620
-2.042884
-1.803527
-1.556886
-1.306389
-1.067075
-0.845771
-0.646735
-0.487081
-0.370434
-0.290219
-0.268801
-0.333492
-0.472287
-0.656569
-0.862977
-1.054106
-1.198444
-1.289345
-1.347534
-1.385393
-1.408355
-1.418053
-1.422212
-1.434306
-1.450075
-1.474906
-1.510649
-1.544956
-1.567267
-1.583378
-1.603185
-1.618578
-1.607448
-1.573424
-1.545359
-1.536375
-1.522522
-1.509612
-1.518933
-1.540144
-1.557122
-1.565080
-1.567706
-1.577469
-1.589096
-1.596600
-1.604615
-1.614334
-1.630714
-1.665297
-1.710294
-1.756228
-1.807904
-1.855979
-1.878587
-1.887506
-1.898463
-1.901216
-1.901732
-1.901482
-1.907318
-1.928373
-1.962154
-2.002937
-2.036250
-2.053161
-2.064618
-2.074711
-2.084883
-2.101105
-2.120561
-2.147035
-2.186195
-2.241086
-2.295581
-2.338156
-2.373468
-2.408870
-2.446760
-2.493009
-2.529254
-2.559837
-2.593021
-2.613494
-2.610372
-2.608511
-2.624398
-2.644774
-2.672489
-2.705016
-2.734415
-2.761332
-2.791968
-2.835655
-2.885292
-2.918820
-2.937105
-2.939189
-2.913980
-2.881272
-2.857069
-2.861868
-2.912365
-3.006947
-3.132645
-3.264062
-3.406851
-3.568875
-3.739390
-3.909459
-4.068230
-4.221691
-4.388639
-4.559083
-4.730010
-4.909434
-5.089880
-5.273950
-5.456696
-5.637579
-5.819380
-5.999397
-6.171331
-6.324752
-6.414945
-6.405589
-6.308797
-6.148785
-5.962055
-5.780143
-5.621291
-5.500830
-5.417621
-5.379506
-5.389667
-5.438463
-5.523822
-5.639222
-5.759147
-5.858554
-5.923058
-5.934186
-5.896481
-5.845537
-5.795876
-5.755643
-5.746196
-5.765485
-5.821980
-5.908274
-11.866056
-6.061639
-2.871742
-2.874800
-2.865844
-2.864954
-2.896507
-2.958286
-3.037976
-3.118363
-3.191012
-3.260409
-3.349163
-3.462074
-3.574459
-3.683890
-3.788530
-3.882571
-3.972648
-4.060871
-4.154571
-4.270408
-4.400271
-4.538756
-4.666396
-4.773244
-4.880239
-5.001274
-5.150192
-5.318970
-5.496798
-5.680573
-5.861481
-6.017205
-6.126133
-6.184343
-6.178749
-6.114362
-6.007254
-5.887292
-5.780313
-5.695455
-5.634613
-5.601147
-5.587701
-5.574612
-5.547639
-5.511053
-5.470300
-5.424885
-5.385505
-5.365664
-5.364456
-5.381950
-5.407218
-5.427017
-5.426237
-5.390958
-5.339682
-5.305455
-5.308092
-5.342383
-5.377846
-5.394876
-5.389829
-5.374488
-5.343378
-5.295520
-5.244734
-5.191583
-5.139529
-5.096358
-5.076700
-5.090320
-5.126682
-5.152512
-5.160716
-5.151945
-5.131729
-5.116179
-5.107030
-5.084200
-5.050371
-5.027949
-5.022435
-5.035854
-5.070924
-5.119682
-5.168089
-5.206464
-5.234993
-5.257189
-5.261048
-5.259778
-5.263112
-5.257780
-5.240005
-5.198862
-5.127140
-5.026465
-4.883139
-4.688034
-4.448587
-4.180804
-3.897323
-3.613194
-3.326087
-3.020722
-2.712536
-2.411717
-2.100128
-1.771975
-1.427613
-1.069436
-0.705551
-0.353864
-0.035183
0.221666
0.389346
0.467303
0.455282
0.335449
0.106523
-0.208882
-0.573807
-0.955135
-1.326235
-1.662418
-1.951863
-2.163398
-2.261491
-2.246014
-2.152044
-1.999642
-1.799632
-1.587922
-1.397323
-1.242159
-1.127077
-1.036457
-0.967465
-0.923835
-0.877837
-0.810230
-0.704588
-0.533007
-0.314637
-0.082535
0.143164
0.356838
0.569081
0.790255
1.009784
1.235281
1.467677
1.691198
1.898084
2.113792
2.352001
2.587809
2.806023
2.999778
3.142833
3.200067
3.163623
3.054685
2.906288
2.741105
2.581160
2.451860
2.365766
2.321261
2.321096
2.350992
2.397951
2.459321
2.521892
2.568608
2.597819
2.628743
2.660895
2.691787
2.723381
2.758780
2.804806
2.854904
2.899828
2.940634
2.973202
3.000449
3.027724
3.058235
3.097761
3.144957
3.180365
3.207236
3.246504
3.293960
3.335718
3.367576
3.393822
3.414962
3.426970
3.436261
3.456060
3.497102
3.544425
3.592704
3.634557
3.665509
3.705583
3.757205
3.809256
3.860156
3.921544
3.993073
4.059903
4.115651
4.156291
4.178002
4.185889
4.201707
4.228468
4.260338
4.307798
4.376071
4.445077
4.496531
4.529503
4.555255
4.572194
4.590825
4.626984
4.677894
4.727849
4.772974
4.803306
4.815075
4.817142
4.820600
4.841972
4.891542
4.967719
5.049601
5.115387
5.173164
5.236245
5.307808
5.376140
5.418434
5.419881
5.370223
5.277719
5.156962
5.018609
4.871605
4.721631
4.577476
4.466815
4.383570
4.306320
4.223890
4.124676
4.019562
3.919755
3.822922
3.735472
3.653807
3.553262
3.421843
3.269903
3.117490
2.971435
2.849510
2.761460
2.722637
2.730194
2.788216
2.886175
2.999410
3.112104
3.227758
3.339589
3.436767
3.522844
3.597013
3.656522
3.697584
3.710057
3.706842
3.720606
3.750102
3.769782
3.765936
3.749793
3.727777
3.705846
3.684539
3.655972
3.621913
-7.902626
3.518241
0.715744
0.625675
0.530971
0.423370
0.308483
0.213911
0.152429
0.123444
0.106870
0.083310
0.050517
-0.004349
-0.094401
-0.213657
-0.338432
-0.450151
-0.544627
-0.617591
-0.692737
-0.778569
-0.872640
-0.976974
-1.071927
-1.141376
-1.190064
-1.244446
-1.329714
-1.432861
-1.537520
-1.642427
-1.749110
-1.861364
-1.976927
-2.105085
-2.244488
-2.385316
-2.537819
-2.708227
-2.885635
-3.051521
-3.188662
-3.307078
-3.418833
-3.505362
-3.547826
-3.545355
-3.514230
-3.473295
-3.439707
-3.427673
-3.443031
-3.497919
-3.577609
-3.655631
-3.714075
-3.746828
-3.750910
-3.723816
-3.669008
-3.601138
-3.556813
-3.545286
-3.561471
-3.603667
-3.658917
-3.719796
-3.772540
-3.811498
-3.839711
-3.861938
-3.881578
-3.905221
-3.940779
-3.989293
-4.027045
-4.036402
-4.022351
-4.002664
-3.995472
-4.005542
-4.023668
-4.037244
-4.049623
-4.067439
-4.107919
-4.165273
-4.221435
-4.271951
-4.308307
-4.331608
-4.350686
-4.366968
-4.368073
-4.357888
-4.328846
-4.270472
-4.170842
-4.040949
-3.898294
-3.736411
-3.546991
-3.329784
-3.096385
-2.872752
-2.669917
-2.468052
-2.247615
-2.001654
-1.718068
-1.391436
-1.043561
-0.701654
-0.385907
-0.123769
0.057474
0.147075
0.137039
0.029777
-0.170153
-0.456502
-0.806543
-1.201137
-1.628447
-2.059599
-2.464628
-2.817858
-3.078029
-3.213853
-3.220605
-3.112027
-2.920110
-2.688780
-2.455731
-2.250146
-2.086862
-1.961525
-1.859243
-1.787302
-1.746933
-1.724137
-1.692575
-1.618622
-1.497276
-1.346017
-1.172083
-0.966043
-0.741135
-0.517972
-0.314171
-0.141082
0.009656
0.160011
0.323803
0.506819
0.712909
0.928316
1.138913
1.330480
1.483888
1.573313
1.585778
1.538320
1.457247
1.356236
1.239200
1.107307
0.976548
0.874147
0.809154
0.777824
0.785960
0.817362
0.856158
0.898653
0.935367
0.961578
0.989024
1.026098
1.065847
1.100382
1.132648
1.148663
1.127261
1.093327
1.055012
1.016231
0.982011
0.945959
0.915526
0.895313
0.882067
0.871785
0.859444
0.836854
0.801017
0.764266
0.746318
0.743450
0.741170
0.734232
0.721385
0.690515
0.633332
0.568109
0.509136
0.451524
0.391648
0.332186
0.275644
0.241084
0.238905
0.256253
0.282240
0.302924
0.326204
0.352542
0.365233
0.366544
0.359290
0.341739
0.313863
0.279305
0.254253
0.251235
0.256199
0.250378
0.231410
0.207645
0.183446
0.168553
0.152330
0.132886
0.112951
0.082747
0.036468
-0.006476
-0.042396
-0.071552
-0.090332
-0.095695
-0.082207
-0.055211
-0.029754
-0.013729
0.006693
0.031531
0.048126
0.050993
0.035750
-0.022037
-0.138396
-0.298018
-0.478916
-0.657782
-0.826783
-0.984267
-1.116247
-1.219719
-1.309790
-1.404981
-1.512722
-1.631378
-1.750437
-1.858952
-1.961500
-2.054500
-2.139847
-2.237333
-2.357042
-2.493042
-2.632615
-2.765616
-2.898542
-3.036101
-3.161611
-3.258925
-3.307117
-3.305546
-3.258148
-3.161737
-3.038954
-2.935386
-2.879732
-2.869583
-2.896677
-2.943277
-2.985438
-3.028416
-3.069525
-3.108583
-3.165300
-3.244469
-3.337048
-3.424299
-3.489990
-3.536731
-3.571575
-3.593810
-14.353337
-3.632343
-2.356593
-2.383393
-2.424425
-2.479290
-2.541136
-2.601472
-2.672285
-2.759696
-2.866396
-2.988801
-3.115924
-3.236616
-3.352416
-3.475306
-3.594995
-3.702991
-3.810407
-3.930419
-4.055027
-4.188789
-4.329423
-4.470998
-4.626512
-4.806267
-5.008192
-5.224668
-5.445874
-5.653914
-5.845766
-5.999004
-6.101198
-6.154357
-6.159117
-6.122480
-6.054195
-5.966096
-5.872046
-5.782481
-5.706999
-5.649076
-5.610719
-5.599848
-5.609888
-5.624207
-5.630851
-5.623036
-5.598315
-5.550243
-5.494684
-5.468919
-5.466939
-5.471787
-5.484827
-5.488302
-5.462340
-5.406542
-5.336397
-5.268923
-5.215337
-5.178267
-5.152787
-5.140614
-5.130794
-5.117128
-5.112769
-5.116368
-5.129492
-5.154680
-5.168994
-5.164975
-5.142167
-5.105679
-5.074621
-5.061517
-5.068865
-5.078753
-5.092752
-5.107482
-5.107606
-5.083340
-5.047667
-5.024253
-5.022902
-5.020363
-5.004067
-4.990705
-4.975658
-4.946391
-4.907977
-4.882568
-4.874235
-4.878049
-4.885890
-4.881480
-4.861687
-4.816772
-4.746560
-4.663795
-4.564587
-4.442417
-4.279628
-4.060845
-3.786662
-3.488855
-3.186382
-2.886739
-2.586373
-2.260261
-1.922764
-1.588352
-1.256812
-0.919411
-0.565491
-0.227602
0.036920
0.204850
0.290552
0.297301
0.235601
0.095809
-0.137106
-0.448650
-0.807527
-1.194738
-1.604619
-2.008490
-2.377169
-2.682463
-2.870677
-2.919814
-2.856242
-2.715256
-2.526947
-2.301910
-2.072819
-1.852595
-1.625740
-1.418303
-1.236788
-1.060423
-0.882819
-0.701793
-0.501195
-0.270447
-0.017955
0.247162
0.511591
0.767211
1.015440
1.252828
1.472548
1.675388
1.852118
1.996578
2.135483
2.278572
2.392981
2.456184
2.468518
2.439257
2.379346
2.292143
2.198092
2.123613
2.087817
2.085249
2.104582
2.143059
2.207333
2.290854
2.364946
2.411761
2.430819
2.426830
2.426214
2.452792
2.489811
2.515068
2.530368
2.540727
2.557761
2.570757
2.576935
2.579662
2.581275
2.576753
2.577789
2.586751
2.590423
2.602312
2.628114
2.664320
2.716764
2.787665
2.859204
2.912553
2.943922
2.969174
3.002476
3.034574
3.057355
3.078908
3.107424
3.139507
3.183414
3.235777
3.286060
3.333811
3.374903
3.406747
3.425014
3.435784
3.436932
3.435424
3.446821
3.471119
3.505454
3.530580
3.533953
3.538629
3.562438
3.602128
3.651330
3.692924
3.704707
3.712338
3.728787
3.737068
3.739975
3.739106
3.741850
3.758320
3.773374
3.788497
3.812996
3.833278
3.844541
3.855337
3.845483
3.815210
3.775395
3.746281
3.746196
3.763106
3.773460
3.783954
3.791403
3.775197
3.727864
3.655159
3.567952
3.473996
3.376153
3.274159
3.174453
3.075531
2.979347
2.879939
2.766561
2.653882
2.557655
2.469461
2.365087
2.240052
2.103359
1.972182
1.850179
1.732705
1.603568
1.447313
1.271186
1.101471
0.949390
0.817299
0.710152
0.638875
0.614509
0.640745
0.711578
0.804666
0.907554
0.998262
1.048436
1.050096
1.011573
0.962398
0.920479
0.905184
0.913692
0.925457
0.936227
0.951262
0.970914
0.986250
0.987401
0.965009
0.918701
0.859619
-13.668101
0.742609
-0.086004
-0.147688
-0.214976
-0.288725
-0.371928
-0.472066
-0.579000
-0.669277
-0.752531
-0.833827
-0.910050
-0.984428
-1.059538
-1.134178
-1.203182
-1.268791
-1.333274
-1.400998
-1.468270
-1.516726
-1.560889
-1.609481
-1.652422
-1.697352
-1.754801
-1.824509
-1.894485
-1.968202
-2.056863
-2.143842
-2.220178
-2.297130
-2.392259
-2.514394
-2.647137
-2.778283
-2.909327
-3.035628
-3.168211
-3.320564
-3.488674
-3.661603
-3.837480
-4.008775
-4.177261
-4.321328
-4.416448
-4.485074
-4.550526
-4.600785
-4.623995
-4.615957
-4.605865
-4.624985
-4.675447
-4.738235
-4.796686
-4.838882
-4.852088
-4.836396
-4.799884
-4.762877
-4.741339
-4.738070
-4.744301
-4.748642
-4.765778
-4.811176
-4.880403
-4.954221
-5.018173
-5.063741
-5.096654
-5.136220
-5.166820
-5.172949
-5.171154
-5.172474
-5.169302
-5.169264
-5.177084
-5.189371
-5.205268
-5.223772
-5.247385
-5.271117
-5.285348
-5.301454
-5.333623
-5.382182
-5.429844
-5.459500
-5.452705
-5.413830
-5.357414
-5.288685
-5.207222
-5.120204
-5.031553
-4.938943
-4.838878
-4.712720
-4.555209
-4.360247
-4.112912
-3.828928
-3.528811
-3.214579
-2.883457
-2.542597
-2.198884
-1.859245
-1.525380
-1.207091
-0.924714
-0.726413
-0.644464
-0.664772
-0.781344
-0.970034
-1.214176
-1.525396
-1.888666
-2.271030
-2.650733
-3.007474
-3.325208
-3.580270
-3.740706
-3.780347
-3.699936
-3.526738
-3.306435
-3.085440
-2.886383
-2.717577
-2.576608
-2.464952
-2.392223
-2.336038
-2.263702
-2.161778
-2.029027
-1.875281
-1.714802
-1.557806
-1.395203
-1.237452
-1.087078
-0.918011
-0.736498
-0.559829
-0.382155
-0.201019
-0.011001
0.191558
0.390649
0.544762
0.628187
0.652569
0.638599
0.583855
0.492992
0.392163
0.290469
0.196550
0.124695
0.073007
0.031723
-0.000193
-0.019332
-0.034824
-0.058785
-0.092082
-0.142245
-0.202685
-0.265896
-0.324167
-0.360510
-0.376749
-0.376790
-0.362706
-0.341088
-0.309700
-0.273979
-0.239861
-0.203212
-0.172317
-0.146182
-0.111995
-0.076299
-0.042781
-0.018152
-0.009102
-0.006245
-0.004272
-0.008081
-0.021415
-0.047419
-0.069497
-0.074589
-0.072548
-0.073444
-0.065978
-0.058029
-0.050771
-0.041677
-0.039685
-0.049364
-0.067307
-0.078571
-0.089376
-0.123465
-0.176167
-0.220804
-0.252042
-0.265690
-0.268014
-0.277602
-0.286354
-0.286235
-0.285692
-0.292343
-0.301089
-0.294472
-0.275056
-0.260216
-0.246723
-0.232288
-0.240902
-0.274303
-0.313804
-0.343484
-0.369772
-0.382908
-0.370088
-0.350841
-0.340485
-0.335055
-0.332611
-0.326207
-0.315170
-0.317869
-0.346519
-0.386620
-0.419250
-0.442916
-0.472846
-0.524965
-0.599504
-0.688649
-0.777592
-0.878049
-1.002232
-1.140728
-1.286919
-1.449000
-1.614357
-1.756996
-1.869322
-1.970262
-2.069604
-2.169318
-2.272798
-2.379510
-2.494185
-2.617152
-2.742478
-2.867264
-2.992234
-3.118397
-3.257500
-3.395575
-3.493621
-3.531547
-3.527324
-3.492623
-3.433482
-3.365624
-3.298283
-3.246777
-3.218674
-3.199471
-3.162405
-3.103197
-3.041487
-2.990389
-2.968088
-2.983156
-3.032480
-3.096933
-3.157777
-3.210685
-3.263484
-3.318989
-3.367768
-3.425328
-3.493113
-18.626148
-3.619170
-2.181098
-2.252354
-2.333283
-2.422362
-2.512182
-2.603603
-2.701621
-2.806102
-2.900770
-2.987745
-3.079512
-3.188018
-3.322381
-3.473087
-3.616797
-3.761765
-3.920879
-4.093538
-4.271735
-4.445062
-4.612306
-4.787788
-4.968020
-5.136001
-5.289957
-5.437899
-5.581509
-5.728177
-5.861879
-5.960285
-6.012589
-6.024195
-6.007568
-5.971555
-5.941206
-5.924979
-5.909370
-5.890371
-5.873181
-5.862755
-5.860063
-5.867328
-5.877572
-5.884831
-5.875124
-5.841201
-5.786848
-5.722365
-5.673501
-5.652887
-5.664557
-5.701535
-5.746360
-5.773956
-5.768787
-5.742386
-5.719811
-5.714033
-5.714521
-5.715680
-5.714114
-5.699279
-5.669748
-5.641566
-5.623570
-5.623870
-5.641630
-5.660620
-5.676801
-5.702230
-5.728949
-5.746226
-5.762523
-5.768377
-5.758190
-5.746260
-5.732631
-5.713003
-5.691654
-5.664908
-5.635142
-5.610128
-5.593309
-5.586537
-5.574019
-5.560125
-5.555965
-5.553870
-5.560348
-5.578945
-5.591501
-5.595225
-5.581203
-5.551630
-5.509859
-5.440732
-5.333968
-5.190864
-5.019487
-4.827378
-4.627795
-4.418991
-4.186146
-3.936577
-3.674262
-3.395973
-3.112965
-2.821320
-2.523077
-2.219447
-1.901939
-1.567335
-1.242335
-0.952016
-0.707432
-0.536234
-0.464032
-0.484210
-0.570019
-0.711367
-0.911837
-1.165452
-1.463371
-1.782807
-2.096751
-2.365285
-2.563322
-2.692068
-2.763661
-2.785083
-2.748250
-2.653345
-2.512429
-2.340692
-2.150918
-1.966293
-1.811181
-1.682651
-1.565212
-1.451950
-1.316609
-1.138482
-0.924314
-0.689548
-0.457358
-0.244588
-0.047187
0.140282
0.331972
0.532599
0.735537
0.941830
1.154703
1.384355
1.627852
1.885100
2.153047
2.420588
2.638220
2.761217
2.794206
2.780704
2.737439
2.678156
2.619054
2.559232
2.496150
2.425864
2.354370
2.304778
2.296555
2.330364
2.387211
2.449174
2.510384
2.569332
2.639881
2.706233
2.768147
2.844191
2.933378
3.021180
3.100163
3.166550
3.230903
3.297096
3.358893
3.413141
3.462612
3.504308
3.539048
3.564335
3.573496
3.571229
3.566873
3.565255
3.570652
3.589876
3.606414
3.618399
3.625994
3.620174
3.602489
3.587534
3.580992
3.581478
3.587455
3.595900
3.607258
3.630249
3.658303
3.689185
3.725082
3.761430
3.792308
3.813963
3.825949
3.824375
3.809134
3.776408
3.736210
3.704437
3.690616
3.700190
3.736897
3.779525
3.818040
3.858687
3.899170
3.941135
3.993323
4.042758
4.068983
4.064567
4.041877
4.022444
4.011934
4.004316
4.004352
4.007084
4.010294
4.026554
4.060002
4.106553
4.158686
4.198212
4.213288
4.205745
4.178532
4.128250
4.056361
3.976796
3.898773
3.829122
3.759187
3.670991
3.569889
3.463257
3.355968
3.260098
3.174633
3.086241
2.989215
2.888972
2.789583
2.683300
2.564908
2.436814
2.297892
2.149929
2.006534
1.874659
1.757729
1.669529
1.610822
1.567437
1.538973
1.538731
1.571121
1.626056
1.692166
1.760201
1.822084
1.869262
1.896672
1.913668
1.937824
1.986300
2.036324
2.067341
2.078020
2.057172
1.999110
1.913752
1.833791
1.764268
1.694846
1.626650
-17.670048
1.575332
0.047650
0.043846
0.036850
0.030814
0.017457
-0.009153
-0.049078
-0.100962
-0.155615
-0.207036
-0.263866
-0.321582
-0.365017
-0.404396
-0.448111
-0.488244
-0.524312
-0.553436
-0.566650
-0.578879
-0.610129
-0.661237
-0.719211
-0.774671
-0.827858
-0.877425
-0.905177
-0.916772
-0.937545
-0.967001
-1.002007
-1.044398
-1.077725
-1.093225
-1.103151
-1.107855
-1.103100
-1.086896
-1.059297
-1.029859
-1.014637
-1.024418
-1.059828
-1.111680
-1.158887
-1.203329
-1.244566
-1.279478
-1.310599
-1.338832
-1.355335
-1.366688
-1.391638
-1.434430
-1.486914
-1.538430
-1.579978
-1.607820
-1.628811
-1.647479
-1.671622
-1.700286
-1.714105
-1.708115
-1.689915
-1.658919
-1.625669
-1.605709
-1.606189
-1.626663
-1.658638
-1.695224
-1.718271
-1.727588
-1.743006
-1.765467
-1.781449
-1.795896
-1.822093
-1.841209
-1.846792
-1.849030
-1.863049
-1.904874
-1.978395
-2.067425
-2.147003
-2.202517
-2.216368
-2.208923
-2.188673
-2.142399
-2.063658
-1.957213
-1.835347
-1.709588
-1.592550
-1.490221
-1.401200
-1.330310
-1.277759
-1.227025
-1.185169
