0.000347
-0.011524
-0.009602
-0.000999
0.000685
-0.020047
0.005471
0.003347
-0.001710
0.006079
0.004055
0.004022
-0.000596
-0.003661
-0.001135
0.002540
0.005910
-0.001136
-0.012596
0.002438
0.014675
-0.003965
-0.005891
-0.005452
0.004900
0.010394
0.013327
0.010494
-0.005282
0.002066
-0.001946
0.020746
-0.002926
0.005236
0.000384
-0.009528
-0.005660
-0.000562
0.003248
0.000483
-0.009436
0.004463
-0.004106
-0.008350
0.008438
-0.000530
0.006011
-0.004306
-0.000497
-0.000667
0.005405
0.023672
-0.000462
-0.003023
-0.002988
-0.008624
-0.005888
0.000345
-0.004508
-0.007816
-0.004239
0.002470
-0.002823
-0.004070
-0.007106
-0.000900
-0.000258
-0.000497
-0.000697
-0.004271
-0.006060
-0.004541
-0.015803
-0.003058
0.000683
-0.005317
0.001357
-0.006562
-0.012221
-0.000597
0.005505
0.006989
0.006010
-0.001339
-0.005620
-0.001338
-0.005282
-0.019216
-0.013621
-0.005823
-0.005418
0.001662
-0.002181
0.007798
-0.009864
-0.004374
0.003078
-0.016712
-0.018400
-0.004100
-0.012809
0.004393
-0.004782
-0.004205
-0.011758
-0.012596
0.016430
-0.003835
-0.009164
-0.003430
0.005067
-0.012670
0.004223
-0.009324
-0.004951
0.010595
-0.003697
-0.001878
-0.001239
-0.016645
-0.005726
0.002674
-0.014756
-0.016844
0.004123
-0.014825
-0.012825
0.003078
0.004325
-0.001777
-0.001574
-0.003594
-0.020791
0.001122
-0.006970
-0.004777
-0.003698
-0.010983
-0.013278
-0.020830
-0.004039
-0.006667
-0.024023
-0.007508
-0.010439
-0.011822
-0.012227
-0.008660
-0.010808
-0.013681
-0.017459
-0.012026
-0.023965
-0.027301
-0.012263
-0.000328
-0.024881
-0.002248
0.005506
0.003584
-0.015534
-0.007311
-0.013607
-0.013342
-0.001507
-0.007740
-0.003194
-0.007441
-0.003968
-0.001036
-0.014827
-0.014946
-0.013262
-0.011847
-0.005381
-0.014863
-0.013912
-0.021156
-0.006708
-0.005719
-0.025448
-0.015831
-0.006163
-0.015595
-0.020197
-0.005043
-0.003831
-0.005012
-0.002381
-0.016083
-0.002621
-0.002823
-0.005113
-0.015302
-0.011623
-0.002588
-0.012801
-0.007139
-0.002248
-0.006292
-0.002755
0.000515
-0.006833
-0.006466
-0.000024
-0.003632
-0.014423
-0.008899
-0.018455
0.010933
0.008742
-0.000969
-0.008311
-0.007106
-0.009699
-0.009967
-0.007950
-0.011956
0.001594
0.000010
-0.024658
-0.010202
0.006382
-0.005716
-0.009259
0.000077
0.009854
-0.000429
-0.001541
-0.003267
0.000921
0.001122
-0.000697
-0.011446
-0.012222
0.000920
-0.006227
-0.020650
-0.005990
-0.021394
-0.003227
0.006786
0.004595
0.004966
-0.021708
-0.009258
-0.010104
-0.010782
0.001931
-0.005727
-0.000868
-0.004104
-0.009023
-0.005923
-0.010918
-0.000968
-0.000765
-0.000595
-0.016574
0.002572
0.002675
0.016161
-0.004547
0.011742
0.003583
0.002232
-0.004374
-0.008792
-0.009361
-0.007776
-0.007715
-0.004001
-0.000192
0.014742
0.004089
0.024728
0.006584
0.008876
0.007494
0.006988
0.009180
-0.001103
0.017944
0.000108
-0.003226
0.001696
0.005337
-0.004343
-0.014695
0.002135
0.008000
0.010326
0.007629
0.004696
-0.002618
0.004864
0.008303
-0.001271
0.001729
-0.004777
-0.003665
0.015687
0.003550
0.015822
0.005303
0.005808
0.002809
-0.003191
-0.002247
0.016764
0.011776
0.006113
0.005202
0.003819
0.010191
0.010359
-0.010643
0.007258
-0.000193
-0.002318
-0.008217
0.012819
0.001293
0.008472
-0.002183
0.013798
-0.014697
-0.006874
0.010933
-0.002858
0.002168
0.009686
0.003145
0.003652
0.004663
0.001426
-0.006361
0.003651
-0.000128
0.001795
0.001627
0.001190
0.011136
0.003817
0.005100
0.006618
0.008641
0.004629
-0.006632
-0.002622
-0.004467
0.004763
-0.002551
-0.002989
-0.001710
-0.001034
0.010831
-0.011897
0.009550
0.000683
-0.000089
-0.000563
0.003550
0.000954
-0.002083
-0.002926
0.002807
-0.012506
-0.009057
-0.001437
-0.004237
-0.002218
-0.025512
-0.001714
0.011136
0.005943
-0.009594
0.012654
-0.009058
0.003212
-0.011321
-0.000227
-0.001169
-0.002183
-0.006395
0.005573
-0.014375
-0.011691
0.008641
0.017207
0.002200
0.008472
0.004595
-0.003633
-0.010544
0.010798
0.006686
-0.000868
-0.014520
-0.015931
-0.012198
-0.017052
-0.003257
0.005707
-0.004004
0.001801
-0.007339
-0.011215
-0.009636
-0.000262
0.001054
-0.005046
-0.005012
-0.010945
-0.000494
-0.007547
-0.003092
-0.005691
-0.013372
0.003179
0.010967
-0.008957
-0.003901
-0.008484
-0.008158
-0.000223
0.003820
0.005337
0.011135
-0.002318
-0.013848
-0.012191
-0.005311
-0.012873
0.000447
-0.017592
-0.010580
-0.006906
-0.011012
-0.022406
-0.015357
-0.017755
-0.007774
-0.020452
-0.009704
-0.022034
-0.002992
-0.008755
-0.008116
-0.007272
-0.015298
-0.010713
-0.009255
-0.010744
-0.020996
-0.013844
-0.015394
-0.026940
-0.021303
-0.008552
-0.008150
-0.008659
-0.004644
0.003448
-0.014998
-0.002115
-0.004610
-0.006461
-0.010448
-0.004441
-0.004913
-0.011012
-0.024026
0.003514
-0.005351
-0.024572
-0.012895
0.001526
-0.006225
0.003178
0.005202
0.005506
-0.010914
-0.006024
-0.006638
-0.013374
-0.004644
-0.003328
-0.009264
-0.011344
-0.002387
-0.007915
0.010664
-0.008928
-0.014149
0.002506
-0.013444
-0.007376
-0.002754
0.001797
-0.021869
-0.022779
-0.019295
-0.021088
-0.003058
-0.016438
-0.013008
-0.011620
-0.012360
-0.002450
-0.010343
-0.003665
-0.003699
-0.003597
-0.015569
-0.012063
-0.002383
-0.010239
-0.004541
0.002607
-0.006674
-0.013645
0.012011
-0.010913
0.001562
-0.011187
0.018518
0.001858
-0.006664
-0.008757
-0.011285
0.004393
0.005033
-0.000528
-0.005342
-0.010508
0.000482
0.011440
-0.024063
-0.015033
0.000377
0.005707
-0.003834
-0.000058
0.004966
-0.012335
-0.007346
-0.014412
-0.005149
0.010528
-0.011421
0.007663
0.000179
0.011373
-0.001668
0.007494
0.002404
-0.003298
-0.007978
-0.008823
-0.005049
-0.006971
0.003247
0.015315
-0.003461
0.023746
0.004831
-0.007305
0.005033
-0.000730
-0.015487
0.002167
0.008067
0.020443
-0.007406
0.012989
-0.000732
-0.012060
-0.007609
0.000009
-0.003364
-0.006430
0.013158
0.017541
-0.001308
-0.006125
-0.010806
-0.006833
0.011674
0.006786
-0.005352
-0.004577
-0.004375
0.000348
0.004461
0.000920
0.003214
0.008169
0.000485
-0.016437
0.008607
-0.002959
0.001627
0.009922
0.007123
-0.013913
-0.015566
-0.009500
-0.003092
0.005640
0.008135
-0.003259
0.000616
0.006415
-0.002450
0.009012
0.015719
-0.006157
0.001188
-0.013175
-0.014892
-0.013137
0.015116
0.010630
0.000785
0.011169
0.001289
-0.011588
-0.005624
-0.005860
0.005303
0.009315
-0.002521
-0.001173
-0.000293
0.003550
0.016127
0.005910
0.006113
0.004528
0.000247
-0.000965
-0.001002
-0.009060
-0.012265
0.000279
0.001627
0.004629
0.003685
0.003516
-0.007544
-0.008811
0.009955
-0.007781
-0.008519
-0.004236
0.004020
-0.004512
0.009888
0.008809
-0.005418
-0.002922
-0.002655
0.001324
0.001629
0.007393
-0.008788
-0.001678
0.007427
-0.020219
-0.003361
0.008640
-0.001406
0.012417
-0.007839
-0.014383
-0.016003
-0.009263
-0.006596
-0.009932
-0.009292
-0.005347
-0.011352
-0.012158
0.002640
0.002808
0.003417
0.005268
0.005640
0.001358
0.002506
-0.000058
-0.018036
-0.012829
-0.001910
-0.002313
0.006382
-0.001135
0.002295
0.004765
-0.005484
0.005944
-0.014523
-0.009058
-0.015985
-0.018270
0.007224
-0.013981
0.001493
-0.008455
-0.013879
-0.001709
-0.019980
0.001629
0.003785
-0.003361
0.016025
0.016431
-0.010402
0.007056
0.007663
-0.005923
-0.007518
-0.001438
-0.005012
-0.010747
-0.014654
-0.009734
-0.005825
-0.010407
-0.018539
-0.010476
-0.003699
0.009652
-0.013271
-0.018468
-0.001641
-0.030134
-0.024869
-0.022413
-0.022681
0.001964
-0.020852
-0.021205
-0.011614
0.000008
-0.012972
-0.031987
-0.014044
-0.011153
-0.015296
-0.016712
-0.010005
-0.010849
-0.010681
-0.030088
-0.007072
-0.025336
-0.011721
-0.010815
-0.016438
-0.019915
-0.005214
-0.008346
-0.009363
-0.003154
-0.023110
-0.021464
-0.015532
-0.006063
-0.012566
-0.002046
-0.020688
0.003752
-0.001035
-0.012531
-0.018331
-0.013543
-0.008183
-0.020184
-0.015541
-0.013400
-0.014311
-0.007578
-0.006198
-0.016647
0.008236
-0.008252
-0.015763
-0.004610
0.001595
0.000414
-0.007646
-0.011520
-0.000091
-0.007474
-0.010608
-0.009697
0.001425
-0.019283
-0.026733
-0.015872
-0.014050
-0.016510
-0.009868
-0.012031
0.000617
-0.001136
-0.026015
-0.010609
-0.010397
-0.007033
-0.002723
-0.005012
0.001897
-0.009398
-0.005253
-0.002012
0.005169
-0.009727
0.004899
-0.000905
-0.013944
0.000582
-0.012429
-0.003665
-0.003536
0.010764
-0.005989
-0.002452
-0.000327
-0.003331
-0.002722
-0.012909
0.002032
0.001190
0.010494
-0.013267
-0.008348
-0.012463
-0.003635
-0.021190
-0.012188
0.013190
0.015147
0.017134
-0.006734
-0.001545
0.006146
0.006787
-0.003465
0.000581
-0.006089
-0.004608
0.009653
0.001156
0.006247
-0.003425
-0.002350
-0.001843
0.007056
0.002032
0.007966
0.010900
0.003075
0.011438
0.003214
-0.002788
0.007663
0.008270
-0.003259
-0.013139
-0.005953
0.003212
0.002506
-0.002824
-0.004969
0.007427
-0.009939
0.005876
-0.005854
0.009888
-0.001441
-0.003631
0.003785
0.001695
0.004259
0.004291
0.008607
0.000581
0.009348
-0.000734
-0.007408
0.020236
0.004325
0.016194
-0.000664
-0.005888
0.005202
-0.008856
-0.007573
-0.002922
-0.004338
-0.010844
0.009618
0.013328
0.008034
0.003921
0.002707
-0.005890
0.000719
-0.008988
-0.003529
0.002302
-0.000160
-0.001948
0.016732
0.007090
0.015282
0.001054
0.008742
0.009619
0.002504
-0.003226
0.007595
-0.011724
0.029170
0.009517
0.006113
0.006617
0.016090
0.005270
-0.007135
-0.003365
-0.002078
0.010225
-0.001169
-0.013882
0.000247
0.007899
0.005674
-0.006158
-0.003968
0.001561
-0.015696
0.008135
-0.012736
0.003146
0.001157
0.001223
0.005775
-0.012423
0.002203
-0.007103
-0.006965
-0.011755
-0.007912
0.005303
-0.005489
0.000614
0.002673
0.009213
0.014609
0.018312
0.016022
-0.006899
-0.005113
0.000113
-0.006700
0.000077
0.003617
-0.016676
-0.004946
-0.002790
-0.006462
-0.007304
0.005707
0.001257
-0.006398
-0.005760
-0.005654
-0.006810
-0.000024
-0.023841
0.004999
-0.018257
-0.012932
-0.009999
0.007528
0.005303
-0.001641
-0.003566
0.000280
-0.009763
0.000449
-0.005147
-0.008581
0.008270
-0.006494
-0.002889
-0.013910
0.015589
0.003651
-0.015661
-0.002049
-0.003659
-0.003865
-0.014276
0.002573
0.004021
0.005134
-0.015400
-0.001101
0.001899
0.000380
0.000178
-0.019406
-0.011451
-0.000358
-0.012634
0.004123
-0.016477
0.004831
-0.002382
-0.012059
-0.006397
0.003823
0.008641
-0.005317
0.005977
-0.015635
-0.000798
-0.008993
-0.006830
-0.011855
-0.008219
-0.011492
-0.007982
-0.002387
-0.004542
-0.003534
-0.002182
-0.014388
-0.019716
0.002907
-0.018632
-0.011383
-0.023315
-0.013442
-0.010747
-0.002349
-0.013643
-0.018697
-0.013074
-0.010071
-0.008383
-0.009093
-0.028837
-0.014821
-0.037248
0.008101
-0.023051
-0.009866
-0.009864
-0.008857
0.003583
-0.009802
-0.016920
-0.017041
-0.016204
-0.004809
-0.012226
-0.013446
-0.015535
-0.006799
-0.014884
-0.006424
-0.011385
-0.013635
-0.010875
-0.012937
-0.009565
-0.007645
-0.004203
0.003213
-0.007375
-0.018473
-0.009830
-0.012062
-0.007948
-0.004375
0.000650
-0.005252
0.002269
-0.000360
-0.001507
-0.003969
-0.005317
0.003581
-0.008988
-0.015367
-0.005958
-0.005389
-0.003967
-0.006298
-0.007305
-0.006126
0.010225
-0.010714
-0.007714
-0.009532
-0.005618
-0.007205
-0.001037
-0.016916
-0.007471
-0.000160
0.004224
-0.005792
-0.008762
0.002032
0.003617
-0.014862
0.007595
0.006281
0.004292
0.006820
0.003752
-0.014689
-0.008036
-0.015164
0.001797
-0.004206
-0.009364
-0.003598
-0.004979
-0.005418
-0.009866
-0.006964
0.001224
-0.007102
-0.006660
0.000651
-0.009432
0.008843
-0.006428
-0.000191
0.008843
0.017711
-0.003023
0.005539
0.004967
0.003517
0.002740
-0.005317
0.004426
0.011168
-0.002989
-0.003262
-0.008519
-0.000088
-0.001137
-0.009903
0.009685
-0.000292
-0.008420
-0.002718
0.003752
0.006348
0.003381
-0.003835
-0.001948
-0.005487
0.001661
0.011575
0.005943
-0.015501
0.001493
-0.006599
-0.000932
0.006449
0.018820
-0.004005
0.003078
0.004459
-0.002486
0.003144
0.003450
0.001190
-0.000124
0.024352
0.008101
0.007494
0.005943
0.001965
-0.007313
0.010090
0.007831
0.000042
0.003853
0.006180
0.002942
0.000313
0.004324
0.012517
0.010292
0.022702
0.004426
-0.004981
0.003042
-0.011555
0.013663
0.013056
-0.001304
0.007764
0.009011
0.006550
0.020306
0.010259
0.006180
0.010900
0.015487
0.011473
-0.003431
-0.009164
0.002471
0.009180
-0.001407
0.003416
0.000855
-0.003629
0.012484
0.003414
0.000314
0.003012
-0.001708
-0.001575
0.002238
-0.006431
-0.003563
-0.000562
0.002876
0.009517
-0.001978
-0.001744
0.006550
0.001830
-0.002420
0.003955
0.023142
0.022025
0.018248
0.018486
0.000247
-0.003298
0.018886
-0.004714
0.007697
-0.013557
0.001492
0.001965
0.014844
0.008944
-0.001102
-0.002488
0.001359
-0.004608
-0.000026
-0.007542
0.012449
-0.002688
0.005910
0.007461
0.008371
-0.000935
-0.021362
-0.012771
-0.008688
-0.011898
-0.013480
-0.003024
-0.005585
-0.008923
0.010629
0.003280
-0.013374
0.007865
-0.000899
0.000450
0.003954
0.001595
-0.007007
-0.007813
-0.008383
-0.010236
-0.007980
-0.012189
-0.007308
-0.001675
0.001087
-0.003869
-0.000867
-0.016473
-0.010810
0.003246
-0.009738
-0.006364
-0.004606
-0.006327
-0.010544
-0.003902
-0.005762
-0.008721
-0.021834
-0.004575
-0.000226
-0.009498
-0.011387
-0.008918
-0.003363
-0.005048
-0.008892
-0.008925
0.002438
0.003988
-0.008079
-0.011523
0.002942
-0.006972
-0.001911
-0.004440
0.006449
-0.013569
0.002033
0.006112
0.004829
-0.016912
-0.008381
-0.018030
-0.025274
-0.009027
-0.014388
0.003684
-0.004537
-0.018832
-0.013040
-0.004410
-0.017728
-0.021303
-0.022608
-0.017690
-0.007341
-0.012705
-0.003189
-0.022619
-0.002314
-0.026725
-0.001475
-0.012493
-0.031638
-0.008689
0.001292
0.002572
0.005032
-0.010100
-0.003598
-0.003227
-0.016011
-0.008691
0.005606
-0.010639
-0.002584
0.000789
-0.003564
0.002371
-0.010239
-0.014558
-0.023357
-0.009903
-0.012504
-0.017211
-0.027600
-0.012498
-0.024667
0.009383
0.002268
-0.004614
-0.005215
-0.012500
0.005270
0.005876
-0.026576
-0.010073
0.011708
-0.009367
0.007899
-0.005855
-0.003530
-0.004715
-0.013707
-0.005444
0.005269
0.002133
0.002337
-0.018361
0.000818
-0.006930
0.005303
-0.003499
-0.009053
-0.004948
-0.005145
-0.003967
0.007798
0.004055
-0.017816
-0.006461
-0.006422
-0.008451
0.011945
-0.011051
-0.000023
-0.002115
-0.006571
-0.007307
-0.006024
-0.004742
-0.011621
-0.004352
0.001898
0.000451
-0.004134
-0.007952
-0.017452
-0.010277
0.011204
0.000717
-0.002320
-0.017823
-0.013747
-0.012299
-0.022614
-0.001441
0.006921
0.000076
-0.002080
0.002776
0.000213
-0.005759
0.001659
-0.000090
-0.001474
0.005068
0.004057
0.007359
-0.015370
0.007460
0.011203
0.003214
-0.004469
0.002740
-0.003396
-0.007500
0.004189
0.001693
-0.007040
-0.012972
-0.007643
0.009416
0.012247
-0.001681
-0.005116
0.004898
-0.003293
-0.002921
-0.009499
0.000618
-0.005822
-0.008149
-0.001879
-0.009629
0.017711
-0.006838
-0.006623
0.013629
0.001763
0.007056
0.009720
0.012887
0.017407
0.008573
0.013259
-0.002015
0.001831
0.004595
-0.007177
-0.001777
-0.009997
0.011304
-0.006191
0.009214
-0.001102
-0.002654
-0.002824
0.015349
0.006685
-0.005149
-0.002620
-0.017085
0.006820
-0.004206
0.002539
0.008539
-0.002820
0.011237
-0.001237
0.000549
0.004359
0.014237
-0.007983
0.003686
0.008910
-0.005623
0.002977
-0.000028
0.005370
0.007865
-0.006130
0.009045
0.005842
0.004292
0.003752
0.007258
0.002033
0.003753
0.006281
0.006012
0.001289
0.005708
0.008034
-0.004673
-0.007242
-0.002615
-0.007878
-0.004301
0.001122
0.002540
-0.004678
0.013970
0.004157
0.007730
0.006314
0.011203
-0.001072
0.006483
0.009112
-0.010480
-0.009594
-0.012226
-0.013771
-0.002722
-0.015533
0.007798
0.005268
-0.018266
-0.004337
-0.000496
0.005336
-0.008853
0.007259
-0.021127
0.002673
0.000954
-0.000832
0.008641
-0.007138
-0.007305
0.002676
-0.017384
0.000076
0.004224
-0.004472
0.008877
-0.005280
0.005269
-0.007343
-0.002925
0.005539
-0.013099
0.002133
-0.012500
0.000820
0.006450
-0.001845
0.001595
0.004190
-0.011856
0.002404
0.000888
-0.013830
-0.015296
-0.012497
-0.007270
-0.016001
-0.005522
0.022392
0.000011
-0.007244
-0.007338
-0.009975
0.003111
-0.019574
-0.007812
0.005876
-0.000161
-0.013743
-0.017366
-0.000969
-0.007004
-0.003496
0.000081
-0.004003
-0.001843
-0.007440
0.006011
0.011337
-0.009935
-0.016374
-0.004135
0.004292
-0.012097
-0.003965
-0.009400
-0.008542
-0.020359
-0.019172
-0.016609
0.001561
-0.027399
-0.018664
-0.019786
-0.025965
-0.016071
-0.008659
0.000718
0.001930
-0.006900
-0.008756
-0.020557
-0.018692
-0.016280
-0.014793
-0.022480
-0.017007
0.007023
0.006011
-0.009604
0.000580
-0.019782
-0.025349
-0.013847
-0.009222
-0.001642
-0.003362
-0.003397
-0.016244
-0.033980
0.002571
0.004899
-0.007809
0.004125
-0.023691
-0.014041
-0.005283
-0.005009
-0.006800
-0.010845
-0.010614
-0.013505
0.006955
-0.008415
-0.006161
-0.009031
-0.004945
-0.013850
0.003888
0.000214
-0.007309
-0.013983
0.005371
-0.012631
-0.005963
-0.005957
0.002504
-0.007539
-0.015053
-0.011518
-0.002048
-0.003839
-0.002383
-0.014924
-0.025433
-0.016879
-0.012165
-0.010158
-0.013436
-0.014621
-0.005148
-0.001947
-0.007773
-0.020521
0.000858
-0.006997
-0.014047
-0.006629
0.020194
-0.003630
-0.004170
-0.005795
0.002031
0.010293
-0.009736
-0.024662
-0.008380
-0.000698
-0.020254
-0.024836
-0.020616
-0.002115
0.008236
-0.014415
-0.000697
0.009315
-0.009057
-0.008784
-0.011286
-0.000667
0.002202
-0.003193
-0.002147
-0.006629
-0.011485
0.002237
-0.018094
-0.002421
0.006955
0.006044
0.003010
-0.009124
-0.017461
-0.006838
0.001224
-0.003935
0.014000
0.006550
-0.000260
0.006247
-0.008960
0.023269
-0.014424
0.000144
-0.006432
0.012417
0.005168
0.006214
-0.009433
-0.002218
-0.005856
-0.005991
0.000520
-0.003121
0.022333
-0.000430
-0.000056
0.005943
-0.012839
0.000551
-0.000228
-0.002854
0.015081
0.004392
0.006045
0.009416
0.012115
0.010259
0.004629
0.010426
0.003380
-0.012199
0.005202
-0.004409
0.009517
0.000579
0.003416
0.021146
-0.000117
-0.009775
-0.015505
0.002775
-0.007002
0.001932
0.010967
0.007461
0.008842
-0.005856
0.004258
0.007056
-0.009159
0.016025
0.007595
0.005168
0.002505
-0.000361
-0.008117
0.006382
-0.000494
0.007899
0.003954
-0.002450
-0.004307
0.003145
-0.000665
0.001829
0.003420
0.008034
0.004527
0.007427
0.008067
-0.011386
-0.002417
0.001965
0.007528
0.000613
-0.006327
-0.001980
-0.003666
-0.000463
0.003041
-0.002621
-0.009834
-0.010782
0.001600
0.009315
-0.000027
0.001629
0.000381
0.000851
-0.004408
-0.010777
0.015181
-0.008081
-0.017721
-0.018296
-0.004574
0.014675
0.010057
-0.016512
0.000684
-0.000800
0.004797
0.008000
-0.006193
0.012753
-0.016445
-0.012231
-0.004477
-0.007242
0.001122
0.011775
-0.008380
0.005944
-0.010949
-0.005385
-0.003697
-0.002889
-0.002549
0.008607
-0.015233
-0.002887
-0.002617
0.005168
-0.008515
-0.020451
-0.007069
-0.008793
-0.013405
0.003078
0.006685
0.013426
-0.002924
0.001460
-0.019545
-0.007403
-0.012094
-0.012148
0.000749
0.001864
-0.005048
-0.014214
-0.016428
-0.002792
-0.002076
-0.004172
-0.014216
-0.004610
0.007629
0.008775
-0.009093
0.004461
-0.010610
-0.002522
-0.014995
-0.002183
-0.006666
-0.009394
-0.018708
-0.008552
-0.009831
-0.015399
0.000888
-0.007532
-0.009222
-0.010612
-0.007879
-0.011016
-0.005214
-0.012359
-0.004573
-0.011120
-0.019741
-0.003399
-0.012931
-0.010881
-0.010438
-0.012060
-0.008665
-0.010983
-0.013747
-0.005956
-0.014117
-0.021600
-0.003967
-0.014618
-0.006092
-0.016993
-0.011755
-0.031137
-0.020894
-0.013610
-0.008249
-0.008020
-0.007375
0.000141
-0.020122
-0.015971
-0.004744
0.000483
-0.013275
-0.009096
-0.011555
-0.025680
-0.017779
-0.009149
-0.010611
-0.011890
-0.009795
-0.021941
-0.014484
-0.025085
-0.012294
-0.008450
-0.007379
-0.012298
-0.012863
-0.005179
-0.009162
-0.007644
-0.007408
-0.007102
-0.009600
-0.000156
-0.007635
0.007629
-0.002350
0.004426
-0.011318
-0.004103
-0.001038
-0.015842
-0.001200
-0.003124
-0.012999
-0.012466
-0.008787
-0.012191
-0.003094
-0.012735
-0.011956
-0.006295
-0.015535
-0.019142
-0.008788
-0.030640
-0.001844
0.002301
-0.006835
-0.008049
-0.011280
-0.009668
-0.002016
-0.016373
0.000850
-0.006868
-0.000838
-0.007514
-0.008483
0.000280
-0.004675
0.004022
0.005605
0.006450
0.003280
-0.010542
0.008135
-0.001373
-0.001878
0.006955
-0.004200
0.000316
-0.004980
0.001660
0.009078
-0.006099
-0.001170
-0.008282
-0.016452
-0.005754
-0.003694
-0.008014
-0.000360
-0.012419
-0.017122
-0.012628
-0.000867
-0.004745
-0.011017
-0.009724
-0.008450
-0.012600
-0.009598
0.002334
0.004259
0.001697
0.014000
0.001762
0.002336
0.010967
0.015147
0.007460
-0.012868
0.003684
0.001526
0.002167
0.009248
0.007865
0.018013
0.003415
-0.009129
0.003551
0.004766
0.008910
-0.004473
-0.005922
0.004057
0.012248
0.011304
-0.004135
-0.007985
0.002640
0.000312
-0.002454
0.006651
0.002235
0.002301
0.009213
0.007393
0.006281
-0.014685
-0.003331
-0.001810
0.002471
-0.001036
0.010630
0.011137
0.003280
-0.002552
0.010899
0.002976
-0.000629
-0.001606
-0.001745
-0.003664
0.001935
0.000751
0.006483
-0.007206
0.011607
-0.002454
0.003852
-0.005923
0.010596
0.007663
0.000715
0.007191
0.003077
0.010596
0.013057
0.000178
-0.000520
-0.007171
-0.000258
0.005910
0.002168
0.002236
0.003212
0.002742
0.007427
0.009180
-0.002215
0.006854
-0.008213
0.006516
0.001593
0.002233
0.004191
0.003920
-0.001781
0.003314
0.012518
0.000177
0.015956
-0.018565
-0.008420
0.005302
0.020578
0.008573
0.007562
0.001798
-0.000763
0.009180
-0.020459
-0.015394
0.005809
-0.001843
-0.005452
-0.008414
0.007764
-0.016637
0.000919
0.000180
0.004191
0.008303
-0.013547
-0.006089
0.012012
-0.006936
0.002402
0.000547
0.024723
0.006112
-0.011658
-0.014147
-0.001272
-0.004203
-0.003359
-0.002280
0.001796
-0.008086
0.002167
-0.004780
-0.005009
-0.013204
0.004089
-0.006973
-0.005687
0.000214
-0.007002
-0.005113
-0.008617
-0.009461
-0.002218
-0.014591
-0.009190
-0.017391
-0.001070
-0.019472
-0.008013
-0.000666
-0.005385
0.000110
0.010259
-0.001272
-0.001543
-0.003058
-0.000225
0.000347
0.003550
-0.005896
0.000583
-0.002283
-0.003261
-0.011383
-0.005721
-0.013246
-0.011924
-0.000360
0.002809
0.006550
-0.009596
-0.007812
-0.004037
-0.016639
0.002606
-0.004036
-0.006027
-0.009699
0.007528
-0.006057
-0.017545
-0.003224
-0.003465
-0.003063
0.001864
-0.010842
0.003415
-0.007172
-0.021361
-0.015873
-0.028545
-0.003963
-0.018266
-0.002755
-0.008686
-0.027806
-0.022351
-0.016774
-0.021648
-0.012197
-0.006265
-0.017694
0.005808
-0.011723
-0.009361
-0.011391
-0.007874
-0.015970
-0.010470
-0.020964
-0.019492
-0.019775
-0.012168
-0.017232
-0.004812
-0.026051
-0.003866
-0.012295
-0.016054
-0.005080
-0.005079
-0.011076
-0.004807
-0.001069
-0.001908
-0.006938
-0.002078
-0.002487
-0.015428
-0.023047
-0.014115
0.011808
-0.020896
-0.004608
0.009686
0.003550
-0.000765
0.003009
-0.008688
-0.012675
-0.026337
-0.011562
0.004763
-0.014216
-0.011833
-0.007704
-0.008450
-0.014650
-0.006803
-0.008051
-0.009024
0.000347
-0.017660
-0.001272
-0.007509
0.001829
-0.004272
-0.010712
-0.005047
-0.002016
0.005910
-0.012729
-0.014767
-0.006975
-0.005579
-0.002655
-0.001405
0.005708
-0.001346
-0.003126
-0.006067
-0.011486
-0.006830
-0.010184
-0.008722
-0.000497
-0.007905
-0.000933
-0.003663
0.003179
-0.013867
0.000042
-0.013111
-0.009194
0.003077
-0.016615
0.002303
0.004023
0.008135
-0.001136
0.005808
-0.012228
-0.003362
-0.000259
-0.003399
-0.011516
-0.009163
-0.000362
0.022665
-0.008117
0.004191
0.000686
0.000382
0.014845
-0.000092
0.009989
0.006247
-0.001472
0.022435
0.005876
-0.007979
0.003449
0.009045
0.008067
0.004023
0.003718
0.007663
0.008742
0.016293
0.019531
-0.005011
-0.002283
-0.001474
0.001119
0.009315
0.015011
0.004528
0.003246
0.003214
-0.002653
0.008539
0.004325
-0.015938
0.010630
0.005539
0.003314
0.007157
0.011640
-0.013913
0.003414
0.010629
-0.003935
-0.001608
-0.005453
-0.004207
0.004933
0.000481
0.018381
0.000177
0.004224
0.005943
0.009079
-0.014583
0.003957
0.000248
0.009820
-0.003664
-0.001538
-0.002520
0.001527
0.015081
-0.003159
0.011203
-0.014380
-0.012500
-0.007815
-0.000935
-0.002990
0.004461
0.019934
-0.006968
-0.008247
-0.004609
0.009113
-0.012837
0.008000
0.005135
0.005707
0.003346
0.002706
0.011912
0.005505
-0.002215
-0.001638
0.006415
-0.002079
0.003212
0.001866
0.004258
-0.000226
0.005336
-0.000058
0.000415
-0.002618
0.016363
0.004495
-0.004003
0.009956
0.003854
-0.017885
0.003145
0.018217
-0.009870
-0.003767
0.001934
-0.007910
-0.008014
-0.009527
-0.000599
0.000684
-0.004003
0.002911
0.000786
-0.007136
0.003280
0.014609
-0.002989
-0.019461
-0.005653
-0.007064
-0.007876
-0.005788
0.003515
0.003852
-0.001135
-0.005892
-0.012329
-0.002621
0.008169
-0.008483
0.004427
-0.001878
0.000788
-0.003972
-0.002857
-0.001700
0.001966
-0.009798
-0.023052
-0.007173
0.001054
0.006618
0.002807
-0.004847
-0.015061
-0.000529
0.008405
-0.003123
-0.005619
-0.007169
-0.005654
-0.015658
0.002067
0.009281
-0.016370
-0.007301
-0.004305
0.000007
0.003819
-0.013410
-0.010336
-0.012603
0.006079
-0.013270
-0.007812
-0.008010
0.000685
-0.005109
-0.000091
-0.003227
-0.012027
-0.027345
-0.002215
0.000041
-0.002553
-0.015639
-0.014322
0.003753
0.001089
-0.009255
-0.009775
-0.005114
-0.017581
-0.010104
-0.000428
-0.005651
-0.010546
-0.024063
-0.025001
-0.008692
-0.018703
-0.009733
-0.003566
-0.016541
-0.000896
-0.017653
-0.012262
-0.013004
-0.014892
-0.020955
-0.022544
-0.013548
-0.019018
-0.001710
-0.007234
-0.002044
-0.013374
-0.009669
-0.003221
0.002606
-0.007943
-0.008717
-0.011990
-0.007910
-0.010609
0.004089
-0.006193
-0.019648
-0.007947
-0.006834
-0.026067
-0.016209
0.002943
0.003617
-0.006329
-0.002213
0.000819
-0.004507
-0.021562
-0.021647
-0.015234
-0.009226
-0.010845
-0.001303
-0.016538
-0.001639
-0.006057
-0.009497
-0.017747
-0.010270
-0.010847
0.007562
-0.006966
-0.008654
-0.004138
-0.008251
-0.011079
-0.018974
-0.004576
-0.014152
-0.015597
-0.001306
-0.000059
-0.015766
0.007865
-0.003325
-0.015562
-0.006158
-0.002689
-0.004270
0.000314
0.002540
-0.006293
-0.001106
-0.003487
0.000919
-0.002354
-0.005178
0.007764
-0.010810
0.010259
0.006550
-0.005044
-0.007533
-0.005552
-0.005079
0.011102
-0.009771
-0.013446
0.002605
0.002606
-0.005854
-0.009289
-0.001304
-0.008720
-0.017756
-0.004003
-0.008282
-0.002552
0.004899
-0.005523
0.009349
-0.010648
-0.008415
-0.005013
-0.006465
-0.003465
-0.002381
-0.000595
-0.001001
0.008303
0.006315
0.003349
-0.000868
-0.001711
0.012521
0.005033
0.004526
0.002942
-0.008687
-0.005689
-0.010141
-0.007305
-0.004979
0.002638
0.005100
-0.000090
-0.001744
-0.005148
0.009686
0.011101
-0.005861
-0.007942
0.000312
-0.005754
-0.014382
-0.009126
-0.000092
-0.007473
0.012551
0.007933
0.004224
-0.003429
-0.015094
0.009146
-0.000866
0.004933
0.006112
-0.003596
0.006246
0.004427
0.009247
-0.012287
-0.014083
-0.011320
-0.001034
0.009618
-0.002418
0.008202
0.019391
0.010595
0.009753
0.002975
0.000414
0.005572
0.019259
-0.012837
-0.002989
-0.003229
-0.008251
-0.013743
-0.012770
-0.001573
0.006416
0.005269
0.007292
0.026949
-0.001978
-0.020014
-0.010546
0.001022
0.003146
0.000953
0.003718
0.007393
-0.005212
0.008405
0.012686
0.004225
0.012955
-0.005048
0.016326
0.017709
-0.005415
0.000549
0.007865
0.004425
0.009281
0.010428
0.004426
0.000178
0.010732
-0.004817
-0.004475
-0.001646
-0.011082
0.003885
0.006785
-0.001574
-0.003900
0.007393
0.014137
-0.009731
0.002470
-0.011256
0.002844
-0.005029
-0.002552
0.002237
0.010090
-0.003595
0.006719
-0.009834
-0.002518
0.006348
-0.022040
0.006449
-0.005557
-0.013984
-0.003194
-0.009127
-0.008218
-0.008454
-0.001067
0.002944
-0.003159
0.001562
-0.005622
-0.010245
-0.009699
-0.005181
0.001661
-0.005623
-0.000768
-0.003059
-0.002114
-0.000392
-0.001540
-0.014046
0.001729
0.001392
0.000920
-0.008016
0.010765
-0.003935
0.001763
0.002705
-0.013296
0.000650
0.003547
0.012349
-0.005183
-0.008048
0.004424
-0.023143
0.002539
-0.005249
-0.006566
-0.004778
-0.015169
-0.006127
0.007528
-0.008796
-0.019954
-0.019409
0.004292
-0.004071
-0.015099
-0.016239
-0.020161
-0.021673
-0.021234
-0.002013
-0.003393
-0.029164
-0.012798
-0.021545
0.003313
0.002302
0.018449
-0.003430
-0.015871
-0.015196
-0.002753
-0.005925
-0.006499
-0.003799
-0.010576
-0.015164
-0.013714
-0.003602
-0.023424
-0.002415
-0.007234
-0.015462
-0.008926
-0.014961
-0.015400
-0.013139
-0.015521
-0.019479
-0.008287
-0.017198
-0.017659
-0.005551
-0.017950
-0.006267
-0.010442
-0.013440
-0.012766
-0.016078
-0.007034
-0.006125
-0.005486
-0.003661
0.004057
-0.005449
-0.006363
-0.012095
-0.026216
-0.012297
-0.012699
-0.015965
-0.009705
-0.020922
-0.000765
-0.003123
-0.007408
-0.000766
-0.007235
-0.022077
-0.008884
0.011574
-0.028504
-0.020660
-0.010579
0.002504
-0.001648
0.006314
0.001358
-0.010274
-0.021331
0.001863
-0.010067
-0.005619
-0.011486
0.002539
-0.008109
-0.026294
-0.027982
-0.001338
-0.018738
-0.011733
0.004528
0.004696
0.001057
-0.009162
-0.001708
0.001695
0.005573
-0.005588
-0.000193
-0.007269
-0.018937
-0.007375
0.008067
-0.009157
0.003987
0.004123
0.001593
0.002031
-0.002483
-0.008449
-0.011145
-0.008886
0.002607
-0.005519
-0.000547
-0.009227
0.004560
0.000820
-0.008253
-0.005686
0.002337
-0.005587
0.003617
-0.007383
-0.004170
0.005303
-0.008182
0.012012
0.002404
-0.029146
-0.007407
0.011879
-0.001711
-0.010576
-0.018731
0.004191
-0.001774
0.002741
0.001154
-0.002993
-0.016401
-0.000124
0.002436
0.001730
-0.003399
0.003281
0.005876
0.009787
0.005841
0.006585
0.005774
0.015415
-0.005823
0.000245
-0.000831
0.003921
-0.004273
0.014441
0.023882
0.006652
-0.008047
0.003382
-0.006093
-0.004672
-0.001339
0.005910
0.004629
-0.009298
-0.012665
-0.009598
0.006280
0.006854
-0.008421
0.017913
0.009753
0.008944
0.016900
-0.013276
0.013599
0.013596
0.004528
0.010258
0.005843
-0.000462
-0.009124
0.013899
0.010596
-0.003465
0.000550
0.002912
0.004392
0.018958
0.003044
-0.002555
-0.008010
-0.013929
-0.013980
-0.007781
0.006315
0.007022
-0.000190
0.009348
-0.006762
0.003584
-0.006663
0.005775
-0.003535
-0.001036
0.012620
0.002269
-0.002014
-0.003297
0.003583
-0.006500
-0.008011
-0.013777
-0.011519
0.004763
0.001493
0.010394
0.018820
0.006989
-0.001343
0.014472
-0.002537
0.003886
-0.001506
0.008438
-0.003495
0.002268
0.000582
0.006719
0.011541
-0.009870
-0.001980
-0.001439
0.000854
-0.001204
0.014574
0.003921
0.018148
0.002132
0.008337
0.004830
-0.000326
-0.005519
-0.003836
0.001192
0.002708
0.001764
-0.005348
-0.001170
0.006988
0.006584
-0.014524
-0.004476
-0.005115
-0.006027
-0.001135
-0.004342
-0.006667
-0.002082
0.002471
-0.013575
0.002067
-0.002318
0.003786
0.001595
-0.000295
0.007966
-0.002855
-0.010644
0.015553
0.013864
0.007933
0.005909
-0.010918
0.004526
-0.015740
-0.002755
-0.008352
0.001190
-0.006357
-0.012268
0.005910
-0.005956
-0.001374
-0.000060
0.000921
-0.021396
-0.012163
-0.012830
-0.010616
