-0.002228
-0.005597
-0.007827
-0.008116
-0.003418
0.001438
0.004907
0.009478
0.010078
0.008194
0.015021
0.029249
0.042683
0.053878
0.059083
0.059636
0.056693
0.055257
0.054534
0.052368
0.050285
0.049408
0.051519
0.053702
0.055043
0.056856
0.058970
0.060808
0.060117
0.056733
0.054515
0.052561
0.052125
0.051534
0.049749
0.049330
0.049534
0.048492
0.043262
0.035750
0.030485
0.029941
0.033714
0.038886
0.040916
0.039798
0.037848
0.039145
0.039887
0.039027
0.038867
0.039417
0.037242
0.031817
0.025771
0.022847
0.022010
0.023951
0.027378
0.028735
0.028148
0.026167
0.026696
0.027935
0.025647
0.021457
0.016634
0.011828
0.008756
0.007748
0.006950
0.006755
0.006476
0.004395
0.003030
0.002499
0.002398
0.002999
0.001774
0.002074
0.003674
0.004451
0.005113
0.004227
0.001568
0.000868
0.001394
0.000327
-0.002924
-0.007085
-0.010932
-0.014537
-0.015121
-0.013746
-0.012866
-0.011958
-0.011053
-0.011249
-0.012508
-0.011511
-0.011515
-0.014647
-0.017147
-0.018367
-0.019611
-0.021610
-0.026557
-0.031449
-0.031302
-0.027634
-0.024202
-0.024741
-0.028931
-0.033358
-0.035190
-0.035394
-0.035694
-0.038568
-0.040209
-0.039493
-0.037259
-0.035050
-0.036049
-0.038934
-0.041441
-0.043460
-0.044385
-0.044317
-0.044415
-0.044885
-0.045027
-0.044225
-0.045342
-0.048257
-0.047636
-0.047239
-0.048564
-0.048891
-0.050638
-0.053515
-0.056193
-0.058458
-0.059156
-0.058282
-0.056681
-0.054679
-0.054605
-0.054873
-0.052376
-0.050959
-0.049267
-0.046273
-0.047389
-0.051168
-0.053557
-0.055171
-0.056669
-0.060119
-0.064707
-0.068396
-0.070295
-0.071082
-0.070302
-0.066468
-0.062993
-0.062209
-0.062779
-0.063217
-0.064158
-0.064017
-0.062107
-0.059314
-0.056575
-0.054758
-0.053398
-0.052421
-0.051312
-0.050518
-0.048903
-0.047989
-0.048768
-0.047469
-0.045179
-0.043717
-0.044518
-0.049556
-0.056574
-0.061379
-0.060003
-0.054570
-0.049823
-0.046796
-0.041930
-0.038334
-0.040628
-0.046110
-0.047720
-0.044723
-0.040020
-0.035277
-0.031988
-0.030833
-0.028858
-0.026434
-0.025085
-0.025376
-0.028106
-0.030178
-0.028319
-0.025123
-0.022597
-0.022657
-0.021608
-0.018598
-0.016046
-0.014259
-0.012876
-0.013504
-0.014294
-0.013963
-0.012641
-0.013198
-0.014264
-0.013831
-0.014018
-0.013099
-0.008860
-0.006472
-0.007352
-0.008635
-0.008660
-0.005154
-0.000605
-0.000901
-0.002183
-0.003530
-0.005082
-0.004211
-0.002724
-0.001099
0.001495
0.004809
0.007300
0.007418
0.005858
0.008223
0.010513
0.013678
0.014797
0.013709
0.013367
0.011854
0.013619
0.016985
0.020465
0.022488
0.021781
0.020703
0.022756
0.024441
0.022388
0.022303
0.022776
0.024066
0.026977
0.028733
0.028987
0.030635
0.034717
0.036000
0.035001
0.035851
0.037223
0.036053
0.034193
0.036045
0.039190
0.040444
0.040231
0.040814
0.043238
0.048230
0.052774
0.056802
0.057302
0.054043
0.051284
0.051610
0.054061
0.055040
0.054661
0.054685
0.055097
0.055277
0.052545
0.051529
0.055359
0.058532
0.059975
0.061713
0.060445
0.059997
0.058452
0.060020
0.063519
0.067540
0.071276
0.070710
0.067483
0.063683
0.060525
0.059103
0.059117
0.059334
0.059405
0.056654
0.054238
0.053890
0.053615
0.053841
0.055033
0.056794
0.055750
0.055358
0.055959
0.055841
0.054383
0.051876
0.050689
0.050918
0.051572
0.049585
0.049572
0.053870
0.058568
0.058802
0.058494
0.056982
0.054075
0.051245
0.047714
0.043439
0.039849
0.037897
0.037638
0.039082
0.041424
0.043811
0.045165
0.042727
0.036485
0.033000
0.031863
0.032874
0.036168
0.039266
0.041035
0.039858
0.035191
0.030680
0.027972
0.026627
0.026986
0.024635
0.020097
0.016455
0.013554
0.011140
0.009776
0.010117
0.011150
0.010391
0.009825
0.009240
0.010219
0.013977
0.016102
0.013655
0.009171
0.005275
0.001229
-0.001269
-0.001330
-0.001072
-0.002156
-0.003799
-0.007033
-0.010245
-0.009502
-0.005822
-0.003577
-0.004040
-0.006616
-0.009658
-0.012808
-0.013711
-0.011868
-0.010048
-0.010368
-0.010755
-0.012686
-0.015187
-0.013557
-0.010894
-0.012600
-0.014287
-0.018155
-0.023298
-0.027218
-0.029161
-0.029113
-0.030068
-0.032122
-0.032174
-0.032728
-0.035400
-0.035392
-0.034141
-0.032530
-0.031431
-0.031977
-0.031933
-0.031613
-0.031515
-0.031766
-0.032761
-0.038136
-0.043005
-0.044731
-0.043719
-0.044180
-0.047345
-0.050452
-0.050802
-0.050793
-0.053325
-0.054261
-0.052135
-0.049441
-0.048203
-0.048651
-0.051713
-0.055393
-0.056580
-0.054083
-0.053184
-0.054444
-0.053868
-0.051868
-0.050526
-0.048390
-0.046233
-0.045346
-0.045842
-0.045306
-0.044154
-0.045251
-0.047284
-0.047595
-0.049286
-0.053778
-0.056892
-0.057738
-0.058079
-0.060633
-0.062819
-0.061545
-0.057966
-0.057042
-0.058062
-0.057713
-0.057863
-0.057656
-0.054250
-0.050533
-0.047805
-0.046516
-0.046392
-0.045406
-0.044696
-0.045130
-0.045784
-0.045619
-0.045315
-0.044725
-0.044528
-0.044979
-0.043451
-0.041403
-0.040652
-0.043417
-0.048308
-0.048682
-0.045626
-0.042172
-0.039665
-0.037409
-0.036549
-0.035510
-0.032557
-0.028796
-0.025670
-0.023924
-0.023525
-0.022508
-0.021015
-0.019628
-0.020218
-0.021931
-0.023867
-0.025504
-0.023516
-0.019886
-0.016985
-0.015231
-0.014520
-0.013338
-0.010005
-0.005031
-0.002107
-0.004061
-0.008349
-0.011543
-0.011544
-0.008580
-0.005986
-0.001752
0.001965
0.002111
0.000277
-0.001619
-0.004793
-0.007692
-0.008725
-0.006970
-0.000541
0.005977
0.008382
0.010074
0.012518
0.014005
0.013172
0.012136
0.013548
0.017342
0.021746
0.022476
0.019022
0.017497
0.017801
0.019302
0.022483
0.022955
0.020780
0.020604
0.021670
0.021873
0.021314
0.019800
0.018243
0.017396
0.019248
0.019969
0.020046
0.020717
0.022100
0.024111
0.025635
0.028620
0.028455
0.029043
0.029756
0.028247
0.029772
0.033408
0.037379
0.039752
0.044140
0.051261
0.057011
0.060887
0.060399
0.057499
0.055084
0.053823
0.054020
0.054868
0.054077
0.053534
0.054525
0.055049
0.055776
0.057062
0.057205
0.055128
0.053702
0.055026
0.057021
0.059489
0.062668
0.064404
0.059312
0.058363
0.053407
0.047849
0.048235
0.053263
0.057762
0.059623
0.057392
0.052601
0.050011
0.050079
0.052056
0.053636
0.053227
0.050610
0.049215
0.049871
0.052959
0.057535
0.060417
0.061047
0.058139
0.051954
0.045062
0.041631
0.039414
0.038532
0.041211
0.043522
0.044742
0.044000
0.041359
0.039946
0.041072
0.043341
0.041858
0.040023
0.039863
0.040607
0.042437
0.042419
0.040320
0.039252
0.040904
0.040846
0.039107
0.037813
0.036364
0.035040
0.033964
0.034133
0.034954
0.032835
0.027922
0.023545
0.023638
0.024837
0.023423
0.024282
0.023095
0.016917
0.010291
0.006324
0.003026
0.003985
0.006844
0.010485
0.013031
0.012655
0.011367
0.010550
0.008876
0.007222
0.004751
0.001487
0.000078
0.000592
0.002313
0.001963
-0.000298
-0.002709
-0.004369
-0.004703
-0.003336
-0.002470
-0.004868
-0.008219
-0.012079
-0.016392
-0.019943
-0.021363
-0.020759
-0.019551
-0.019050
-0.018300
-0.017414
-0.017534
-0.018863
-0.021231
-0.024699
-0.026627
-0.026566
-0.025599
-0.023142
-0.020906
-0.021753
-0.024925
-0.027677
-0.029472
-0.030000
-0.030366
-0.032445
-0.037395
-0.042628
-0.045297
-0.044676
-0.043155
-0.042166
-0.041363
-0.041893
-0.044630
-0.048413
-0.050763
-0.051529
-0.052437
-0.052113
-0.051984
-0.054994
-0.055743
-0.056043
-0.056064
-0.054508
-0.054470
-0.055361
-0.053888
-0.051499
-0.050595
-0.050334
-0.049540
-0.050332
-0.053662
-0.055610
-0.053443
-0.051777
-0.050200
-0.049865
-0.052012
-0.055470
-0.056574
-0.054502
-0.053673
-0.054168
-0.054024
-0.051059
-0.049659
-0.053997
-0.056060
-0.056602
-0.059172
-0.061149
-0.061548
-0.061783
-0.063128
-0.062881
-0.061842
-0.061589
-0.060881
-0.058513
-0.057439
-0.057852
-0.059837
-0.057646
-0.055269
-0.056254
-0.056404
-0.055802
-0.055157
-0.052902
-0.049691
-0.047945
-0.048554
-0.050607
-0.051040
-0.051445
-0.052759
-0.051554
-0.048044
-0.044615
-0.043486
-0.041605
-0.041190
-0.043519
-0.042952
-0.039730
-0.037893
-0.036210
-0.032891
-0.032955
-0.035743
-0.036596
-0.035152
-0.032453
-0.030050
-0.028948
-0.028571
-0.029459
-0.030189
-0.031028
-0.030862
-0.030915
-0.030165
-0.025974
-0.020557
-0.017128
-0.016390
-0.017106
-0.016942
-0.015659
-0.013687
-0.011890
-0.010831
-0.011910
-0.012367
-0.011763
-0.011396
-0.009650
-0.005614
-0.002209
-0.001839
-0.003912
-0.003716
-0.002652
0.000284
0.004540
0.006819
0.007258
0.005366
0.002133
0.000687
0.002312
0.006579
0.009992
0.010959
0.011132
0.012270
0.013383
0.015418
0.017771
0.017378
0.017292
0.017500
0.014903
0.010298
0.008104
0.011252
0.015320
0.017980
0.020714
0.023765
0.024923
0.024797
0.024228
0.025454
0.029532
0.032207
0.031296
0.031831
0.032467
0.029882
0.027705
0.027856
0.029508
0.032053
0.032998
0.032834
0.034943
0.039731
0.046749
0.049412
0.047239
0.045049
0.045044
0.046345
0.047620
0.048397
0.048444
0.049034
0.049464
0.051013
0.053903
0.055401
0.055853
0.055798
0.055602
0.054222
0.051703
0.049099
0.048456
0.049113
0.052641
0.052918
0.055821
0.057524
0.056007
0.054319
0.054847
0.054120
0.050754
0.047309
0.047495
0.054246
0.060038
0.061379
0.061773
0.061689
0.061863
0.059528
0.054198
0.052346
0.055500
0.059717
0.062187
0.059946
0.053452
0.050783
0.052307
0.053697
0.053759
0.053605
0.052715
0.051583
0.050823
0.051282
0.051394
0.049350
0.048181
0.050063
0.050383
0.046390
0.043799
0.043526
0.041981
0.041429
0.043467
0.045336
0.043641
0.039919
0.035988
0.031920
0.030572
0.031974
0.035091
0.035781
0.033006
0.029945
0.029682
0.031496
0.029954
0.027230
0.024819
0.020694
0.016089
0.012943
0.013879
0.015052
0.015833
0.015860
0.013740
0.010609
0.008063
0.006885
0.006978
0.006861
0.006181
0.007041
0.009609
0.011566
0.010256
0.008116
0.006631
0.005648
0.007040
0.008371
0.008586
0.006850
0.002184
-0.002077
-0.006208
-0.009263
-0.010372
-0.010979
-0.009376
-0.007303
-0.006626
-0.006641
-0.007070
-0.010057
-0.014658
-0.016064
-0.016538
-0.014765
-0.013625
-0.017615
-0.023756
-0.028705
-0.029672
-0.027750
-0.025700
-0.024834
-0.025384
-0.026401
-0.027641
-0.028726
-0.029109
-0.029002
-0.029258
-0.031180
-0.033501
-0.036315
-0.038206
-0.039228
-0.042569
-0.045212
-0.044731
-0.043040
-0.043278
-0.043026
-0.043476
-0.046272
-0.047947
-0.048283
-0.048903
-0.048774
-0.047941
-0.045346
-0.043450
-0.042582
-0.043600
-0.046382
-0.047687
-0.045640
-0.043341
-0.043362
-0.045948
-0.050208
-0.052021
-0.053052
-0.054171
-0.056049
-0.056507
-0.053348
-0.050379
-0.049383
-0.049139
-0.048520
-0.049847
-0.050651
-0.051958
-0.055959
-0.058580
-0.059669
-0.059099
-0.057870
-0.058831
-0.059492
-0.058078
-0.055848
-0.053783
-0.054734
-0.056370
-0.058543
-0.058304
-0.054837
-0.050770
-0.047090
-0.043819
-0.042541
-0.044307
-0.047214
-0.048655
-0.048312
-0.046586
-0.047492
-0.048808
-0.045080
-0.040329
-0.037741
-0.039006
-0.040734
-0.039144
-0.039339
-0.039515
-0.038122
-0.034756
-0.028962
-0.023293
-0.020934
-0.020358
-0.019740
-0.021714
-0.023963
-0.025296
-0.029359
-0.033094
-0.029585
-0.024027
-0.019575
-0.020114
-0.026065
-0.031544
-0.034746
-0.034205
-0.030080
-0.025627
-0.022310
-0.019602
-0.017297
-0.014509
-0.010269
-0.008661
-0.008670
-0.005719
-0.000764
0.002709
0.001972
-0.000127
0.000211
0.001026
0.000684
-0.000976
-0.002573
-0.002740
-0.001582
-0.001192
-0.000133
0.003236
0.007106
0.008997
0.008433
0.007384
0.008518
0.012421
0.016948
0.020524
0.020949
0.019055
0.017600
0.016894
0.014707
0.016481
0.023670
0.030728
0.034153
0.032639
0.028957
0.025599
0.022713
0.021598
0.019529
0.019072
0.021426
0.024699
0.026813
0.026334
0.027911
0.029867
0.031180
0.032094
0.033278
0.033828
0.035299
0.038448
0.041285
0.042063
0.043605
0.046450
0.050555
0.052339
0.050861
0.049666
0.051760
0.056740
0.060007
0.059126
0.056005
0.052342
0.048119
0.048066
0.052019
0.057331
0.058939
0.058427
0.058313
0.056559
0.055048
0.054429
0.053303
0.053403
0.053606
0.048262
0.048441
0.051328
0.055517
0.056695
0.056065
0.056724
0.057267
0.054007
0.050014
0.048419
0.050514
0.053392
0.054702
0.054666
0.052732
0.049981
0.049129
0.049376
0.048168
0.046853
0.044651
0.044384
0.046736
0.048162
0.046056
0.045115
0.045788
0.045158
0.043638
0.045050
0.047793
0.050566
0.051647
0.049788
0.049589
0.050524
0.048834
0.045028
0.042880
0.044707
0.047421
0.046711
0.044966
0.044403
0.043921
0.042499
0.040510
0.039118
0.038400
0.037618
0.034798
0.030837
0.027603
0.026225
0.024820
0.023075
0.023195
0.024668
0.025897
0.027879
0.029868
0.031320
0.032304
0.031859
0.029230
0.023554
0.019105
0.017338
0.014310
0.011010
0.008770
0.005552
0.000435
-0.003032
-0.002111
-0.001200
-0.002444
-0.003499
-0.002148
-0.000274
0.002690
0.003074
0.002202
0.000125
-0.003192
-0.006341
-0.009117
-0.012253
-0.015583
-0.017136
-0.017015
-0.015234
-0.014166
-0.014276
-0.012677
-0.012377
-0.012973
-0.013147
-0.012245
-0.013207
-0.017434
-0.020894
-0.022277
-0.022182
-0.021337
-0.019719
-0.020793
-0.021180
-0.021721
-0.027558
-0.033207
-0.035799
-0.036019
-0.033787
-0.031387
-0.030022
-0.028305
-0.031012
-0.038458
-0.045427
-0.050449
-0.051753
-0.050571
-0.049355
-0.048524
-0.047906
-0.048244
-0.051869
-0.056625
-0.059904
-0.060346
-0.060003
-0.060304
-0.060321
-0.058664
-0.055667
-0.055104
-0.052472
-0.048377
-0.045190
-0.045789
-0.050336
-0.054615
-0.053947
-0.054050
-0.056646
-0.057858
-0.057597
-0.057215
-0.057816
-0.058997
-0.058239
-0.055513
-0.056431
-0.059147
-0.059083
-0.056491
-0.055674
-0.055525
-0.055739
-0.057320
-0.058969
-0.061238
-0.065221
-0.068076
-0.067376
-0.068307
-0.067678
-0.064330
-0.062355
-0.061276
-0.058126
-0.054496
-0.053232
-0.053706
-0.054349
-0.053926
-0.052640
-0.051375
-0.049689
-0.050893
-0.052273
-0.051156
-0.050349
-0.049080
-0.047085
-0.044950
-0.046370
-0.048239
-0.051129
-0.055094
-0.055053
-0.050965
-0.046116
-0.042324
-0.039805
-0.038981
-0.039988
-0.039590
-0.037425
-0.035019
-0.033902
-0.036037
-0.037522
-0.036522
-0.034717
-0.031528
-0.024999
-0.018692
-0.015102
-0.012982
-0.013925
-0.016206
-0.018332
-0.021781
-0.025731
-0.026509
-0.023079
-0.016510
-0.010394
-0.008570
-0.008621
-0.008020
-0.007672
-0.008667
-0.010260
-0.011578
-0.011695
-0.010169
-0.008029
-0.006201
-0.004487
-0.002377
-0.001177
-0.001603
0.000269
0.002139
0.001106
-0.000533
-0.000502
0.001638
0.008613
0.012867
0.011589
0.009134
0.008640
0.009179
0.009911
0.010630
0.011504
0.014945
0.019754
0.022286
0.022466
0.023306
0.023705
0.021982
0.022731
0.025141
0.024204
0.023342
0.024205
0.024379
0.023323
0.023646
0.025101
0.026035
0.025148
0.023664
0.022276
0.020989
0.020625
0.020666
0.020910
0.024031
0.030214
0.035948
0.039168
0.041342
0.042083
0.045146
0.050207
0.052043
0.051878
0.053077
0.052013
0.048073
0.045376
0.044941
0.046028
0.047076
0.048575
0.051431
0.051473
0.049842
0.050282
0.051698
0.053395
0.055009
0.059725
0.058008
0.055524
0.054711
0.055735
0.055898
0.057954
0.061541
0.062758
0.060802
0.056645
0.054961
0.055929
0.057774
0.059975
0.061295
0.060819
0.058945
0.056710
0.054134
0.052763
0.052475
0.053858
0.054857
0.053857
0.049268
0.047209
0.050676
0.054383
0.056613
0.058558
0.058524
0.058273
0.056664
0.052494
0.048855
0.047756
0.048182
0.050015
0.049051
0.045218
0.040290
0.038258
0.040492
0.043239
0.044489
0.044997
0.043433
0.040874
0.038379
0.033152
0.029231
0.030096
0.032343
0.034658
0.034336
0.030773
0.026271
0.023008
0.022573
0.023700
0.023044
0.023479
0.024794
0.022957
0.019598
0.016472
0.013863
0.011200
0.007319
0.007257
0.010985
0.013327
0.012740
0.010771
0.006849
0.003105
0.001988
-0.000031
-0.001035
0.000506
0.000081
-0.002066
-0.002274
0.000804
0.005218
0.008655
0.009685
0.007378
0.002831
-0.001200
-0.004768
-0.007237
-0.009235
-0.010620
-0.010359
-0.011474
-0.012502
-0.013408
-0.014610
-0.015222
-0.017775
-0.021785
-0.025770
-0.028673
-0.030388
-0.030468
-0.030067
-0.030101
-0.027012
-0.022211
-0.020502
-0.020046
-0.019266
-0.020308
-0.025004
-0.029355
-0.034127
-0.037962
-0.038777
-0.038144
-0.036972
-0.040518
-0.044343
-0.046177
-0.046440
-0.046003
-0.045214
-0.044583
-0.045890
-0.046412
-0.045203
-0.043489
-0.044397
-0.048361
-0.052587
-0.054337
-0.053023
-0.050032
-0.048288
-0.048500
-0.048021
-0.049048
-0.049843
-0.049302
-0.049434
-0.049737
-0.049199
-0.047698
-0.045838
-0.043612
-0.044677
-0.048978
-0.052537
-0.053372
-0.052116
-0.051339
-0.052314
-0.053627
-0.054123
-0.054708
-0.053532
-0.050314
-0.047989
-0.050966
-0.056729
-0.061392
-0.063719
-0.063652
-0.061299
-0.059186
-0.057728
-0.057177
-0.056313
-0.056572
-0.056280
-0.053537
-0.049098
-0.046152
-0.042695
-0.038083
-0.037155
-0.037877
-0.036457
-0.036016
-0.037632
-0.039635
-0.041530
-0.040933
-0.037479
-0.034262
-0.033240
-0.032368
-0.032130
-0.032979
-0.034000
-0.032941
-0.029544
-0.025547
-0.023426
-0.023854
-0.027425
-0.032099
-0.035507
-0.035261
-0.031116
-0.026186
-0.022051
-0.019861
-0.017553
-0.013142
-0.008448
-0.005592
-0.006927
-0.009303
-0.011370
-0.011621
-0.009845
-0.007205
-0.006649
-0.007468
-0.006809
-0.005929
-0.006123
-0.006649
-0.006610
-0.005727
-0.004626
-0.003933
-0.002942
-0.000898
0.001371
0.002954
0.004706
0.005265
0.005320
0.003730
0.003392
0.005341
0.007458
0.009839
0.012024
0.013364
0.012322
0.011341
0.012219
0.014260
0.017033
0.018038
0.018084
0.018965
0.020099
0.018093
0.014895
0.015095
0.016139
0.015556
0.016736
0.020429
0.022324
0.023348
0.023907
0.024857
0.026938
0.028904
0.030339
0.030197
0.029202
0.029665
0.031456
0.032198
0.029565
0.026072
0.026669
0.032097
0.038649
0.044923
0.050063
0.052817
0.053227
0.054706
0.057682
0.059154
0.057806
0.056084
0.053095
0.052353
0.052684
0.050636
0.049431
0.050849
0.052974
0.056712
0.059616
0.061741
0.063553
0.063880
0.063464
0.062445
0.061785
0.057304
0.059964
0.061159
0.059482
0.055025
0.050895
0.047655
0.044962
0.044953
0.048207
0.053110
0.057593
0.058291
0.058453
0.058076
0.056763
0.055710
0.052183
0.048778
0.047887
0.048711
0.048590
0.049265
0.051782
0.053469
0.053512
0.051201
0.049025
0.048056
0.046332
0.046149
0.048668
0.051124
0.049081
0.045429
0.042800
0.041084
0.042022
0.041687
0.038947
0.035153
0.032185
0.032285
0.031357
0.027956
0.025006
0.026309
0.030660
0.032844
0.033180
0.033531
0.034518
0.035001
0.032851
0.030505
0.028127
0.026958
0.029172
0.032145
0.033047
0.030613
0.027213
0.021316
0.013645
0.010855
0.010688
0.010693
0.010742
0.011505
0.009180
0.006989
0.004339
-0.000910
-0.005329
-0.008152
-0.006871
-0.004462
-0.002034
0.001320
0.002926
0.000409
-0.005614
-0.011302
-0.013717
-0.014462
-0.014978
-0.015034
-0.013550
-0.012835
-0.014200
-0.013403
-0.014466
-0.017476
-0.021394
-0.025034
-0.026468
-0.025062
-0.023000
-0.021259
-0.018675
-0.014999
-0.010902
-0.009667
-0.012000
-0.015222
-0.018602
-0.021859
-0.023176
-0.025340
-0.027972
-0.029555
-0.030762
-0.029849
-0.029948
-0.030855
-0.031547
-0.032887
-0.036638
-0.040318
-0.040856
-0.042765
-0.047668
-0.052795
-0.055633
-0.053989
-0.049656
-0.049242
-0.052951
-0.056280
-0.056110
-0.057432
-0.060286
-0.062786
-0.063270
-0.063198
-0.063884
-0.062977
-0.059690
-0.055366
-0.051209
-0.047256
-0.046259
-0.049250
-0.053354
-0.056617
-0.058166
-0.058839
-0.059121
-0.058558
-0.056244
-0.051833
-0.049335
-0.049282
-0.046829
-0.043232
-0.042093
-0.046662
-0.052515
-0.054583
-0.055746
-0.059217
-0.062937
-0.064807
-0.064609
-0.062644
-0.060645
-0.059746
-0.058892
-0.060872
-0.061153
-0.058645
-0.057029
-0.055650
-0.054956
-0.054283
-0.052956
-0.052939
-0.054685
-0.057417
-0.057317
-0.056542
-0.057368
-0.055842
-0.049851
-0.044593
-0.045123
-0.046740
-0.046802
-0.049283
-0.050624
-0.048577
-0.046405
-0.045630
-0.044460
-0.041672
-0.040153
-0.038222
-0.035086
-0.034280
-0.034736
-0.034480
-0.034204
-0.031892
-0.030762
-0.032675
-0.033943
-0.032373
-0.029628
-0.026492
-0.024222
-0.021516
-0.020135
-0.020380
-0.019234
-0.017163
-0.017650
-0.018433
-0.017051
-0.016224
-0.016385
-0.016096
-0.016576
-0.018084
-0.017535
-0.015649
-0.012653
-0.008449
-0.005869
-0.005475
-0.005763
-0.003124
-0.001208
0.001003
0.005855
0.010351
0.011093
0.007213
0.003165
0.004725
0.008830
0.010735
0.009125
0.006555
0.003264
0.001102
0.002487
0.005501
0.008266
0.010392
0.013292
0.014662
0.011555
0.007612
0.007114
0.012478
0.018237
0.020688
0.020020
0.018523
0.017735
0.016536
0.018382
0.020016
0.019898
0.020128
0.020853
0.021271
0.023030
0.026862
0.030301
0.029571
0.027502
0.027131
0.026977
0.028353
0.031310
0.036654
0.043542
0.047970
0.051066
0.052746
0.052194
0.050879
0.050033
0.047440
0.045918
0.047829
0.051431
0.053869
0.051577
0.050996
0.052601
0.053154
0.054396
0.054283
0.054105
0.054964
0.054553
0.053650
0.053849
0.059222
0.061222
0.062510
0.059477
0.057018
0.055715
0.054666
0.053472
0.052929
0.056246
0.062010
0.066036
0.065813
0.061074
0.054501
0.049922
0.049712
0.051434
0.051116
0.053281
0.056001
0.057090
0.057452
0.055044
0.050562
0.046073
0.046368
0.049835
0.050407
0.050840
0.051775
0.050683
0.048832
0.048902
0.048290
0.047591
0.048769
0.049339
0.050239
0.050175
0.051042
0.050481
0.045070
0.042227
0.044275
0.047311
0.048148
0.046801
0.045873
0.045797
0.047160
0.044517
0.037190
0.032448
0.030655
0.031063
0.033402
0.036274
0.036968
0.034820
0.031388
0.027650
0.023327
0.017638
0.013001
0.011602
0.011456
0.012035
0.014490
0.019983
0.021250
0.017993
0.013705
0.009286
0.006139
0.002800
0.001202
0.003522
0.006675
0.006351
0.002649
-0.000380
0.000553
0.001405
0.004343
0.005108
-0.001522
-0.010828
-0.017694
-0.020459
-0.021235
-0.021158
-0.020135
-0.018471
-0.017622
-0.018193
-0.017402
-0.014744
-0.012976
-0.011675
-0.013962
-0.019987
-0.025662
-0.025916
-0.024797
-0.022922
-0.020901
-0.021462
-0.022312
-0.021250
-0.021245
-0.022099
-0.021214
-0.019582
-0.020849
-0.024113
-0.025819
-0.029953
-0.034821
-0.036536
-0.036814
-0.039104
-0.043752
-0.046462
-0.043070
-0.040764
-0.042737
-0.044677
-0.046414
-0.048522
-0.050462
-0.050283
-0.047487
-0.044195
-0.044275
-0.047139
-0.048025
-0.047676
-0.047717
-0.046794
-0.046681
-0.046268
-0.045797
-0.046195
-0.045768
-0.046188
-0.045938
-0.045919
-0.048583
-0.051564
-0.051575
-0.049675
-0.046024
-0.044568
-0.043411
-0.040972
-0.041735
-0.045028
-0.048340
-0.049707
-0.051916
-0.056139
-0.058500
-0.057489
-0.053138
-0.050073
-0.050823
-0.051513
-0.050752
-0.050477
-0.049053
-0.046155
-0.044636
-0.043438
-0.043216
-0.045380
-0.047668
-0.050867
-0.052982
-0.052643
-0.052708
-0.051097
-0.049277
-0.047969
-0.046248
-0.044412
-0.043712
-0.042880
-0.040957
-0.040989
-0.042158
-0.041225
-0.037966
-0.034519
-0.032741
-0.032790
-0.034002
-0.034546
-0.033487
-0.029697
-0.024183
-0.023077
-0.024534
-0.027462
-0.031421
-0.033409
-0.032938
-0.030925
-0.026600
-0.024033
-0.024759
-0.026391
-0.026204
-0.024491
-0.020119
-0.015113
-0.012708
-0.010914
-0.007479
-0.007438
-0.011767
-0.015071
-0.014226
-0.009938
-0.003466
0.000492
0.002890
0.002911
0.000980
0.001478
0.004349
0.007527
0.008030
0.004702
0.000116
-0.002687
-0.002771
-0.001863
0.001239
0.005678
0.010706
0.013849
0.010060
0.008058
0.010815
0.014123
0.014968
0.014707
0.015588
0.016343
0.017301
0.017683
0.018597
0.020895
0.023225
0.025708
0.029764
0.031762
0.032403
0.032356
0.029408
0.025799
0.023993
0.022338
0.023662
0.024352
0.022731
0.022335
0.023164
0.025021
0.028157
0.030318
0.030963
0.034571
0.037952
0.040439
0.045329
0.049391
0.050565
0.051739
0.051810
0.053233
0.053990
0.051823
0.049463
0.047151
0.049870
0.053668
0.053400
0.054670
0.057582
0.058836
0.057409
0.056465
0.057275
0.058468
0.061177
0.065018
0.067890
0.067084
0.056474
0.053649
0.054824
0.056287
0.057553
0.059633
0.059305
0.057873
0.057225
0.055923
0.054726
0.053459
0.051240
0.049401
0.048091
0.046786
0.046998
0.047476
0.047902
0.046472
0.046168
0.046900
0.045612
0.045580
0.045532
0.043029
0.039332
0.038329
0.040093
0.043404
0.048561
0.050854
0.052340
0.052867
0.049857
0.048545
0.048115
0.046484
0.044564
0.042891
0.041712
0.038929
0.038689
0.039749
0.037073
0.033479
0.032883
0.032462
0.030801
0.030859
0.030972
0.028660
0.027249
0.027659
0.028037
0.027532
0.025446
0.023438
0.021352
0.019807
0.017191
0.015590
0.016333
0.016460
0.016596
0.016648
0.014714
0.010818
0.006423
0.002229
0.000333
0.001598
0.003750
0.004730
0.005437
0.003921
0.000475
-0.001667
-0.002355
-0.001479
-0.001096
-0.002657
-0.004594
-0.005322
-0.005597
-0.007591
-0.012253
-0.017959
-0.018097
-0.015970
-0.015907
-0.017214
-0.017779
-0.018387
-0.020153
-0.021235
-0.019787
-0.017911
-0.015384
-0.013971
-0.013592
-0.015226
-0.019093
-0.022965
-0.024717
-0.022151
-0.020378
-0.022390
-0.024427
-0.024634
-0.022824
-0.022030
-0.021762
-0.020924
-0.021699
-0.024943
-0.028570
-0.031082
-0.034749
-0.041262
-0.045565
-0.046776
-0.049128
-0.051419
-0.053977
-0.055929
-0.055567
-0.054890
-0.053773
-0.054216
-0.056487
-0.057203
-0.055938
-0.057179
-0.058351
-0.055587
-0.051698
-0.051338
-0.052192
-0.053350
-0.053712
-0.054704
-0.055068
-0.054017
-0.053454
-0.053515
-0.054849
-0.054579
-0.054922
-0.055895
-0.055119
-0.053791
-0.053554
-0.054215
-0.055252
-0.057819
-0.059925
-0.059864
-0.059451
-0.060570
-0.064129
-0.067402
-0.068407
-0.067089
-0.064415
-0.061663
-0.059640
-0.059674
-0.060672
-0.061170
-0.060215
-0.058124
-0.056079
-0.055342
-0.054936
-0.054503
-0.054489
-0.053908
-0.052708
-0.053154
-0.052881
-0.051541
-0.050177
-0.046708
-0.042591
-0.042613
-0.042428
-0.040810
-0.039900
-0.042629
-0.046320
-0.048307
-0.047713
-0.044867
-0.042149
-0.038247
-0.036368
-0.036859
-0.036742
-0.034834
-0.030549
-0.026766
-0.026501
-0.028751
-0.029193
-0.028603
-0.027502
-0.025344
-0.023439
-0.020617
-0.019262
-0.020289
-0.021206
-0.021412
-0.020540
-0.017385
-0.015237
-0.016526
-0.018059
-0.016999
-0.014096
-0.011123
-0.008501
-0.007806
-0.007865
-0.007031
-0.004246
-0.002553
-0.003050
-0.003761
-0.003127
-0.001771
-0.001671
0.000027
0.003956
0.007037
0.008096
0.005728
0.002351
-0.000462
-0.002361
0.001693
0.006025
0.007995
0.010134
0.010672
0.009702
0.009318
0.010947
0.013287
0.014917
0.018261
0.019913
0.018571
0.016668
0.014733
0.015047
0.015915
0.016806
0.017851
0.018445
0.019324
0.020849
0.022373
0.022880
0.022559
0.022782
0.021811
0.020931
0.021394
0.021508
0.023176
0.028089
0.033927
0.036153
0.036534
0.039832
0.045464
0.051321
0.055419
0.058877
0.060171
0.057530
0.054576
0.051438
0.049111
0.046283
0.046871
0.050988
0.055068
0.056624
0.055637
0.054147
0.053706
0.054850
0.056188
0.057929
0.058930
0.057295
0.056602
0.061181
0.059095
0.057281
0.055522
0.056447
0.060701
0.064947
0.066156
0.063462
0.060526
0.057886
0.053414
0.050665
0.051632
0.052457
0.052465
0.053158
0.053807
0.052449
0.049635
0.047932
0.047854
0.049881
0.051391
0.051323
0.051269
0.048937
0.045964
0.045120
0.046537
0.050288
0.053961
0.055155
0.055511
0.055260
0.054087
0.053064
0.052160
0.051616
0.049935
0.046577
0.043019
0.043113
0.043442
0.041278
0.040353
0.038895
0.037733
0.036844
0.035499
0.034713
0.037100
0.040463
0.038585
0.032548
0.026369
0.024573
0.026064
0.026064
0.023249
0.020883
0.018990
0.020055
0.023809
0.024620
0.025116
0.025562
0.023994
0.022088
0.021424
0.020947
0.018179
0.014511
0.010209
0.007152
0.005712
0.005905
0.005909
0.003361
0.000152
0.000567
0.002446
0.002222
0.000762
-0.002697
-0.007375
-0.008836
-0.009548
-0.009309
-0.008015
-0.008297
-0.009343
-0.011211
-0.013186
-0.013623
-0.012406
-0.010559
-0.008890
-0.009334
-0.010343
-0.011140
-0.011598
-0.012859
-0.017968
-0.022437
-0.022864
-0.020714
-0.019874
-0.018720
-0.016900
-0.014886
-0.013854
-0.014208
-0.018405
-0.024277
-0.027366
-0.029851
-0.032881
-0.035652
-0.037942
-0.042830
-0.046878
-0.045539
-0.042899
-0.041034
-0.039964
-0.041308
-0.045530
-0.046890
-0.045282
-0.043385
-0.041004
-0.037798
-0.036417
-0.037741
-0.041183
-0.044656
-0.047801
-0.051034
-0.052395
-0.050288
-0.047637
-0.045139
-0.044150
-0.046735
-0.051210
-0.055616
-0.057981
-0.057504
-0.054995
-0.052796
-0.050488
-0.047759
-0.048766
-0.053083
-0.052537
-0.050827
-0.051417
-0.052134
-0.052697
-0.053417
-0.055621
-0.059341
-0.059572
-0.057563
-0.056766
-0.057522
-0.059595
-0.061223
-0.060745
-0.057606
-0.052296
-0.047322
-0.044983
-0.046611
-0.050695
-0.053917
-0.052618
-0.050947
-0.050899
-0.050038
-0.048988
-0.049099
-0.049056
-0.048573
-0.046635
-0.045037
-0.045317
-0.046625
-0.046656
-0.044947
-0.041254
-0.036729
-0.033944
-0.032834
-0.032210
-0.032527
-0.031677
-0.031176
-0.030749
-0.029465
-0.027846
-0.024991
-0.023215
-0.025328
-0.028776
-0.030572
-0.030193
-0.027550
-0.024693
-0.021509
-0.017591
-0.013893
-0.010589
-0.009451
-0.010457
-0.011353
-0.012183
-0.009869
-0.006944
-0.006125
-0.005223
-0.002242
-0.002550
-0.004860
-0.003227
-0.000356
-0.001978
-0.003245
-0.000711
0.003242
0.005900
0.004391
0.002400
0.003306
0.003816
0.003412
0.002628
0.005474
0.011143
0.016581
0.019462
0.018299
0.014988
0.011909
0.012795
0.016243
0.018432
0.019752
0.021439
0.021093
0.017736
0.014900
0.016239
0.018326
0.020961
0.025098
0.027687
0.026774
0.025562
0.025168
0.024372
0.025019
0.024934
0.022606
0.020525
0.020100
0.020342
0.020052
0.022180
0.023037
0.025567
0.028413
0.026831
0.026941
0.030287
0.035752
0.041224
0.045007
0.048154
0.050169
0.050748
0.052152
0.051942
0.052012
0.057170
0.059875
0.058583
0.056117
0.054331
0.055267
0.054992
0.053140
0.053084
0.054042
0.056820
0.059444
0.058627
0.055662
0.053867
0.051190
0.054226
0.056681
0.057700
0.056987
0.059208
0.064497
0.069024
0.067946
0.062752
0.057887
0.054906
0.052271
0.050858
0.050528
0.051631
0.055404
0.059772
0.060777
0.059903
0.059042
0.057964
0.055922
0.054543
0.052044
0.047689
0.044262
0.043084
0.043141
0.044192
0.046663
0.046507
0.044438
0.043261
0.044658
0.046500
0.044324
0.040350
0.039177
0.039401
0.040744
0.042051
0.039835
0.037288
0.035521
0.036501
0.039090
0.038894
0.036844
0.035877
0.034303
0.033925
0.032724
0.030056
0.028589
0.028358
0.028749
0.026455
0.023855
0.021839
0.017977
0.014307
0.013392
0.014817
0.015098
0.010745
0.004828
0.001284
0.002710
0.007499
0.011688
0.012207
0.008581
0.006130
0.006029
0.004706
0.002092
-0.000041
0.000937
0.002029
0.003261
0.006447
0.005949
0.002012
-0.001502
-0.003341
-0.005364
-0.007683
-0.008547
-0.008373
-0.007449
-0.008037
-0.010741
-0.013022
-0.014837
-0.016920
-0.016428
-0.013848
-0.011891
-0.011646
-0.015026
-0.017903
-0.019603
