-0.015297
-0.009231
-0.008590
-0.002886
0.021046
-0.001776
0.013833
0.019733
-0.007105
0.008303
0.060363
0.059310
0.058462
0.069470
0.046056
0.057816
0.039211
0.068312
0.044601
0.049162
0.046634
0.052928
0.063767
0.051324
0.058471
0.061109
0.063019
0.062540
0.049532
0.046770
0.058608
0.044350
0.061280
0.042452
0.047766
0.053439
0.048845
0.042316
0.020167
0.023876
0.029888
0.042189
0.048229
0.047610
0.031559
0.034467
0.033583
0.055503
0.028297
0.040543
0.039246
0.042815
0.020372
0.018821
0.015482
0.030626
0.019596
0.039530
0.030286
0.024760
0.023813
0.019464
0.040469
0.023374
0.012114
0.013529
0.006213
0.005168
0.009416
0.010090
0.003381
0.010562
0.002538
-0.004069
0.007292
0.000077
0.005134
0.004764
-0.008446
0.014979
0.002538
0.005303
0.006145
-0.003631
-0.005620
0.009719
-0.000158
-0.006266
-0.014025
-0.013914
-0.016543
-0.020522
-0.003799
-0.012495
-0.012560
-0.009364
-0.010270
-0.015565
-0.016104
0.000619
-0.023466
-0.024060
-0.015843
-0.019376
-0.022682
-0.027495
-0.045478
-0.031887
-0.016177
-0.017861
-0.021838
-0.039444
-0.040967
-0.038378
-0.029571
-0.035581
-0.036733
-0.053800
-0.030239
-0.038087
-0.027243
-0.035957
-0.047525
-0.044419
-0.043822
-0.046382
-0.041871
-0.043171
-0.046040
-0.046145
-0.043578
-0.040197
-0.057202
-0.053293
-0.031919
-0.058448
-0.049072
-0.046655
-0.061634
-0.057179
-0.060964
-0.060547
-0.055237
-0.054100
-0.052912
-0.050319
-0.063133
-0.050275
-0.040402
-0.058728
-0.037556
-0.042302
-0.065439
-0.056634
-0.052721
-0.058458
-0.058403
-0.074790
-0.070812
-0.072398
-0.067930
-0.072063
-0.062752
-0.051846
-0.064484
-0.066386
-0.065230
-0.062326
-0.069101
-0.056803
-0.056705
-0.052415
-0.053630
-0.054102
-0.051086
-0.052293
-0.047689
-0.051730
-0.040780
-0.053314
-0.051950
-0.035246
-0.044604
-0.042089
-0.054601
-0.069282
-0.068618
-0.060565
-0.038850
-0.042459
-0.046519
-0.045037
-0.023315
-0.045045
-0.059298
-0.057755
-0.032828
-0.033708
-0.029215
-0.028943
-0.030941
-0.034212
-0.018025
-0.025957
-0.024432
-0.031414
-0.038768
-0.026574
-0.014209
-0.022240
-0.019040
-0.032866
-0.007637
-0.014389
-0.012801
-0.013473
-0.010445
-0.022945
-0.010071
-0.012935
-0.006593
-0.024763
-0.010269
-0.011244
-0.018293
-0.003968
0.006550
-0.016074
-0.012127
-0.010081
-0.004067
0.012046
0.003213
-0.018456
0.004293
-0.012634
-0.003530
0.004158
-0.002754
0.004225
0.008101
0.011911
0.007157
0.001122
0.001087
0.030112
0.000819
0.032986
-0.002116
0.016803
0.012147
0.004865
0.033517
0.016799
0.031437
0.016226
0.016562
0.020303
0.038169
0.016934
0.011168
0.036058
0.015488
0.035745
0.031633
0.027260
0.026578
0.041381
0.045925
0.023506
0.034843
0.043801
0.036893
0.025529
0.034499
0.051979
0.040428
0.037921
0.037295
0.047046
0.051124
0.064709
0.052868
0.067425
0.040803
0.045860
0.050509
0.061958
0.059764
0.049528
0.053779
0.056567
0.056035
0.054457
0.036617
0.065283
0.070418
0.054961
0.062080
0.066220
0.044681
0.050886
0.060997
0.066129
0.069433
0.071150
0.073463
0.049530
0.060448
0.050271
0.057289
0.056600
0.059545
0.054671
0.057117
0.036447
0.057457
0.050739
0.049774
0.053250
0.056248
0.057238
0.038704
0.063217
0.049135
0.052970
0.042739
0.044461
0.050844
0.049950
0.049904
0.031734
0.062953
0.063515
0.061091
0.039321
0.065038
0.038508
0.049583
0.040710
0.037368
0.030588
0.035012
0.034714
0.038484
0.042076
0.043235
0.044207
0.040433
0.022533
0.016357
0.039833
0.024416
0.042046
0.040166
0.039484
0.036851
0.025469
0.016358
0.026039
0.022831
0.024722
0.028767
0.002909
0.010866
0.009349
0.006651
0.004830
0.007798
0.011910
0.009315
-0.001206
0.011776
0.000377
0.018688
0.021317
0.006787
-0.005356
-0.001507
-0.002386
-0.011254
-0.000631
-0.000630
-0.005487
-0.011519
-0.008919
-0.023068
-0.013444
0.000819
0.000344
-0.011085
-0.013101
-0.019207
-0.016312
-0.023221
-0.007812
-0.008482
-0.012738
-0.020993
-0.009729
-0.029261
-0.017524
-0.000696
-0.015130
-0.032598
-0.009922
-0.044894
-0.028003
-0.037625
-0.027172
-0.030371
-0.040444
-0.039260
-0.026856
-0.045392
-0.045590
-0.025680
-0.039681
-0.028069
-0.038493
-0.038601
-0.030735
-0.036334
-0.033901
-0.037304
-0.039313
-0.067509
-0.039840
-0.048938
-0.035293
-0.061656
-0.057090
-0.057948
-0.043964
-0.060447
-0.066551
-0.048212
-0.047106
-0.049036
-0.054497
-0.055666
-0.068727
-0.061098
-0.054366
-0.043290
-0.068687
-0.058358
-0.049546
-0.050596
-0.054876
-0.042002
-0.050027
-0.049022
-0.054098
-0.040147
-0.048362
-0.057396
-0.052572
-0.045244
-0.065658
-0.068636
-0.056813
-0.059466
-0.061961
-0.077313
-0.061454
-0.054445
-0.051498
-0.072233
-0.060882
-0.056227
-0.066430
-0.055175
-0.042295
-0.052958
-0.046152
-0.053538
-0.049657
-0.043103
-0.050643
-0.050825
-0.049696
-0.045437
-0.049714
-0.044415
-0.050864
-0.049017
-0.035760
-0.045073
-0.044909
-0.064169
-0.059165
-0.034386
-0.042918
-0.038219
-0.043334
-0.034147
-0.045950
-0.030399
-0.027601
-0.024431
-0.026892
-0.027248
-0.029245
-0.018971
-0.023382
-0.019550
-0.033263
-0.026114
-0.032789
-0.028485
-0.010543
-0.019545
-0.016138
-0.019413
-0.017795
-0.011552
-0.000732
0.002134
-0.010066
-0.023473
-0.018972
-0.015696
-0.004912
-0.001742
-0.009905
0.013057
-0.004959
-0.008013
-0.008892
-0.006228
-0.020145
-0.009736
-0.010574
0.002070
0.019833
0.005067
-0.000970
0.014574
0.013092
0.009754
0.001660
0.011473
0.019699
0.025396
0.025165
0.006078
0.003383
0.024521
0.013090
0.025196
0.026872
0.007798
0.012452
0.026426
0.018486
0.016833
0.015655
0.011169
0.014305
0.014238
0.029310
0.005809
0.023472
0.016292
0.026039
0.023439
0.023777
0.037600
0.006685
0.043685
0.015720
0.022299
0.041890
0.035744
0.042993
0.032577
0.062922
0.060896
0.057668
0.061177
0.040704
0.051050
0.048424
0.052718
0.054017
0.053701
0.042319
0.055831
0.054586
0.049675
0.056994
0.056048
0.049563
0.042682
0.054995
0.060310
0.055416
0.063909
0.065401
0.057908
0.059963
0.055441
0.032857
0.048390
0.069559
0.069326
0.061445
0.058606
0.043398
0.044965
0.057824
0.055639
0.062930
0.052766
0.050619
0.042010
0.058561
0.054334
0.069501
0.066833
0.060961
0.059768
0.043873
0.038277
0.036120
0.051471
0.032443
0.048536
0.055582
0.042321
0.049851
0.035987
0.037611
0.045624
0.051088
0.049577
0.025660
0.049254
0.040870
0.048315
0.048915
0.035883
0.036590
0.045395
0.052674
0.030624
0.040364
0.037870
0.035142
0.035951
0.034379
0.041511
0.037404
0.019866
0.018483
0.022569
0.041017
0.022225
0.017303
0.041578
0.004359
0.001729
0.004021
0.010258
-0.004337
0.028159
0.006415
0.027661
0.008371
0.010326
0.010258
0.013900
0.002504
0.010696
-0.004000
-0.000428
0.006179
0.006685
0.010022
-0.007135
-0.002112
-0.005418
-0.001573
-0.000394
0.006045
-0.004672
-0.016114
-0.008994
-0.020962
-0.020412
-0.021839
-0.014529
-0.014649
-0.015124
-0.019232
-0.011555
-0.015765
-0.018363
-0.022061
-0.025305
-0.031613
-0.019244
-0.022610
-0.019426
-0.012470
-0.019143
-0.030770
-0.030736
-0.026798
-0.029184
-0.024565
-0.031442
-0.039158
-0.051851
-0.044759
-0.040822
-0.033142
-0.041004
-0.038671
-0.038447
-0.045839
-0.052587
-0.053214
-0.046543
-0.048848
-0.053961
-0.042841
-0.055462
-0.066774
-0.039109
-0.064488
-0.045371
-0.049693
-0.058644
-0.053938
-0.040135
-0.048341
-0.050827
-0.047567
-0.044057
-0.057717
-0.061769
-0.047847
-0.037361
-0.056580
-0.038461
-0.057543
-0.056178
-0.062881
-0.044019
-0.044963
-0.058221
-0.052391
-0.049458
-0.033863
-0.059131
-0.072707
-0.038152
-0.063686
-0.063764
-0.058348
-0.056724
-0.062002
-0.066544
-0.051412
-0.061400
-0.059760
-0.055179
-0.047272
-0.062668
-0.055780
-0.068220
-0.029221
-0.065223
-0.057706
-0.049752
-0.053191
-0.051407
-0.040681
-0.042791
-0.048381
-0.053137
-0.053842
-0.041677
-0.055961
-0.052297
-0.037451
-0.037807
-0.038529
-0.047551
-0.027097
-0.051347
-0.047121
-0.026658
-0.031006
-0.039194
-0.026955
-0.021504
-0.047679
-0.037255
-0.028887
-0.026390
-0.023657
-0.026589
-0.028286
-0.026354
-0.033769
-0.025071
-0.034072
-0.021584
-0.035010
-0.018908
-0.008316
-0.010308
-0.016479
-0.018674
-0.018058
-0.009591
-0.010468
-0.006023
-0.009067
-0.008214
-0.019583
-0.002585
-0.010610
-0.008191
0.000788
0.008910
-0.000968
-0.006664
-0.009873
0.011439
-0.004681
0.019632
0.010292
0.007393
0.006551
-0.002820
-0.001675
0.007899
0.014202
0.021717
0.010157
0.010427
0.013426
0.020374
0.014240
0.027180
0.020605
0.009888
0.027153
0.015213
0.004426
0.002163
0.018080
0.032134
0.018212
0.023474
0.028697
0.031536
0.020847
0.027448
0.022902
0.038898
0.043530
0.029438
0.024047
0.046633
0.027219
0.020472
0.032982
0.034626
0.037334
0.040053
0.028940
0.035858
0.049156
0.054803
0.066634
0.033786
0.042249
0.045764
0.054357
0.050653
0.051801
0.049830
0.049069
0.055531
0.049073
0.062810
0.061247
0.054088
0.058863
0.055570
0.058412
0.048218
0.048989
0.046669
0.057557
0.051618
0.038339
0.064429
0.058195
0.052218
0.040979
0.054745
0.057189
0.041345
0.037399
0.041437
0.057550
0.080545
0.049842
0.055137
0.059695
0.056379
0.061851
0.040093
0.038888
0.062879
0.066143
0.062247
0.057524
0.038009
0.032916
0.063757
0.053885
0.051075
0.046882
0.052430
0.043558
0.049090
0.046209
0.054347
0.043196
0.037933
0.050450
0.057485
0.036086
0.027519
0.048856
0.040264
0.030890
0.045650
0.048583
0.041414
0.026068
0.030822
0.025093
0.022161
0.036310
0.034491
0.042252
0.020336
0.021080
0.023575
0.036381
0.032617
0.009652
0.025599
0.014404
0.005910
0.006652
0.009416
0.025731
0.005135
0.019257
0.005977
0.003381
0.000785
0.004157
0.004898
0.007123
0.000550
0.002000
0.011911
0.013327
0.007697
-0.005355
0.005741
0.000544
0.003415
0.014436
0.001426
0.006011
-0.007270
-0.014919
-0.006223
-0.020451
-0.010002
-0.012873
-0.014755
-0.000662
-0.011485
-0.010675
-0.010873
-0.011621
-0.028201
-0.024803
-0.008854
-0.025965
-0.001205
-0.027390
-0.039209
-0.037492
-0.035211
-0.021623
-0.025000
-0.026458
-0.030269
-0.032259
-0.030900
-0.033895
-0.032124
-0.030973
-0.031137
-0.034712
-0.042892
-0.038123
-0.047999
-0.037784
-0.045399
-0.059888
-0.043480
-0.040923
-0.042591
-0.055077
-0.037279
-0.056389
-0.056971
-0.047046
-0.051409
-0.054489
-0.047318
-0.049761
-0.036381
-0.051678
-0.041979
-0.057745
-0.054457
-0.046619
-0.035968
-0.048173
-0.051662
-0.060097
-0.062485
-0.046574
-0.063270
-0.055389
-0.068218
-0.049983
-0.043641
-0.054482
-0.054171
-0.052205
-0.048540
-0.064629
-0.045765
-0.066244
-0.070257
-0.057104
-0.064947
-0.053950
-0.061384
-0.070592
-0.057071
-0.054958
-0.054383
-0.054364
-0.071010
-0.056317
-0.071918
-0.045948
-0.049681
-0.045890
-0.045989
-0.041187
-0.051581
-0.056781
-0.055148
-0.048134
-0.047836
-0.043039
-0.065632
-0.045609
-0.027106
-0.041783
-0.040249
-0.057175
-0.038903
-0.031517
-0.055969
-0.032789
-0.039734
-0.023016
-0.018602
-0.019544
-0.031295
-0.021190
-0.022380
-0.038325
-0.024342
-0.031678
-0.049865
-0.033330
-0.003429
-0.026253
-0.012872
-0.046223
-0.045136
-0.037707
-0.038557
-0.024302
-0.020085
-0.023987
-0.022011
-0.018636
-0.017460
-0.009841
-0.002082
-0.022684
-0.008051
0.005910
0.005944
-0.001305
-0.014488
-0.003260
0.005269
-0.004195
-0.004981
-0.010744
-0.005150
-0.002486
0.000246
-0.008823
0.005438
0.010562
0.009483
0.002033
-0.000292
0.004124
0.015349
0.021723
0.020173
0.020944
0.007697
0.011405
0.014946
0.013629
0.001089
0.038065
0.039384
0.034636
0.025970
0.014879
0.019728
0.018045
0.015755
0.023238
0.004091
0.028600
0.024149
0.029910
0.020741
0.016800
0.040423
0.022226
0.033791
0.026509
0.036558
0.025973
0.042999
0.041719
0.041257
0.033325
0.051731
0.047415
0.060563
0.038368
0.042324
0.048011
0.063440
0.065991
0.052817
0.044785
0.045699
0.042211
0.036117
0.063522
0.058539
0.067102
0.040672
0.059282
0.053210
0.045169
0.054456
0.050301
0.046304
0.057189
0.046427
0.049274
0.053450
0.067115
0.063153
0.049062
0.057839
0.064165
0.056113
0.037307
0.051493
0.052430
0.067458
0.054722
0.056308
0.052624
0.046127
0.047412
0.056992
0.050474
0.042662
0.049818
0.036360
0.058413
0.053893
0.047577
0.033189
0.058340
0.045620
0.042780
0.041404
0.062445
0.049945
0.060519
0.045747
0.043325
0.061673
0.050628
0.039290
0.037768
0.049665
0.059575
0.050107
0.035910
0.047953
0.046938
0.043905
0.038653
0.038878
0.040948
0.039894
0.037059
0.024015
0.026810
0.026043
0.031626
0.019567
0.023879
0.031375
0.029952
0.028061
0.037498
0.031790
0.035845
0.033664
0.028531
0.020676
0.007258
0.024486
0.018719
0.003651
0.011371
0.007865
-0.003163
-0.010780
0.002707
0.011979
-0.005923
-0.005693
-0.000599
0.009719
0.001090
0.016832
-0.010604
0.009349
-0.011823
-0.004676
-0.011147
-0.009730
-0.019176
-0.017889
-0.011931
-0.012668
-0.005282
-0.017315
-0.012498
-0.001201
-0.020660
-0.008013
-0.013077
-0.003397
-0.024941
-0.027597
-0.018429
-0.019278
-0.016819
-0.017559
-0.012359
-0.034105
-0.007307
-0.031077
-0.050151
-0.029689
-0.034442
-0.027836
-0.023083
-0.028580
-0.027840
-0.020646
-0.054410
-0.053801
-0.050497
-0.053158
-0.039965
-0.045642
-0.046170
-0.046389
-0.045141
-0.050946
-0.067041
-0.059731
-0.060158
-0.050303
-0.061143
-0.059086
-0.057371
-0.047994
-0.047682
-0.063212
-0.029454
-0.045979
-0.036844
-0.061523
-0.060413
-0.056113
-0.033607
-0.068683
-0.057516
-0.053809
-0.052542
-0.056393
-0.059940
-0.059511
-0.046936
-0.047034
-0.072830
-0.057067
-0.049424
-0.045591
-0.063322
-0.048135
-0.059851
-0.059795
-0.059174
-0.066593
-0.075010
-0.063035
-0.055805
-0.081322
-0.048476
-0.057758
-0.062113
-0.057643
-0.042335
-0.050887
-0.055753
-0.055088
-0.052624
-0.047798
-0.047779
-0.048151
-0.042703
-0.064888
-0.043343
-0.044250
-0.050867
-0.040432
-0.042365
-0.038530
-0.062485
-0.039979
-0.065841
-0.055996
-0.039732
-0.035468
-0.037810
-0.037003
-0.036704
-0.040534
-0.043975
-0.028290
-0.031211
-0.028617
-0.035888
-0.047148
-0.028719
-0.029915
-0.028810
-0.019280
-0.001841
-0.014523
-0.012020
-0.009968
-0.024643
-0.015768
-0.021524
-0.030462
-0.029471
-0.013912
-0.007071
0.003381
-0.005012
-0.016209
-0.005289
-0.003733
-0.007440
-0.012563
-0.010745
-0.011304
-0.005722
-0.002245
-0.002651
-0.002488
0.000685
0.004358
-0.002084
-0.003734
0.017173
-0.001776
-0.004239
-0.000093
0.007123
0.011507
0.039155
-0.001812
0.006078
0.005607
0.018484
0.009484
0.015555
0.011641
0.016934
0.031691
0.028728
0.019833
0.021253
0.031742
0.020442
0.016291
0.039407
0.027759
0.012990
0.032463
0.027999
0.023211
0.020612
0.033693
0.028295
0.028091
0.018855
0.025305
0.020239
0.022028
0.024485
0.022157
0.024218
0.042279
0.047038
0.042489
0.039930
0.047470
0.038750
0.066612
0.058205
0.045518
0.053680
0.062341
0.038524
0.041199
0.049035
0.050438
0.052632
0.048296
0.056574
0.061035
0.039500
0.052232
0.058824
0.055466
0.059606
0.058097
0.050881
0.049470
0.047014
0.058164
0.056252
0.048325
0.069998
0.062486
0.053751
0.047382
0.042651
0.062184
0.055765
0.060744
0.060184
0.057391
0.051965
0.050714
0.049879
0.045278
0.053467
0.048937
0.060218
0.046788
0.045971
0.025869
0.060506
0.061701
0.052770
0.055123
0.059512
0.046843
0.060424
0.041102
0.039049
0.044226
0.049918
0.046968
0.055242
0.029031
0.035247
0.024545
0.046937
0.047665
0.042390
0.039411
0.043000
0.029080
0.035842
0.029573
0.010967
0.032509
0.038655
0.031430
0.037296
0.018656
0.017303
0.014877
0.019998
0.026341
0.023509
0.010899
0.031775
0.019835
0.006921
0.011911
0.008236
0.008404
0.001866
-0.006092
0.022766
0.016192
0.007326
0.001896
0.003786
-0.010542
0.000115
0.003112
-0.014759
0.004629
0.002944
-0.013851
-0.008246
0.002033
0.011001
0.009484
0.007831
0.001327
-0.008049
-0.010949
-0.006798
-0.015253
-0.008925
-0.017890
-0.011793
-0.009227
-0.024834
-0.010572
-0.022467
-0.017521
-0.018430
-0.033833
-0.031238
-0.035871
-0.032009
-0.034914
-0.027884
-0.034644
-0.033244
-0.011656
-0.019574
-0.031345
-0.019339
-0.021743
-0.032015
-0.046037
-0.030980
-0.053734
-0.037413
-0.038268
-0.037718
-0.037439
-0.069538
-0.040165
-0.054399
-0.041827
-0.051368
-0.043034
-0.049983
-0.056539
-0.042997
-0.044404
-0.042703
-0.060418
-0.062257
-0.060904
-0.051565
-0.047627
-0.045496
-0.055193
-0.054769
-0.045131
-0.063830
-0.045736
-0.052161
-0.054836
-0.052316
-0.048473
-0.046193
-0.045550
-0.041295
-0.064221
-0.061763
-0.056814
-0.050155
-0.050007
-0.057158
-0.061117
-0.057181
-0.055855
-0.060654
-0.045737
-0.045843
-0.052088
-0.077208
-0.067632
-0.069388
-0.063329
-0.062146
-0.054040
-0.064147
-0.056708
-0.064081
-0.052868
-0.068360
-0.050220
-0.048044
-0.040201
-0.053404
-0.030593
-0.035158
-0.052267
-0.038655
-0.030710
-0.047005
-0.045359
-0.046223
-0.047228
-0.032989
-0.030094
-0.035979
-0.040345
-0.030067
-0.040168
-0.037836
-0.039160
-0.025179
-0.023671
-0.021396
-0.030701
-0.032181
-0.046140
-0.040558
-0.041074
-0.025166
-0.020284
-0.022409
-0.019885
-0.025637
-0.011149
-0.003858
-0.005649
-0.009529
-0.025169
-0.010998
-0.020686
-0.005451
-0.008561
-0.002960
-0.019308
-0.009601
-0.004236
-0.009796
-0.012093
-0.009937
-0.007643
-0.005111
-0.006363
-0.006932
-0.002078
0.002404
0.001158
0.000719
0.006922
-0.003329
0.005268
-0.010945
0.011708
0.006281
0.008404
0.011843
0.011336
0.010293
-0.000532
0.012956
0.013733
0.017372
0.019933
0.008641
0.017307
0.019362
0.018722
-0.001101
0.011001
0.023070
0.010495
0.008169
0.025628
0.026850
0.012889
0.025803
0.017206
0.028635
0.028387
0.028198
0.028469
0.021452
0.025093
0.033070
0.032870
0.025166
0.012046
0.020977
0.038713
0.047992
0.044504
0.053454
0.050741
0.048597
0.045728
0.062611
0.059781
0.052518
0.045452
0.053850
0.036915
0.063406
0.043239
0.039523
0.051296
0.055984
0.052324
0.067860
0.052427
0.066099
0.059640
0.058349
0.059006
0.055770
0.060588
0.063359
0.073005
0.054461
0.054893
0.040730
0.053701
0.041947
0.046304
0.055199
0.063290
0.064943
0.064709
0.047922
0.068819
0.051277
0.058865
0.055335
0.038405
0.052810
0.052972
0.055910
0.043778
0.060810
0.059619
0.053959
0.052234
0.042116
0.053278
0.049027
0.041885
0.056955
0.059508
0.053879
0.031670
0.046505
0.040603
0.043789
0.054024
0.031699
0.034942
0.027334
0.035071
0.042805
0.021383
0.021755
0.025669
0.045494
0.041745
0.028598
0.035746
0.036351
0.040837
0.033924
0.023305
0.033657
0.022127
0.035007
0.043101
0.036486
0.030252
0.019496
0.026168
0.000818
0.004426
0.026884
0.009281
0.015889
0.010764
0.019459
-0.008957
0.017980
-0.009565
-0.010101
-0.005788
-0.008143
0.012314
-0.004713
0.009180
0.009315
0.000447
-0.013436
-0.019776
-0.013272
-0.006568
-0.013675
-0.012835
-0.011859
-0.003425
-0.016816
-0.017621
0.001358
-0.030389
-0.016544
-0.032869
-0.022993
-0.022411
-0.012128
-0.020956
-0.014811
-0.009671
-0.003895
-0.002014
-0.017115
-0.019984
-0.017864
-0.023641
-0.023927
-0.016439
-0.035693
-0.025858
-0.029292
-0.029900
-0.018062
-0.038316
-0.025993
-0.033026
-0.034033
-0.050330
-0.037335
-0.032127
-0.055329
-0.057952
-0.057572
-0.050463
-0.036496
-0.038381
-0.063964
-0.061230
-0.055404
-0.042653
-0.072116
-0.058624
-0.066932
-0.052249
-0.066015
-0.062367
-0.053196
-0.046678
-0.045473
-0.042907
-0.038487
-0.054595
-0.059762
-0.057400
-0.057400
-0.053741
-0.058048
-0.055818
-0.053287
-0.044578
-0.037652
-0.054227
-0.048784
-0.029322
-0.038592
-0.045494
-0.070527
-0.052325
-0.046552
-0.059057
-0.070148
-0.063054
-0.061454
-0.056995
-0.053744
-0.057547
-0.058846
-0.053481
-0.075332
-0.042697
-0.053314
-0.055052
-0.050006
-0.055400
-0.048341
-0.047900
-0.056768
-0.058475
-0.061996
-0.041882
-0.060200
-0.058052
-0.040379
-0.026996
-0.044290
-0.059799
-0.040090
-0.043900
-0.062198
-0.038114
-0.038481
-0.043418
-0.045867
-0.035989
-0.031353
-0.043280
-0.025237
-0.028278
-0.039946
-0.031820
-0.030227
-0.032866
-0.016474
-0.038634
-0.037583
-0.028615
-0.019909
-0.023695
-0.016718
-0.023520
-0.008997
-0.025478
-0.018110
-0.009875
-0.011652
-0.026893
-0.011079
-0.008588
-0.018005
-0.014714
-0.011556
-0.019981
-0.019373
-0.005419
-0.011588
0.000149
0.001732
-0.006695
-0.006261
-0.004342
0.015751
-0.007988
0.017237
0.019495
0.016331
0.001797
-0.007064
0.004797
0.027822
0.014806
0.009383
-0.001100
0.007359
-0.005689
0.008135
0.015143
0.013393
0.013630
0.014608
0.024728
0.009517
-0.003088
0.007933
0.018823
0.040230
0.019596
0.021283
0.012317
0.021046
0.019127
0.014339
0.037906
0.013363
0.023171
0.023002
0.025934
0.021487
0.035640
0.038525
0.034458
0.016023
0.031225
0.031694
0.027351
0.040226
0.039482
0.057100
0.057049
0.047855
0.060336
0.050483
0.049502
0.050389
0.052818
0.036190
0.056436
0.059135
0.062292
0.053411
0.035171
0.070036
0.053052
0.055120
0.062277
0.047815
0.061864
0.058336
0.050808
0.055965
0.059491
0.052094
0.072630
0.049908
0.041544
0.058743
0.047875
0.052178
0.045403
0.053276
0.071081
0.069351
0.061825
0.050279
0.039627
0.039586
0.047040
0.057761
0.050198
0.039353
0.069784
0.047517
0.056174
0.051248
0.038614
0.037524
0.036352
0.062252
0.051525
0.036706
0.056099
0.046173
0.039898
0.043244
0.052862
0.035617
0.048808
0.050852
0.041850
0.053592
0.038812
0.058906
0.032917
0.022163
0.052207
0.050999
0.048339
0.037728
0.038402
0.044645
0.043001
0.051552
0.015922
0.017236
0.034533
0.026166
0.036008
0.036344
0.038347
0.025392
0.023000
0.020307
0.017880
0.010022
0.000617
0.008843
0.013800
0.007022
0.013260
0.020407
0.034874
-0.004034
0.008303
-0.000832
0.000551
0.000888
-0.009804
0.004864
0.013024
0.005539
-0.009592
-0.012125
-0.002452
0.010293
-0.009462
0.021382
-0.017452
-0.031610
-0.029920
-0.023080
-0.019011
-0.024908
-0.021660
-0.019887
-0.017726
-0.023854
-0.025206
-0.011794
-0.011522
-0.018502
-0.010849
-0.037619
-0.037015
-0.034952
-0.010203
-0.035189
-0.013241
-0.027549
-0.031447
-0.024130
-0.017152
-0.033226
-0.024061
-0.018035
-0.020825
-0.037912
-0.032786
-0.025948
-0.055169
-0.038628
-0.035797
-0.040030
-0.055250
-0.058315
-0.044129
-0.023117
-0.057755
-0.054062
-0.047876
-0.054591
-0.055732
-0.056357
-0.045203
-0.041313
-0.043384
-0.060645
-0.057363
-0.043320
-0.052549
-0.051210
-0.044565
-0.056225
-0.042934
-0.052620
-0.050678
-0.044683
-0.056592
-0.041395
-0.055840
-0.062744
-0.056772
-0.045167
-0.049207
-0.036279
-0.059643
-0.035388
-0.041883
-0.058391
-0.055610
-0.056381
-0.048187
-0.068032
-0.068467
-0.056999
-0.051871
-0.040613
-0.059783
-0.062591
-0.050519
-0.050982
-0.056777
-0.042672
-0.043901
-0.051584
-0.041448
-0.052728
-0.057496
-0.051767
-0.065965
-0.050880
-0.052117
-0.060369
-0.041631
-0.056194
-0.046211
-0.047105
-0.043818
-0.051192
-0.040301
-0.039892
-0.053366
-0.045568
-0.035782
-0.031496
-0.034339
-0.038176
-0.039982
-0.041502
-0.034578
-0.031615
-0.017795
-0.017456
-0.043246
-0.027039
-0.044529
-0.039438
-0.033703
-0.030210
-0.028415
-0.014751
-0.036083
-0.033216
-0.033479
-0.021065
-0.024733
-0.005079
-0.015382
-0.018567
-0.008765
0.000044
-0.028535
-0.027389
-0.016342
-0.004813
-0.000155
0.009045
-0.010001
0.007629
-0.013260
-0.004207
0.007865
0.009079
0.008540
-0.004746
-0.012597
-0.010265
-0.004207
-0.000057
-0.004243
0.012720
0.008371
0.019631
0.005369
-0.020684
0.024219
0.014676
0.016866
0.002538
0.014169
0.015988
0.012045
0.018081
0.010697
0.022189
0.023169
0.022730
0.028101
0.038781
0.019260
0.033926
0.023200
0.013189
0.019256
0.022665
0.012855
0.037332
0.008472
0.017238
0.022832
0.022868
0.027859
0.033229
0.024351
0.027145
0.050848
0.029409
0.045880
0.056949
0.044675
0.043503
0.054662
0.040778
0.063729
0.040599
0.041072
0.043925
0.038543
0.072940
0.045013
0.041581
0.065819
0.056787
0.052579
0.044236
0.058950
0.056940
0.057499
0.068480
0.068457
0.065306
0.050200
0.039539
0.068261
0.062142
0.059374
0.061826
0.068356
0.048253
0.062016
0.057725
0.053080
0.056872
0.051158
0.046879
0.051527
0.047376
0.046725
0.055331
0.046768
0.052898
0.036454
0.059288
0.045560
0.040301
0.056372
0.040579
0.035520
0.033728
0.050496
0.047517
0.055570
0.063603
0.041679
0.064730
0.045767
0.039345
0.060629
0.043601
0.044852
0.042493
0.043430
0.042483
0.028705
0.056198
0.036861
0.023850
0.033247
0.043121
0.027351
0.029412
0.040301
0.027724
0.020537
0.034967
0.031633
0.029436
0.025772
0.019294
0.025532
0.016594
0.023575
0.006753
0.024791
0.021691
0.014405
0.021899
0.015922
0.007090
0.002506
0.001291
-0.002689
0.008169
0.011876
0.008405
0.004190
0.010529
-0.007474
-0.003562
0.001932
0.000347
0.006922
-0.004309
-0.007172
-0.004799
-0.000596
-0.005349
-0.015365
-0.024773
-0.025447
0.006280
-0.018033
-0.016716
-0.021129
-0.011113
-0.022009
-0.022741
-0.017283
-0.007843
-0.016645
-0.003526
-0.018430
-0.008724
-0.026212
-0.025568
-0.026487
-0.018004
-0.003802
-0.027706
-0.030424
-0.021303
-0.019060
-0.012461
-0.026962
-0.015425
-0.018192
-0.027350
-0.034209
-0.030335
-0.030840
-0.045961
-0.057300
-0.036923
-0.044766
-0.057657
-0.048445
-0.061361
-0.051232
-0.048078
-0.054229
-0.046311
-0.062263
-0.059192
-0.049579
-0.048863
-0.070030
-0.048742
-0.039900
-0.045178
-0.061858
-0.047019
-0.058260
-0.045532
-0.062291
-0.045363
-0.050763
-0.052247
-0.053056
-0.059516
-0.042368
-0.063523
-0.050860
-0.048237
-0.050037
-0.055431
-0.054031
-0.056268
-0.065831
-0.055645
-0.053380
-0.058734
-0.065521
-0.074787
-0.065154
-0.063335
-0.056965
-0.056738
-0.055553
-0.056865
-0.064385
-0.059570
-0.058746
-0.051680
-0.051644
-0.051561
-0.056901
-0.050151
-0.053382
-0.053150
-0.048213
-0.048263
-0.059188
-0.042158
-0.049166
-0.044442
-0.031206
-0.036602
-0.055627
-0.028204
-0.039169
-0.037070
-0.060023
-0.043850
-0.047968
-0.035494
-0.035687
-0.037856
-0.022984
-0.044565
-0.035621
-0.032259
-0.023999
-0.015631
-0.024624
-0.033995
-0.033765
-0.018294
-0.028720
-0.019304
-0.018631
-0.020110
-0.008652
-0.024985
-0.022554
-0.018637
-0.018609
-0.013605
-0.003226
-0.018900
-0.024132
-0.014359
-0.005853
-0.005107
-0.005349
-0.002585
-0.012299
-0.003499
-0.001914
0.009214
-0.007307
-0.003899
-0.002549
0.005034
0.001595
-0.004136
0.014878
0.014371
0.009450
0.007056
-0.007074
0.002197
-0.003904
0.000416
0.032138
0.000414
0.014744
0.015348
0.007157
0.008438
0.014102
0.021348
0.017910
0.017677
0.034502
0.011239
0.015821
0.014711
0.013598
0.026575
0.014811
0.023713
0.019597
0.020979
0.024219
0.026949
0.025731
0.022329
0.022969
0.028029
0.014877
0.027054
0.025358
0.021217
0.036183
0.045752
0.044276
0.028162
0.041743
0.057523
0.059190
0.062690
0.057593
0.069191
0.053514
0.046666
0.056234
0.043528
0.053644
0.036259
0.069208
0.060064
0.063807
0.050919
0.053012
0.053509
0.059175
0.062047
0.058716
0.065765
0.057307
0.049395
0.066441
0.054358
0.047315
0.056675
0.046101
0.069216
0.068730
0.067002
0.054892
0.047922
0.057890
0.048011
0.037369
0.054562
0.057497
0.045417
0.050712
0.053791
0.050441
0.040426
0.041279
0.047486
0.047853
0.057275
0.044212
0.047271
0.049462
0.032034
0.043098
0.046057
0.051826
0.059572
0.053144
0.047587
0.055143
0.048321
0.048394
0.049942
0.047382
0.049851
0.038220
0.035715
0.035116
0.054996
0.031473
0.031889
0.043397
0.025968
0.040025
0.028500
0.031664
0.032077
0.050593
0.038566
0.014683
0.015653
0.015246
0.035240
0.027213
0.016226
0.009382
0.020675
0.010057
0.033657
0.027890
0.010900
0.031265
0.017441
0.014878
0.017474
0.021689
0.015112
0.002944
0.007562
-0.004101
0.007461
0.001019
0.009922
-0.002349
-0.010141
-0.006028
0.012047
-0.001036
-0.006564
-0.005312
-0.019002
-0.017484
-0.001237
-0.019981
-0.002788
-0.010713
-0.016343
-0.013376
-0.020893
-0.016925
-0.012487
-0.009600
-0.010012
-0.009496
-0.020962
-0.011014
-0.017167
-0.012222
-0.023213
-0.041320
-0.021334
-0.018196
-0.015102
-0.029999
-0.011484
-0.019655
-0.010917
-0.021230
-0.018426
-0.043588
-0.032634
-0.027229
-0.040463
-0.040354
-0.042409
-0.043146
-0.065819
-0.044204
-0.032887
-0.045423
-0.040450
-0.044160
-0.053819
-0.061830
-0.035359
-0.045338
-0.041517
-0.038562
-0.032326
-0.046274
-0.046783
-0.055557
-0.049185
-0.057698
-0.058354
-0.050412
-0.040263
-0.050319
-0.040756
-0.053466
-0.062470
-0.063037
-0.064588
-0.057308
-0.053202
-0.049580
-0.055826
-0.045663
-0.046665
-0.067990
-0.065869
-0.032184
-0.062320
-0.055871
-0.056048
-0.055747
-0.058485
-0.067427
-0.070768
-0.046502
-0.059635
-0.060984
-0.065793
-0.068132
-0.063201
-0.056548
-0.048421
-0.041686
-0.045938
-0.051190
-0.062905
-0.062533
-0.057051
-0.038194
-0.060378
-0.053031
-0.048256
-0.051343
-0.055695
-0.048277
-0.051170
-0.039423
-0.051306
-0.051543
-0.053561
-0.042644
-0.042561
-0.030969
-0.033130
-0.037912
-0.036012
-0.034050
-0.039515
-0.025274
-0.040182
-0.027654
-0.030190
-0.026183
-0.018828
-0.030269
-0.042227
-0.035054
-0.031306
-0.027032
-0.020219
-0.025672
-0.014958
-0.013310
-0.011288
-0.008416
-0.018539
-0.017521
-0.013175
-0.017866
0.005607
-0.012696
-0.010066
-0.004033
0.007056
-0.024534
-0.005796
0.008910
-0.001982
-0.023180
0.005100
0.006786
0.008876
0.001291
-0.013307
0.003547
0.008708
-0.004542
0.001122
-0.003834
0.024520
0.017303
0.023002
0.011339
0.004628
0.004393
0.006483
0.026102
0.019257
0.014473
0.019500
0.023039
0.008337
0.003854
0.013496
0.028496
0.012857
0.029841
0.030490
0.022329
0.013331
0.026398
0.020954
0.019258
0.030184
0.014001
0.012652
0.017675
0.020948
0.017610
0.014980
0.034565
0.008000
0.044508
0.018991
0.011775
0.038646
0.036114
0.049193
0.042968
0.045588
0.050681
0.046406
0.046500
0.057196
0.038211
0.058576
0.077589
0.041038
0.052676
0.045031
0.054454
0.061029
0.041671
0.048311
0.056920
0.052225
0.067022
0.054559
0.045295
0.045855
0.054401
0.064677
0.060162
0.060700
0.056390
0.053602
0.079515
0.076704
0.074093
0.047637
0.053282
0.053941
0.056946
0.046489
0.057117
0.050642
0.061673
0.069589
0.066736
0.051734
0.061400
0.058068
0.057538
0.050041
0.059390
0.040393
0.040699
0.044509
0.048459
0.045526
0.051117
0.055698
0.034495
0.044459
0.044945
0.057656
0.046308
0.029169
0.037296
0.048619
0.039694
0.050484
0.041308
0.026381
0.041447
0.032007
0.052634
0.042113
0.030824
0.034127
0.040799
0.026847
0.044491
0.021552
0.028906
0.031158
0.031971
0.031706
0.012382
0.028394
0.016731
0.007596
0.014271
0.021219
0.022631
0.009551
-0.008725
-0.000192
0.003819
0.021989
0.019802
0.016126
0.002706
-0.004338
0.014472
0.008876
-0.002183
-0.001608
0.000381
0.015148
-0.002283
0.013326
0.016799
-0.011084
-0.004200
-0.003532
0.000109
-0.011862
-0.007952
-0.004089
-0.005519
-0.001946
-0.015530
-0.016603
-0.011593
-0.017349
-0.019372
-0.003060
-0.007411
-0.009865
-0.014587
-0.030640
-0.010741
-0.024039
