-0.001275
-0.001117
0.001473
0.003535
0.002945
-0.000467
-0.003216
-0.001366
0.000813
0.004101
0.006049
0.004804
0.004096
0.003900
0.001408
-0.003312
-0.010708
-0.015585
-0.017345
-0.018911
-0.018698
-0.018256
-0.018614
-0.018213
-0.015609
-0.010460
-0.004747
-0.004417
-0.007146
-0.006298
-0.003890
-0.002266
-0.000553
-0.000761
-0.000101
0.001509
0.000109
0.001123
0.002445
0.000271
-0.003090
-0.006036
-0.006636
-0.007416
-0.008715
-0.008043
-0.005404
-0.001875
0.001143
-0.000022
-0.002293
-0.004260
-0.004715
-0.001634
0.003321
0.006429
0.005018
0.003484
0.002587
0.000741
0.000855
0.003133
0.005138
0.004781
0.004656
0.003013
-0.001083
-0.004918
-0.006459
-0.006882
-0.006282
-0.005550
-0.005281
-0.004903
-0.005437
-0.005107
-0.003678
-0.002312
-0.002841
-0.006148
-0.008968
-0.009067
-0.006979
-0.002494
-0.000727
-0.002341
-0.000565
0.002489
0.002792
0.001200
0.001436
0.003618
0.004689
0.006760
0.011375
0.015684
0.017817
0.016995
0.013698
0.013392
0.014043
0.010573
0.004381
-0.001811
-0.006353
-0.008357
-0.012084
-0.017343
-0.020650
-0.022234
-0.022034
-0.020683
-0.017580
-0.014881
-0.015360
-0.016082
-0.018815
-0.023060
-0.027890
-0.028757
-0.024108
-0.019556
-0.019814
-0.021020
-0.019086
-0.014668
-0.009663
-0.005477
-0.000844
0.004759
0.008838
0.009242
0.007840
0.006386
0.003031
-0.000292
-0.000442
-0.000680
0.002222
0.009163
0.015757
0.022251
0.027763
0.031347
0.033779
0.035769
0.037708
0.038861
0.039480
0.038528
0.038129
0.036239
0.028943
0.013889
-0.003683
-0.017559
-0.026087
-0.026816
-0.021900
-0.015692
-0.007863
0.001556
0.007891
0.009866
0.008601
0.006029
0.002843
0.001972
0.002164
-0.000303
-0.004279
-0.006493
-0.006646
-0.006296
-0.005189
-0.005281
-0.003456
-0.001159
-0.003391
-0.006735
-0.009538
-0.009169
-0.005996
-0.004786
-0.004025
-0.002113
-0.000306
0.000416
0.000415
-0.000515
-0.002666
-0.005856
-0.010205
-0.012659
-0.010656
-0.009111
-0.007856
-0.002940
-0.001953
-0.005320
-0.008068
-0.009776
-0.008625
-0.006461
-0.005437
-0.002363
0.000226
-0.001916
-0.005349
-0.005040
-0.002589
-0.000754
0.000281
0.000334
0.000296
0.000804
0.002022
0.004400
0.006170
0.004759
0.004612
0.006769
0.004577
0.000173
-0.002858
-0.005378
-0.006231
-0.005942
-0.005939
-0.006797
-0.009374
-0.010054
-0.010761
-0.012886
-0.012038
-0.007197
-0.004502
-0.002765
-0.000448
-0.001079
-0.001799
-0.000064
0.002882
0.005813
0.007851
0.007827
0.004927
0.001350
-0.001486
-0.006772
-0.012520
-0.016152
-0.016747
-0.016569
-0.016796
-0.019890
-0.025415
-0.030269
-0.031999
-0.030800
-0.029092
-0.027607
-0.024861
-0.020338
-0.015762
-0.012334
-0.010585
-0.012620
-0.014914
-0.019585
-0.022522
-0.021568
-0.022541
-0.025630
-0.029474
-0.032082
-0.027102
-0.016039
-0.006592
0.001071
0.006160
0.008778
0.008900
0.009542
0.007617
0.003067
-0.000588
-0.004053
-0.004917
-0.003413
-0.001559
0.000597
0.003695
0.004757
0.002530
0.000045
-0.002385
-0.005933
-0.010527
-0.011951
-0.009694
-0.005569
-0.006260
-0.001191
0.005265
0.007678
0.007214
0.003831
-0.001625
-0.004525
-0.005934
-0.009082
-0.011212
-0.010149
-0.008015
-0.006373
-0.007353
-0.009062
-0.010565
-0.012239
-0.012666
-0.011431
-0.011301
-0.012478
-0.011584
-0.010924
-0.010570
-0.011024
-0.010816
-0.011174
-0.011622
-0.010596
-0.008844
-0.006409
-0.004016
-0.005211
-0.005476
-0.002561
-0.000084
0.000562
-0.000626
-0.001532
-0.004014
-0.007671
-0.008133
-0.004659
0.000194
0.001737
0.001069
0.002111
0.004754
0.006009
0.006326
0.004863
0.000977
-0.003580
-0.005206
-0.002640
0.001973
0.006951
0.009473
0.007204
0.003672
0.001997
0.000413
0.000623
0.001624
0.001251
0.001356
0.003301
0.006839
0.010350
0.009964
0.005988
0.002425
0.003071
0.004451
0.003606
0.002741
0.003310
0.003707
0.002770
0.002319
0.002418
0.002885
0.002769
0.001709
0.000778
0.000747
0.000614
0.000606
0.004279
0.009556
0.012724
0.016758
0.019927
0.020467
0.020231
0.018132
0.017214
0.020256
0.024257
0.027495
0.034345
0.040657
0.042070
0.040306
0.034425
0.022996
0.005271
-0.014371
-0.030380
-0.039111
-0.042987
-0.045305
-0.043219
-0.040754
-0.036826
-0.029461
-0.022175
-0.014598
-0.007002
-0.003840
-0.002825
-0.000096
0.005220
0.008526
0.008758
0.008010
0.009502
0.013892
0.019016
0.022571
0.024455
0.022512
0.019155
0.016215
0.015763
0.018304
0.020592
0.023379
0.025961
0.026908
0.029095
0.034443
0.036074
0.032489
0.029651
0.028124
0.028211
0.033221
0.038304
0.040003
0.040314
0.036575
0.025900
0.012321
-0.002362
-0.016486
-0.025770
-0.028385
-0.026016
-0.019190
-0.009603
0.000501
0.007092
0.009213
0.009058
0.007746
0.006260
0.003214
-0.001063
-0.003536
-0.004433
-0.004391
-0.003936
-0.001601
0.001891
0.004439
0.006090
0.006469
0.006114
0.003548
0.001464
0.001889
0.005007
0.007972
0.005695
0.003510
-0.000294
-0.005965
-0.007188
-0.005292
-0.003440
-0.001365
0.001334
0.001970
0.001641
0.002477
0.003957
0.004165
0.003178
0.003074
0.003150
0.000634
-0.002170
0.000665
0.007364
0.011231
0.009845
0.007229
0.003709
0.001310
-0.000054
-0.003997
-0.009426
-0.012655
-0.010227
-0.004434
0.002066
0.006616
0.008568
0.008875
0.005863
0.002282
0.000253
-0.000145
0.002363
0.005182
0.006543
0.007648
0.007135
0.004541
0.003609
0.004914
0.006006
0.007302
0.006627
0.005814
0.006179
0.006860
0.007842
0.006766
0.004260
0.002708
0.003607
0.005598
0.006448
0.004216
-0.001564
-0.006213
-0.011432
-0.017963
-0.019234
-0.019461
-0.020302
-0.021971
-0.024250
-0.023439
-0.018624
-0.016538
-0.016602
-0.017090
-0.014951
-0.013485
-0.013046
-0.010710
-0.008418
-0.006503
-0.008095
-0.012014
-0.015224
-0.019011
-0.022558
-0.022684
-0.020553
-0.017700
-0.010533
-0.000464
0.007460
0.014940
0.023384
0.029297
0.032048
0.030846
0.025757
0.021370
0.014143
0.004827
-0.002361
-0.006829
-0.009418
-0.010743
-0.010649
-0.010605
-0.011233
-0.010016
-0.006452
-0.001010
0.002330
0.001820
-0.004953
-0.009420
-0.013541
-0.017220
-0.018727
-0.017131
-0.015428
-0.013152
-0.008622
-0.005662
-0.006007
-0.008167
-0.011925
-0.015790
-0.019750
-0.021134
-0.020476
-0.019719
-0.018597
-0.017217
-0.015642
-0.013621
-0.014846
-0.017155
-0.017693
-0.017774
-0.018400
-0.022424
-0.026112
-0.024450
-0.021047
-0.020279
-0.020740
-0.020992
-0.021613
-0.024804
-0.024654
-0.018734
-0.011292
-0.006132
-0.003131
-0.001525
-0.000033
-0.001738
-0.006817
-0.006831
-0.003258
-0.000528
0.001189
0.003142
0.006984
0.009630
0.008825
0.006433
0.003082
0.001200
0.002054
0.000708
-0.003370
-0.006605
-0.007387
-0.006024
-0.003659
-0.000316
0.002826
0.003118
0.002231
0.001171
0.000180
-0.000225
-0.000117
-0.001344
-0.004165
-0.007795
-0.010737
-0.013086
-0.016294
-0.016315
-0.011969
-0.007728
-0.003597
-0.001961
-0.001762
-0.001851
-0.002918
-0.003209
-0.003833
-0.004784
-0.005792
-0.006548
-0.005980
-0.005526
-0.003666
0.001388
0.006089
0.007709
0.009896
0.012446
0.014831
0.019115
0.022605
0.025625
0.032138
0.041237
0.050528
0.057501
0.057842
0.052550
0.045044
0.039653
0.038696
0.038146
0.034973
0.025953
0.011137
-0.004524
-0.022193
-0.036995
-0.048599
-0.058017
-0.064727
-0.066877
-0.064878
-0.055021
-0.038909
-0.023538
-0.009622
0.002504
0.011588
0.018759
0.022195
0.020291
0.019149
0.017047
0.014104
0.013739
0.012497
0.009260
0.006236
0.004867
0.006239
0.010022
0.015113
0.021387
0.026992
0.030706
0.032602
0.034958
0.039453
0.039949
0.035521
0.029070
0.022441
0.017570
0.017801
0.021121
0.019365
0.012711
0.002648
-0.008365
-0.017171
-0.021850
-0.022178
-0.021528
-0.022008
-0.017112
-0.006913
0.002266
0.008051
0.011094
0.009177
0.004366
0.000321
0.000065
0.001061
-0.000281
-0.002841
-0.004622
-0.004214
-0.004732
-0.006291
-0.006509
-0.006485
-0.005196
-0.000803
0.003873
0.006786
0.006617
0.003075
-0.001291
-0.005129
-0.005637
-0.004112
-0.003090
-0.003777
-0.005551
-0.004971
-0.003728
-0.004340
-0.005071
-0.005091
-0.004805
-0.004096
-0.003756
-0.003226
-0.001758
-0.001770
-0.003004
-0.004130
-0.004696
-0.006770
-0.009772
-0.010660
-0.009665
-0.007457
-0.004835
-0.002519
0.000615
0.004065
0.004707
0.002037
0.000108
0.000603
-0.001159
-0.005798
-0.009521
-0.010197
-0.009365
-0.006720
-0.002933
-0.000678
0.001345
0.000790
-0.001547
-0.002581
-0.005041
-0.007495
-0.006095
-0.001670
0.004080
0.007938
0.007606
0.005328
0.003012
0.001429
0.000007
-0.001539
-0.002638
-0.006296
-0.010819
-0.011754
-0.013498
-0.016008
-0.017680
-0.019528
-0.019757
-0.020473
-0.023364
-0.026970
-0.027894
-0.026355
-0.025181
-0.023873
-0.023570
-0.023690
-0.019989
-0.016446
-0.015254
-0.016519
-0.021563
-0.024049
-0.021911
-0.019402
-0.017736
-0.016232
-0.011826
-0.003494
0.005169
0.007477
0.006489
0.007116
0.007018
0.004298
0.002434
0.002021
0.001907
0.001383
0.000702
-0.000274
-0.000649
-0.000583
-0.001529
-0.005136
-0.010130
-0.014126
-0.013247
-0.009025
-0.004029
-0.001209
-0.001582
0.000620
-0.003388
-0.007793
-0.012134
-0.014705
-0.014520
-0.014448
-0.012786
-0.012001
-0.010284
-0.008378
-0.009278
-0.011416
-0.013556
-0.015477
-0.014174
-0.010778
-0.009976
-0.013217
-0.017004
-0.017430
-0.018587
-0.021576
-0.024510
-0.025831
-0.026482
-0.026148
-0.024065
-0.021524
-0.018014
-0.011146
-0.006527
-0.003903
-0.001549
0.000394
0.000726
0.000131
0.002358
0.006074
0.009822
0.009240
0.005295
0.003612
0.002982
0.002665
0.002849
0.005838
0.009125
0.009697
0.008641
0.008643
0.007550
0.005470
0.004157
0.004043
0.003661
0.003113
0.000818
-0.005228
-0.008607
-0.007796
-0.006645
-0.005069
-0.002338
-0.001292
0.000258
0.001972
0.002810
0.005029
0.005503
0.003240
0.001078
0.001217
0.002170
0.000151
-0.003391
-0.006099
-0.007418
-0.007923
-0.005942
-0.001068
0.002908
0.002620
0.002539
0.001722
0.000328
-0.001697
-0.002632
-0.001390
0.001728
0.005408
0.007167
0.005791
0.004587
0.006034
0.010031
0.014939
0.017980
0.019295
0.022632
0.026392
0.029027
0.030778
0.034801
0.040458
0.044079
0.048256
0.054489
0.056571
0.053282
0.051825
0.051526
0.050723
0.049613
0.043065
0.029826
0.009654
-0.010309
-0.026363
-0.041486
-0.055848
-0.065193
-0.066210
-0.066501
-0.061486
-0.048696
-0.035731
-0.023156
-0.009498
0.006156
0.020429
0.029705
0.034657
0.036820
0.034225
0.024725
0.014153
0.006639
0.002781
0.001915
0.002762
0.005588
0.007242
0.009491
0.015412
0.023032
0.027385
0.028792
0.030304
0.033626
0.035760
0.036732
0.037729
0.038339
0.039590
0.041149
0.043448
0.045618
0.042506
0.034572
0.025207
0.015328
0.003614
-0.006194
-0.012660
-0.018383
-0.020377
-0.017908
-0.015218
-0.013299
-0.010581
-0.007188
-0.004595
-0.001222
0.001329
0.001450
0.000283
-0.002013
-0.002273
-0.000875
0.000391
0.002460
0.005869
0.008890
0.010953
0.010822
0.008741
0.007283
0.007212
0.009232
0.010904
0.009825
0.010225
0.011868
0.012165
0.011368
0.010001
0.007593
0.005290
0.003412
0.000948
-0.001440
-0.004285
-0.004577
-0.002725
-0.001847
-0.000286
0.001330
0.003221
0.005332
0.005959
0.005447
0.003807
0.001315
0.000275
0.000239
-0.000419
-0.003107
-0.005767
-0.005997
-0.003199
0.000307
0.001460
-0.000181
-0.004532
-0.006114
-0.003293
-0.002684
-0.003145
-0.001086
0.000517
0.003235
0.005496
0.005737
0.004535
0.002250
0.001322
0.001977
0.003216
0.005633
0.005530
0.001777
0.001085
0.003457
0.006561
0.007715
0.005170
0.002120
-0.002394
-0.007963
-0.010815
-0.011726
-0.013237
-0.015002
-0.017409
-0.018623
-0.017571
-0.016245
-0.017101
-0.017665
-0.017177
-0.017953
-0.016542
-0.014974
-0.014505
-0.014270
-0.015541
-0.019537
-0.023527
-0.026717
-0.032540
-0.031776
-0.022546
-0.014462
-0.009462
-0.006135
-0.001502
0.005277
0.012169
0.015750
0.015798
0.013802
0.009910
0.009727
0.010139
0.007145
0.003514
0.000455
0.000311
-0.000918
-0.003770
-0.006073
-0.006016
-0.004120
-0.003367
-0.002149
-0.001075
-0.001581
-0.002595
-0.003022
-0.007296
-0.006793
-0.009418
-0.012785
-0.015094
-0.014762
-0.014011
-0.014954
-0.016961
-0.019163
-0.018914
-0.019697
-0.020817
-0.022947
-0.027166
-0.030620
-0.030250
-0.029008
-0.029651
-0.028345
-0.027066
-0.024968
-0.023751
-0.025289
-0.028170
-0.031825
-0.035842
-0.037332
-0.035018
-0.030068
-0.024206
-0.017540
-0.010415
-0.003636
0.002919
0.003653
0.002426
-0.000219
-0.004883
-0.008936
-0.009561
-0.009734
-0.008611
-0.005778
-0.006625
-0.005707
-0.003222
-0.001764
-0.002373
-0.004983
-0.007822
-0.009587
-0.010099
-0.010136
-0.008252
-0.009061
-0.010497
-0.009446
-0.007231
-0.004439
-0.003193
-0.002502
-0.001524
-0.000470
0.000717
0.000470
-0.000114
-0.002141
-0.005592
-0.007983
-0.007428
-0.006101
-0.004393
-0.002918
-0.003346
-0.004399
-0.004318
-0.003766
-0.004058
-0.006702
-0.011107
-0.011053
-0.008741
-0.006771
-0.003880
-0.001511
-0.001064
-0.001595
-0.002781
-0.004838
-0.004602
-0.001365
0.002260
0.005620
0.006927
0.008346
0.009599
0.009718
0.010835
0.014818
0.019278
0.022005
0.024153
0.026911
0.031229
0.036317
0.041366
0.046199
0.050988
0.052109
0.050411
0.050408
0.049698
0.044969
0.040354
0.033380
0.022533
0.009644
-0.008859
-0.029932
-0.046893
-0.057475
-0.063126
-0.065132
-0.064341
-0.059152
-0.050828
-0.038976
-0.024640
-0.009437
0.005525
0.017455
0.023326
0.023885
0.022197
0.016475
0.009300
0.005069
0.004812
0.005499
0.006169
0.008149
0.011714
0.015925
0.020807
0.026731
0.032249
0.036479
0.039577
0.041952
0.043200
0.043836
0.041892
0.038800
0.034884
0.027941
0.020425
0.014116
0.003862
-0.011177
-0.024128
-0.032113
-0.036019
-0.033407
-0.025333
-0.016074
-0.010350
-0.006828
-0.004219
-0.001829
-0.000820
-0.002183
-0.002753
-0.004250
-0.006126
-0.005889
-0.003816
-0.002731
-0.003353
-0.002560
0.002103
0.006059
0.004973
0.001661
0.002523
0.002387
-0.001445
-0.003467
-0.002768
-0.001243
-0.000390
-0.001742
-0.002071
-0.001249
-0.001214
-0.001414
-0.002511
-0.005668
-0.007514
-0.007670
-0.008618
-0.007927
-0.003454
-0.001123
-0.001520
-0.000064
0.000373
0.000591
-0.000298
-0.002785
-0.004910
-0.006076
-0.004798
-0.001998
-0.001105
-0.000961
-0.001084
-0.002163
-0.002636
-0.003681
-0.005727
-0.008422
-0.008355
-0.006259
-0.004982
-0.005026
-0.005505
-0.007002
-0.005260
-0.004230
-0.004624
-0.002355
0.001811
0.001650
-0.001413
-0.002209
-0.003436
-0.004222
-0.003706
-0.003320
-0.003968
-0.006183
-0.007018
-0.004081
-0.001458
0.001297
0.006046
0.007371
0.005908
0.000868
-0.007080
-0.014673
-0.019961
-0.020885
-0.022865
-0.026197
-0.027667
-0.027641
-0.025648
-0.024651
-0.027033
-0.027668
-0.027726
-0.029204
-0.029413
-0.030035
-0.029760
-0.029406
-0.029592
-0.029325
-0.027955
-0.024763
-0.013738
0.003639
0.018909
0.030038
0.034887
0.034220
0.030295
0.023662
0.017185
0.009407
0.001134
-0.005554
-0.011941
-0.017151
-0.017974
-0.014514
-0.008506
0.000794
0.009347
0.011685
0.011501
0.009939
0.004565
-0.000500
-0.006980
-0.012139
-0.012849
-0.012581
-0.005744
-0.002083
-0.000062
-0.001497
-0.007135
-0.012413
-0.015484
-0.015504
-0.014118
-0.013608
-0.017110
-0.021379
-0.021261
-0.020696
-0.019800
-0.017916
-0.017242
-0.016977
-0.018003
-0.021946
-0.024439
-0.025956
-0.024026
-0.020371
-0.020428
-0.023012
-0.027942
-0.031316
-0.032795
-0.033776
-0.033226
-0.028835
-0.020677
-0.011871
-0.000850
0.009310
0.016735
0.018986
0.016765
0.012872
0.008573
0.003659
0.000108
0.000106
0.002604
0.004316
0.005056
0.005826
0.004701
0.001220
-0.002176
-0.005549
-0.006887
-0.005876
-0.002226
0.003785
0.006483
0.003389
-0.003130
-0.008667
-0.008841
-0.005638
-0.001772
0.000059
0.002764
0.005599
0.006028
0.006373
0.006111
0.004459
0.000352
-0.005359
-0.009269
-0.007446
-0.004421
-0.001559
0.000341
-0.000503
-0.001673
0.000690
0.002650
0.000648
-0.002359
-0.005670
-0.009370
-0.011646
-0.011496
-0.009719
-0.008060
-0.007071
-0.003973
-0.003170
-0.004036
-0.002575
-0.000438
0.003649
0.008959
0.013988
0.021410
0.030419
0.038144
0.043025
0.045661
0.045671
0.046115
0.049259
0.049751
0.048478
0.050358
0.053329
0.056281
0.058737
0.059744
0.057634
0.051846
0.040932
0.025253
0.009465
-0.006343
-0.025186
-0.044216
-0.059284
-0.068020
-0.070982
-0.069242
-0.063151
-0.054978
-0.041356
-0.021535
-0.001741
0.011949
0.022181
0.030535
0.032553
0.028762
0.022461
0.015412
0.011170
0.007467
0.003078
0.003479
0.007257
0.013863
0.025348
0.033528
0.035921
0.034795
0.032710
0.032498
0.034104
0.033872
0.034879
0.035959
0.034305
0.031374
0.032948
0.036898
0.036452
0.033343
0.029054
0.020180
0.005224
-0.011045
-0.023639
-0.030613
-0.033708
-0.032929
-0.027650
-0.020107
-0.012780
-0.004978
0.000310
0.003301
0.005838
0.006038
0.003276
0.000296
0.000720
0.001017
0.000895
0.001149
0.001840
0.003674
0.004425
0.003533
0.002767
0.001271
0.000287
0.000309
0.000973
0.002640
0.004007
0.001974
0.000491
0.002630
0.004029
0.003063
0.001433
0.000569
-0.000261
-0.001868
-0.002449
-0.000755
0.002848
0.003948
0.004234
0.003257
0.001476
0.003132
0.005216
0.005423
0.005362
0.007278
0.009007
0.008116
0.006119
0.003476
0.000225
-0.002108
-0.000706
0.001179
0.002091
0.004838
0.008464
0.008576
0.005513
0.002314
0.001086
-0.000431
-0.000106
0.003015
0.005659
0.005541
0.004751
0.002186
-0.001052
-0.002794
-0.002561
0.000624
0.005610
0.010327
0.011389
0.008621
0.007192
0.008088
0.009595
0.009092
0.004632
-0.002468
-0.011386
-0.018837
-0.023734
-0.026867
-0.028475
-0.028988
-0.027943
-0.022115
-0.017296
-0.016141
-0.016990
-0.019890
-0.020904
-0.019951
-0.019372
-0.017679
-0.016629
-0.019930
-0.025349
-0.028918
-0.028948
-0.027818
-0.023685
-0.017877
-0.009269
-0.001018
0.007980
0.015132
0.017947
0.017930
0.018456
0.017827
0.015349
0.013447
0.011322
0.008707
0.005394
0.000376
-0.002360
0.000544
0.003255
0.001578
-0.002472
-0.004519
-0.005468
-0.005402
-0.005250
-0.006513
-0.007484
-0.008529
-0.009014
-0.013034
-0.013652
-0.014431
-0.016731
-0.018127
-0.014694
-0.009006
-0.003406
-0.001241
-0.002374
-0.003857
-0.007592
-0.013718
-0.018813
-0.019786
-0.017542
-0.014560
-0.010900
-0.011373
-0.013263
-0.014679
-0.016474
-0.014818
-0.010297
-0.006629
-0.007623
-0.013081
-0.016263
-0.016553
-0.016642
-0.016957
-0.017862
-0.018374
-0.020627
-0.022687
-0.023004
-0.025087
-0.028187
-0.029417
-0.027477
-0.022559
-0.019368
-0.018202
-0.013822
-0.006222
0.001543
0.006581
0.008412
0.007189
0.003436
-0.001336
-0.008208
-0.012521
-0.012285
-0.008930
-0.004510
0.000464
0.005968
0.010888
0.013193
0.009015
0.003195
-0.001804
-0.006556
-0.008911
-0.009896
-0.008476
-0.006067
-0.004170
-0.003189
-0.002798
-0.003571
-0.005797
-0.008181
-0.006382
-0.001390
0.002764
0.003816
0.001728
-0.001240
-0.002717
-0.002092
-0.002045
-0.003064
-0.007043
-0.010004
-0.009799
-0.008772
-0.006279
-0.004039
-0.003279
-0.002821
-0.000259
0.001597
0.004782
0.009859
0.017101
0.022443
0.024721
0.028152
0.033066
0.038037
0.040899
0.039125
0.035398
0.035128
0.038273
0.042691
0.049196
0.056633
0.060295
0.059215
0.054673
0.045308
0.031155
0.015130
-0.002311
-0.019405
-0.035702
-0.050812
-0.061996
-0.069931
-0.075807
-0.076571
-0.071965
-0.062791
-0.046534
-0.024942
-0.002514
0.017623
0.032127
0.038912
0.039126
0.034308
0.026916
0.020260
0.016256
0.011058
0.005679
0.002739
0.004393
0.011823
0.019994
0.025075
0.028919
0.034466
0.037727
0.037401
0.034028
0.028734
0.024975
0.024989
0.027332
0.030770
0.034920
0.036582
0.035578
0.032045
0.025303
0.014082
0.000511
-0.010096
-0.016043
-0.019528
-0.022264
-0.024794
-0.024571
-0.019598
-0.013148
-0.007291
-0.000316
0.003799
0.005135
0.005800
0.004810
0.003021
0.003232
0.004843
0.005202
0.004290
0.003919
0.001047
-0.005430
-0.007390
-0.007955
-0.008057
-0.007324
-0.007648
-0.006765
-0.005036
-0.003744
-0.003147
-0.003481
-0.005230
-0.007439
-0.007544
-0.004189
-0.001438
-0.001308
-0.002143
-0.003169
-0.006310
-0.010817
-0.012180
-0.011169
-0.010985
-0.011319
-0.011138
-0.010504
-0.006577
-0.000817
0.002646
0.004143
0.003262
0.003799
0.004312
0.001897
-0.000034
-0.001496
-0.003300
-0.005089
-0.006275
-0.004677
-0.000809
0.000662
-0.001098
-0.003221
-0.003952
-0.004012
-0.002400
-0.002524
-0.003007
-0.003002
-0.004596
-0.007217
-0.006604
-0.005537
-0.004522
-0.002647
-0.000135
0.003236
0.005528
0.005153
0.003370
0.004047
0.004877
0.003564
0.001285
-0.001785
-0.009089
-0.019254
-0.026938
-0.030820
-0.030487
-0.028538
-0.026285
-0.021730
-0.016784
-0.014509
-0.015437
-0.017678
-0.019507
-0.019509
-0.017673
-0.016624
-0.014928
-0.013577
-0.015623
-0.019344
-0.022046
-0.022702
-0.021641
-0.021644
-0.022459
-0.020299
-0.015256
-0.006459
0.002514
0.010700
0.019386
0.024062
0.020685
0.012264
0.004283
-0.002330
-0.005801
-0.004950
-0.004944
-0.004516
-0.004250
-0.007357
-0.011211
-0.013531
-0.012552
-0.008794
-0.005495
-0.003385
-0.001201
-0.001561
-0.002485
-0.000647
-0.004340
-0.006775
-0.009318
-0.010642
-0.010435
-0.012311
-0.015263
-0.018658
-0.021269
-0.021864
-0.020584
-0.019745
-0.021180
-0.020891
-0.019039
-0.018952
-0.021090
-0.021909
-0.023426
-0.024520
-0.024645
-0.027069
-0.031402
-0.035454
-0.038176
-0.038994
-0.036564
-0.033719
-0.026962
-0.018014
-0.009495
-0.001116
0.006114
0.011615
0.015044
0.016126
0.015361
0.012931
0.009857
0.006468
0.001642
-0.002216
-0.003073
-0.001659
0.000976
0.003954
0.007976
0.009244
0.004034
-0.000070
-0.001361
-0.003064
-0.001570
0.003504
0.008731
0.011323
0.010962
0.008563
0.005598
0.003444
0.000979
0.000407
0.000867
-0.000931
-0.002373
-0.004042
-0.006128
-0.004141
-0.000739
0.002587
0.004856
0.003751
0.000454
-0.003233
-0.003798
-0.004575
-0.004618
-0.001952
0.002295
0.004153
0.001901
-0.001918
-0.001680
0.000831
0.000346
0.000398
0.002543
0.003889
0.001517
-0.001493
-0.003613
-0.004280
-0.002081
0.000635
0.005001
0.009447
0.011737
0.014673
0.018732
0.025742
0.035300
0.044769
0.048886
0.049743
0.049319
0.049520
0.053997
0.055956
0.055456
0.054955
0.055948
0.058865
0.056124
0.043264
0.026276
0.011852
-0.002085
-0.014216
-0.027917
-0.044190
-0.058006
-0.066444
-0.071491
-0.075328
-0.074194
-0.068119
-0.057120
-0.036736
-0.012524
0.007089
0.020616
0.028983
0.035518
0.036224
0.034571
0.035695
0.032313
0.027779
0.026907
0.027123
0.027731
0.031164
0.036411
0.040218
0.042401
0.042284
0.040740
0.039343
0.037333
0.034244
0.031366
0.026943
0.021360
0.020433
0.021254
0.016212
0.007139
-0.001878
-0.009201
-0.014646
-0.019583
-0.020876
-0.017424
-0.010503
-0.004584
-0.000792
0.002521
0.007054
0.010424
0.008832
0.004182
-0.000605
-0.004582
-0.003984
0.000681
0.002412
0.000229
-0.001598
-0.002450
-0.001290
-0.001932
-0.003050
-0.003599
-0.003721
-0.004718
-0.003717
-0.002301
-0.003151
-0.001721
0.000659
0.002510
0.005473
0.008830
0.009011
0.005831
0.001943
0.000852
0.002298
0.002239
0.000833
0.000663
0.001819
0.002324
0.004229
0.005626
0.005281
0.004920
0.003932
0.002421
0.000021
-0.001355
-0.003028
-0.003423
-0.000994
0.001461
0.003310
0.001775
-0.001885
-0.001655
0.001511
0.004150
0.005844
0.004688
-0.000256
-0.000821
0.000815
-0.000610
-0.001626
-0.002266
-0.001519
0.001005
0.000778
0.000657
0.002108
0.001259
-0.000318
-0.000363
-0.003843
-0.007230
-0.008695
-0.006701
-0.001786
0.001101
0.000067
0.000224
-0.000275
-0.004416
-0.009815
-0.014216
-0.016711
-0.017876
-0.018520
-0.019156
-0.018668
-0.018437
-0.017804
-0.018294
-0.020712
-0.020594
-0.017839
-0.016578
-0.019475
-0.023148
-0.025135
-0.024149
-0.022612
-0.021841
-0.023849
-0.028516
-0.031871
-0.030673
-0.027573
-0.023953
-0.019478
-0.013128
-0.004763
0.004216
0.012041
0.015967
0.017678
0.015601
0.008548
-0.000005
-0.007111
-0.009060
-0.007698
-0.002917
0.001226
0.001837
0.001764
0.002552
0.003305
0.002517
0.000065
-0.004008
-0.008095
-0.010196
-0.009902
-0.008310
-0.008964
-0.009238
-0.010174
-0.011251
-0.012857
-0.015741
-0.016939
-0.014080
-0.012876
-0.012581
-0.011738
-0.011460
-0.011663
-0.011641
-0.010700
-0.010149
-0.009944
-0.010494
-0.010400
-0.007164
-0.006424
-0.007170
-0.006228
-0.006575
-0.008763
-0.010993
-0.011172
-0.011862
-0.014411
-0.014002
-0.011962
-0.011989
-0.015111
-0.019808
-0.021767
-0.021535
-0.021531
-0.020761
-0.021926
-0.025437
-0.028231
-0.029171
-0.029694
-0.028858
-0.028463
-0.024325
-0.015799
-0.011186
-0.010690
-0.008034
-0.003306
0.002070
0.002379
-0.002705
-0.008164
-0.010332
-0.009647
-0.006879
-0.001890
0.003103
0.006645
0.006675
0.004000
0.000814
-0.000839
-0.000507
-0.002810
-0.007885
-0.012204
-0.013157
-0.011503
-0.008247
-0.005958
-0.007084
-0.005493
-0.001274
-0.000016
-0.000638
0.000121
-0.000394
-0.001752
-0.002590
-0.003292
-0.003774
-0.004677
-0.004772
-0.003286
-0.003826
-0.006638
-0.009423
-0.009265
-0.006168
0.000175
0.005754
0.008750
0.010860
0.013138
0.014178
0.014557
0.015299
0.016616
0.021110
0.026438
0.032830
0.041909
0.048407
0.051292
0.053679
0.056550
0.058240
0.058807
0.058124
0.057124
0.054435
0.048131
0.033319
0.012854
-0.005105
-0.022065
-0.034921
-0.044781
-0.056550
-0.065739
-0.069171
-0.068813
-0.064885
-0.058062
-0.047091
-0.030522
-0.009445
0.011427
0.027600
0.035873
0.035938
0.032053
0.026873
0.022160
0.017045
0.010200
0.007254
0.010052
0.015172
0.020536
0.024241
0.025434
0.024815
0.025730
0.024883
0.023570
0.026782
0.028978
0.028181
0.028360
0.028931
0.030431
0.032504
0.031801
0.023942
0.011608
0.001241
-0.005621
-0.012896
-0.019256
-0.020944
-0.020981
-0.019506
-0.015568
-0.012054
-0.010290
-0.008687
-0.006419
-0.005693
-0.007082
-0.008682
-0.011611
-0.013389
-0.013877
-0.012995
-0.009119
-0.005637
-0.002804
-0.000281
0.001092
0.002955
0.003900
0.003615
0.004061
0.003127
0.002333
0.003607
0.003691
0.003214
0.001686
-0.000903
-0.001859
-0.001832
-0.002757
-0.004449
-0.006660
-0.005887
-0.002717
-0.001290
-0.001791
-0.000442
-0.000381
-0.000475
-0.000103
-0.001240
-0.003186
-0.004491
-0.003259
-0.003230
-0.007342
-0.010602
-0.009152
-0.006658
-0.003481
-0.001568
-0.002912
-0.002713
-0.001021
-0.000801
-0.001928
-0.002260
0.000419
0.002695
0.002034
0.001883
0.002022
-0.002038
-0.006334
-0.007332
-0.005612
-0.004936
-0.002442
0.002245
0.003422
0.001750
0.000720
0.000057
0.000652
0.001666
-0.000513
-0.004944
-0.006834
-0.005502
-0.003986
-0.005099
-0.008890
-0.012686
-0.015154
-0.014949
-0.016875
-0.021088
-0.023684
-0.025126
-0.027886
-0.028415
-0.024402
-0.019054
-0.017035
-0.016710
-0.016696
-0.017275
-0.017814
-0.019221
-0.020657
-0.021119
-0.021070
-0.021080
-0.021282
-0.023456
-0.023025
-0.015733
-0.005117
0.002267
0.007763
0.012323
0.014147
0.014267
0.011679
0.007659
0.005970
0.008940
0.012647
0.012964
0.010964
0.005965
-0.000352
-0.006128
-0.008690
-0.008108
-0.006794
-0.006793
-0.007204
-0.005957
-0.007402
-0.009141
-0.009188
-0.009746
-0.009742
-0.011857
-0.013648
-0.015169
-0.015256
-0.015324
-0.016263
-0.017332
-0.015753
-0.014557
-0.015527
-0.018680
-0.023342
-0.026153
-0.024897
-0.025125
-0.027565
-0.029902
-0.030939
-0.030231
-0.029256
-0.030702
-0.031435
-0.029223
-0.026780
-0.025738
-0.025103
-0.025792
-0.023573
-0.017342
-0.009108
-0.001824
0.003162
0.006561
0.005554
0.003023
0.002858
0.003401
0.003052
0.001784
0.000267
-0.001647
-0.002164
-0.001628
0.001233
0.005417
0.008915
0.010627
0.007853
0.002849
-0.002832
-0.007143
-0.008357
-0.005436
0.000003
0.003419
0.002665
-0.000201
-0.001299
-0.001550
-0.001187
0.001042
0.003659
0.003599
0.001857
-0.001316
-0.004346
-0.004634
-0.004232
-0.005878
-0.006126
-0.004606
-0.004607
-0.002985
-0.000326
-0.000089
0.000217
0.001265
0.001447
0.002240
0.002787
0.002045
0.000602
-0.001222
-0.000379
-0.000356
-0.002125
-0.002519
-0.004005
-0.006063
-0.005020
-0.003524
-0.000511
0.002116
0.004228
0.009064
0.015726
0.022153
0.027072
0.030648
0.031919
0.033509
0.037651
0.040338
0.042361
0.045131
0.046055
0.047602
0.048808
0.049833
0.052350
0.055384
0.053689
0.047436
0.039175
0.026210
0.008798
-0.007485
-0.019084
-0.028899
-0.039460
-0.048937
-0.056620
-0.060261
-0.059218
-0.051237
-0.038982
-0.027071
-0.017144
-0.008302
0.001966
0.012224
0.020412
0.025861
0.028950
0.027889
0.022568
0.017773
0.015681
0.014883
0.018837
0.026435
0.032848
0.036491
0.035916
0.032307
0.029408
0.027555
0.028309
0.029985
0.030489
0.031181
0.032457
0.035337
0.037545
0.039969
0.041918
0.041815
0.033056
0.016491
0.000727
-0.007504
-0.012885
-0.015692
-0.015561
-0.015647
-0.016254
-0.017616
-0.017912
-0.014067
-0.006693
0.000905
0.005169
0.006175
0.005961
0.005365
0.007233
0.006564
0.005869
0.008338
0.010674
0.010482
0.008932
0.006730
0.006396
0.006813
0.006125
0.004795
0.003897
0.002538
0.001406
-0.000063
-0.002656
-0.004515
-0.004825
-0.004317
-0.003109
-0.000655
-0.001104
-0.001880
-0.002585
-0.004848
-0.006776
-0.006210
-0.004845
-0.003788
-0.002917
-0.002466
-0.001824
0.000350
0.001393
0.002081
0.003140
0.003382
0.002484
0.000824
-0.000909
-0.003317
-0.005588
-0.008496
-0.009760
-0.008245
-0.004963
-0.000893
0.003731
0.004846
0.004269
0.004561
0.004470
0.004854
0.006833
0.006483
0.002356
-0.003092
-0.006239
-0.005645
-0.004107
-0.003641
-0.002165
-0.001418
-0.001070
0.001350
0.004294
0.006421
0.007245
0.005087
0.000986
-0.002858
-0.006228
-0.010176
-0.013967
-0.015472
-0.015340
-0.013813
-0.013763
-0.016825
-0.018880
-0.019723
-0.019885
-0.017952
-0.016158
-0.016710
-0.018191
-0.018760
-0.018723
-0.020028
-0.022163
-0.023849
-0.025755
-0.027237
-0.026403
-0.024276
-0.021537
-0.016595
-0.011440
-0.008611
-0.005753
-0.000573
0.005299
0.009381
0.011427
0.011790
0.010779
0.008197
0.004743
0.003155
0.004521
0.008701
0.008851
0.005444
0.001926
-0.003600
-0.010191
-0.014968
-0.013989
-0.012045
-0.011916
-0.011745
-0.007148
0.000284
0.001846
0.001419
0.000967
0.001178
-0.000134
-0.002350
-0.004438
-0.006320
-0.006844
-0.006504
-0.007664
-0.007950
-0.005573
-0.004927
-0.005700
-0.005024
-0.004144
-0.002735
0.000091
0.000225
-0.003137
-0.006656
-0.007946
-0.007567
-0.007280
-0.006839
-0.003177
-0.000402
-0.002000
-0.003467
-0.004324
-0.005624
-0.004137
-0.001078
-0.000044
0.000948
0.002503
0.004325
0.006263
0.006594
0.004172
-0.000138
-0.004714
-0.007702
-0.006970
-0.006442
-0.005765
-0.004667
-0.004096
-0.003635
-0.001658
-0.000777
-0.003208
-0.006446
-0.008207
-0.008049
-0.006289
-0.003997
-0.002915
-0.002599
-0.003727
-0.004682
-0.002128
0.001397
0.003542
0.005582
0.005711
0.003229
-0.000277
-0.003553
-0.005373
-0.006154
-0.003952
-0.001665
-0.002735
-0.004026
-0.003012
-0.002841
-0.004850
-0.003562
-0.001143
-0.000411
-0.002493
-0.007531
-0.013229
-0.016022
-0.014463
-0.010364
-0.003125
0.000603
0.002881
0.007400
0.012948
0.017683
0.020292
0.020876
0.019373
0.016923
0.014687
0.011531
0.008169
0.007716
0.006083
