1113008582	609
1113008582	609
1113008582	625
1113008582	750
1113008582	750
1113008582	750
1113008582	750
1113008582	750
1113008582	765
1113008582	765
1113008582	781
1113008582	781
1113008582	796
1113008582	796
1113008582	812
1113008582	812
1113008582	828
1113008582	828
1113008582	843
1113008582	843
1113008582	859
1113008582	968
1113008582	968
1113008582	968
1113008582	968
1113008582	968
1113008582	984
1113008582	984
1113008583	0
1113008583	0
1113008583	15
1113008583	15
1113008583	31
1113008583	31
1113008583	46
1113008583	46
1113008583	62
1113008583	62
1113008583	78
1113008583	78
1113008583	93
1113008583	93
1113008583	109
1113008583	109
1113008583	125
1113008583	125
1113008583	140
1113008583	140
1113008583	156
1113008583	187
1113008583	187
1113008583	187
1113008583	187
1113008583	187
1113008583	203
1113008583	203
1113008583	218
1113008583	218
1113008583	234
1113008583	234
1113008583	250
1113008583	250
1113008583	265
1113008583	265
1113008583	281
1113008583	281
1113008583	296
1113008583	296
1113008583	312
1113008583	312
1113008583	328
1113008583	328
1113008583	343
1113008583	343
1113008583	359
1113008583	359
1113008583	375
1113008583	406
1113008583	406
1113008583	406
1113008583	406
1113008583	406
1113008583	421
1113008583	421
1113008583	437
1113008583	437
1113008583	453
1113008583	453
1113008583	468
1113008583	468
1113008583	484
1113008583	484
1113008583	500
1113008583	500
1113008583	515
1113008583	515
1113008583	531
1113008583	531
1113008583	546
1113008583	546
1113008583	562
1113008583	562
1113008583	578
1113008583	578
1113008583	593
1113008583	625
1113008583	625
1113008583	625
1113008583	625
1113008583	625
1113008583	640
1113008583	640
1113008583	656
1113008583	656
1113008583	671
1113008583	671
1113008583	687
1113008583	687
1113008583	703
1113008583	703
1113008583	718
1113008583	718
1113008583	734
1113008583	734
1113008583	750
1113008583	750
1113008583	765
1113008583	765
1113008583	781
1113008583	781
1113008583	796
1113008583	796
1113008583	812
1113008583	843
1113008583	843
1113008583	843
1113008583	843
1113008583	843
1113008583	859
1113008583	859
1113008583	875
1113008583	875
1113008583	890
1113008583	890
1113008583	906
1113008583	906
1113008583	921
1113008583	921
1113008583	937
1113008583	937
1113008583	953
1113008583	953
1113008583	968
1113008583	968
1113008583	984
1113008583	984
1113008584	0
1113008584	0
1113008584	15
1113008584	15
1113008584	31
1113008584	62
1113008584	62
1113008584	62
1113008584	62
1113008584	62
1113008584	78
1113008584	78
1113008584	93
1113008584	93
1113008584	109
1113008584	109
1113008584	125
1113008584	125
1113008584	140
1113008584	140
1113008584	156
1113008584	156
1113008584	171
1113008584	171
1113008584	187
1113008584	187
1113008584	203
1113008584	203
1113008584	218
1113008584	218
1113008584	234
1113008584	234
1113008584	250
1113008584	281
1113008584	281
1113008584	281
1113008584	281
1113008584	281
1113008584	296
1113008584	296
1113008584	312
1113008584	312
1113008584	328
1113008584	328
1113008584	343
1113008584	343
1113008584	359
1113008584	359
1113008584	375
1113008584	375
1113008584	390
1113008584	390
1113008584	406
1113008584	406
1113008584	421
1113008584	421
1113008584	437
1113008584	437
1113008584	453
1113008584	453
1113008584	468
1113008584	500
1113008584	500
1113008584	500
1113008584	500
1113008584	500
1113008584	515
1113008584	515
1113008584	531
1113008584	531
1113008584	546
1113008584	546
1113008584	562
1113008584	562
1113008584	578
1113008584	578
1113008584	593
1113008584	593
1113008584	609
1113008584	609
1113008584	625
1113008584	625
1113008584	640
1113008584	640
1113008584	656
1113008584	656
1113008584	671
1113008584	671
1113008584	687
1113008584	687
1113008584	703
1113008584	703
1113008584	718
1113008584	718
1113008584	734
1113008584	734
1113008584	750
1113008584	750
1113008584	765
1113008584	765
1113008584	781
1113008584	781
1113008584	796
1113008584	828
1113008584	828
1113008584	828
1113008584	828
1113008584	828
1113008584	843
1113008584	843
1113008584	859
1113008584	859
1113008584	875
1113008584	875
1113008584	890
1113008584	890
1113008584	906
1113008584	906
1113008584	921
1113008584	921
1113008584	937
1113008584	937
1113008584	953
1113008584	953
1113008584	968
1113008584	968
1113008584	984
1113008584	984
1113008585	0
1113008585	0
1113008585	15
1113008585	46
1113008585	46
1113008585	46
1113008585	46
1113008585	46
1113008585	62
1113008585	62
1113008585	78
1113008585	78
1113008585	93
1113008585	93
1113008585	109
1113008585	109
1113008585	125
1113008585	125
1113008585	140
1113008585	140
1113008585	156
1113008585	156
1113008585	171
1113008585	171
1113008585	187
1113008585	187
1113008585	203
1113008585	203
1113008585	218
1113008585	218
1113008585	234
1113008585	265
1113008585	265
1113008585	265
1113008585	265
1113008585	265
1113008585	281
1113008585	281
1113008585	296
1113008585	296
1113008585	312
1113008585	312
1113008585	328
1113008585	328
1113008585	343
1113008585	343
1113008585	359
1113008585	359
1113008585	375
1113008585	375
1113008585	390
1113008585	390
1113008585	406
1113008585	406
1113008585	421
1113008585	421
1113008585	437
1113008585	437
1113008585	453
1113008585	484
1113008585	484
1113008585	484
1113008585	484
1113008585	484
1113008585	500
1113008585	500
1113008585	515
1113008585	515
1113008585	531
1113008585	531
1113008585	546
1113008585	546
1113008585	562
1113008585	562
1113008585	578
1113008585	578
1113008585	593
1113008585	593
1113008585	609
1113008585	609
1113008585	625
1113008585	625
1113008585	640
1113008585	640
1113008585	656
1113008585	656
1113008585	671
1113008585	703
1113008585	703
1113008585	703
1113008585	703
1113008585	703
1113008585	718
1113008585	718
1113008585	734
1113008585	734
1113008585	750
1113008585	750
1113008585	765
1113008585	765
1113008585	781
1113008585	781
1113008585	796
1113008585	796
1113008585	812
1113008585	812
1113008585	828
1113008585	828
1113008585	843
1113008585	843
1113008585	859
1113008585	859
1113008585	875
1113008585	875
1113008585	890
1113008585	921
1113008585	921
1113008585	921
1113008585	921
1113008585	921
1113008585	937
1113008585	937
1113008585	953
1113008585	953
1113008585	968
1113008585	968
1113008585	984
1113008585	984
1113008586	0
1113008586	0
1113008586	15
1113008586	15
1113008586	31
1113008586	31
1113008586	46
1113008586	46
1113008586	62
1113008586	62
1113008586	78
1113008586	78
1113008586	93
1113008586	93
1113008586	109
1113008586	140
1113008586	140
1113008586	140
1113008586	140
1113008586	140
1113008586	156
1113008586	156
1113008586	171
1113008586	171
1113008586	187
1113008586	187
1113008586	203
1113008586	203
1113008586	218
1113008586	218
1113008586	234
1113008586	234
1113008586	250
1113008586	250
1113008586	265
1113008586	265
1113008586	281
1113008586	281
1113008586	296
1113008586	296
1113008586	312
1113008586	312
1113008586	328
1113008586	359
1113008586	359
1113008586	359
1113008586	359
1113008586	359
1113008586	375
1113008586	375
1113008586	390
1113008586	390
1113008586	406
1113008586	406
1113008586	421
1113008586	421
1113008586	437
1113008586	437
1113008586	453
1113008586	453
1113008586	468
1113008586	468
1113008586	484
1113008586	484
1113008586	500
1113008586	500
1113008586	515
1113008586	515
1113008586	531
1113008586	531
1113008586	546
1113008586	578
1113008586	578
1113008586	578
1113008586	578
1113008586	578
1113008586	593
1113008586	593
1113008586	609
1113008586	609
1113008586	625
1113008586	625
1113008586	640
1113008586	640
1113008586	656
1113008586	656
1113008586	671
1113008586	671
1113008586	687
1113008586	687
1113008586	703
1113008586	703
1113008586	718
1113008586	718
1113008586	734
1113008586	734
1113008586	750
1113008586	750
1113008586	765
1113008586	796
1113008586	796
1113008586	796
1113008586	796
1113008586	796
1113008586	812
1113008586	812
1113008586	828
1113008586	828
1113008586	843
1113008586	843
1113008586	859
1113008586	859
1113008586	875
1113008586	875
1113008586	890
1113008586	890
1113008586	906
1113008586	906
1113008586	921
1113008586	921
1113008586	937
1113008586	937
1113008586	953
1113008586	953
1113008586	968
1113008586	968
1113008586	984
1113008586	984
1113008587	0
1113008587	0
1113008587	15
1113008587	15
1113008587	31
1113008587	31
1113008587	46
1113008587	46
1113008587	62
1113008587	62
1113008587	78
1113008587	78
1113008587	93
1113008587	125
1113008587	125
1113008587	125
1113008587	125
1113008587	125
1113008587	140
1113008587	140
1113008587	156
1113008587	156
1113008587	171
1113008587	171
1113008587	187
1113008587	187
1113008587	203
1113008587	203
1113008587	218
1113008587	218
1113008587	234
1113008587	234
1113008587	250
1113008587	250
1113008587	265
1113008587	265
1113008587	281
1113008587	281
1113008587	296
1113008587	296
1113008587	312
1113008587	343
1113008587	343
1113008587	343
1113008587	343
1113008587	343
1113008587	359
1113008587	359
1113008587	375
1113008587	375
1113008587	390
1113008587	390
1113008587	406
1113008587	406
1113008587	421
1113008587	421
1113008587	437
1113008587	437
1113008587	453
1113008587	453
1113008587	468
1113008587	468
1113008587	484
1113008587	484
1113008587	500
1113008587	500
1113008587	515
1113008587	515
1113008587	531
1113008587	562
1113008587	562
1113008587	562
1113008587	562
1113008587	562
1113008587	578
1113008587	578
1113008587	593
1113008587	593
1113008587	609
1113008587	609
1113008587	625
1113008587	625
1113008587	640
1113008587	640
1113008587	656
1113008587	656
1113008587	671
1113008587	671
1113008587	687
1113008587	687
1113008587	703
1113008587	703
1113008587	718
1113008587	718
1113008587	734
1113008587	734
1113008587	750
1113008587	781
1113008587	781
1113008587	781
1113008587	781
1113008587	781
1113008587	796
1113008587	796
1113008587	812
1113008587	812
1113008587	828
1113008587	828
1113008587	843
1113008587	843
1113008587	859
1113008587	859
1113008587	875
1113008587	875
1113008587	890
1113008587	890
1113008587	906
1113008587	906
1113008587	921
1113008587	921
1113008587	937
1113008587	937
1113008587	953
1113008587	953
1113008587	968
1113008588	0
1113008588	0
1113008588	0
1113008588	0
1113008588	0
1113008588	15
1113008588	15
1113008588	31
1113008588	31
1113008588	46
1113008588	46
1113008588	62
1113008588	62
1113008588	78
1113008588	78
1113008588	93
1113008588	93
1113008588	109
1113008588	109
1113008588	125
1113008588	125
1113008588	140
1113008588	140
1113008588	156
1113008588	156
1113008588	171
1113008588	171
1113008588	187
1113008588	187
1113008588	203
1113008588	203
1113008588	218
1113008588	218
1113008588	234
1113008588	234
1113008588	250
1113008588	250
1113008588	265
1113008588	265
1113008588	281
1113008588	281
1113008588	296
1113008588	328
1113008588	328
1113008588	328
1113008588	328
1113008588	328
1113008588	343
1113008588	343
1113008588	359
1113008588	359
1113008588	375
1113008588	375
1113008588	390
1113008588	390
1113008588	406
1113008588	406
1113008588	421
1113008588	421
1113008588	437
1113008588	437
1113008588	453
1113008588	453
1113008588	468
1113008588	468
1113008588	484
1113008588	484
1113008588	500
1113008588	500
1113008588	515
1113008588	546
1113008588	546
1113008588	546
1113008588	546
1113008588	546
1113008588	562
1113008588	562
1113008588	578
1113008588	578
1113008588	593
1113008588	593
1113008588	609
1113008588	609
1113008588	625
1113008588	625
1113008588	640
1113008588	640
1113008588	656
1113008588	656
1113008588	671
1113008588	671
1113008588	687
1113008588	687
1113008588	703
1113008588	703
1113008588	718
1113008588	718
1113008588	734
1113008588	765
1113008588	765
1113008588	765
1113008588	765
1113008588	765
1113008588	781
1113008588	781
1113008588	796
1113008588	796
1113008588	812
1113008588	812
1113008588	828
1113008588	828
1113008588	843
1113008588	843
1113008588	859
1113008588	859
1113008588	875
1113008588	875
1113008588	890
1113008588	890
1113008588	906
1113008588	906
1113008588	921
1113008588	921
1113008588	937
1113008588	937
1113008588	953
1113008588	984
1113008588	984
1113008588	984
1113008588	984
1113008588	984
1113008589	0
1113008589	0
1113008589	15
1113008589	15
1113008589	31
1113008589	31
1113008589	46
1113008589	46
1113008589	62
1113008589	62
1113008589	78
1113008589	78
1113008589	93
1113008589	93
1113008589	109
1113008589	109
1113008589	125
1113008589	125
1113008589	140
1113008589	140
1113008589	156
1113008589	156
1113008589	171
1113008589	203
1113008589	203
1113008589	203
1113008589	203
1113008589	203
1113008589	218
1113008589	218
1113008589	234
1113008589	234
1113008589	250
1113008589	250
1113008589	265
1113008589	265
1113008589	281
1113008589	281
1113008589	296
1113008589	296
1113008589	312
1113008589	312
1113008589	328
1113008589	328
1113008589	343
1113008589	343
1113008589	359
1113008589	359
1113008589	375
1113008589	375
1113008589	390
1113008589	421
1113008589	421
1113008589	421
1113008589	421
1113008589	421
1113008589	437
1113008589	437
1113008589	453
1113008589	453
1113008589	468
1113008589	468
1113008589	484
1113008589	484
1113008589	500
1113008589	500
1113008589	515
1113008589	515
1113008589	531
1113008589	531
1113008589	546
1113008589	546
1113008589	562
1113008589	562
1113008589	578
1113008589	578
1113008589	593
1113008589	593
1113008589	609
1113008589	640
1113008589	640
1113008589	640
1113008589	640
1113008589	640
1113008589	656
1113008589	656
1113008589	671
1113008589	671
1113008589	687
1113008589	687
1113008589	703
1113008589	703
1113008589	718
1113008589	718
1113008589	734
1113008589	734
1113008589	750
1113008589	750
1113008589	765
1113008589	765
1113008589	781
1113008589	781
1113008589	796
1113008589	796
1113008589	812
1113008589	812
1113008589	828
1113008589	859
1113008589	859
1113008589	859
1113008589	859
1113008589	859
1113008589	875
1113008589	875
1113008589	890
1113008589	890
1113008589	906
1113008589	906
1113008589	921
1113008589	921
1113008589	937
1113008589	937
1113008589	953
1113008589	953
1113008589	968
1113008589	968
1113008589	984
1113008589	984
1113008590	0
1113008590	0
1113008590	15
1113008590	15
1113008590	31
1113008590	31
1113008590	46
1113008590	78
1113008590	78
1113008590	78
1113008590	78
1113008590	78
1113008590	93
1113008590	93
1113008590	109
1113008590	109
1113008590	125
1113008590	125
1113008590	140
1113008590	140
1113008590	156
1113008590	156
1113008590	171
1113008590	171
1113008590	187
1113008590	187
1113008590	203
1113008590	203
1113008590	218
1113008590	218
1113008590	234
1113008590	234
1113008590	250
1113008590	250
1113008590	265
1113008590	296
1113008590	296
1113008590	296
1113008590	296
1113008590	296
1113008590	312
1113008590	312
1113008590	328
1113008590	328
1113008590	343
1113008590	343
1113008590	359
1113008590	359
1113008590	375
1113008590	375
1113008590	390
1113008590	390
1113008590	406
1113008590	406
1113008590	421
1113008590	421
1113008590	437
1113008590	437
1113008590	453
1113008590	453
1113008590	468
1113008590	468
1113008590	484
1113008590	484
1113008590	500
1113008590	500
1113008590	515
1113008590	515
1113008590	531
1113008590	531
1113008590	546
1113008590	546
1113008590	562
1113008590	562
1113008590	578
1113008590	578
1113008590	593
1113008590	625
1113008590	625
1113008590	625
1113008590	625
1113008590	625
1113008590	640
1113008590	640
1113008590	656
1113008590	656
1113008590	671
1113008590	671
1113008590	687
1113008590	687
1113008590	703
1113008590	703
1113008590	718
1113008590	718
1113008590	734
1113008590	734
1113008590	750
1113008590	750
1113008590	765
1113008590	765
1113008590	781
1113008590	781
1113008590	796
1113008590	796
1113008590	812
1113008590	843
1113008590	843
1113008590	843
1113008590	843
1113008590	843
1113008590	859
1113008590	859
1113008590	875
1113008590	875
1113008590	890
1113008590	890
1113008590	906
1113008590	906
1113008590	921
1113008590	921
1113008590	937
1113008590	937
1113008590	953
1113008590	953
1113008590	968
1113008590	968
1113008590	984
1113008590	984
1113008591	0
1113008591	0
1113008591	15
1113008591	15
1113008591	31
1113008591	62
1113008591	62
1113008591	62
1113008591	62
1113008591	62
1113008591	78
1113008591	78
1113008591	93
1113008591	93
1113008591	109
1113008591	109
1113008591	125
1113008591	125
1113008591	140
1113008591	140
1113008591	156
1113008591	156
1113008591	171
1113008591	171
1113008591	187
1113008591	187
1113008591	203
1113008591	203
1113008591	218
1113008591	218
1113008591	234
1113008591	234
1113008591	250
1113008591	281
1113008591	281
1113008591	281
1113008591	281
1113008591	281
1113008591	296
1113008591	296
1113008591	312
1113008591	312
1113008591	328
1113008591	328
1113008591	343
1113008591	343
1113008591	359
1113008591	359
1113008591	375
1113008591	375
1113008591	390
1113008591	390
1113008591	406
1113008591	406
1113008591	421
1113008591	421
1113008591	437
1113008591	437
1113008591	453
1113008591	453
1113008591	468
1113008591	500
1113008591	500
1113008591	500
1113008591	500
1113008591	500
1113008591	515
1113008591	515
1113008591	531
1113008591	531
1113008591	546
1113008591	546
1113008591	562
1113008591	562
1113008591	578
1113008591	578
1113008591	593
1113008591	593
1113008591	609
1113008591	609
1113008591	625
1113008591	625
1113008591	640
1113008591	640
1113008591	656
1113008591	656
1113008591	671
1113008591	671
1113008591	687
1113008591	687
1113008591	703
1113008591	703
1113008591	718
1113008591	718
1113008591	734
1113008591	734
1113008591	750
1113008591	750
1113008591	765
1113008591	765
1113008591	781
1113008591	781
1113008591	796
1113008591	828
1113008591	828
1113008591	828
1113008591	828
1113008591	828
1113008591	843
1113008591	843
1113008591	859
1113008591	859
1113008591	875
1113008591	875
1113008591	890
1113008591	890
1113008591	906
1113008591	906
1113008591	921
1113008591	921
1113008591	937
1113008591	937
1113008591	953
1113008591	953
1113008591	968
1113008591	968
1113008591	984
1113008591	984
1113008592	0
1113008592	0
1113008592	15
1113008592	46
1113008592	46
1113008592	46
1113008592	46
1113008592	46
1113008592	62
1113008592	62
1113008592	78
1113008592	78
1113008592	93
1113008592	93
1113008592	109
1113008592	109
1113008592	125
1113008592	125
1113008592	140
1113008592	140
1113008592	156
1113008592	156
1113008592	171
1113008592	171
1113008592	187
1113008592	187
1113008592	203
1113008592	203
1113008592	218
1113008592	218
1113008592	234
1113008592	265
1113008592	265
1113008592	265
1113008592	265
1113008592	265
1113008592	281
1113008592	281
1113008592	296
1113008592	296
1113008592	312
1113008592	312
1113008592	328
1113008592	328
1113008592	343
1113008592	343
1113008592	359
1113008592	359
1113008592	375
1113008592	375
1113008592	390
1113008592	390
1113008592	406
1113008592	406
1113008592	421
1113008592	421
1113008592	437
1113008592	437
1113008592	453
1113008592	484
1113008592	484
1113008592	484
1113008592	484
1113008592	484
1113008592	500
1113008592	500
1113008592	515
1113008592	515
1113008592	531
1113008592	531
1113008592	546
1113008592	546
1113008592	562
1113008592	562
1113008592	578
1113008592	578
1113008592	593
1113008592	593
1113008592	609
1113008592	609
1113008592	625
1113008592	625
1113008592	640
1113008592	640
1113008592	656
1113008592	656
1113008592	671
1113008592	703
1113008592	703
1113008592	703
1113008592	703
1113008592	703
1113008592	718
1113008592	718
1113008592	734
1113008592	734
1113008592	750
1113008592	750
1113008592	765
1113008592	765
1113008592	781
1113008592	781
1113008592	796
1113008592	796
1113008592	812
1113008592	812
1113008592	828
1113008592	828
1113008592	843
1113008592	843
1113008592	859
1113008592	859
1113008592	875
1113008592	875
1113008592	890
1113008592	921
1113008592	921
1113008592	921
1113008592	921
1113008592	921
1113008592	937
1113008592	937
1113008592	953
1113008592	953
1113008592	968
1113008592	968
1113008592	984
1113008592	984
1113008593	0
1113008593	0
1113008593	15
1113008593	15
1113008593	31
1113008593	31
1113008593	46
1113008593	46
1113008593	62
1113008593	62
1113008593	78
1113008593	78
1113008593	93
1113008593	93
1113008593	109
1113008593	140
1113008593	140
1113008593	140
1113008593	140
1113008593	140
1113008593	156
1113008593	156
1113008593	171
1113008593	171
1113008593	187
1113008593	187
1113008593	203
1113008593	203
1113008593	218
1113008593	218
1113008593	234
1113008593	234
1113008593	250
1113008593	250
1113008593	265
1113008593	265
1113008593	281
1113008593	281
1113008593	296
1113008593	296
1113008593	312
1113008593	312
1113008593	328
1113008593	359
1113008593	359
1113008593	359
1113008593	359
1113008593	359
1113008593	375
1113008593	375
1113008593	390
1113008593	390
1113008593	406
1113008593	406
1113008593	421
1113008593	421
1113008593	437
1113008593	437
1113008593	453
1113008593	453
1113008593	468
1113008593	468
1113008593	484
1113008593	484
1113008593	500
1113008593	500
1113008593	515
1113008593	515
1113008593	531
1113008593	531
1113008593	546
1113008593	578
1113008593	578
1113008593	578
1113008593	578
1113008593	578
1113008593	593
1113008593	593
1113008593	609
1113008593	609
1113008593	625
1113008593	625
1113008593	640
1113008593	640
1113008593	656
1113008593	656
1113008593	671
1113008593	671
1113008593	687
1113008593	687
1113008593	703
1113008593	703
1113008593	718
1113008593	718
1113008593	734
1113008593	734
1113008593	750
1113008593	750
1113008593	765
1113008593	796
1113008593	796
1113008593	796
1113008593	796
1113008593	796
1113008593	812
1113008593	812
1113008593	828
1113008593	828
1113008593	843
1113008593	843
1113008593	859
1113008593	859
1113008593	875
1113008593	875
1113008593	890
1113008593	890
1113008593	906
1113008593	906
1113008593	921
1113008593	921
1113008593	937
1113008593	937
1113008593	953
1113008593	953
1113008593	968
1113008593	968
1113008593	984
1113008593	984
1113008594	0
1113008594	0
1113008594	15
1113008594	15
1113008594	31
1113008594	31
1113008594	46
1113008594	46
1113008594	62
1113008594	62
1113008594	78
1113008594	78
1113008594	93
1113008594	125
1113008594	125
1113008594	125
1113008594	125
1113008594	125
1113008594	140
1113008594	140
1113008594	156
1113008594	156
1113008594	171
1113008594	171
1113008594	187
1113008594	187
1113008594	203
1113008594	203
1113008594	218
1113008594	218
1113008594	234
1113008594	234
1113008594	250
1113008594	250
1113008594	265
1113008594	265
1113008594	281
1113008594	281
1113008594	296
1113008594	296
1113008594	312
1113008594	343
1113008594	343
1113008594	343
1113008594	343
1113008594	343
1113008594	359
1113008594	359
1113008594	375
1113008594	375
1113008594	390
1113008594	390
1113008594	406
1113008594	406
1113008594	421
1113008594	421
1113008594	437
1113008594	437
1113008594	453
1113008594	453
1113008594	468
1113008594	468
1113008594	484
1113008594	484
1113008594	500
1113008594	500
1113008594	515
1113008594	515
1113008594	531
1113008594	562
1113008594	562
1113008594	562
1113008594	562
1113008594	562
1113008594	578
1113008594	578
1113008594	593
1113008594	593
1113008594	609
1113008594	609
1113008594	625
1113008594	625
1113008594	640
1113008594	640
1113008594	656
1113008594	656
1113008594	671
1113008594	671
1113008594	687
1113008594	687
1113008594	703
1113008594	703
1113008594	718
1113008594	718
1113008594	734
1113008594	734
1113008594	750
1113008594	781
1113008594	781
1113008594	781
1113008594	781
1113008594	781
1113008594	796
1113008594	796
1113008594	812
1113008594	812
1113008594	828
1113008594	828
1113008594	843
1113008594	843
1113008594	859
1113008594	859
1113008594	875
1113008594	875
1113008594	890
1113008594	890
1113008594	906
1113008594	906
1113008594	921
1113008594	921
1113008594	937
1113008594	937
1113008594	953
1113008594	953
1113008594	968
1113008595	0
1113008595	0
1113008595	0
1113008595	0
1113008595	0
1113008595	15
1113008595	15
1113008595	31
1113008595	31
1113008595	46
1113008595	46
1113008595	62
1113008595	62
1113008595	78
1113008595	78
1113008595	93
1113008595	93
1113008595	109
1113008595	109
1113008595	125
1113008595	125
1113008595	140
1113008595	140
1113008595	156
1113008595	156
1113008595	171
1113008595	171
1113008595	187
1113008595	187
1113008595	203
1113008595	203
1113008595	218
1113008595	218
1113008595	234
1113008595	234
1113008595	250
1113008595	250
1113008595	265
1113008595	265
1113008595	281
1113008595	281
1113008595	296
1113008595	328
1113008595	328
1113008595	328
1113008595	328
1113008595	328
1113008595	343
1113008595	343
1113008595	359
1113008595	359
1113008595	375
1113008595	375
1113008595	390
1113008595	390
1113008595	406
1113008595	406
1113008595	421
1113008595	421
1113008595	437
1113008595	437
1113008595	453
1113008595	453
1113008595	468
1113008595	468
1113008595	484
1113008595	484
1113008595	500
1113008595	500
1113008595	515
1113008595	546
1113008595	546
1113008595	546
1113008595	546
1113008595	546
1113008595	562
1113008595	562
1113008595	578
1113008595	578
1113008595	593
1113008595	593
1113008595	609
1113008595	609
1113008595	625
1113008595	625
1113008595	640
1113008595	640
1113008595	656
1113008595	656
1113008595	671
1113008595	671
1113008595	687
1113008595	687
1113008595	703
1113008595	703
1113008595	718
1113008595	718
1113008595	734
1113008595	765
1113008595	765
1113008595	765
1113008595	765
1113008595	765
1113008595	781
1113008595	781
1113008595	796
1113008595	796
1113008595	812
1113008595	812
1113008595	828
1113008595	828
1113008595	843
1113008595	843
1113008595	859
1113008595	859
1113008595	875
1113008595	875
1113008595	890
1113008595	890
1113008595	906
1113008595	906
1113008595	921
1113008595	921
1113008595	937
1113008595	937
1113008595	953
1113008595	984
1113008595	984
1113008595	984
1113008595	984
1113008595	984
1113008596	0
1113008596	0
1113008596	15
1113008596	15
1113008596	31
1113008596	31
1113008596	46
1113008596	46
1113008596	62
1113008596	62
1113008596	78
1113008596	78
1113008596	93
1113008596	93
1113008596	109
1113008596	109
1113008596	125
1113008596	125
1113008596	140
1113008596	140
1113008596	156
1113008596	156
1113008596	171
1113008596	203
1113008596	203
1113008596	203
1113008596	203
1113008596	203
1113008596	218
1113008596	218
1113008596	234
1113008596	234
1113008596	250
1113008596	250
1113008596	265
1113008596	265
1113008596	281
1113008596	281
1113008596	296
1113008596	296
1113008596	312
1113008596	312
1113008596	328
1113008596	328
1113008596	343
1113008596	343
1113008596	359
1113008596	359
1113008596	375
1113008596	375
1113008596	390
1113008596	421
1113008596	421
1113008596	421
1113008596	421
1113008596	421
1113008596	437
1113008596	437
1113008596	453
1113008596	453
1113008596	468
1113008596	468
1113008596	484
1113008596	484
1113008596	500
1113008596	500
1113008596	515
1113008596	515
1113008596	531
1113008596	531
1113008596	546
1113008596	546
1113008596	562
1113008596	562
1113008596	578
1113008596	578
1113008596	593
1113008596	593
1113008596	609
1113008596	640
1113008596	640
1113008596	640
1113008596	640
1113008596	640
1113008596	656
1113008596	656
1113008596	671
1113008596	671
1113008596	687
1113008596	687
1113008596	703
1113008596	703
1113008596	718
1113008596	718
1113008596	734
1113008596	734
1113008596	750
1113008596	750
1113008596	765
1113008596	765
1113008596	781
1113008596	781
1113008596	796
1113008596	796
1113008596	812
1113008596	812
1113008596	828
1113008596	859
1113008596	859
1113008596	859
1113008596	859
1113008596	859
1113008596	875
1113008596	875
1113008596	890
1113008596	890
1113008596	906
1113008596	906
1113008596	921
1113008596	921
1113008596	937
1113008596	937
1113008596	953
1113008596	953
1113008596	968
1113008596	968
1113008596	984
1113008596	984
1113008597	0
1113008597	0
1113008597	15
1113008597	15
1113008597	31
1113008597	31
1113008597	46
1113008597	78
1113008597	78
1113008597	78
1113008597	78
1113008597	78
1113008597	93
1113008597	93
1113008597	109
1113008597	109
1113008597	125
1113008597	125
1113008597	140
1113008597	140
1113008597	156
1113008597	156
1113008597	171
1113008597	171
1113008597	187
1113008597	187
1113008597	203
1113008597	203
1113008597	218
1113008597	218
1113008597	234
1113008597	234
1113008597	250
1113008597	250
1113008597	265
1113008597	296
1113008597	296
1113008597	296
1113008597	296
1113008597	296
1113008597	312
1113008597	312
1113008597	328
1113008597	328
1113008597	343
1113008597	343
1113008597	359
1113008597	359
1113008597	375
1113008597	375
1113008597	390
1113008597	390
1113008597	406
1113008597	406
1113008597	421
1113008597	421
1113008597	437
1113008597	437
1113008597	453
1113008597	453
1113008597	468
1113008597	468
1113008597	484
1113008597	484
1113008597	500
1113008597	500
1113008597	515
1113008597	515
1113008597	531
1113008597	531
1113008597	546
1113008597	546
1113008597	562
1113008597	562
1113008597	578
1113008597	578
1113008597	593
1113008597	625
1113008597	625
1113008597	625
1113008597	625
1113008597	625
1113008597	640
1113008597	640
1113008597	656
1113008597	656
1113008597	671
1113008597	671
1113008597	687
1113008597	687
1113008597	703
1113008597	703
1113008597	718
1113008597	718
1113008597	734
1113008597	734
1113008597	750
1113008597	750
1113008597	765
1113008597	765
1113008597	781
1113008597	781
1113008597	796
1113008597	796
1113008597	812
1113008597	843
1113008597	843
1113008597	843
1113008597	843
1113008597	843
1113008597	859
1113008597	859
1113008597	875
1113008597	875
1113008597	890
1113008597	890
1113008597	906
1113008597	906
1113008597	921
1113008597	921
1113008597	937
1113008597	937
1113008597	953
1113008597	953
1113008597	968
1113008597	968
1113008597	984
1113008597	984
1113008598	0
1113008598	0
1113008598	15
1113008598	15
1113008598	31
1113008598	62
1113008598	62
1113008598	62
1113008598	62
1113008598	62
1113008598	78
1113008598	78
1113008598	93
1113008598	93
1113008598	109
1113008598	109
1113008598	125
1113008598	125
1113008598	140
1113008598	140
1113008598	156
1113008598	156
1113008598	171
1113008598	171
1113008598	187
1113008598	187
1113008598	203
1113008598	203
1113008598	218
1113008598	218
1113008598	234
1113008598	234
1113008598	250
1113008598	281
1113008598	281
1113008598	281
1113008598	281
1113008598	281
1113008598	296
1113008598	296
1113008598	312
1113008598	312
1113008598	328
1113008598	328
1113008598	343
1113008598	343
1113008598	359
1113008598	359
1113008598	375
1113008598	375
1113008598	390
1113008598	390
1113008598	406
1113008598	406
1113008598	421
1113008598	421
1113008598	437
1113008598	437
1113008598	453
1113008598	453
1113008598	468
1113008598	500
1113008598	500
1113008598	500
1113008598	500
1113008598	500
1113008598	515
1113008598	515
1113008598	531
1113008598	531
1113008598	546
1113008598	546
1113008598	562
1113008598	562
1113008598	578
1113008598	578
1113008598	593
1113008598	593
1113008598	609
1113008598	609
1113008598	625
1113008598	625
1113008598	640
1113008598	640
1113008598	656
1113008598	656
1113008598	671
1113008598	671
1113008598	687
1113008598	687
1113008598	703
1113008598	703
1113008598	718
1113008598	718
1113008598	734
1113008598	734
1113008598	750
1113008598	750
1113008598	765
1113008598	765
1113008598	781
1113008598	781
1113008598	796
1113008598	828
1113008598	828
1113008598	828
1113008598	828
1113008598	828
1113008598	843
1113008598	843
1113008598	859
1113008598	859
1113008598	875
1113008598	875
1113008598	890
1113008598	890
1113008598	906
1113008598	906
1113008598	921
1113008598	921
1113008598	937
1113008598	937
1113008598	953
1113008598	953
1113008598	968
1113008598	968
1113008598	984
1113008598	984
1113008599	0
1113008599	0
1113008599	15
1113008599	46
1113008599	46
1113008599	46
1113008599	46
1113008599	46
1113008599	62
1113008599	62
1113008599	78
1113008599	78
1113008599	93
1113008599	93
1113008599	109
1113008599	109
1113008599	125
1113008599	125
1113008599	140
1113008599	140
1113008599	156
1113008599	156
1113008599	171
1113008599	171
1113008599	187
1113008599	187
1113008599	203
1113008599	203
1113008599	218
1113008599	218
1113008599	234
1113008599	265
1113008599	265
1113008599	265
1113008599	265
1113008599	265
1113008599	281
1113008599	281
1113008599	296
1113008599	296
1113008599	312
1113008599	312
1113008599	328
1113008599	328
1113008599	343
1113008599	343
1113008599	359
1113008599	359
1113008599	375
1113008599	375
1113008599	390
1113008599	390
1113008599	406
1113008599	406
1113008599	421
1113008599	421
1113008599	437
1113008599	437
1113008599	453
1113008599	484
1113008599	484
1113008599	484
1113008599	484
1113008599	484
1113008599	500
1113008599	500
1113008599	515
1113008599	515
1113008599	531
1113008599	531
1113008599	546
1113008599	546
1113008599	562
1113008599	562
1113008599	578
1113008599	578
1113008599	593
1113008599	593
1113008599	609
1113008599	609
1113008599	625
1113008599	625
1113008599	640
1113008599	640
1113008599	656
1113008599	656
1113008599	671
1113008599	703
1113008599	703
1113008599	703
1113008599	703
1113008599	703
1113008599	718
1113008599	718
1113008599	734
1113008599	734
1113008599	750
1113008599	750
1113008599	765
1113008599	765
1113008599	781
1113008599	781
1113008599	796
1113008599	796
1113008599	812
1113008599	812
1113008599	828
1113008599	828
1113008599	843
1113008599	843
1113008599	859
1113008599	859
1113008599	875
1113008599	875
1113008599	890
1113008599	921
1113008599	921
1113008599	921
1113008599	921
1113008599	921
1113008599	937
1113008599	937
1113008599	953
1113008599	953
1113008599	968
1113008599	968
1113008599	984
1113008599	984
1113008600	0
1113008600	0
1113008600	15
1113008600	15
1113008600	31
1113008600	31
1113008600	46
1113008600	46
1113008600	62
1113008600	62
1113008600	78
1113008600	78
1113008600	93
1113008600	93
1113008600	109
1113008600	140
1113008600	140
1113008600	140
1113008600	140
1113008600	140
1113008600	156
1113008600	156
1113008600	171
1113008600	171
1113008600	187
1113008600	187
1113008600	203
1113008600	203
1113008600	218
1113008600	218
1113008600	234
1113008600	234
1113008600	250
1113008600	250
1113008600	265
1113008600	265
1113008600	281
1113008600	281
1113008600	296
1113008600	296
1113008600	312
1113008600	312
1113008600	328
1113008600	359
1113008600	359
1113008600	359
1113008600	359
1113008600	359
1113008600	375
1113008600	375
1113008600	390
1113008600	390
1113008600	406
1113008600	406
1113008600	421
1113008600	421
1113008600	437
1113008600	437
1113008600	453
1113008600	453
1113008600	468
1113008600	468
1113008600	484
1113008600	484
1113008600	500
1113008600	500
1113008600	515
1113008600	515
1113008600	531
1113008600	531
1113008600	546
1113008600	578
1113008600	578
1113008600	578
1113008600	578
1113008600	578
1113008600	593
1113008600	593
1113008600	609
1113008600	609
1113008600	625
1113008600	625
1113008600	640
1113008600	640
1113008600	656
1113008600	656
1113008600	671
1113008600	671
1113008600	687
1113008600	687
1113008600	703
1113008600	703
1113008600	718
1113008600	718
1113008600	734
1113008600	734
1113008600	750
1113008600	750
1113008600	765
1113008600	796
1113008600	796
1113008600	796
1113008600	796
1113008600	796
1113008600	812
1113008600	812
1113008600	828
1113008600	828
1113008600	843
1113008600	843
1113008600	859
1113008600	859
1113008600	875
1113008600	875
1113008600	890
1113008600	890
1113008600	906
1113008600	906
1113008600	921
1113008600	921
1113008600	937
1113008600	937
1113008600	953
1113008600	953
1113008600	968
1113008600	968
1113008600	984
1113008600	984
1113008601	0
1113008601	0
1113008601	15
1113008601	15
1113008601	31
1113008601	31
1113008601	46
1113008601	46
1113008601	62
1113008601	62
1113008601	78
1113008601	78
1113008601	93
1113008601	125
1113008601	125
1113008601	125
1113008601	125
1113008601	125
1113008601	140
1113008601	140
1113008601	156
1113008601	156
1113008601	171
1113008601	171
1113008601	187
1113008601	187
1113008601	203
1113008601	203
1113008601	218
1113008601	218
1113008601	234
1113008601	234
1113008601	250
1113008601	250
1113008601	265
1113008601	265
1113008601	281
1113008601	281
1113008601	296
1113008601	296
1113008601	312
1113008601	343
1113008601	343
1113008601	343
1113008601	343
1113008601	343
1113008601	359
1113008601	359
1113008601	375
1113008601	375
1113008601	390
1113008601	390
1113008601	406
1113008601	406
1113008601	421
1113008601	421
1113008601	437
1113008601	437
1113008601	453
1113008601	453
1113008601	468
1113008601	468
1113008601	484
1113008601	484
1113008601	500
1113008601	500
1113008601	515
1113008601	515
1113008601	531
1113008601	562
1113008601	562
1113008601	562
1113008601	562
1113008601	562
1113008601	578
1113008601	578
1113008601	593
1113008601	593
1113008601	609
1113008601	609
1113008601	625
1113008601	625
1113008601	640
1113008601	640
1113008601	656
1113008601	656
1113008601	671
1113008601	671
1113008601	687
1113008601	687
1113008601	703
1113008601	703
1113008601	718
1113008601	718
1113008601	734
1113008601	734
1113008601	750
1113008601	781
1113008601	781
1113008601	781
1113008601	781
1113008601	781
1113008601	796
1113008601	796
1113008601	812
1113008601	812
1113008601	828
1113008601	828
1113008601	843
1113008601	843
1113008601	859
1113008601	859
1113008601	875
1113008601	875
1113008601	890
1113008601	890
1113008601	906
1113008601	906
1113008601	921
1113008601	921
1113008601	937
1113008601	937
1113008601	953
1113008601	953
1113008601	968
1113008602	0
1113008602	0
1113008602	0
1113008602	0
1113008602	0
1113008602	15
1113008602	15
1113008602	31
1113008602	31
1113008602	46
1113008602	46
1113008602	62
1113008602	62
1113008602	78
1113008602	78
1113008602	93
1113008602	93
1113008602	109
1113008602	109
1113008602	125
1113008602	125
1113008602	140
1113008602	140
1113008602	156
1113008602	156
1113008602	171
1113008602	171
1113008602	187
1113008602	187
1113008602	203
1113008602	203
1113008602	218
1113008602	218
1113008602	234
1113008602	234
1113008602	250
1113008602	250
1113008602	265
1113008602	265
1113008602	281
1113008602	281
1113008602	296
1113008602	328
1113008602	328
1113008602	328
1113008602	328
1113008602	328
1113008602	343
1113008602	343
1113008602	359
1113008602	359
1113008602	375
1113008602	375
1113008602	390
1113008602	390
1113008602	406
1113008602	406
1113008602	421
1113008602	421
1113008602	437
1113008602	437
1113008602	453
1113008602	453
1113008602	468
1113008602	468
1113008602	484
1113008602	484
1113008602	500
1113008602	500
1113008602	515
1113008602	546
1113008602	546
1113008602	546
1113008602	546
1113008602	546
1113008602	562
1113008602	562
1113008602	578
1113008602	578
1113008602	593
1113008602	593
1113008602	609
1113008602	609
1113008602	625
1113008602	625
1113008602	640
1113008602	640
1113008602	656
1113008602	656
1113008602	671
1113008602	671
1113008602	687
1113008602	687
1113008602	703
1113008602	703
1113008602	718
1113008602	718
1113008602	734
1113008602	765
1113008602	765
1113008602	765
1113008602	765
1113008602	765
1113008602	781
1113008602	781
1113008602	796
1113008602	796
1113008602	812
1113008602	812
1113008602	828
1113008602	828
1113008602	843
1113008602	843
1113008602	859
1113008602	859
1113008602	875
1113008602	875
1113008602	890
1113008602	890
1113008602	906
1113008602	906
1113008602	921
1113008602	921
1113008602	937
1113008602	937
1113008602	953
1113008602	984
1113008602	984
1113008602	984
1113008602	984
1113008602	984
1113008603	0
1113008603	0
1113008603	15
1113008603	15
1113008603	31
1113008603	31
1113008603	46
1113008603	46
1113008603	62
1113008603	62
1113008603	78
1113008603	78
1113008603	93
1113008603	93
1113008603	109
1113008603	109
1113008603	125
1113008603	125
1113008603	140
1113008603	140
1113008603	156
1113008603	156
1113008603	171
1113008603	203
1113008603	203
1113008603	203
1113008603	203
1113008603	203
1113008603	218
1113008603	218
1113008603	234
1113008603	234
1113008603	250
1113008603	250
1113008603	265
1113008603	265
1113008603	281
1113008603	281
1113008603	296
1113008603	296
1113008603	312
1113008603	312
1113008603	328
1113008603	328
1113008603	343
1113008603	343
1113008603	359
1113008603	359
1113008603	375
1113008603	375
1113008603	390
1113008603	421
1113008603	421
1113008603	421
1113008603	421
1113008603	421
1113008603	437
1113008603	437
1113008603	453
1113008603	453
1113008603	468
1113008603	468
1113008603	484
1113008603	484
1113008603	500
1113008603	500
1113008603	515
1113008603	515
1113008603	531
1113008603	531
1113008603	546
1113008603	546
1113008603	562
1113008603	562
1113008603	578
1113008603	578
1113008603	593
1113008603	593
1113008603	609
1113008603	640
1113008603	640
1113008603	640
1113008603	640
1113008603	640
1113008603	656
1113008603	656
1113008603	671
1113008603	671
1113008603	687
1113008603	687
1113008603	703
1113008603	703
1113008603	718
1113008603	718
1113008603	734
1113008603	734
1113008603	750
1113008603	750
1113008603	765
1113008603	765
1113008603	781
1113008603	781
1113008603	796
1113008603	796
1113008603	812
1113008603	812
1113008603	828
1113008603	859
1113008603	859
1113008603	859
1113008603	859
1113008603	859
1113008603	875
1113008603	875
1113008603	890
1113008603	890
1113008603	906
1113008603	906
1113008603	921
1113008603	921
1113008603	937
1113008603	937
1113008603	953
1113008603	953
1113008603	968
1113008603	968
1113008603	984
1113008603	984
1113008604	0
1113008604	0
1113008604	15
1113008604	15
1113008604	31
1113008604	31
1113008604	46
1113008604	78
1113008604	78
1113008604	78
1113008604	78
1113008604	78
1113008604	93
1113008604	93
1113008604	109
1113008604	109
1113008604	125
1113008604	125
1113008604	140
1113008604	140
1113008604	156
1113008604	156
1113008604	171
1113008604	171
1113008604	187
1113008604	187
1113008604	203
1113008604	203
1113008604	218
1113008604	218
1113008604	234
1113008604	234
1113008604	250
1113008604	250
1113008604	265
1113008604	296
1113008604	296
1113008604	296
1113008604	296
1113008604	296
1113008604	312
1113008604	312
1113008604	328
1113008604	328
1113008604	343
1113008604	343
1113008604	359
1113008604	359
1113008604	375
1113008604	375
1113008604	390
1113008604	390
1113008604	406
1113008604	406
1113008604	421
1113008604	421
1113008604	437
1113008604	437
1113008604	453
1113008604	453
1113008604	468
1113008604	468
1113008604	484
1113008604	484
1113008604	500
1113008604	500
1113008604	515
1113008604	515
1113008604	531
1113008604	531
1113008604	546
1113008604	546
1113008604	562
1113008604	562
1113008604	578
1113008604	578
1113008604	593
1113008604	625
1113008604	625
1113008604	625
1113008604	625
1113008604	625
1113008604	640
1113008604	640
1113008604	656
1113008604	656
1113008604	671
1113008604	671
1113008604	687
1113008604	687
1113008604	703
1113008604	703
1113008604	718
1113008604	718
1113008604	734
1113008604	734
1113008604	750
1113008604	750
1113008604	765
1113008604	765
1113008604	781
1113008604	781
1113008604	796
1113008604	796
1113008604	812
1113008604	843
1113008604	843
1113008604	843
1113008604	843
1113008604	843
1113008604	859
1113008604	859
1113008604	875
1113008604	875
1113008604	890
1113008604	890
1113008604	906
1113008604	906
1113008604	921
1113008604	921
1113008604	937
1113008604	937
1113008604	953
1113008604	953
1113008604	968
1113008604	968
1113008604	984
1113008604	984
1113008605	0
1113008605	0
1113008605	15
1113008605	15
1113008605	31
1113008605	62
1113008605	62
1113008605	62
1113008605	62
1113008605	62
1113008605	78
1113008605	78
1113008605	93
1113008605	93
1113008605	109
1113008605	109
1113008605	125
1113008605	125
1113008605	140
1113008605	140
1113008605	156
1113008605	156
1113008605	171
1113008605	171
1113008605	187
1113008605	187
1113008605	203
1113008605	203
1113008605	218
1113008605	218
1113008605	234
1113008605	234
1113008605	250
1113008605	281
1113008605	281
1113008605	281
1113008605	281
1113008605	281
1113008605	296
1113008605	296
1113008605	312
1113008605	312
1113008605	328
1113008605	328
1113008605	343
1113008605	343
1113008605	359
1113008605	359
1113008605	375
1113008605	375
1113008605	390
1113008605	390
1113008605	406
1113008605	406
1113008605	421
1113008605	421
1113008605	437
1113008605	437
1113008605	453
1113008605	453
1113008605	468
1113008605	500
1113008605	500
1113008605	500
1113008605	500
1113008605	500
1113008605	515
1113008605	515
1113008605	531
1113008605	531
1113008605	546
1113008605	546
1113008605	562
1113008605	562
1113008605	578
1113008605	578
1113008605	593
1113008605	593
1113008605	609
1113008605	609
1113008605	625
1113008605	625
1113008605	640
1113008605	640
1113008605	656
1113008605	656
1113008605	671
1113008605	671
1113008605	687
1113008605	687
1113008605	703
1113008605	703
1113008605	718
1113008605	718
1113008605	734
1113008605	734
1113008605	750
1113008605	750
1113008605	765
1113008605	765
1113008605	781
1113008605	781
1113008605	796
1113008605	828
1113008605	828
1113008605	828
1113008605	828
1113008605	828
1113008605	843
1113008605	843
1113008605	859
1113008605	859
1113008605	875
1113008605	875
1113008605	890
1113008605	890
1113008605	906
1113008605	906
1113008605	921
1113008605	921
1113008605	937
1113008605	937
1113008605	953
1113008605	953
1113008605	968
1113008605	968
1113008605	984
1113008605	984
1113008606	0
1113008606	0
1113008606	15
1113008606	46
1113008606	46
1113008606	46
1113008606	46
1113008606	46
1113008606	62
1113008606	62
1113008606	78
1113008606	78
1113008606	93
1113008606	93
1113008606	109
1113008606	109
1113008606	125
1113008606	125
1113008606	140
1113008606	140
1113008606	156
1113008606	156
1113008606	171
1113008606	171
1113008606	187
1113008606	187
1113008606	203
1113008606	203
1113008606	218
1113008606	218
1113008606	234
1113008606	265
1113008606	265
1113008606	265
1113008606	265
1113008606	265
1113008606	281
1113008606	281
1113008606	296
1113008606	296
1113008606	312
1113008606	312
1113008606	328
1113008606	328
1113008606	343
1113008606	343
1113008606	359
1113008606	359
1113008606	375
1113008606	375
1113008606	390
1113008606	390
1113008606	406
1113008606	406
1113008606	421
1113008606	421
1113008606	437
1113008606	437
1113008606	453
1113008606	484
1113008606	484
1113008606	484
1113008606	484
1113008606	484
1113008606	500
1113008606	500
1113008606	515
1113008606	515
1113008606	531
1113008606	531
1113008606	546
1113008606	546
1113008606	562
1113008606	562
1113008606	578
1113008606	578
1113008606	593
1113008606	593
1113008606	609
1113008606	609
1113008606	625
1113008606	625
1113008606	640
1113008606	640
1113008606	656
1113008606	656
1113008606	671
1113008606	703
1113008606	703
1113008606	703
1113008606	703
1113008606	703
1113008606	718
1113008606	718
1113008606	734
1113008606	734
1113008606	750
1113008606	750
1113008606	765
1113008606	765
1113008606	781
1113008606	781
1113008606	796
1113008606	796
1113008606	812
1113008606	812
1113008606	828
1113008606	828
1113008606	843
1113008606	843
1113008606	859
1113008606	859
1113008606	875
1113008606	875
1113008606	890
1113008606	921
1113008606	921
1113008606	921
1113008606	921
1113008606	921
1113008606	937
1113008606	937
1113008606	953
1113008606	953
1113008606	968
1113008606	968
1113008606	984
1113008606	984
1113008607	0
1113008607	0
1113008607	15
1113008607	15
1113008607	31
1113008607	31
1113008607	46
1113008607	46
1113008607	62
1113008607	62
1113008607	78
1113008607	78
1113008607	93
1113008607	93
1113008607	109
1113008607	140
1113008607	140
1113008607	140
1113008607	140
1113008607	140
1113008607	156
1113008607	156
1113008607	171
1113008607	171
1113008607	187
1113008607	187
1113008607	203
1113008607	203
1113008607	218
1113008607	218
1113008607	234
1113008607	234
1113008607	250
1113008607	250
1113008607	265
1113008607	265
1113008607	281
1113008607	281
1113008607	296
1113008607	296
1113008607	312
1113008607	312
1113008607	328
1113008607	359
1113008607	359
1113008607	359
1113008607	359
1113008607	359
1113008607	375
1113008607	375
1113008607	390
1113008607	390
1113008607	406
1113008607	406
1113008607	421
1113008607	421
1113008607	437
1113008607	437
1113008607	453
1113008607	453
1113008607	468
1113008607	468
1113008607	484
1113008607	484
1113008607	500
1113008607	500
1113008607	515
1113008607	515
1113008607	531
1113008607	531
1113008607	546
1113008607	578
1113008607	578
1113008607	578
1113008607	578
1113008607	578
1113008607	593
1113008607	593
1113008607	609
1113008607	609
1113008607	625
1113008607	625
1113008607	640
1113008607	640
1113008607	656
1113008607	656
1113008607	671
1113008607	671
1113008607	687
1113008607	687
1113008607	703
1113008607	703
1113008607	718
1113008607	718
1113008607	734
1113008607	734
1113008607	750
1113008607	750
1113008607	765
1113008607	796
1113008607	796
1113008607	796
1113008607	796
1113008607	796
1113008607	812
1113008607	812
1113008607	828
1113008607	828
1113008607	843
1113008607	843
1113008607	859
1113008607	859
1113008607	875
1113008607	875
1113008607	890
1113008607	890
1113008607	906
1113008607	906
1113008607	921
1113008607	921
1113008607	937
1113008607	937
1113008607	953
1113008607	953
1113008607	968
1113008607	968
1113008607	984
1113008607	984
1113008608	0
1113008608	0
1113008608	15
1113008608	15
1113008608	31
1113008608	31
1113008608	46
1113008608	46
1113008608	62
1113008608	62
1113008608	78
1113008608	78
1113008608	93
1113008608	125
1113008608	125
1113008608	125
1113008608	125
1113008608	125
1113008608	140
1113008608	140
1113008608	156
1113008608	156
1113008608	171
1113008608	171
1113008608	187
1113008608	187
1113008608	203
1113008608	203
1113008608	218
1113008608	218
1113008608	234
1113008608	234
1113008608	250
1113008608	250
1113008608	265
1113008608	265
1113008608	281
1113008608	281
1113008608	296
1113008608	296
1113008608	312
1113008608	343
1113008608	343
1113008608	343
1113008608	343
1113008608	343
1113008608	359
1113008608	359
1113008608	375
1113008608	375
1113008608	390
1113008608	390
1113008608	406
1113008608	406
1113008608	421
1113008608	421
1113008608	437
1113008608	437
1113008608	453
1113008608	453
1113008608	468
1113008608	468
1113008608	484
1113008608	484
1113008608	500
1113008608	500
1113008608	515
1113008608	515
1113008608	531
1113008608	562
1113008608	562
1113008608	562
1113008608	562
1113008608	562
1113008608	578
1113008608	578
1113008608	593
1113008608	593
1113008608	609
1113008608	609
1113008608	625
1113008608	625
1113008608	640
1113008608	640
1113008608	656
1113008608	656
1113008608	671
1113008608	671
1113008608	687
1113008608	687
1113008608	703
1113008608	703
1113008608	718
1113008608	718
1113008608	734
1113008608	734
1113008608	750
1113008608	781
1113008608	781
1113008608	781
1113008608	781
1113008608	781
1113008608	796
1113008608	796
1113008608	812
1113008608	812
1113008608	828
1113008608	828
1113008608	843
1113008608	843
1113008608	859
1113008608	859
1113008608	875
1113008608	875
1113008608	890
1113008608	890
1113008608	906
1113008608	906
1113008608	921
1113008608	921
1113008608	937
1113008608	937
1113008608	953
1113008608	953
1113008608	968
1113008609	0
1113008609	0
1113008609	0
1113008609	0
1113008609	0
1113008609	15
1113008609	15
1113008609	31
1113008609	31
1113008609	46
1113008609	46
1113008609	62
1113008609	62
1113008609	78
1113008609	78
1113008609	93
1113008609	93
1113008609	109
1113008609	109
1113008609	125
1113008609	125
1113008609	140
1113008609	140
1113008609	156
1113008609	156
1113008609	171
1113008609	171
1113008609	187
1113008609	187
1113008609	203
1113008609	203
1113008609	218
1113008609	218
1113008609	234
1113008609	234
1113008609	250
1113008609	250
1113008609	265
1113008609	265
1113008609	281
1113008609	281
1113008609	296
1113008609	328
1113008609	328
1113008609	328
1113008609	328
1113008609	328
1113008609	343
1113008609	343
1113008609	359
1113008609	359
1113008609	375
1113008609	375
1113008609	390
1113008609	390
1113008609	406
1113008609	406
1113008609	421
1113008609	421
1113008609	437
1113008609	437
1113008609	453
1113008609	453
1113008609	468
1113008609	468
1113008609	484
1113008609	484
1113008609	500
1113008609	500
1113008609	515
1113008609	546
1113008609	546
1113008609	546
1113008609	546
1113008609	546
1113008609	562
1113008609	562
1113008609	578
1113008609	578
1113008609	593
1113008609	593
1113008609	609
1113008609	609
1113008609	625
1113008609	625
1113008609	640
1113008609	640
1113008609	656
1113008609	656
1113008609	671
1113008609	671
1113008609	687
1113008609	687
1113008609	703
1113008609	703
1113008609	718
1113008609	718
1113008609	734
1113008609	765
1113008609	765
1113008609	765
1113008609	765
1113008609	765
1113008609	781
1113008609	781
1113008609	796
1113008609	796
1113008609	812
1113008609	812
1113008609	828
1113008609	828
1113008609	843
1113008609	843
1113008609	859
1113008609	859
1113008609	875
1113008609	875
1113008609	890
1113008609	890
1113008609	906
1113008609	906
1113008609	921
1113008609	921
1113008609	937
1113008609	937
1113008609	953
1113008609	984
1113008609	984
1113008609	984
1113008609	984
1113008609	984
1113008610	0
1113008610	0
1113008610	15
1113008610	15
1113008610	31
1113008610	31
1113008610	46
1113008610	46
1113008610	62
1113008610	62
1113008610	78
1113008610	78
1113008610	93
1113008610	93
1113008610	109
1113008610	109
1113008610	125
1113008610	125
1113008610	140
1113008610	140
1113008610	156
1113008610	156
1113008610	171
1113008610	203
1113008610	203
1113008610	203
1113008610	203
1113008610	203
1113008610	218
1113008610	218
1113008610	234
1113008610	234
1113008610	250
1113008610	250
1113008610	265
1113008610	265
1113008610	281
1113008610	281
1113008610	296
1113008610	296
1113008610	312
1113008610	312
1113008610	328
1113008610	328
1113008610	343
1113008610	343
1113008610	359
1113008610	359
1113008610	375
1113008610	375
1113008610	390
1113008610	421
1113008610	421
1113008610	421
1113008610	421
1113008610	421
1113008610	437
1113008610	437
1113008610	453
1113008610	453
1113008610	468
1113008610	468
1113008610	484
1113008610	484
1113008610	500
1113008610	500
1113008610	515
1113008610	515
1113008610	531
1113008610	531
1113008610	546
1113008610	546
1113008610	562
1113008610	562
1113008610	578
1113008610	578
1113008610	593
1113008610	593
1113008610	609
1113008610	640
1113008610	640
1113008610	640
1113008610	640
1113008610	640
1113008610	656
1113008610	656
1113008610	671
1113008610	671
1113008610	687
1113008610	687
1113008610	703
1113008610	703
1113008610	718
1113008610	718
1113008610	734
1113008610	734
1113008610	750
1113008610	750
1113008610	765
1113008610	765
1113008610	781
1113008610	781
1113008610	796
1113008610	796
1113008610	812
1113008610	812
1113008610	828
1113008610	859
1113008610	859
1113008610	859
1113008610	859
1113008610	859
1113008610	875
1113008610	875
1113008610	890
1113008610	890
1113008610	906
1113008610	906
1113008610	921
1113008610	921
1113008610	937
1113008610	937
1113008610	953
1113008610	953
1113008610	968
1113008610	968
1113008610	984
1113008610	984
1113008611	0
1113008611	0
1113008611	15
1113008611	15
1113008611	31
1113008611	31
1113008611	46
1113008611	78
1113008611	78
1113008611	78
1113008611	78
1113008611	78
1113008611	93
1113008611	93
1113008611	109
1113008611	109
1113008611	125
1113008611	125
1113008611	140
1113008611	140
1113008611	156
1113008611	156
1113008611	171
1113008611	171
1113008611	187
1113008611	187
1113008611	203
1113008611	203
1113008611	218
1113008611	218
1113008611	234
1113008611	234
1113008611	250
1113008611	250
1113008611	265
1113008611	296
1113008611	296
1113008611	296
1113008611	296
1113008611	296
1113008611	312
1113008611	312
1113008611	328
1113008611	328
1113008611	343
1113008611	343
1113008611	359
1113008611	359
1113008611	375
1113008611	375
1113008611	390
1113008611	390
1113008611	406
1113008611	406
1113008611	421
1113008611	421
1113008611	437
1113008611	437
1113008611	453
1113008611	453
1113008611	468
1113008611	468
1113008611	484
1113008611	484
1113008611	500
1113008611	500
1113008611	515
1113008611	515
1113008611	531
1113008611	531
1113008611	546
1113008611	546
1113008611	562
1113008611	562
1113008611	578
1113008611	578
1113008611	593
1113008611	625
1113008611	625
1113008611	625
1113008611	625
1113008611	625
1113008611	640
1113008611	640
1113008611	656
1113008611	656
1113008611	671
1113008611	671
1113008611	687
1113008611	687
1113008611	703
1113008611	703
1113008611	718
1113008611	718
1113008611	734
1113008611	734
1113008611	750
1113008611	750
1113008611	765
1113008611	765
1113008611	781
1113008611	781
1113008611	796
1113008611	796
1113008611	812
1113008611	843
1113008611	843
1113008611	843
1113008611	843
1113008611	843
1113008611	859
1113008611	859
1113008611	875
1113008611	875
1113008611	890
1113008611	890
1113008611	906
1113008611	906
1113008611	921
1113008611	921
1113008611	937
1113008611	937
1113008611	953
1113008611	953
1113008611	968
1113008611	968
1113008611	984
1113008611	984
1113008612	0
1113008612	0
1113008612	15
1113008612	15
1113008612	31
1113008612	62
1113008612	62
1113008612	62
1113008612	62
1113008612	62
1113008612	78
1113008612	78
1113008612	93
1113008612	93
1113008612	109
1113008612	109
1113008612	125
1113008612	125
1113008612	140
1113008612	140
1113008612	156
1113008612	156
1113008612	171
1113008612	171
1113008612	187
1113008612	187
1113008612	203
1113008612	203
1113008612	218
1113008612	218
1113008612	234
1113008612	234
1113008612	250
1113008612	281
1113008612	281
1113008612	281
1113008612	281
1113008612	281
1113008612	296
1113008612	296
1113008612	312
1113008612	312
1113008612	328
1113008612	328
1113008612	343
1113008612	343
1113008612	359
1113008612	359
1113008612	375
1113008612	375
1113008612	390
1113008612	390
1113008612	406
1113008612	406
1113008612	421
1113008612	421
1113008612	437
1113008612	437
1113008612	453
1113008612	453
1113008612	468
1113008612	500
1113008612	500
1113008612	500
1113008612	500
1113008612	500
1113008612	515
1113008612	515
1113008612	531
1113008612	531
1113008612	546
1113008612	546
1113008612	562
1113008612	562
1113008612	578
1113008612	578
1113008612	593
1113008612	593
1113008612	609
1113008612	609
1113008612	625
1113008612	625
1113008612	640
1113008612	640
1113008612	656
1113008612	656
1113008612	671
1113008612	671
1113008612	687
1113008612	687
1113008612	703
1113008612	703
1113008612	718
1113008612	718
1113008612	734
1113008612	734
1113008612	750
1113008612	750
1113008612	765
1113008612	765
1113008612	781
1113008612	781
1113008612	796
1113008612	828
1113008612	828
1113008612	828
1113008612	828
1113008612	828
1113008612	843
1113008612	843
1113008612	859
1113008612	859
1113008612	875
1113008612	875
1113008612	890
1113008612	890
1113008612	906
1113008612	906
1113008612	921
1113008612	921
1113008612	937
1113008612	937
1113008612	953
1113008612	953
1113008612	968
1113008612	968
1113008612	984
1113008612	984
1113008613	0
1113008613	0
1113008613	15
1113008613	46
1113008613	46
1113008613	46
1113008613	46
1113008613	46
1113008613	62
1113008613	62
1113008613	78
1113008613	78
1113008613	93
1113008613	93
1113008613	109
1113008613	109
1113008613	125
1113008613	125
1113008613	140
1113008613	140
1113008613	156
1113008613	156
1113008613	171
1113008613	171
1113008613	187
1113008613	187
1113008613	203
1113008613	203
1113008613	218
1113008613	218
1113008613	234
1113008613	265
1113008613	265
1113008613	265
1113008613	265
1113008613	265
1113008613	281
1113008613	281
1113008613	296
1113008613	296
1113008613	312
1113008613	312
1113008613	328
1113008613	328
1113008613	343
1113008613	343
1113008613	359
1113008613	359
1113008613	375
1113008613	375
1113008613	390
1113008613	390
1113008613	406
1113008613	406
1113008613	421
1113008613	421
1113008613	437
1113008613	437
1113008613	453
1113008613	484
1113008613	484
1113008613	484
1113008613	484
1113008613	484
1113008613	500
1113008613	500
1113008613	515
1113008613	515
1113008613	531
1113008613	531
1113008613	546
1113008613	546
1113008613	562
1113008613	562
1113008613	578
1113008613	578
1113008613	593
1113008613	593
1113008613	609
1113008613	609
1113008613	625
1113008613	625
1113008613	640
1113008613	640
1113008613	656
1113008613	656
1113008613	671
1113008613	703
1113008613	703
1113008613	703
1113008613	703
1113008613	703
1113008613	718
1113008613	718
1113008613	734
1113008613	734
1113008613	750
1113008613	750
1113008613	765
1113008613	765
1113008613	781
1113008613	781
1113008613	796
1113008613	796
1113008613	812
1113008613	812
1113008613	828
1113008613	828
1113008613	843
1113008613	843
1113008613	859
1113008613	859
1113008613	875
1113008613	875
1113008613	890
1113008613	921
1113008613	921
1113008613	921
1113008613	921
1113008613	921
1113008613	937
1113008613	937
1113008613	953
1113008613	953
1113008613	968
1113008613	968
1113008613	984
1113008613	984
1113008614	0
1113008614	0
1113008614	15
1113008614	15
1113008614	31
1113008614	31
1113008614	46
1113008614	46
1113008614	62
1113008614	62
1113008614	78
1113008614	78
1113008614	93
1113008614	93
1113008614	109
1113008614	140
1113008614	140
1113008614	140
1113008614	140
1113008614	140
1113008614	156
1113008614	156
1113008614	171
1113008614	171
1113008614	187
1113008614	187
1113008614	203
1113008614	203
1113008614	218
1113008614	218
1113008614	234
1113008614	234
1113008614	250
1113008614	250
1113008614	265
1113008614	265
1113008614	281
1113008614	281
1113008614	296
1113008614	296
1113008614	312
1113008614	312
1113008614	328
1113008614	359
1113008614	359
1113008614	359
1113008614	359
1113008614	359
1113008614	375
1113008614	375
1113008614	390
1113008614	390
1113008614	406
1113008614	406
1113008614	421
1113008614	421
1113008614	437
1113008614	437
1113008614	453
1113008614	453
1113008614	468
1113008614	468
1113008614	484
1113008614	484
1113008614	500
1113008614	500
1113008614	515
1113008614	515
1113008614	531
1113008614	531
1113008614	546
1113008614	578
1113008614	578
1113008614	578
1113008614	578
1113008614	578
1113008614	593
1113008614	593
1113008614	609
1113008614	609
1113008614	625
1113008614	625
1113008614	640
1113008614	640
1113008614	656
1113008614	656
1113008614	671
1113008614	671
1113008614	687
1113008614	687
1113008614	703
1113008614	703
1113008614	718
1113008614	718
1113008614	734
1113008614	734
1113008614	750
1113008614	750
1113008614	765
1113008614	796
1113008614	796
1113008614	796
1113008614	796
1113008614	796
1113008614	812
1113008614	812
1113008614	828
1113008614	828
1113008614	843
1113008614	843
1113008614	859
1113008614	859
1113008614	875
1113008614	875
1113008614	890
1113008614	890
1113008614	906
1113008614	906
1113008614	921
1113008614	921
1113008614	937
1113008614	937
1113008614	953
1113008614	953
1113008614	968
1113008614	968
1113008614	984
1113008614	984
1113008615	0
1113008615	0
1113008615	15
1113008615	15
1113008615	31
1113008615	31
1113008615	46
1113008615	46
1113008615	62
1113008615	62
1113008615	78
1113008615	78
1113008615	93
1113008615	125
1113008615	125
1113008615	125
1113008615	125
1113008615	125
1113008615	140
1113008615	140
1113008615	156
1113008615	156
1113008615	171
1113008615	171
1113008615	187
1113008615	187
1113008615	203
1113008615	203
1113008615	218
1113008615	218
1113008615	234
1113008615	234
1113008615	250
1113008615	250
1113008615	265
1113008615	265
1113008615	281
1113008615	281
1113008615	296
1113008615	296
1113008615	312
1113008615	343
1113008615	343
1113008615	343
1113008615	343
1113008615	343
1113008615	359
1113008615	359
1113008615	375
1113008615	375
1113008615	390
1113008615	390
1113008615	406
1113008615	406
1113008615	421
1113008615	421
1113008615	437
1113008615	437
1113008615	453
1113008615	453
1113008615	468
1113008615	468
1113008615	484
1113008615	484
1113008615	500
1113008615	500
1113008615	515
1113008615	515
1113008615	531
1113008615	562
1113008615	562
1113008615	562
1113008615	562
1113008615	562
1113008615	578
1113008615	578
1113008615	593
1113008615	593
1113008615	609
1113008615	609
1113008615	625
1113008615	625
1113008615	640
1113008615	640
1113008615	656
1113008615	656
1113008615	671
1113008615	671
1113008615	687
1113008615	687
1113008615	703
1113008615	703
1113008615	718
1113008615	718
1113008615	734
1113008615	734
1113008615	750
1113008615	781
1113008615	781
1113008615	781
1113008615	781
1113008615	781
1113008615	796
1113008615	796
1113008615	812
1113008615	812
1113008615	828
1113008615	828
1113008615	843
1113008615	843
1113008615	859
1113008615	859
1113008615	875
1113008615	875
1113008615	890
1113008615	890
1113008615	906
1113008615	906
1113008615	921
1113008615	921
1113008615	937
1113008615	937
1113008615	953
1113008615	953
1113008615	968
1113008616	0
1113008616	0
1113008616	0
1113008616	0
1113008616	0
1113008616	15
1113008616	15
1113008616	31
1113008616	31
1113008616	46
1113008616	46
1113008616	62
1113008616	62
1113008616	78
1113008616	78
1113008616	93
1113008616	93
1113008616	109
1113008616	109
1113008616	125
1113008616	125
1113008616	140
1113008616	140
1113008616	156
1113008616	156
1113008616	171
1113008616	171
1113008616	187
1113008616	187
1113008616	203
1113008616	203
1113008616	218
1113008616	218
1113008616	234
1113008616	234
1113008616	250
1113008616	250
1113008616	265
1113008616	265
1113008616	281
1113008616	281
1113008616	296
1113008616	328
1113008616	328
1113008616	328
1113008616	328
1113008616	328
1113008616	343
1113008616	343
1113008616	359
1113008616	359
1113008616	375
1113008616	375
1113008616	390
1113008616	390
1113008616	406
1113008616	406
1113008616	421
1113008616	421
1113008616	437
1113008616	437
1113008616	453
1113008616	453
1113008616	468
1113008616	468
1113008616	484
1113008616	484
1113008616	500
1113008616	500
1113008616	515
1113008616	546
1113008616	546
1113008616	546
1113008616	546
1113008616	546
1113008616	562
1113008616	562
1113008616	578
1113008616	578
1113008616	593
1113008616	593
1113008616	609
1113008616	609
1113008616	625
1113008616	625
1113008616	640
1113008616	640
1113008616	656
1113008616	656
1113008616	671
1113008616	671
1113008616	687
1113008616	687
1113008616	703
1113008616	703
1113008616	718
1113008616	718
1113008616	734
1113008616	765
1113008616	765
1113008616	765
1113008616	765
1113008616	765
1113008616	781
1113008616	781
1113008616	796
1113008616	796
1113008616	812
1113008616	812
1113008616	828
1113008616	828
1113008616	843
1113008616	843
1113008616	859
1113008616	859
1113008616	875
1113008616	875
1113008616	890
1113008616	890
1113008616	906
1113008616	906
1113008616	921
1113008616	921
1113008616	937
1113008616	937
1113008616	953
1113008616	984
1113008616	984
1113008616	984
1113008616	984
1113008616	984
1113008617	0
1113008617	0
1113008617	15
1113008617	15
1113008617	31
1113008617	31
1113008617	46
1113008617	46
1113008617	62
1113008617	62
1113008617	78
1113008617	78
1113008617	93
1113008617	93
1113008617	109
1113008617	109
1113008617	125
1113008617	125
1113008617	140
1113008617	140
1113008617	156
1113008617	156
1113008617	171
1113008617	203
1113008617	203
1113008617	203
1113008617	203
1113008617	203
1113008617	218
1113008617	218
1113008617	234
1113008617	234
1113008617	250
1113008617	250
1113008617	265
1113008617	265
1113008617	281
1113008617	281
1113008617	296
1113008617	296
1113008617	312
1113008617	312
1113008617	328
1113008617	328
1113008617	343
1113008617	343
1113008617	359
1113008617	359
1113008617	375
1113008617	375
1113008617	390
1113008617	421
1113008617	421
1113008617	421
1113008617	421
1113008617	421
1113008617	437
1113008617	437
1113008617	453
1113008617	453
1113008617	468
1113008617	468
1113008617	484
1113008617	484
1113008617	500
1113008617	500
1113008617	515
1113008617	515
1113008617	531
1113008617	531
1113008617	546
1113008617	546
1113008617	562
1113008617	562
1113008617	578
1113008617	578
1113008617	593
1113008617	593
1113008617	609
1113008617	640
1113008617	640
1113008617	640
1113008617	640
1113008617	640
1113008617	656
1113008617	656
1113008617	671
1113008617	671
1113008617	687
1113008617	687
1113008617	703
1113008617	703
1113008617	718
1113008617	718
1113008617	734
1113008617	734
1113008617	750
1113008617	750
1113008617	765
1113008617	765
1113008617	781
1113008617	781
1113008617	796
1113008617	796
1113008617	812
1113008617	812
1113008617	828
1113008617	859
1113008617	859
1113008617	859
1113008617	859
1113008617	859
1113008617	875
1113008617	875
1113008617	890
1113008617	890
1113008617	906
1113008617	906
1113008617	921
1113008617	921
1113008617	937
1113008617	937
1113008617	953
1113008617	953
1113008617	968
1113008617	968
1113008617	984
1113008617	984
1113008618	0
1113008618	0
1113008618	15
1113008618	15
1113008618	31
1113008618	31
1113008618	46
1113008618	78
1113008618	78
1113008618	78
1113008618	78
1113008618	78
1113008618	93
1113008618	93
1113008618	109
1113008618	109
1113008618	125
1113008618	125
1113008618	140
1113008618	140
1113008618	156
1113008618	156
1113008618	171
1113008618	171
1113008618	187
1113008618	187
1113008618	203
1113008618	203
1113008618	218
1113008618	218
1113008618	234
1113008618	234
1113008618	250
1113008618	250
1113008618	265
1113008618	296
1113008618	296
1113008618	296
1113008618	296
1113008618	296
1113008618	312
1113008618	312
1113008618	328
1113008618	328
1113008618	343
1113008618	343
1113008618	359
1113008618	359
1113008618	375
1113008618	375
1113008618	390
1113008618	390
1113008618	406
1113008618	406
1113008618	421
1113008618	421
1113008618	437
1113008618	437
1113008618	453
1113008618	453
1113008618	468
1113008618	468
1113008618	484
1113008618	484
1113008618	500
1113008618	500
1113008618	515
1113008618	515
1113008618	531
1113008618	531
1113008618	546
1113008618	546
1113008618	562
1113008618	562
1113008618	578
1113008618	578
1113008618	593
1113008618	625
1113008618	625
1113008618	625
1113008618	625
1113008618	625
1113008618	640
1113008618	640
1113008618	656
1113008618	656
1113008618	671
1113008618	671
1113008618	687
1113008618	687
1113008618	703
1113008618	703
1113008618	718
1113008618	718
1113008618	734
1113008618	734
1113008618	750
1113008618	750
1113008618	765
1113008618	765
1113008618	781
1113008618	781
1113008618	796
1113008618	796
1113008618	812
1113008618	843
1113008618	843
1113008618	843
1113008618	843
1113008618	843
1113008618	859
1113008618	859
1113008618	875
1113008618	875
1113008618	890
1113008618	890
1113008618	906
1113008618	906
1113008618	921
1113008618	921
1113008618	937
1113008618	937
1113008618	953
1113008618	953
1113008618	968
1113008618	968
1113008618	984
1113008618	984
1113008619	0
1113008619	0
1113008619	15
1113008619	15
1113008619	31
1113008619	62
1113008619	62
1113008619	62
1113008619	62
1113008619	62
1113008619	78
1113008619	78
1113008619	93
1113008619	93
1113008619	109
1113008619	109
1113008619	125
1113008619	125
1113008619	140
1113008619	140
1113008619	156
1113008619	156
1113008619	171
1113008619	171
1113008619	187
1113008619	187
1113008619	203
1113008619	203
1113008619	218
1113008619	218
1113008619	234
1113008619	234
1113008619	250
1113008619	281
1113008619	281
1113008619	281
1113008619	281
1113008619	281
1113008619	296
1113008619	296
1113008619	312
1113008619	312
1113008619	328
1113008619	328
1113008619	343
1113008619	343
1113008619	359
1113008619	359
1113008619	375
1113008619	375
1113008619	390
1113008619	390
1113008619	406
1113008619	406
1113008619	421
1113008619	421
1113008619	437
1113008619	437
1113008619	453
1113008619	453
1113008619	468
1113008619	500
1113008619	500
1113008619	500
1113008619	500
1113008619	500
1113008619	515
1113008619	515
1113008619	531
1113008619	531
1113008619	546
1113008619	546
1113008619	562
1113008619	562
1113008619	578
1113008619	578
1113008619	593
1113008619	593
1113008619	609
1113008619	609
1113008619	625
1113008619	625
1113008619	640
1113008619	640
1113008619	656
1113008619	656
1113008619	671
1113008619	671
1113008619	687
1113008619	687
1113008619	703
1113008619	703
1113008619	718
1113008619	718
1113008619	734
1113008619	734
1113008619	750
1113008619	750
1113008619	765
1113008619	765
1113008619	781
1113008619	781
1113008619	796
1113008619	828
1113008619	828
1113008619	828
1113008619	828
1113008619	828
1113008619	843
1113008619	843
1113008619	859
1113008619	859
1113008619	875
1113008619	875
1113008619	890
1113008619	890
1113008619	906
1113008619	906
1113008619	921
1113008619	921
1113008619	937
1113008619	937
1113008619	953
1113008619	953
1113008619	968
1113008619	968
1113008619	984
1113008619	984
1113008620	0
1113008620	0
1113008620	15
1113008620	46
1113008620	46
1113008620	46
1113008620	46
1113008620	46
1113008620	62
1113008620	62
1113008620	78
1113008620	78
1113008620	93
1113008620	93
1113008620	109
1113008620	109
1113008620	125
1113008620	125
1113008620	140
1113008620	140
1113008620	156
1113008620	156
1113008620	171
1113008620	171
1113008620	187
1113008620	187
1113008620	203
1113008620	203
1113008620	218
1113008620	218
1113008620	234
1113008620	265
1113008620	265
1113008620	265
1113008620	265
1113008620	265
1113008620	281
1113008620	281
1113008620	296
1113008620	296
1113008620	312
1113008620	312
1113008620	328
1113008620	328
1113008620	343
1113008620	343
1113008620	359
1113008620	359
1113008620	375
1113008620	375
1113008620	390
1113008620	390
1113008620	406
1113008620	406
1113008620	421
1113008620	421
1113008620	437
1113008620	437
1113008620	453
1113008620	484
1113008620	484
1113008620	484
1113008620	484
1113008620	484
1113008620	500
1113008620	500
1113008620	515
1113008620	515
1113008620	531
1113008620	531
1113008620	546
1113008620	546
1113008620	562
1113008620	562
1113008620	578
1113008620	578
1113008620	593
1113008620	593
1113008620	609
1113008620	609
1113008620	625
1113008620	625
1113008620	640
1113008620	640
1113008620	656
1113008620	656
1113008620	671
1113008620	703
1113008620	703
1113008620	703
1113008620	703
1113008620	703
1113008620	718
1113008620	718
1113008620	734
1113008620	734
1113008620	750
1113008620	750
1113008620	765
1113008620	765
1113008620	781
1113008620	781
1113008620	796
1113008620	796
1113008620	812
1113008620	812
1113008620	828
1113008620	828
1113008620	843
1113008620	843
1113008620	859
1113008620	859
1113008620	875
1113008620	875
1113008620	890
1113008620	921
1113008620	921
1113008620	921
1113008620	921
1113008620	921
1113008620	937
1113008620	937
1113008620	953
1113008620	953
1113008620	968
1113008620	968
1113008620	984
1113008620	984
1113008621	0
1113008621	0
1113008621	15
1113008621	15
1113008621	31
1113008621	31
1113008621	46
1113008621	46
1113008621	62
1113008621	62
1113008621	78
1113008621	78
1113008621	93
1113008621	93
1113008621	109
1113008621	140
1113008621	140
1113008621	140
1113008621	140
1113008621	140
1113008621	156
1113008621	156
1113008621	171
1113008621	171
1113008621	187
1113008621	187
1113008621	203
1113008621	203
1113008621	218
1113008621	218
1113008621	234
1113008621	234
1113008621	250
1113008621	250
1113008621	265
1113008621	265
1113008621	281
1113008621	281
1113008621	296
1113008621	296
1113008621	312
1113008621	312
1113008621	328
1113008621	359
1113008621	359
1113008621	359
1113008621	359
1113008621	359
1113008621	375
1113008621	375
1113008621	390
1113008621	390
1113008621	406
1113008621	406
1113008621	421
1113008621	421
1113008621	437
1113008621	437
1113008621	453
1113008621	453
1113008621	468
1113008621	468
1113008621	484
1113008621	484
1113008621	500
1113008621	500
1113008621	515
1113008621	515
1113008621	531
1113008621	531
1113008621	546
1113008621	578
1113008621	578
1113008621	578
1113008621	578
1113008621	578
1113008621	593
1113008621	593
1113008621	609
1113008621	609
1113008621	625
1113008621	625
1113008621	640
1113008621	640
1113008621	656
1113008621	656
1113008621	671
1113008621	671
1113008621	687
1113008621	687
1113008621	703
1113008621	703
1113008621	718
1113008621	718
1113008621	734
1113008621	734
1113008621	750
1113008621	750
1113008621	765
1113008621	796
1113008621	796
1113008621	796
1113008621	796
1113008621	796
1113008621	812
1113008621	812
1113008621	828
1113008621	828
1113008621	843
1113008621	843
1113008621	859
1113008621	859
1113008621	875
1113008621	875
1113008621	890
1113008621	890
1113008621	906
1113008621	906
1113008621	921
1113008621	921
1113008621	937
1113008621	937
1113008621	953
1113008621	953
1113008621	968
1113008621	968
1113008621	984
1113008621	984
1113008622	0
1113008622	0
1113008622	15
1113008622	15
1113008622	31
1113008622	31
1113008622	46
1113008622	46
1113008622	62
1113008622	62
1113008622	78
1113008622	78
1113008622	93
1113008622	125
1113008622	125
1113008622	125
1113008622	125
1113008622	125
1113008622	140
1113008622	140
1113008622	156
1113008622	156
1113008622	171
1113008622	171
1113008622	187
1113008622	187
1113008622	203
1113008622	203
1113008622	218
1113008622	218
1113008622	234
1113008622	234
1113008622	250
1113008622	250
1113008622	265
1113008622	265
1113008622	281
1113008622	281
1113008622	296
1113008622	296
1113008622	312
1113008622	343
1113008622	343
1113008622	343
1113008622	343
1113008622	343
1113008622	359
1113008622	359
1113008622	375
1113008622	375
1113008622	390
1113008622	390
1113008622	406
1113008622	406
1113008622	421
1113008622	421
1113008622	437
1113008622	437
1113008622	453
1113008622	453
1113008622	468
1113008622	468
1113008622	484
1113008622	484
1113008622	500
1113008622	500
1113008622	515
1113008622	515
1113008622	531
1113008622	562
1113008622	562
1113008622	562
1113008622	562
1113008622	562
1113008622	578
1113008622	578
1113008622	593
1113008622	593
1113008622	609
1113008622	609
1113008622	625
1113008622	625
1113008622	640
1113008622	640
1113008622	656
1113008622	656
1113008622	671
1113008622	671
1113008622	687
1113008622	687
1113008622	703
1113008622	703
1113008622	718
1113008622	718
1113008622	734
1113008622	734
1113008622	750
1113008622	781
1113008622	781
1113008622	781
1113008622	781
1113008622	781
1113008622	796
1113008622	796
1113008622	812
1113008622	812
1113008622	828
1113008622	828
1113008622	843
1113008622	843
1113008622	859
1113008622	859
1113008622	875
1113008622	875
1113008622	890
1113008622	890
1113008622	906
1113008622	906
1113008622	921
1113008622	921
1113008622	937
1113008622	937
1113008622	953
1113008622	953
1113008622	968
1113008623	0
1113008623	0
1113008623	0
1113008623	0
1113008623	0
1113008623	15
1113008623	15
1113008623	31
1113008623	31
1113008623	46
1113008623	46
1113008623	62
1113008623	62
1113008623	78
1113008623	78
1113008623	93
1113008623	93
1113008623	109
1113008623	109
1113008623	125
1113008623	125
1113008623	140
1113008623	140
1113008623	156
1113008623	156
1113008623	171
1113008623	171
1113008623	187
1113008623	187
1113008623	203
1113008623	203
1113008623	218
1113008623	218
1113008623	234
1113008623	234
1113008623	250
1113008623	250
1113008623	265
1113008623	265
1113008623	281
1113008623	281
1113008623	296
1113008623	328
1113008623	328
1113008623	328
1113008623	328
1113008623	328
1113008623	343
1113008623	343
1113008623	359
1113008623	359
1113008623	375
1113008623	375
1113008623	390
1113008623	390
1113008623	406
1113008623	406
1113008623	421
1113008623	421
1113008623	437
1113008623	437
1113008623	453
1113008623	453
1113008623	468
1113008623	468
1113008623	484
1113008623	484
1113008623	500
1113008623	500
1113008623	515
1113008623	546
1113008623	546
1113008623	546
1113008623	546
1113008623	546
1113008623	562
1113008623	562
1113008623	578
1113008623	578
1113008623	593
1113008623	593
1113008623	609
1113008623	609
1113008623	625
1113008623	625
1113008623	640
1113008623	640
1113008623	656
1113008623	656
1113008623	671
1113008623	671
1113008623	687
1113008623	687
1113008623	703
1113008623	703
1113008623	718
1113008623	718
1113008623	734
1113008623	765
1113008623	765
1113008623	765
1113008623	765
1113008623	765
1113008623	781
1113008623	781
1113008623	796
1113008623	796
1113008623	812
1113008623	812
1113008623	828
1113008623	828
1113008623	843
1113008623	843
1113008623	859
1113008623	859
1113008623	875
1113008623	875
1113008623	890
1113008623	890
1113008623	906
1113008623	906
1113008623	921
1113008623	921
1113008623	937
1113008623	937
1113008623	953
1113008623	984
1113008623	984
1113008623	984
1113008623	984
1113008623	984
1113008624	0
1113008624	0
1113008624	15
1113008624	15
1113008624	31
1113008624	31
1113008624	46
1113008624	46
1113008624	62
1113008624	62
1113008624	78
1113008624	78
1113008624	93
1113008624	93
1113008624	109
1113008624	109
1113008624	125
1113008624	125
1113008624	140
1113008624	140
1113008624	156
1113008624	156
1113008624	171
1113008624	203
1113008624	203
1113008624	203
1113008624	203
1113008624	203
1113008624	218
1113008624	218
1113008624	234
1113008624	234
1113008624	250
1113008624	250
1113008624	265
1113008624	265
1113008624	281
1113008624	281
1113008624	296
1113008624	296
1113008624	312
1113008624	312
1113008624	328
1113008624	328
1113008624	343
1113008624	343
1113008624	359
1113008624	359
1113008624	375
1113008624	375
1113008624	390
1113008624	421
1113008624	421
1113008624	421
1113008624	421
1113008624	421
1113008624	437
1113008624	437
1113008624	453
1113008624	453
1113008624	468
1113008624	468
1113008624	484
1113008624	484
1113008624	500
1113008624	500
1113008624	515
1113008624	515
1113008624	531
1113008624	531
1113008624	546
1113008624	546
1113008624	562
1113008624	562
1113008624	578
1113008624	578
1113008624	593
1113008624	593
1113008624	609
1113008624	640
1113008624	640
1113008624	640
1113008624	640
1113008624	640
1113008624	656
1113008624	656
1113008624	671
1113008624	671
1113008624	687
1113008624	687
1113008624	703
1113008624	703
1113008624	718
1113008624	718
1113008624	734
1113008624	734
1113008624	750
1113008624	750
1113008624	765
1113008624	765
1113008624	781
1113008624	781
1113008624	796
1113008624	796
1113008624	812
1113008624	812
1113008624	828
1113008624	859
1113008624	859
1113008624	859
1113008624	859
1113008624	859
1113008624	875
1113008624	875
1113008624	890
1113008624	890
1113008624	906
1113008624	906
1113008624	921
1113008624	921
1113008624	937
1113008624	937
1113008624	953
1113008624	953
1113008624	968
1113008624	968
1113008624	984
1113008624	984
1113008625	0
1113008625	0
1113008625	15
1113008625	15
1113008625	31
1113008625	31
1113008625	46
1113008625	78
1113008625	78
1113008625	78
1113008625	78
1113008625	78
1113008625	93
1113008625	93
1113008625	109
1113008625	109
1113008625	125
1113008625	125
1113008625	140
1113008625	140
1113008625	156
1113008625	156
1113008625	171
1113008625	171
1113008625	187
1113008625	187
1113008625	203
1113008625	203
1113008625	218
1113008625	218
1113008625	234
1113008625	234
1113008625	250
1113008625	250
1113008625	265
1113008625	296
1113008625	296
1113008625	296
1113008625	296
1113008625	296
1113008625	312
1113008625	312
1113008625	328
1113008625	328
1113008625	343
1113008625	343
1113008625	359
1113008625	359
1113008625	375
1113008625	375
1113008625	390
1113008625	390
1113008625	406
1113008625	406
1113008625	421
1113008625	421
1113008625	437
1113008625	437
1113008625	453
1113008625	453
1113008625	468
1113008625	468
1113008625	484
1113008625	484
1113008625	500
1113008625	500
1113008625	515
1113008625	515
1113008625	531
1113008625	531
1113008625	546
1113008625	546
1113008625	562
1113008625	562
1113008625	578
1113008625	578
1113008625	593
1113008625	625
1113008625	625
1113008625	625
1113008625	625
1113008625	625
1113008625	640
1113008625	640
1113008625	656
1113008625	656
1113008625	671
1113008625	671
1113008625	687
1113008625	687
1113008625	703
1113008625	703
1113008625	718
1113008625	718
1113008625	734
1113008625	734
1113008625	750
1113008625	750
1113008625	765
1113008625	765
1113008625	781
1113008625	781
1113008625	796
1113008625	796
1113008625	812
1113008625	843
1113008625	843
1113008625	843
1113008625	843
1113008625	843
1113008625	859
1113008625	859
1113008625	875
1113008625	875
1113008625	890
1113008625	890
1113008625	906
1113008625	906
1113008625	921
1113008625	921
1113008625	937
1113008625	937
1113008625	953
1113008625	953
1113008625	968
1113008625	968
1113008625	984
1113008625	984
1113008626	0
1113008626	0
1113008626	15
1113008626	15
1113008626	31
1113008626	62
1113008626	62
1113008626	62
1113008626	62
1113008626	62
1113008626	78
1113008626	78
1113008626	93
1113008626	93
1113008626	109
1113008626	109
1113008626	125
1113008626	125
1113008626	140
1113008626	140
1113008626	156
1113008626	156
1113008626	171
1113008626	171
1113008626	187
1113008626	187
1113008626	203
1113008626	203
1113008626	218
1113008626	218
1113008626	234
1113008626	234
1113008626	250
1113008626	281
1113008626	281
1113008626	281
1113008626	281
1113008626	281
1113008626	296
1113008626	296
1113008626	312
1113008626	312
1113008626	328
1113008626	328
1113008626	343
1113008626	343
1113008626	359
1113008626	359
1113008626	375
1113008626	375
1113008626	390
1113008626	390
1113008626	406
1113008626	406
1113008626	421
1113008626	421
1113008626	437
1113008626	437
1113008626	453
1113008626	453
1113008626	468
1113008626	500
1113008626	500
1113008626	500
1113008626	500
1113008626	500
1113008626	515
1113008626	515
1113008626	531
1113008626	531
1113008626	546
1113008626	546
1113008626	562
1113008626	562
1113008626	578
1113008626	578
1113008626	593
1113008626	593
1113008626	609
1113008626	609
1113008626	625
1113008626	625
1113008626	640
1113008626	640
1113008626	656
1113008626	656
1113008626	671
1113008626	671
1113008626	687
1113008626	687
1113008626	703
1113008626	703
1113008626	718
1113008626	718
1113008626	734
1113008626	734
1113008626	750
1113008626	750
1113008626	765
1113008626	765
1113008626	781
1113008626	781
1113008626	796
1113008626	828
1113008626	828
1113008626	828
1113008626	828
1113008626	828
1113008626	843
1113008626	843
1113008626	859
1113008626	859
1113008626	875
1113008626	875
1113008626	890
1113008626	890
1113008626	906
1113008626	906
1113008626	921
1113008626	921
1113008626	937
1113008626	937
1113008626	953
1113008626	953
1113008626	968
1113008626	968
1113008626	984
1113008626	984
1113008627	0
1113008627	0
1113008627	15
1113008627	46
1113008627	46
1113008627	46
1113008627	46
1113008627	46
1113008627	62
1113008627	62
1113008627	78
1113008627	78
1113008627	93
1113008627	93
1113008627	109
1113008627	109
1113008627	125
1113008627	125
1113008627	140
1113008627	140
1113008627	156
1113008627	156
1113008627	171
1113008627	171
1113008627	187
1113008627	187
1113008627	203
1113008627	203
1113008627	218
1113008627	218
1113008627	234
1113008627	265
1113008627	265
1113008627	265
1113008627	265
1113008627	265
1113008627	281
1113008627	281
1113008627	296
1113008627	296
1113008627	312
1113008627	312
1113008627	328
1113008627	328
1113008627	343
1113008627	343
1113008627	359
1113008627	359
1113008627	375
1113008627	375
1113008627	390
1113008627	390
1113008627	406
1113008627	406
1113008627	421
1113008627	421
1113008627	437
1113008627	437
1113008627	453
1113008627	484
1113008627	484
1113008627	484
1113008627	484
1113008627	484
1113008627	500
1113008627	500
1113008627	515
1113008627	515
1113008627	531
1113008627	531
1113008627	546
1113008627	546
1113008627	562
1113008627	562
1113008627	578
1113008627	578
1113008627	593
1113008627	593
1113008627	609
1113008627	609
1113008627	625
1113008627	625
1113008627	640
1113008627	640
1113008627	656
1113008627	656
1113008627	671
1113008627	703
1113008627	703
1113008627	703
1113008627	703
1113008627	703
1113008627	718
1113008627	718
1113008627	734
1113008627	734
1113008627	750
1113008627	750
1113008627	765
1113008627	765
1113008627	781
1113008627	781
1113008627	796
1113008627	796
1113008627	812
1113008627	812
1113008627	828
1113008627	828
1113008627	843
1113008627	843
1113008627	859
1113008627	859
1113008627	875
1113008627	875
1113008627	890
1113008627	921
1113008627	921
1113008627	921
1113008627	921
1113008627	921
1113008627	937
1113008627	937
1113008627	953
1113008627	953
1113008627	968
1113008627	968
1113008627	984
1113008627	984
1113008628	0
1113008628	0
1113008628	15
1113008628	15
1113008628	31
1113008628	31
1113008628	46
1113008628	46
1113008628	62
1113008628	62
1113008628	78
1113008628	78
1113008628	93
1113008628	93
1113008628	109
1113008628	140
1113008628	140
1113008628	140
1113008628	140
1113008628	140
1113008628	156
1113008628	156
1113008628	171
1113008628	171
1113008628	187
1113008628	187
1113008628	203
1113008628	203
1113008628	218
1113008628	218
1113008628	234
1113008628	234
1113008628	250
1113008628	250
1113008628	265
1113008628	265
1113008628	281
1113008628	281
1113008628	296
1113008628	296
1113008628	312
1113008628	312
1113008628	328
1113008628	359
1113008628	359
1113008628	359
1113008628	359
1113008628	359
1113008628	375
1113008628	375
1113008628	390
1113008628	390
1113008628	406
1113008628	406
1113008628	421
1113008628	421
1113008628	437
1113008628	437
1113008628	453
1113008628	453
1113008628	468
1113008628	468
1113008628	484
1113008628	484
1113008628	500
1113008628	500
1113008628	515
1113008628	515
1113008628	531
1113008628	531
1113008628	546
1113008628	578
1113008628	578
1113008628	578
1113008628	578
1113008628	578
1113008628	593
1113008628	593
1113008628	609
1113008628	609
1113008628	625
1113008628	625
1113008628	640
1113008628	640
1113008628	656
1113008628	656
1113008628	671
1113008628	671
1113008628	687
1113008628	687
1113008628	703
1113008628	703
1113008628	718
1113008628	718
1113008628	734
1113008628	734
1113008628	750
1113008628	750
1113008628	765
1113008628	796
1113008628	796
1113008628	796
1113008628	796
1113008628	796
1113008628	812
1113008628	812
1113008628	828
1113008628	828
1113008628	843
1113008628	843
1113008628	859
1113008628	859
1113008628	875
1113008628	875
1113008628	890
1113008628	890
1113008628	906
1113008628	906
1113008628	921
1113008628	921
1113008628	937
1113008628	937
1113008628	953
1113008628	953
1113008628	968
1113008628	968
1113008628	984
1113008628	984
1113008629	0
1113008629	0
1113008629	15
1113008629	15
1113008629	31
1113008629	31
1113008629	46
1113008629	46
1113008629	62
1113008629	62
1113008629	78
1113008629	78
1113008629	93
1113008629	125
1113008629	125
1113008629	125
1113008629	125
1113008629	125
1113008629	140
1113008629	140
1113008629	156
1113008629	156
1113008629	171
1113008629	171
1113008629	187
1113008629	187
1113008629	203
1113008629	203
1113008629	218
1113008629	218
1113008629	234
1113008629	234
1113008629	250
1113008629	250
1113008629	265
1113008629	265
1113008629	281
1113008629	281
1113008629	296
1113008629	296
1113008629	312
1113008629	343
1113008629	343
1113008629	343
1113008629	343
1113008629	343
1113008629	359
1113008629	359
1113008629	375
1113008629	375
1113008629	390
1113008629	390
1113008629	406
1113008629	406
1113008629	421
1113008629	421
1113008629	437
1113008629	437
1113008629	453
1113008629	453
1113008629	468
1113008629	468
1113008629	484
1113008629	484
1113008629	500
1113008629	500
1113008629	515
1113008629	515
1113008629	531
1113008629	562
1113008629	562
1113008629	562
1113008629	562
1113008629	562
1113008629	578
1113008629	578
1113008629	593
1113008629	593
1113008629	609
1113008629	609
1113008629	625
1113008629	625
1113008629	640
1113008629	640
1113008629	656
1113008629	656
1113008629	671
1113008629	671
1113008629	687
1113008629	687
1113008629	703
1113008629	703
1113008629	718
1113008629	718
1113008629	734
1113008629	734
1113008629	750
1113008629	781
1113008629	781
1113008629	781
1113008629	781
1113008629	781
1113008629	796
1113008629	796
1113008629	812
1113008629	812
1113008629	828
1113008629	828
1113008629	843
1113008629	843
1113008629	859
1113008629	859
1113008629	875
1113008629	875
1113008629	890
1113008629	890
1113008629	906
1113008629	906
1113008629	921
1113008629	921
1113008629	937
1113008629	937
1113008629	953
1113008629	953
1113008629	968
1113008630	0
1113008630	0
1113008630	0
1113008630	0
1113008630	0
1113008630	15
1113008630	15
1113008630	31
1113008630	31
1113008630	46
1113008630	46
1113008630	62
1113008630	62
1113008630	78
1113008630	78
1113008630	93
1113008630	93
1113008630	109
1113008630	109
1113008630	125
1113008630	125
1113008630	140
1113008630	140
1113008630	156
1113008630	156
1113008630	171
1113008630	171
1113008630	187
1113008630	187
1113008630	203
1113008630	203
1113008630	218
1113008630	218
1113008630	234
1113008630	234
1113008630	250
1113008630	250
1113008630	265
1113008630	265
1113008630	281
1113008630	281
1113008630	296
1113008630	328
1113008630	328
1113008630	328
1113008630	328
1113008630	328
1113008630	343
1113008630	343
1113008630	359
1113008630	359
1113008630	375
1113008630	375
1113008630	390
1113008630	390
1113008630	406
1113008630	406
1113008630	421
1113008630	421
1113008630	437
1113008630	437
1113008630	453
1113008630	453
1113008630	468
1113008630	468
1113008630	484
1113008630	484
1113008630	500
1113008630	500
1113008630	515
1113008630	546
1113008630	546
1113008630	546
1113008630	546
1113008630	546
1113008630	562
1113008630	562
1113008630	578
1113008630	578
1113008630	593
1113008630	593
1113008630	609
1113008630	609
1113008630	625
1113008630	625
1113008630	640
1113008630	640
1113008630	656
1113008630	656
1113008630	671
1113008630	671
1113008630	687
1113008630	687
1113008630	703
1113008630	703
1113008630	718
1113008630	718
1113008630	734
1113008630	765
1113008630	765
1113008630	765
1113008630	765
1113008630	765
1113008630	781
1113008630	781
1113008630	796
1113008630	796
1113008630	812
1113008630	812
1113008630	828
1113008630	828
1113008630	843
1113008630	843
1113008630	859
1113008630	859
1113008630	875
1113008630	875
1113008630	890
1113008630	890
1113008630	906
1113008630	906
1113008630	921
1113008630	921
1113008630	937
1113008630	937
1113008630	953
1113008630	984
1113008630	984
1113008630	984
1113008630	984
1113008630	984
1113008631	0
1113008631	0
1113008631	15
1113008631	15
1113008631	31
1113008631	31
1113008631	46
1113008631	46
1113008631	62
1113008631	62
1113008631	78
1113008631	78
1113008631	93
1113008631	93
1113008631	109
1113008631	109
1113008631	125
1113008631	125
1113008631	140
1113008631	140
1113008631	156
1113008631	156
1113008631	171
1113008631	203
1113008631	203
1113008631	203
1113008631	203
1113008631	203
1113008631	218
1113008631	218
1113008631	234
1113008631	234
1113008631	250
1113008631	250
1113008631	265
1113008631	265
