    0.000000
    0.000000
    0.000000
    0.000000
    0.000000
    0.000000
    0.000000
    0.000000
    0.000000
    0.000000
    0.000000
    0.000000
    0.000000
    0.000000
    0.000000
    0.000000
    0.000000
    0.000000
    0.000000
    0.000000
    0.000000
    0.000001
    0.000001
    0.000001
    0.000001
    0.000002
    0.000002
    0.000003
    0.000003
    0.000004
    0.000005
    0.000006
    0.000007
    0.000009
    0.000010
    0.000012
    0.000014
    0.000017
    0.000019
    0.000022
    0.000026
    0.000030
    0.000034
    0.000039
    0.000045
    0.000051
    0.000058
    0.000065
    0.000074
    0.000083
    0.000093
    0.000105
    0.000117
    0.000130
    0.000145
    0.000161
    0.000179
    0.000198
    0.000219
    0.000242
    0.000266
    0.000293
    0.000322
    0.000352
    0.000386
    0.000422
    0.000460
    0.000502
    0.000546
    0.000594
    0.000645
    0.000700
    0.000758
    0.000821
    0.000887
    0.000958
    0.001034
    0.001114
    0.001199
    0.001290
    0.001386
    0.001488
    0.001596
    0.001710
    0.001831
    0.001959
    0.002094
    0.002237
    0.002387
    0.002546
    0.002713
    0.002889
    0.003075
    0.003270
    0.003475
    0.003690
    0.003916
    0.004153
    0.004402
    0.004663
    0.004937
    0.005223
    0.005523
    0.005836
    0.006164
    0.006507
    0.006865
    0.007239
    0.007630
    0.008037
    0.008462
    0.008905
    0.009367
    0.009848
    0.010349
    0.010870
    0.011413
    0.011977
    0.012564
    0.013174
    0.013807
    0.014465
    0.015148
    0.015857
    0.016593
    0.017356
    0.018147
    0.018968
    0.019817
    0.020698
    0.021609
    0.022553
    0.023530
    0.024541
    0.025586
    0.026667
    0.027785
    0.028940
    0.030133
    0.031366
    0.032639
    0.033953
    0.035309
    0.036709
    0.038152
    0.039641
    0.041177
    0.042759
    0.044390
    0.046071
    0.047802
    0.049585
    0.051421
    0.053311
    0.055256
    0.057257
    0.059316
    0.061434
    0.063612
    0.065850
    0.068152
    0.070517
    0.072946
    0.075443
    0.078006
    0.080639
    0.083342
    0.086116
    0.088964
    0.091885
    0.094883
    0.097957
    0.101110
    0.104343
    0.107657
    0.111054
    0.114536
    0.118103
    0.121758
    0.125501
    0.129335
    0.133261
    0.137280
    0.141394
    0.145605
    0.149914
    0.154323
    0.158833
    0.163446
    0.168164
    0.172988
    0.177921
    0.182962
    0.188116
    0.193382
    0.198764
    0.204261
    0.209877
    0.215613
    0.221471
    0.227453
    0.233559
    0.239793
    0.246156
    0.252649
    0.259275
    0.266035
    0.272932
    0.279967
    0.287141
    0.294458
    0.301918
    0.309523
    0.317276
    0.325179
    0.333232
    0.341439
    0.349801
    0.358320
    0.366998
    0.375836
    0.384838
    0.394004
    0.403338
    0.412840
    0.422512
    0.432358
    0.442378
    0.452574
    0.462950
    0.473506
    0.484244
    0.495168
    0.506278
    0.517576
    0.529066
    0.540748
    0.552624
    0.564698
    0.576970
    0.589443
    0.602118
    0.614998
    0.628086
    0.641382
    0.654888
    0.668608
    0.682543
    0.696694
    0.711064
    0.725655
    0.740469
    0.755508
    0.770774
    0.786268
    0.801994
    0.817952
    0.834145
    0.850575
    0.867243
    0.884152
    0.901304
    0.918701
    0.936344
    0.954235
    0.972377
    0.990771
    1.009419
    1.028323
    1.047485
    1.066907
    1.086591
    1.106538
    1.126750
    1.147230
    1.167978
    1.188998
    1.210289
    1.231855
    1.253697
    1.275817
    1.298217
    1.320897
    1.343860
    1.367108
    1.390642
    1.414464
    1.438575
    1.462977
    1.487672
    1.512661
    1.537945
    1.563527
    1.589407
    1.615588
    1.642070
    1.668855
    1.695944
    1.723339
    1.751041
    1.779051
    1.807371
    1.836002
    1.864945
    1.894202
    1.923773
    1.953659
    1.983863
    2.014384
    2.045225
    2.076385
    2.107866
    2.139670
    2.171796
    2.204246
    2.237021
    2.270121
    2.303547
    2.337301
    2.371382
    2.405792
    2.440530
    2.475599
    2.510998
    2.546727
    2.582788
    2.619181
    2.655905
    2.692963
    2.730353
    2.768076
    2.806133
    2.844523
    2.883247
    2.922305
    2.961697
    3.001423
    3.041482
    3.081876
    3.122603
    3.163663
    3.205057
    3.246784
    3.288844
    3.331236
    3.373960
    3.417015
    3.460401
    3.504118
    3.548164
    3.592539
    3.637242
    3.682272
    3.727630
    3.773312
    3.819320
    3.865651
    3.912305
    3.959280
    4.006575
    4.054189
    4.102120
    4.150368
    4.198930
    4.247806
    4.296993
    4.346490
    4.396295
    4.446407
    4.496824
    4.547543
    4.598563
    4.649881
    4.701496
    4.753405
    4.805607
    4.858098
    4.910877
    4.963941
    5.017287
    5.070913
    5.124816
    5.178994
    5.233443
    5.288161
    5.343144
    5.398390
    5.453896
    5.509658
    5.565673
    5.621938
    5.678449
    5.735203
    5.792196
    5.849425
    5.906885
    5.964573
    6.022486
    6.080618
    6.138967
    6.197527
    6.256295
    6.315266
    6.374436
    6.433800
    6.493355
    6.553094
    6.613014
    6.673110
    6.733376
    6.793808
    6.854401
    6.915149
    6.976047
    7.037090
    7.098273
    7.159589
    7.221034
    7.282602
    7.344286
    7.406081
    7.467981
    7.529980
    7.592072
    7.654251
    7.716509
    7.778841
    7.841241
    7.903701
    7.966215
    8.028776
    8.091378
    8.154012
    8.216673
    8.279353
    8.342044
    8.404740
    8.467433
    8.530115
    8.592779
    8.655417
    8.718021
    8.780583
    8.843095
    8.905549
    8.967938
    9.030251
    9.092482
    9.154622
    9.216661
    9.278592
    9.340406
    9.402093
    9.463644
    9.525051
    9.586305
    9.647396
    9.708314
    9.769051
    9.829596
    9.889940
    9.950074
   10.009987
   10.069670
   10.129112
   10.188303
   10.247233
   10.305893
   10.364270
   10.422355
   10.480137
   10.537606
   10.594750
   10.651559
   10.708022
   10.764128
   10.819865
   10.875222
   10.930188
   10.984751
   11.038900
   11.092624
   11.145910
   11.198746
   11.251121
   11.303023
   11.354439
   11.405358
   11.455767
   11.505654
   11.555006
   11.603810
   11.652055
   11.699728
   11.746815
   11.793303
   11.839181
   11.884434
   11.929050
   11.973015
   12.016316
   12.058940
   12.100873
   12.142102
   12.182613
   12.222392
   12.261426
   12.299701
   12.337202
   12.373916
   12.409829
   12.444927
   12.479194
   12.512618
   12.545184
   12.576876
   12.607682
   12.637585
   12.666572
   12.694628
   12.721738
   12.747887
   12.773061
   12.797243
   12.820420
   12.842576
   12.863696
   12.883765
   12.902768
   12.920689
   12.937513
   12.953225
   12.967808
   12.981249
   12.993530
   13.004637
   13.014553
   13.023263
   13.030752
   13.037004
   13.042002
   13.045731
   13.048175
   13.049318
   13.049144
   13.047637
   13.044781
   13.040561
   13.034959
   13.027960
   13.019548
   13.009707
   12.998420
   12.985671
   12.971444
   12.955723
   12.938492
   12.919734
   12.899433
   12.877572
   12.854137
   12.829109
   12.802474
   12.774215
   12.744315
   12.712758
   12.679528
   12.644609
   12.607984
   12.569638
   12.529554
   12.487715
   12.444107
   12.398712
   12.351514
   12.302498
   12.251647
   12.198945
   12.144377
   12.087926
   12.029576
   11.969311
   11.907117
   11.842976
   11.776873
   11.708792
   11.638718
   11.566635
   11.492528
   11.416381
   11.338179
   11.257906
   11.175546
   11.091086
   11.004510
   10.915802
   10.824948
   10.731932
   10.636741
   10.539359
   10.439771
   10.337964
   10.233922
   10.127632
   10.019079
    9.908248
    9.795127
    9.679700
    9.561955
    9.441877
    9.319453
    9.194670
    9.067514
    8.937972
    8.806031
    8.671678
    8.534900
    8.395685
    8.254020
    8.109893
    7.963292
    7.814205
    7.662619
    7.508523
    7.351906
    7.192756
    7.031062
    6.866813
    6.699999
    6.530607
    6.358629
    6.184054
    6.006871
    5.827071
    5.644644
    5.459580
    5.271871
    5.081507
    4.888480
    4.692780
    4.494400
    4.293331
    4.089566
    3.883095
    3.673913
    3.462012
    3.247384
    3.030024
    2.809924
    2.587078
    2.361481
    2.133127
    1.902009
    1.668124
    1.431466
    1.192030
    0.949813
    0.704809
    0.457016
    0.206430
   -0.046952
   -0.303134
   -0.562117
   -0.823904
   -1.088497
   -1.355898
   -1.626107
   -1.899126
   -2.174955
   -2.453595
   -2.735046
   -3.019307
   -3.306377
   -3.596256
   -3.888942
   -4.184433
   -4.482727
   -4.783821
   -5.087714
   -5.394400
   -5.703877
   -6.016141
   -6.331188
   -6.649011
   -6.969607
   -7.292969
   -7.619093
   -7.947970
   -8.279595
   -8.613959
   -8.951057
   -9.290878
   -9.633416
   -9.978660
  -10.326602
  -10.677232
  -11.030539
  -11.386513
  -11.745142
  -12.106415
  -12.470320
  -12.836845
  -13.205975
  -13.577699
  -13.952001
  -14.328867
  -14.708283
  -15.090233
  -15.474701
  -15.861671
  -16.251125
  -16.643047
  -17.037418
  -17.434220
  -17.833434
  -18.235041
  -18.639020
  -19.045351
  -19.454014
  -19.864985
  -20.278244
  -20.693768
  -21.111533
  -21.531516
  -21.953692
  -22.378036
  -22.804524
  -23.233129
  -23.663824
  -24.096582
  -24.531376
  -24.968177
  -25.406957
  -25.847686
  -26.290334
  -26.734870
  -27.181263
  -27.629482
  -28.079493
  -28.531265
  -28.984762
  -29.439952
  -29.896798
  -30.355266
  -30.815319
  -31.276922
  -31.740035
  -32.204622
  -32.670644
  -33.138061
  -33.606834
  -34.076922
  -34.548284
  -35.020878
  -35.494662
  -35.969592
  -36.445625
  -36.922717
  -37.400821
  -37.879893
  -38.359886
  -38.840753
  -39.322447
  -39.804918
  -40.288118
  -40.771996
  -41.256504
  -41.741588
  -42.227199
  -42.713282
  -43.199785
  -43.686655
  -44.173836
  -44.661273
  -45.148911
  -45.636693
  -46.124561
  -46.612457
  -47.100324
  -47.588101
  -48.075728
  -48.563145
  -49.050289
  -49.537100
  -50.023514
  -50.509467
  -50.994895
  -51.479734
  -51.963917
  -52.447378
  -52.930050
  -53.411865
  -53.892754
  -54.372649
  -54.851480
  -55.329175
  -55.805663
  -56.280874
  -56.754732
  -57.227166
  -57.698101
  -58.167463
  -58.635175
  -59.101161
  -59.565345
  -60.027648
  -60.487993
  -60.946300
  -61.402490
  -61.856482
  -62.308195
  -62.757547
  -63.204456
  -63.648838
  -64.090609
  -64.529686
  -64.965982
  -65.399412
  -65.829889
  -66.257326
  -66.681634
  -67.102726
  -67.520511
  -67.934901
  -68.345803
  -68.753128
  -69.156782
  -69.556674
  -69.952710
  -70.344796
  -70.732838
  -71.116741
  -71.496408
  -71.871743
  -72.242649
  -72.609029
  -72.970784
  -73.327816
  -73.680024
  -74.027309
  -74.369569
  -74.706704
  -75.038612
  -75.365190
  -75.686335
  -76.001943
  -76.311911
  -76.616133
  -76.914504
  -77.206918
  -77.493270
  -77.773451
  -78.047355
  -78.314873
  -78.575897
  -78.830319
  -79.078027
  -79.318913
  -79.552866
  -79.779775
  -79.999529
  -80.212015
  -80.417121
  -80.614735
  -80.804743
  -80.987032
  -81.161487
  -81.327994
  -81.486438
  -81.636703
  -81.778675
  -81.912237
  -82.037272
  -82.153663
  -82.261295
  -82.360048
  -82.449806
  -82.530450
  -82.601862
  -82.663923
  -82.716514
  -82.759516
  -82.792809
  -82.816274
  -82.829790
  -82.833237
  -82.826495
  -82.809443
  -82.781960
  -82.743926
  -82.695218
  -82.635717
  -82.565299
  -82.483843
  -82.391229
  -82.287333
  -82.172035
  -82.045211
  -81.906740
  -81.756500
  -81.594369
  -81.420224
  -81.233944
  -81.035405
  -80.824487
  -80.601067
  -80.365022
  -80.116232
  -79.854574
  -79.579926
  -79.292166
  -78.991174
  -78.676828
  -78.349007
  -78.007589
  -77.652454
  -77.283481
  -76.900550
  -76.503542
  -76.092335
  -75.666810
  -75.226849
  -74.772332
  -74.303141
  -73.819158
  -73.320264
  -72.806343
  -72.277277
  -71.732950
  -71.173246
  -70.598049
  -70.007244
  -69.400716
  -68.778351
  -68.140036
  -67.485658
  -66.815104
  -66.128263
  -65.425024
  -64.705275
  -63.968908
  -63.215814
  -62.445883
  -61.659008
  -60.855084
  -60.034002
  -59.195659
  -58.339950
  -57.466770
  -56.576019
  -55.667594
  -54.741393
  -53.797318
  -52.835269
  -51.855148
  -50.856858
  -49.840304
  -48.805391
  -47.752025
  -46.680113
  -45.589564
  -44.480287
  -43.352194
  -42.205197
  -41.039209
  -39.854144
  -38.649918
  -37.426450
  -36.183656
  -34.921458
  -33.639775
  -32.338532
  -31.017653
  -29.677062
  -28.316687
  -26.936457
  -25.536301
  -24.116153
  -22.675944
  -21.215610
  -19.735089
  -18.234317
  -16.713235
  -15.171785
  -13.609910
  -12.027557
  -10.424671
   -8.801203
   -7.157103
   -5.492323
   -3.806819
   -2.100548
   -0.373467
    1.374461
    3.143275
    4.933009
    6.743697
    8.575369
   10.428054
   12.301778
   14.196566
   16.112440
   18.049420
   20.007522
   21.986763
   23.987154
   26.008705
   28.051426
   30.115321
   32.200393
   34.306642
   36.434067
   38.582662
   40.752420
   42.943332
   45.155383
   47.388560
   49.642843
   51.918212
   54.214643
   56.532110
   58.870583
   61.230030
   63.610416
   66.011702
   68.433848
   70.876809
   73.340538
   75.824984
   78.330096
   80.855815
   83.402082
   85.968835
   88.556007
   91.163529
   93.791329
   96.439330
   99.107453
  101.795616
  104.503732
  107.231712
  109.979463
  112.746889
  115.533889
  118.340361
  121.166196
  124.011284
  126.875511
  129.758759
  132.660906
  135.581826
  138.521391
  141.479466
  144.455916
  147.450599
  150.463371
  153.494083
  156.542583
  159.608715
  162.692318
  165.793227
  168.911275
  172.046288
  175.198090
  178.366500
  181.551333
  184.752400
  187.969508
  191.202459
  194.451051
  197.715078
  200.994329
  204.288590
  207.597642
  210.921260
  214.259217
  217.611280
  220.977213
  224.356773
  227.749716
  231.155790
  234.574740
  238.006307
  241.450226
  244.906228
  248.374040
  251.853384
1002	71
  255.343976
  258.845528
  262.357749
  265.880341
  269.413002
  272.955425
  276.507298
  280.068305
  283.638124
  287.216429
  290.802889
  294.397168
  297.998924
  301.607812
  305.223480
  308.845572
  312.473727
  316.107580
  319.746758
  323.390886
  327.039582
  330.692461
  334.349129
  338.009192
  341.672246
  345.337886
  349.005698
  352.675266
  356.346168
  360.017975
  363.690255
  367.362570
  371.034476
  374.705526
  378.375265
  382.043234
  385.708969
  389.372001
  393.031855
  396.688050
  400.340103
  403.987521
  407.629809
  411.266466
  414.896985
  418.520855
  422.137559
  425.746574
  429.347373
  432.939423
  436.522185
  440.095116
  443.657668
  447.209286
  450.749412
  454.277479
  457.792919
  461.295156
  464.783611
  468.257696
  471.716822
  475.160393
  478.587806
  481.998456
  485.391730
  488.767012
  492.123680
  495.461106
  498.778658
  502.075698
  505.351584
  508.605668
  511.837297
  515.045813
  518.230554
  521.390851
  524.526030
  527.635416
  530.718323
  533.774065
  536.801949
  539.801277
  542.771346
  545.711449
  548.620875
  551.498905
  554.344819
  557.157890
  559.937387
  562.682574
  565.392711
  568.067052
  570.704849
  573.305348
  575.867789
  578.391410
  580.875444
  583.319119
  585.721659
  588.082283
  590.400208
  592.674644
  594.904800
  597.089877
  599.229074
  601.321588
  603.366609
  605.363324
  607.310917
  609.208567
  611.055449
  612.850737
  614.593599
  616.283198
  617.918698
  619.499256
  621.024027
  622.492161
  623.902806
  625.255109
  626.548209
  627.781246
  628.953356
  630.063670
  631.111319
  632.095430
  633.015126
  633.869530
  634.657761
  635.378934
  636.032165
  636.616564
  637.131242
  637.575305
  637.947859
  638.248007
  638.474850
  638.627487
  638.705017
  638.706535
  638.631136
  638.477912
  638.245955
  637.934355
  637.542201
  637.068581
  636.512581
  635.873288
  635.149786
  634.341160
  633.446494
  632.464870
  631.395372
  630.237082
  628.989081
  627.650454
  626.220280
  624.697644
  623.081626
  621.371311
  619.565781
  617.664121
  615.665415
  613.568748
  611.373208
  609.077881
  606.681856
  604.184223
  601.584073
  598.880500
  596.072597
  593.159463
  590.140194
  587.013891
  583.779658
  580.436599
  576.983821
  573.420435
  569.745555
  565.958294
  562.057774
  558.043115
  553.913442
  549.667886
  545.305578
  540.825655
  536.227257
  531.509528
  526.671616
  521.712675
  516.631861
  511.428338
  506.101271
  500.649833
  495.073201
  489.370557
  483.541089
  477.583991
  471.498462
  465.283707
  458.938938
  452.463373
  445.856236
  439.116757
  432.244175
  425.237734
  418.096686
  410.820291
  403.407815
  395.858533
  388.171727
  380.346688
  372.382714
  364.279113
  356.035200
  347.650300
  339.123746
  330.454881
  321.643057
  312.687636
  303.587989
  294.343498
  284.953553
  275.417557
  265.734922
  255.905071
  245.927438
  235.801467
  225.526616
  215.102351
  204.528153
  193.803513
  182.927935
  171.900934
  160.722038
  149.390790
  137.906743
  126.269464
  114.478534
  102.533547
   90.434111
   78.179848
   65.770393
   53.205399
   40.484529
   27.607464
   14.573899
    1.383543
  -11.963876
  -25.468618
  -39.130924
  -52.951023
  -66.929122
  -81.065417
  -95.360083
 -109.813280
 -124.425151
 -139.195821
 -154.125395
 -169.213965
 -184.461601
 -199.868355
 -215.434262
 -231.159338
 -247.043577
 -263.086959
 -279.289440
 -295.650957
 -312.171429
 -328.850754
 -345.688808
 -362.685448
 -379.840511
 -397.153810
 -414.625139
 -432.254270
 -450.040953
 -467.984916
 -486.085864
 -504.343481
 -522.757427
 -541.327340
 -560.052835
 -578.933503
 -597.968910
 -617.158602
 -636.502097
 -655.998890
 -675.648453
 -695.450232
 -715.403646
 -735.508093
 -755.762942
 -776.167539
 -796.721201
 -817.423222
 -838.272867
 -859.269378
 -880.411965
 -901.699816
 -923.132090
 -944.707916
 -966.426399
 -988.286615
-1010.287610
-1032.428405
-1054.707988
-1077.125323
-1099.679342
-1122.368948
-1145.193016
-1168.150389
-1191.239883
-1214.460282
-1237.810340
-1261.288780
-1284.894297
-1308.625550
-1332.481173
-1356.459764
-1380.559891
-1404.780090
-1429.118866
-1453.574691
-1478.146006
-1502.831216
-1527.628698
-1552.536792
-1577.553807
-1602.678018
-1627.907668
-1653.240964
-1678.676081
-1704.211158
-1729.844302
-1755.573584
-1781.397041
-1807.312675
-1833.318454
-1859.412310
-1885.592140
-1911.855804
-1938.201130
-1964.625906
-1991.127888
-2017.704793
-2044.354303
-2071.074064
-2097.861684
-2124.714736
-2151.630756
-2178.607241
-2205.641653
-2232.731416
-2259.873917
-2287.066506
-2314.306493
-2341.591154
-2368.917723
-2396.283398
-2423.685341
-2451.120672
-2478.586475
-2506.079795
-2533.597639
-2561.136973
-2588.694728
-2616.267793
-2643.853021
-2671.447223
-2699.047173
-2726.649605
-2754.251215
-2781.848657
-2809.438550
-2837.017469
-2864.581952
-2892.128497
-2919.653564
-2947.153571
-2974.624897
-3002.063882
-3029.466827
-3056.829991
-3084.149594
-3111.421819
-3138.642806
-3165.808656
-3192.915430
-3219.959151
-3246.935799
-3273.841319
-3300.671611
-3327.422539
-3354.089925
-3380.669553
-3407.157167
-3433.548470
-3459.839128
-3486.024766
-3512.100968
-3538.063283
-3563.907215
-3589.628235
-3615.221769
-3640.683208
-3666.007902
-3691.191164
-3716.228266
-3741.114443
-3765.844890
-3790.414765
-3814.819188
-3839.053239
-3863.111961
-3886.990359
-3910.683402
-3934.186018
-3957.493100
-3980.599504
-4003.500047
-4026.189512
-4048.662642
-4070.914147
-4092.938698
-4114.730930
-4136.285445
-4157.596807
-4178.659544
-4199.468151
-4220.017087
-4240.300777
-4260.313610
-4280.049942
-4299.504097
-4318.670362
-4337.542992
-4356.116211
-4374.384208
-4392.341140
-4409.981133
-4427.298281
-4444.286646
-4460.940259
-4477.253121
-4493.219203
-4508.832445
-4524.086758
-4538.976024
-4553.494096
-4567.634798
-4581.391927
-4594.759253
-4607.730516
-4620.299433
-4632.459692
-4644.204957
-4655.528865
-4666.425029
-4676.887039
-4686.908458
-4696.482828
-4705.603667
-4714.264471
-4722.458713
-4730.179848
-4737.421305
-4744.176497
-4750.438816
-4756.201633
-4761.458303
-4766.202162
-4770.426529
-4774.124704
-4777.289974
-4779.915607
-4781.994860
-4783.520972
-4784.487171
-4784.886670
-4784.712670
-4783.958362
-4782.616923
-4780.681523
-4778.145320
-4775.001463
-4771.243095
-4766.863350
-4761.855354
-4756.212230
-4749.927094
-4742.993057
-4735.403229
-4727.150713
-4718.228614
-4708.630033
-4698.348072
-4687.375832
-4675.706417
-4663.332933
-4650.248486
-4636.446190
-4621.919160
-4606.660519
-4590.663396
-4573.920925
-4556.426253
-4538.172531
-4519.152924
-4499.360606
-4478.788764
-4457.430597
-4435.279321
-4412.328162
-4388.570366
-4363.999194
-4338.607926
-4312.389861
-4285.338318
-4257.446635
-4228.708176
-4199.116325
-4168.664492
-4137.346112
-4105.154645
-4072.083582
-4038.126439
-4003.276765
-3967.528137
-3930.874166
-3893.308496
-3854.824805
-3815.416807
-3775.078252
-3733.802930
-3691.584667
-3648.417333
-3604.294836
-3559.211129
-3513.160210
-3466.136119
-3418.132946
-3369.144827
-3319.165948
-3268.190544
-3216.212904
-3163.227368
-3109.228331
-3054.210244
-2998.167616
-2941.095011
-2882.987057
-2823.838439
-2763.643908
-2702.398276
-2640.096422
-2576.733290
-2512.303894
-2446.803316
-2380.226709
-2312.569298
-2243.826383
-2173.993338
-2103.065614
-2031.038739
-1957.908321
-1883.670051
-1808.319701
-1731.853125
-1654.266266
-1575.555152
-1495.715899
-1414.744714
-1332.637897
-1249.391838
-1165.003023
-1079.468036
 -992.783556
 -904.946362
 -815.953335
 -725.801457
 -634.487816
 -542.009604
 -448.364121
 -353.548775
 -257.561085
 -160.398683
  -62.059312
   37.459165
  138.158774
  240.041417
  343.108880
  447.362824
  552.804788
  659.436185
  767.258303
  876.272299
  986.479201
 1097.879906
 1210.475175
 1324.265637
 1439.251782
 1555.433961
 1672.812387
 1791.387128
 1911.158110
 2032.125114
 2154.287774
 2277.645573
 2402.197846
 2527.943775
 2654.882387
 2783.012555
 2912.332993
 3042.842258
 3174.538743
 3307.420682
 3441.486143
 3576.733027
 3713.159069
 3850.761834
 3989.538716
 4129.486936
 4270.603540
 4412.885398
 4556.329202
 4700.931464
 4846.688515
 4993.596502
 5141.651388
 5290.848949
 5441.184772
 5592.654255
 5745.252603
 5898.974829
 6053.815750
 6209.769985
 6366.831957
 6524.995887
 6684.255794
 6844.605494
 7006.038597
 7168.548507
 7332.128419
 7496.771316
 7662.469972
 7829.216945
 7997.004579
 8165.825000
 8335.670117
 8506.531617
 8678.400967
 8851.269409
 9025.127961
 9199.967414
 9375.778331
 9552.551045
 9730.275658
 9908.942039
10088.539822
10269.058406
10450.486952
10632.814381
10816.029376
11000.120375
11185.075574
11370.882924
11557.530129
11745.004646
11933.293682
12122.384193
12312.262883
12502.916203
12694.330347
12886.491256
13079.384611
