-0.003487
0.026495
0.029060
0.023869
-0.000389
-0.001540
0.070085
0.075332
0.076535
0.052884
0.062283
0.059355
0.048244
0.048338
0.060695
0.051364
0.042167
0.048087
0.049550
0.049981
0.054559
0.055000
0.052272
0.054949
0.047594
0.055135
0.054063
0.046326
0.054940
0.047272
0.051671
0.033743
0.048028
0.040558
0.044486
0.042104
0.044679
0.054483
0.028825
0.048908
0.039642
0.035390
0.053580
0.043694
0.040993
0.036844
0.036736
0.046712
0.024412
0.023902
0.025454
0.026196
0.033014
0.025688
0.011167
0.039841
0.048839
0.009921
0.031178
0.023098
0.013088
0.022286
0.028855
0.027545
0.027356
0.014977
0.014772
-0.004065
-0.002246
0.002271
0.024947
0.008303
0.002474
0.013456
-0.008504
-0.001536
-0.011101
-0.006085
-0.000932
0.004159
-0.000219
-0.006053
0.016358
-0.003218
0.002913
-0.021797
-0.019931
-0.012284
-0.013842
-0.015861
-0.008747
-0.010531
-0.013232
-0.015353
-0.023194
-0.026814
-0.020378
-0.022321
-0.029836
-0.015482
-0.030544
-0.027105
-0.022451
-0.018011
-0.024281
-0.022157
-0.020433
-0.042779
-0.041491
-0.020894
-0.015393
-0.016295
-0.037881
-0.021782
-0.029065
-0.049252
-0.037439
-0.038035
-0.038794
-0.039451
-0.037283
-0.036861
-0.027383
-0.048885
-0.059114
-0.032891
-0.040633
-0.059822
-0.046670
-0.052999
-0.042094
-0.062446
-0.047740
-0.050223
-0.048215
-0.036084
-0.039337
-0.065463
-0.057692
-0.060489
-0.049281
-0.064757
-0.053290
-0.058048
-0.071155
-0.050399
-0.063630
-0.064178
-0.059483
-0.052737
-0.042938
-0.054152
-0.052024
-0.039676
-0.045178
-0.048849
-0.057990
-0.047994
-0.049760
-0.039129
-0.045481
-0.031479
-0.054133
-0.048598
-0.055644
-0.061417
-0.029574
-0.066056
-0.063124
-0.058007
-0.057202
-0.047900
-0.034253
-0.069479
-0.057760
-0.059546
-0.061218
-0.045039
-0.063596
-0.035674
-0.052470
-0.053451
-0.053388
-0.058914
-0.048384
-0.042376
-0.028517
-0.035770
-0.024850
-0.039141
-0.053030
-0.050496
-0.054485
-0.040914
-0.032060
-0.037380
-0.032801
-0.028392
-0.027751
-0.020982
-0.042061
-0.018924
-0.029006
-0.034457
-0.020737
-0.023296
-0.013101
-0.017539
-0.019999
-0.002952
0.001227
0.006147
-0.024943
-0.005475
-0.014509
-0.007901
-0.021114
-0.018520
-0.005079
-0.026263
-0.005716
-0.026442
-0.004735
-0.006324
0.004968
-0.003322
0.001497
-0.007198
0.001732
-0.005783
0.012413
0.007730
0.005069
0.002003
0.001902
0.004428
0.015077
0.016425
0.003856
0.024877
0.012075
0.005540
0.017569
0.005137
0.014502
0.015647
0.017030
0.014705
0.019454
0.024844
0.013256
0.025148
0.018850
0.026195
0.016560
0.035614
0.019421
0.019456
0.035288
0.031183
0.024704
0.032056
0.018445
0.037782
0.007528
0.030607
0.031260
0.019122
0.032560
0.026265
0.042159
0.037150
0.018514
0.016897
0.015752
0.036575
0.047524
0.031278
0.048729
0.045574
0.050429
0.060761
0.056594
0.043550
0.055750
0.053345
0.038830
0.042340
0.049442
0.049380
0.046957
0.052495
0.034745
0.050190
0.056856
0.047554
0.072347
0.063943
0.054808
0.066295
0.063188
0.062983
0.062606
0.040345
0.059818
0.057555
0.070069
0.060567
0.065958
0.054709
0.048468
0.064415
0.062717
0.060623
0.043881
0.046953
0.050015
0.050533
0.062131
0.044892
0.050418
0.053614
0.054049
0.059704
0.038592
0.053757
0.059821
0.044932
0.043594
0.045159
0.044785
0.045201
0.047344
0.054930
0.048540
0.052584
0.038720
0.035323
0.044058
0.043990
0.037415
0.028590
0.026732
0.024510
0.021511
0.028726
0.037394
0.026167
0.036676
0.041934
0.023703
0.024174
0.029499
0.041423
0.038999
0.015479
0.023198
0.026430
0.023235
0.026700
0.022556
0.021680
0.028115
0.017775
0.010358
0.016763
0.011201
0.022555
0.011200
0.022588
0.011369
-0.011608
0.003586
0.003284
0.002980
0.017604
-0.011304
0.001058
-0.003828
-0.011007
0.003957
-0.005547
-0.009759
-0.010977
0.013560
-0.001269
-0.007536
0.002274
-0.008948
-0.003422
-0.015725
-0.010604
-0.011373
-0.014761
-0.008272
-0.018176
-0.016871
-0.009488
-0.008951
-0.021284
-0.019693
-0.020468
-0.015408
-0.012484
-0.023501
-0.006522
-0.002581
0.003083
-0.012016
-0.034730
-0.041368
-0.018455
-0.049001
-0.025020
-0.025841
-0.026946
-0.028642
-0.032814
-0.027042
-0.043144
-0.042000
-0.043916
-0.021136
-0.041500
-0.037031
-0.057831
-0.051314
-0.052431
-0.059696
-0.045282
-0.056943
-0.058675
-0.054458
-0.048526
-0.052095
-0.055009
-0.049853
-0.064565
-0.054501
-0.072276
-0.048369
-0.050793
-0.044122
-0.067927
-0.060126
-0.051415
-0.059628
-0.066180
-0.037957
-0.051988
-0.062698
-0.063853
-0.061435
-0.041205
-0.051288
-0.053193
-0.049512
-0.048785
-0.045241
-0.059336
-0.065680
-0.056029
-0.056128
-0.064811
-0.055889
-0.037488
-0.061283
-0.055985
-0.064592
-0.065835
-0.068829
-0.056559
-0.069196
-0.083729
-0.072051
-0.058901
-0.052766
-0.046314
-0.048885
-0.055307
-0.036436
-0.067892
-0.056988
-0.059057
-0.057564
-0.043454
-0.039460
-0.040977
-0.050539
-0.034722
-0.025092
-0.021074
-0.061278
-0.035565
-0.040887
-0.031632
-0.034046
-0.033787
-0.031939
-0.053359
-0.019051
-0.038651
-0.015720
-0.028409
-0.032366
-0.036405
-0.027747
-0.032291
-0.038448
-0.021847
-0.033018
-0.033418
-0.031762
-0.009625
-0.027859
-0.034183
-0.019257
-0.017766
-0.017511
-0.022046
-0.012997
-0.008305
-0.009923
-0.004906
-0.005883
-0.000354
0.001394
0.006079
0.003990
0.006787
0.012379
0.000081
-0.006283
0.004732
0.000111
-0.002612
0.017940
0.018413
-0.001066
-0.002986
-0.000896
0.010965
0.006585
0.026296
-0.002313
0.002337
0.012380
0.027576
0.030474
0.004495
0.028486
0.024779
0.026800
0.027007
0.026705
0.011437
0.029061
0.024103
0.032329
0.028048
0.024171
0.012515
0.021883
0.022927
0.034991
0.024544
0.020635
0.018415
0.017434
0.029196
0.034150
0.024307
0.027412
0.040323
0.052074
0.046987
0.045231
0.051738
0.045840
0.033506
0.058236
0.058269
0.059630
0.045104
0.046718
0.054737
0.070241
0.041029
0.043509
0.056007
0.058873
0.042233
0.048024
0.039244
0.030105
0.057488
0.055041
0.069057
0.072363
0.052069
0.053624
0.047697
0.047528
0.047326
0.057882
0.063216
0.062584
0.065734
0.064618
0.049976
0.054132
0.041968
0.044262
0.061616
0.051084
0.044915
0.045685
0.049715
0.052074
0.063439
0.052689
0.022928
0.047937
0.044923
0.043930
0.054027
0.052951
0.032899
0.053422
0.051503
0.047852
0.040935
0.017068
0.058044
0.050853
0.029493
0.037300
0.038866
0.042339
0.027377
0.034625
0.046602
0.048394
0.036067
0.037538
0.038018
0.027372
0.039408
0.029469
0.039613
0.025994
0.027105
0.049953
0.023636
0.031757
0.019289
0.042264
0.020199
0.019594
0.017064
0.021243
0.044079
0.024276
0.013863
0.011168
0.025390
0.010561
0.015551
-0.003725
-0.006491
0.023330
0.015041
0.016928
0.010998
0.009112
-0.000120
0.007427
-0.003895
-0.009990
-0.008102
-0.005205
-0.005342
0.013087
0.004361
0.001934
-0.001906
-0.010563
-0.013632
-0.018111
-0.009418
-0.028023
-0.016527
-0.022024
-0.018814
-0.015917
-0.005814
-0.016393
-0.024004
-0.012342
-0.019462
-0.008005
-0.028693
-0.008410
-0.013056
-0.015242
-0.022149
-0.023601
-0.026317
-0.028653
-0.020946
-0.010022
-0.018987
-0.034385
-0.028249
-0.033785
-0.026766
-0.033615
-0.016998
-0.043279
-0.028957
-0.043388
-0.044692
-0.045640
-0.049219
-0.043354
-0.047185
-0.046896
-0.045265
-0.063344
-0.049388
-0.056835
-0.055517
-0.050560
-0.048230
-0.076611
-0.075692
-0.072109
-0.050993
-0.056606
-0.064007
-0.066784
-0.046862
-0.052270
-0.065624
-0.044028
-0.067957
-0.037828
-0.067885
-0.039611
-0.036614
-0.040113
-0.062607
-0.050483
-0.047349
-0.051651
-0.051293
-0.054139
-0.042307
-0.054970
-0.048636
-0.043814
-0.045939
-0.059447
-0.062331
-0.066839
-0.055858
-0.045154
-0.055394
-0.069039
-0.064950
-0.062087
-0.064646
-0.050889
-0.037591
-0.042960
-0.038517
-0.045497
-0.048208
-0.051009
-0.043929
-0.047620
-0.054414
-0.047121
-0.042942
-0.067511
-0.032163
-0.057408
-0.032394
-0.043404
-0.048808
-0.055398
-0.055681
-0.053565
-0.036251
-0.029264
-0.039439
-0.031620
-0.036569
-0.044307
-0.037382
-0.028966
-0.039301
-0.038391
-0.028355
-0.012048
-0.012353
-0.019767
-0.010698
-0.029698
-0.030148
-0.029264
-0.013290
-0.031959
-0.005513
0.000555
-0.010589
-0.007029
0.005406
-0.008072
-0.011448
-0.011477
-0.026969
-0.021614
-0.019423
-0.007669
-0.014339
-0.010633
-0.000491
0.001329
-0.014849
-0.011577
0.008202
0.016256
0.001768
0.008707
-0.008981
0.002474
0.002879
0.021242
0.016555
0.013019
0.003653
0.014738
0.015649
-0.013337
0.016659
0.019863
0.028718
0.016796
0.000148
0.012952
0.004698
0.033467
0.019756
0.020938
0.024305
0.024174
0.028760
0.018648
0.021141
0.026226
0.025213
0.042808
0.024168
0.030407
0.024575
0.010830
0.040103
0.039573
0.035018
0.030515
0.049752
0.036265
0.039606
0.034444
0.049420
0.049916
0.047593
0.044432
0.057031
0.048303
0.059985
0.059413
0.055093
0.047030
0.061859
0.047352
0.069070
0.051245
0.041294
0.036129
0.068255
0.057873
0.061443
0.045880
0.069469
0.056690
0.061328
0.066088
0.047964
0.069623
0.053590
0.041288
0.046548
0.054762
0.057458
0.069759
0.047024
0.063221
0.056290
0.059217
0.052169
0.066532
0.067796
0.066164
0.057049
0.040817
0.041156
0.040249
0.059181
0.057067
0.067496
0.059280
0.054219
0.041701
0.042396
0.035797
0.053762
0.054658
0.049172
0.050918
0.054236
0.056368
0.037109
0.034245
0.057069
0.056914
0.052081
0.050182
0.035020
0.040711
0.021821
0.024940
0.043315
0.034214
0.037242
0.038227
0.029165
0.054631
0.021348
0.043919
0.021173
0.033614
0.042172
0.034080
0.033782
0.028749
0.025592
0.036841
0.044323
0.047558
0.020025
0.018308
0.016966
0.017839
0.022285
0.004698
0.008741
0.032159
-0.005679
-0.006891
-0.002041
-0.003722
-0.007399
-0.012655
-0.009114
0.014706
0.004799
0.004158
-0.000795
-0.001706
0.010628
-0.003861
-0.001503
-0.006317
-0.012082
-0.025157
-0.027104
-0.025729
-0.000258
-0.004706
-0.027840
-0.024789
-0.013969
-0.007296
-0.009223
-0.018758
-0.017409
-0.010933
-0.023147
-0.044426
-0.047150
-0.044054
-0.013092
-0.003084
-0.019125
-0.023503
-0.012898
-0.034081
-0.030238
-0.020103
-0.046704
-0.018885
-0.020507
-0.032441
-0.033213
-0.034286
-0.030041
-0.032027
-0.048109
-0.026842
-0.039098
-0.035269
-0.040079
-0.056869
-0.056418
-0.071322
-0.052235
-0.053665
-0.055184
-0.054969
-0.042674
-0.042059
-0.040243
-0.051405
-0.050525
-0.047104
-0.041693
-0.054688
-0.048078
-0.044654
-0.063716
-0.059974
-0.050357
-0.050467
-0.062037
-0.039083
-0.056788
-0.054118
-0.046985
-0.046710
-0.046461
-0.047745
-0.039682
-0.043992
-0.058815
-0.045979
-0.043095
-0.072880
-0.055203
-0.055885
-0.044338
-0.071737
-0.049150
-0.048322
-0.046351
-0.052825
-0.043977
-0.057431
-0.056510
-0.068252
-0.061322
-0.049433
-0.059780
-0.059461
-0.052592
-0.048261
-0.063307
-0.064555
-0.062391
-0.063820
-0.051080
-0.037155
-0.045027
-0.063002
-0.050957
-0.035666
-0.048021
-0.047783
-0.059886
-0.046219
-0.046107
-0.047807
-0.044200
-0.037804
-0.029938
-0.045655
-0.024315
-0.045750
-0.039522
-0.029657
-0.035671
-0.037620
-0.022843
-0.021104
-0.033348
-0.035158
-0.036032
-0.019665
-0.027919
-0.010874
-0.019193
-0.028756
-0.023667
-0.006018
-0.034244
-0.005546
-0.026535
-0.007201
-0.016161
-0.008309
-0.012256
0.005777
-0.009149
-0.019526
0.003821
-0.024721
-0.026377
-0.023001
-0.009619
-0.003725
0.000081
0.012381
-0.006050
0.001297
0.001700
0.004293
0.002037
0.021646
0.013055
-0.005144
-0.003187
0.000081
0.013188
0.014907
0.024412
0.008640
0.033784
0.022723
0.023163
0.021747
0.009516
0.010157
0.011437
0.028049
0.023569
0.019627
0.016149
0.036398
0.016558
0.021040
0.014941
0.021651
0.030241
0.022661
0.029229
0.026062
0.028279
0.026962
0.031208
0.029298
0.019256
0.028692
0.036674
0.047074
0.053419
0.048832
0.050796
0.047349
0.040444
0.051364
0.054298
0.052546
0.051407
0.049946
0.052348
0.062542
0.062392
0.065385
0.050532
0.059380
0.054163
0.065756
0.047897
0.056693
0.048278
0.035323
0.038191
0.042369
0.059819
0.065790
0.046595
0.059050
0.052606
0.057540
0.055250
0.063040
0.078478
0.064851
0.050922
0.064745
0.064688
0.062217
0.051967
0.058334
0.057139
0.041362
0.055466
0.055337
0.040569
0.042906
0.072412
0.048238
0.046639
0.037527
0.034789
0.035601
0.060562
0.051833
0.058282
0.049562
0.043010
0.052702
0.056174
0.044468
0.061844
0.051741
0.050051
0.046411
0.048170
0.050520
0.015075
0.045557
0.029125
0.048301
0.035291
0.042431
0.046704
0.044660
0.031000
0.035897
0.042285
0.042805
0.041324
0.036876
0.017871
0.031014
0.025158
0.010493
0.027342
0.013560
0.007966
0.025757
0.032399
-0.005380
0.043217
0.010727
0.018140
0.016928
0.014033
0.003350
0.012718
0.032461
0.025083
0.022493
0.016762
-0.005385
-0.001635
0.005136
-0.012050
0.008741
-0.013765
-0.013670
-0.012013
-0.015874
0.014199
0.002200
-0.006624
-0.005981
-0.012182
-0.000021
-0.012217
-0.010904
-0.016699
-0.009992
-0.016298
-0.032193
-0.021486
-0.001704
-0.026398
-0.018478
-0.019996
-0.020200
-0.023603
-0.038156
-0.015794
-0.038388
-0.012351
-0.035601
0.000253
-0.021788
-0.016696
-0.025769
-0.025490
-0.007801
-0.027615
-0.028441
-0.024008
-0.041086
-0.039006
-0.027725
-0.044800
-0.055111
-0.046499
-0.036643
-0.067151
-0.055760
-0.062954
-0.060607
-0.059876
-0.066681
-0.065348
-0.058916
-0.045261
-0.048773
-0.050417
-0.064757
-0.062726
-0.062057
-0.045483
-0.050082
-0.065828
-0.061983
-0.057621
-0.057102
-0.077792
-0.045820
-0.053339
-0.043658
-0.059798
-0.043818
-0.047470
-0.047275
-0.038705
-0.043026
-0.056149
-0.055442
-0.033307
-0.048372
-0.053690
-0.057133
-0.037350
-0.060384
-0.060563
-0.075726
-0.075858
-0.069781
-0.073998
-0.057656
-0.055211
-0.053455
-0.053603
-0.039062
-0.049895
-0.065849
-0.060267
-0.065705
-0.057631
-0.065482
-0.065596
-0.063155
-0.032159
-0.063200
-0.039986
-0.050494
-0.045604
-0.048949
-0.047294
-0.053186
-0.024272
-0.041059
-0.049414
-0.039841
-0.042949
-0.043743
-0.046008
-0.036102
-0.047013
-0.016694
-0.031463
-0.022118
-0.035253
-0.044669
-0.044703
-0.031384
-0.041561
-0.022456
-0.024925
-0.025730
-0.031485
-0.037743
-0.021192
-0.008339
-0.016185
-0.016661
-0.008514
-0.020778
-0.025033
-0.017607
-0.020108
-0.005947
-0.007971
-0.010594
-0.003593
-0.002343
0.002609
0.003990
0.007494
-0.013833
-0.015652
-0.006758
0.002272
-0.007502
-0.000325
0.017671
0.017740
0.018683
0.008775
0.006484
0.017063
-0.000626
0.030902
0.025252
0.008438
0.003046
0.013797
0.021580
0.023533
0.021615
0.016051
0.005506
0.017873
0.014808
0.020469
0.008472
0.022792
0.025324
0.007899
0.029763
0.008337
0.022727
0.027072
0.037256
0.035939
0.032563
0.033809
0.021814
0.034273
0.034045
0.034508
0.028826
0.038534
0.036944
0.051894
0.047049
0.031528
0.049113
0.044365
0.042499
0.054750
0.050560
0.054692
0.046100
0.049438
0.044376
0.057913
0.037567
0.037915
0.043177
0.051782
0.055475
0.063333
0.051597
0.060240
0.068122
0.041122
0.054675
0.048633
0.051428
0.054496
0.049010
0.053691
0.057432
0.052747
0.054159
0.064604
0.069931
0.050964
0.058674
0.045602
0.059095
0.058262
0.058246
0.057061
0.054337
0.046259
0.058227
0.068310
0.051866
0.047790
0.056254
0.067596
0.056929
0.047146
0.054740
0.023704
0.026935
0.032557
0.054316
0.053392
0.042138
0.035723
0.036043
0.064118
0.039871
0.060861
0.037076
0.043525
0.048975
0.042033
0.038937
0.034151
0.055724
0.055748
0.040756
0.029529
0.040347
0.048910
0.037181
0.059413
0.025286
0.029097
0.047774
0.041865
0.036142
0.030002
0.013932
0.018783
0.037781
0.041923
0.023189
0.025755
0.012448
0.028048
0.016489
0.016254
0.015853
0.014234
0.006517
0.020871
0.015073
0.002777
0.009078
0.005641
-0.007967
-0.010873
-0.006086
-0.004028
-0.011513
-0.004871
-0.007500
-0.007123
0.017806
-0.001839
0.004192
0.001461
-0.011906
-0.013902
-0.014407
-0.014171
-0.009580
-0.000390
-0.010064
-0.016727
-0.013698
-0.011682
-0.020010
-0.027384
-0.013198
-0.016461
-0.027799
-0.027185
-0.030393
-0.025397
-0.019365
-0.019298
-0.008950
-0.032796
-0.025358
-0.026373
-0.014546
-0.013906
-0.006613
-0.007904
-0.031963
-0.015454
-0.035152
-0.033596
-0.022103
-0.038949
-0.050130
-0.039310
-0.048975
-0.030117
-0.061557
-0.065478
-0.069498
-0.048757
-0.071457
-0.048800
-0.058307
-0.061905
-0.061887
-0.043017
-0.056892
-0.044131
-0.046454
-0.065298
-0.065194
-0.048341
-0.052190
-0.051102
-0.064841
-0.058717
-0.053089
-0.052337
-0.051357
-0.046050
-0.053927
-0.058458
-0.055719
-0.052755
-0.061813
-0.043227
-0.046558
-0.057554
-0.058238
-0.048239
-0.066770
-0.066702
-0.064461
-0.050106
-0.045713
-0.054075
-0.060804
-0.043907
-0.051295
-0.069258
-0.062778
-0.061481
-0.046549
-0.048979
-0.052924
-0.054304
-0.059789
-0.062948
-0.070971
-0.042225
-0.052062
-0.049636
-0.044534
-0.048434
-0.058109
-0.055373
-0.046740
-0.038900
-0.036968
-0.035902
-0.034127
-0.044493
-0.060729
-0.049277
-0.042940
-0.032743
-0.021863
-0.038567
-0.039412
-0.031216
-0.032200
-0.037766
-0.036308
-0.037712
-0.038629
-0.007700
-0.020001
-0.016053
-0.039436
-0.019864
-0.026659
-0.014706
-0.010029
-0.033618
-0.013870
-0.017197
-0.014775
-0.021046
-0.016868
-0.027647
-0.012214
-0.008913
0.001395
-0.003321
-0.001903
-0.002178
0.001159
-0.012021
-0.009657
-0.010832
0.004428
0.001964
-0.002381
-0.006018
-0.002781
-0.021862
0.018512
0.007225
0.010191
0.015107
0.002474
0.016625
0.015987
0.015783
0.017167
0.017902
0.018578
0.003349
0.009786
0.020592
0.009752
0.021271
0.019658
0.021780
0.012448
0.006652
0.013021
0.016962
0.018580
0.020465
0.007326
0.021482
0.035365
0.033064
0.018614
0.027372
0.029428
0.031619
0.022624
0.027074
0.027745
0.023231
0.034042
0.022525
0.012989
0.026669
0.058352
0.042032
0.047088
0.051865
0.054494
0.054573
0.056324
0.062556
0.054651
0.052445
0.058503
0.051737
0.044417
0.063174
0.041595
0.061782
0.061103
0.052005
0.055618
0.065070
0.059623
0.053114
0.056233
0.045066
0.067284
0.067210
0.065224
0.063353
0.052569
0.047999
0.060735
0.050227
0.062648
0.059076
0.042656
0.057285
0.053049
0.046861
0.059575
0.057768
0.057870
0.052210
0.050350
0.039196
0.055652
0.061676
0.040538
0.051542
0.054762
0.041998
0.034454
0.032491
0.040049
0.037649
0.035090
0.039265
0.052713
0.053763
0.033813
0.062017
0.035737
0.042049
0.039134
0.065632
0.033031
0.056676
0.040713
0.043651
0.046971
0.049851
0.042933
0.032157
0.033181
0.033983
0.028320
0.045403
0.022424
0.035966
0.037373
0.036644
0.034792
0.034422
0.030975
0.029360
0.031591
0.022591
0.009315
0.025928
0.020502
0.024545
0.000350
0.014303
0.020834
0.011537
-0.000525
0.005203
0.008236
-0.009148
0.026931
0.010324
-0.001603
0.017639
0.010089
-0.023064
0.003991
0.006618
0.009348
0.002609
0.000654
0.001395
-0.001335
-0.005346
-0.009355
-0.009619
-0.011581
-0.020775
-0.014881
-0.010693
-0.001131
0.000250
-0.030879
-0.009352
-0.022928
-0.021753
-0.020883
-0.029457
-0.021419
-0.026939
-0.024717
-0.043742
-0.011242
-0.033175
-0.011070
-0.043686
-0.007970
-0.014505
-0.030777
-0.028863
-0.022258
-0.025824
-0.028227
-0.032229
-0.024078
-0.038871
-0.026473
-0.043139
-0.033334
-0.048913
-0.049975
-0.045507
-0.044025
-0.041370
-0.041034
-0.054102
-0.063231
-0.040412
-0.061954
-0.063659
-0.059904
-0.066923
-0.061769
-0.049642
-0.062281
-0.065691
-0.061891
-0.046056
-0.057343
-0.058272
-0.074854
-0.052747
-0.046955
-0.041799
-0.042039
-0.045962
-0.062435
-0.054480
-0.048367
-0.056291
-0.046916
-0.065673
-0.052508
-0.050913
-0.056584
-0.054778
-0.049079
-0.044101
-0.042415
-0.039809
-0.047568
-0.023641
-0.049549
-0.033578
-0.043318
-0.064057
-0.046991
-0.063198
-0.051884
-0.052465
-0.034142
-0.073528
-0.073177
-0.069950
-0.053960
-0.050097
-0.054235
-0.061272
-0.063002
-0.059209
-0.043583
-0.043091
-0.045382
-0.047136
-0.052802
-0.032294
-0.030647
-0.029205
-0.022357
-0.042103
-0.056576
-0.055591
-0.042479
-0.036584
-0.060463
-0.031799
-0.038338
-0.043384
-0.027175
-0.031828
-0.033144
-0.032104
-0.029609
-0.034390
-0.017902
-0.023375
-0.015794
-0.027780
-0.037968
-0.027416
-0.019598
-0.018964
-0.027550
-0.026438
-0.017283
-0.007332
-0.006488
-0.015357
0.001665
-0.015389
-0.002714
-0.007502
-0.011646
-0.010133
-0.007910
-0.010161
0.004968
0.002710
0.000219
-0.017207
-0.012420
-0.001398
-0.001369
-0.002645
0.008910
0.010528
0.016087
-0.008068
0.021648
0.005036
0.013830
0.027880
0.024781
0.020637
0.032262
0.005777
0.018011
0.017233
0.024503
0.024212
0.024808
0.017401
0.015583
0.001766
0.028323
0.040507
0.016121
0.025282
0.022727
0.019996
0.014166
0.033170
0.040151
0.039542
0.041090
0.040747
0.033105
0.029768
0.030978
0.043779
0.035804
0.034464
0.061948
0.033034
0.041827
0.040848
0.060017
0.057992
0.050332
0.051021
0.050628
0.061543
0.049270
0.035460
0.062098
0.054352
0.046744
0.046548
0.053701
0.048064
0.055950
0.054367
0.054786
0.068960
0.055340
0.069256
0.056110
0.074509
0.077174
0.058174
0.047402
0.071044
0.070792
0.051593
0.036236
0.031623
0.036002
0.053829
0.063080
0.042097
0.044978
0.057128
0.064723
0.039612
0.065011
0.053459
0.057050
0.041059
0.032294
0.035227
0.036874
0.042833
0.042600
0.044996
0.059630
0.048704
0.045610
0.052957
0.063558
0.055671
0.035362
0.050803
0.043851
0.041966
0.042640
0.034382
0.047095
0.050931
0.048426
0.045777
0.041330
0.040445
0.036507
0.047625
0.053811
0.025756
0.026973
0.029938
0.033604
0.036801
0.030207
0.039845
0.025656
0.027243
0.017199
0.035793
0.024070
0.027198
0.025021
0.039746
0.006281
0.013459
0.011875
0.023331
0.036513
0.022525
0.012482
0.000858
0.001058
0.000990
0.009921
0.015043
0.022728
0.000182
-0.000691
-0.013024
0.001700
0.014739
-0.011520
-0.002277
0.005574
-0.003893
-0.003388
-0.001400
-0.004335
-0.000559
-0.007867
-0.021849
-0.025865
-0.006757
-0.017882
-0.019297
-0.006494
-0.006289
-0.015217
-0.006451
-0.007175
-0.007734
-0.009656
-0.017780
-0.006154
-0.027379
-0.023853
-0.035330
-0.033240
-0.024850
-0.020086
-0.023350
-0.018782
-0.020371
-0.020034
-0.018013
-0.032060
-0.011370
-0.027039
-0.036107
-0.039416
-0.045537
-0.058787
-0.046577
-0.027584
-0.046478
-0.038543
-0.046716
-0.045096
-0.041939
-0.062057
-0.046986
-0.045315
-0.042495
-0.060922
-0.057919
-0.044830
-0.052578
-0.048320
-0.055136
-0.040840
-0.040615
-0.061887
-0.061252
-0.065935
-0.057907
-0.046138
-0.066203
-0.059663
-0.056800
-0.051153
-0.053465
-0.066825
-0.048932
-0.059792
-0.042854
-0.051827
-0.041817
-0.043393
-0.056935
-0.040049
-0.050525
-0.057333
-0.054776
-0.048469
-0.056710
-0.055616
-0.046456
-0.057559
-0.060939
-0.055194
-0.062120
-0.067067
-0.063885
-0.059228
-0.050669
-0.045132
-0.049577
-0.050152
-0.038124
-0.025362
-0.057104
-0.052843
-0.061552
-0.052984
-0.055072
-0.055754
-0.040965
-0.057135
-0.039475
-0.045293
-0.037380
-0.030749
-0.042346
-0.035396
-0.057286
-0.035469
-0.046114
-0.040892
-0.047629
-0.030751
-0.034254
-0.031928
-0.027643
-0.028658
-0.031593
-0.032524
-0.023336
-0.020405
-0.020406
-0.025029
-0.017972
-0.028724
-0.018208
-0.023800
-0.018919
-0.009653
-0.013364
-0.006523
-0.005816
-0.002650
-0.002479
-0.011820
-0.012502
-0.011777
-0.007200
-0.003521
-0.010197
-0.002785
-0.010366
-0.011709
-0.003423
0.002779
0.001630
0.001563
-0.012600
0.001935
0.003283
0.006281
0.003754
0.012987
0.006686
0.015077
0.024882
0.014367
0.017807
0.002306
-0.002380
-0.003187
0.023403
0.034412
0.018852
0.034818
0.013590
0.028314
0.019793
0.017502
0.016325
0.016558
0.019728
0.025420
0.026903
0.029595
0.016859
0.026806
0.028253
0.034044
0.030200
0.016956
0.035066
0.015246
0.034933
0.028451
0.038798
0.028961
0.032599
0.040956
0.035667
0.041564
0.040511
0.060491
0.059725
0.035225
0.041625
0.051428
0.051231
0.052045
0.044300
0.074746
0.051535
0.057476
0.059183
0.054841
0.058526
0.064180
0.053755
0.057206
0.066305
0.042164
0.059158
0.044956
0.065922
0.040719
0.053185
0.066756
0.052543
0.057104
0.067182
0.069734
0.054499
0.047766
0.042446
0.057393
0.040992
0.063821
0.057684
0.067077
0.047888
0.060914
0.049250
0.044830
0.057635
0.059658
0.050868
0.049383
0.050755
0.047795
0.040582
0.040349
0.039642
0.047044
0.040986
0.047502
0.053181
0.055873
0.052438
0.041811
0.050328
0.054916
0.053261
0.052881
0.045800
0.036743
0.051550
0.036707
0.040855
0.021917
0.043873
0.037086
0.044060
0.035833
0.028789
0.031795
0.036780
0.029771
0.023640
0.022253
0.040079
0.023836
0.042408
0.025390
0.031758
0.018989
-0.000827
0.031860
0.026436
0.028857
0.010426
0.015071
0.025892
0.029631
0.006349
0.019724
0.020472
0.017806
0.005371
0.008809
0.003014
0.001026
0.000183
0.002339
0.000148
0.003821
-0.003490
-0.020168
-0.007264
-0.013773
-0.011144
-0.012897
-0.015720
-0.016565
-0.006295
-0.008744
-0.028734
-0.007872
-0.018482
-0.012735
-0.016060
-0.002478
-0.018154
-0.020107
-0.019827
-0.020878
-0.016598
-0.013667
-0.026557
-0.027378
-0.022501
-0.009927
-0.031691
-0.018192
-0.017579
-0.032164
-0.032567
-0.030022
-0.029071
-0.026977
-0.044407
-0.054605
-0.034897
-0.030907
-0.047696
-0.027936
-0.021994
-0.055764
-0.035203
-0.061970
-0.052223
-0.040741
-0.039745
-0.034618
-0.055302
-0.048904
-0.048550
-0.071567
-0.043683
-0.066467
-0.073107
-0.050454
-0.060345
-0.050454
-0.072133
-0.054537
-0.057690
-0.060578
-0.070841
-0.058180
-0.051015
-0.059781
-0.057492
-0.041484
-0.051303
-0.047168
-0.058977
-0.056488
-0.068192
-0.058423
-0.056418
-0.049128
-0.045323
-0.064335
-0.041190
-0.041608
-0.057482
-0.052795
-0.043139
-0.052529
-0.072208
-0.055898
-0.053428
-0.071195
-0.064815
-0.057531
-0.038600
-0.064300
-0.050878
-0.039782
-0.056214
-0.055465
-0.063894
-0.050672
-0.056255
-0.058591
-0.054566
-0.036102
-0.037306
-0.041909
-0.039701
-0.037895
-0.038493
-0.043404
-0.043290
-0.031961
-0.061159
-0.039749
-0.032807
-0.043372
-0.050066
-0.021748
-0.015356
-0.010898
-0.031049
-0.044114
-0.027797
-0.025933
-0.024213
-0.024922
-0.020243
-0.015424
-0.021921
-0.033086
-0.017108
-0.034803
-0.019694
-0.017976
-0.007094
-0.014507
-0.011912
-0.005445
0.001161
0.001396
-0.002545
-0.018407
-0.001971
-0.017327
-0.013873
-0.002310
-0.005609
-0.000287
-0.013899
0.001867
0.001330
-0.011711
-0.001503
-0.004398
-0.009182
0.008270
0.000182
0.003081
0.005069
0.014941
0.016963
0.017537
0.015076
0.004428
0.013830
0.002475
0.009213
0.008606
0.009112
0.019624
0.019662
0.008034
0.030507
0.015278
0.015921
0.030108
0.020873
0.041495
0.025966
0.043988
0.021847
0.019827
0.021002
0.013190
0.026739
0.031687
0.038528
0.006180
0.042474
0.039418
0.036704
0.023265
0.021042
0.027782
0.015784
0.014907
0.016457
0.038666
0.039945
0.054603
0.053789
0.033031
0.038187
0.048879
0.054170
0.044876
0.045304
0.049864
0.054126
0.037991
0.049612
0.063131
0.050835
0.046282
0.049912
0.059448
0.057118
0.054209
0.056558
0.052982
0.048162
0.060462
0.048524
0.065209
0.073161
0.054768
0.048343
0.083211
0.058496
0.053368
0.054169
0.055395
0.051495
0.067141
0.060820
0.072494
0.062753
0.044667
0.063776
0.036710
0.052393
0.049241
0.065190
0.059250
0.060501
0.058675
0.057837
0.048795
0.061261
0.055715
0.043852
0.036376
0.045929
0.038107
0.043350
0.039743
0.055372
0.054585
0.059797
0.060498
0.037422
0.055855
0.054939
0.054178
0.059426
0.030131
0.041324
0.031192
0.028557
0.032940
0.037845
0.033741
0.032498
0.031761
0.032118
0.012482
0.036574
0.012685
0.017301
0.031525
0.021039
0.022421
0.036239
0.025993
0.021177
0.026567
0.031278
0.034710
0.022048
0.027540
0.019189
0.019221
0.012516
