0.170065
0.677604
0.407691
1.422197
0.584464
2.164926
0.824213
2.897872
1.141852
3.673558
1.459670
4.440403
1.917169
5.044078
2.562977
5.588194
3.221948
6.157011
3.830176
6.723911
4.413765
7.293834
4.979796
7.826695
5.575916
8.328673
6.190938
8.800921
6.821355
9.275577
7.405844
9.748256
7.959864
10.204974
8.498001
10.648336
9.019488
11.073437
9.511528
11.501811
9.906492
11.927345
10.282747
12.309831
10.708866
12.658574
11.120819
12.987534
11.527731
13.293797
11.918455
13.572625
12.297827
13.835563
12.602320
14.088511
12.853034
14.313898
13.116469
14.501865
13.389636
14.664064
13.637675
14.795811
13.879119
14.906770
14.056664
15.004468
14.163246
15.080884
14.239933
15.129433
14.301023
15.150730
14.331575
15.145964
14.342893
15.110921
14.343466
15.047462
14.336029
14.950542
14.331443
14.823576
14.303724
14.673105
14.252905
14.494263
14.175914
14.296857
14.035797
14.082785
13.845787
13.842930
13.656617
13.574085
13.470138
13.271443
13.271521
12.904154
13.111012
12.483936
12.927432
12.077035
12.672118
11.610176
12.417229
11.227303
12.006804
10.717710
11.761207
10.313024
11.303938
10.268207
10.036959
9.801309
9.561359
9.317217
9.068987
8.816779
8.560703
8.300873
8.037402
7.770405
7.500000
7.226305
6.949440
6.669528
6.386689
6.101049
5.812734
5.521868
5.228580
4.933000
4.635255
4.335477
4.033797
3.730348
3.425263
3.118675
2.810720
2.501531
2.191245
1.879998
1.567927
1.255168
0.941858
0.628135
0.314136
-0.000000
-0.314136
-0.628135
-0.941858
-1.255168
-1.567927
-1.879998
-2.191245
-2.501531
-2.810720
-3.118675
-3.425263
-3.730348
-4.033797
-4.335477
-4.635255
-4.933000
-5.228580
-5.521868
-5.812734
-6.101049
-6.271070
-6.732244
-6.728789
-7.436007
-7.053444
-8.156785
-7.398197
-8.434422
-8.230978
-9.110622
-8.548638
-9.491049
-9.183225
-10.062111
-9.569488
-10.388887
-10.258393
-10.820447
-10.825677
-11.149737
-11.382348
-11.544989
-11.848071
-11.925385
-12.273395
-12.277537
-12.739298
-12.600037
-13.165361
-12.911024
-13.522029
-13.205860
-13.843644
-13.479932
-14.127934
-13.730803
-14.408723
-13.947593
-14.697150
-14.139997
-14.938866
-14.310616
-15.157945
-14.456121
-15.334268
-14.580647
-15.474215
-14.678794
-15.605598
-14.745462
-15.722637
-14.784149
-15.831555
-14.789937
-15.932134
-14.766121
-16.002289
-14.722381
-16.033541
-14.647484
-16.066328
-14.544333
-16.049145
-14.420670
-16.013008
-14.261499
-15.981349
-14.055397
-15.940176
-13.820822
-15.862852
-13.567143
-15.733833
-13.289227
-15.585624
-12.964245
-15.420376
-12.624271
-15.207660
-12.248756
-14.989411
-11.802189
-14.782391
-11.315333
-14.537584
-10.843376
-14.269027
-10.442315
-13.919622
-9.987686
-13.601320
-9.510387
-13.273051
-9.011950
-12.917224
-8.504776
-12.530507
-7.981891
-12.110895
-7.455150
-11.666015
-6.908789
-11.208147
-6.347598
-10.755047
-5.764173
-10.279583
-5.179509
-9.778811
-4.582891
-9.260630
-3.989136
-8.679086
-3.411062
-8.048424
-2.824584
-7.445679
-2.215162
-6.839406
-1.606933
-6.216606
-0.992269
-5.591210
-0.373791
-4.970995
0.258687
-4.353328
0.879017
-3.695177
1.488974
-3.024323
1.728559
-1.526968
2.341806
-0.857027
2.849832
-0.116343
3.308992
0.651324
3.858859
1.319955
4.439236
1.961290
5.008093
2.610099
5.576158
3.232468
6.154989
3.830902
6.718436
4.432604
7.254341
5.047701
7.781161
5.649179
8.290550
6.244556
8.798061
6.805459
9.295944
7.357706
9.774679
7.895117
10.227603
8.468733
10.641665
9.058631
11.048136
9.614726
11.452427
10.119559
11.846260
10.564913
12.228188
10.975351
12.586123
11.394473
12.911016
11.834430
13.209618
12.232594
13.499023
12.570850
13.763912
12.914280
13.991982
13.286970
14.190087
13.631696
14.373866
13.909986
14.537080
14.161229
14.674080
14.372363
14.794609
14.522123
14.894647
14.630508
14.968300
14.729772
15.011092
14.815259
15.026317
14.887029
15.008512
14.984636
14.961431
15.036701
14.864047
15.061428
14.739134
15.052990
14.605382
15.001007
14.411084
14.950250
14.244137
14.806424
13.992853
14.757660
13.729002
14.638546
13.360316
14.569175
13.160826
14.267297
13.293054
13.144600
12.990381
12.830464
12.664918
12.493818
12.317238
12.135255
11.947948
11.755402
11.557698
11.354926
11.147172
10.934529
10.717091
10.494950
10.268207
10.036959
9.801309
9.561359
9.317217
9.068987
8.816779
8.560703
8.300873
8.037402
7.770405
7.500000
7.226305
6.949440
6.669528
6.386689
6.101049
5.812734
5.521868
5.228580
4.933000
4.635255
4.335477
4.033797
3.730348
3.425263
3.118675
2.810720
2.501531
2.191245
1.879998
1.567927
1.255168
0.941858
0.628135
0.314136
-0.000000
-0.314136
-0.628135
-0.941858
-1.255168
-1.567927
-1.879998
-2.191245
-2.501531
-2.810720
-3.118675
-3.425263
-3.730348
-4.033797
-4.335477
-4.635255
-4.933000
-5.228580
-5.521868
-5.812734
-6.101049
-6.386689
-6.669528
-6.949440
-7.226305
-7.500000
-7.770405
-8.037402
-8.300873
-8.560703
-8.816779
-9.068987
-9.317217
-9.561359
-9.801309
-10.036959
-10.268207
-10.494950
-10.717091
-10.934529
-11.147172
-11.354926
-11.557698
-11.755402
-11.947948
-12.135255
-12.317238
-12.493818
-12.664918
-12.830464
-12.990381
-13.144600
-13.293054
-13.435677
-13.572406
-13.703182
-13.827948
-13.946648
-14.059230
-14.165646
-14.265848
-14.359793
-14.447438
-14.528749
-14.603683
-14.672213
-14.734309
-14.789942
-14.839085
-14.881721
-14.917829
-14.947392
-14.970400
-14.986842
-14.996710
-15.000000
-14.996710
-14.986842
-14.970400
-14.947392
-14.917829
-14.881721
-14.839085
-14.789942
-14.734309
-14.672213
-14.603683
-14.528749
-14.447438
-14.359793
-14.265848
-14.165646
-14.059230
-13.946648
-13.827948
-13.703182
-13.572406
-13.435677
-13.293054
-13.144600
-12.990381
-12.830464
-12.664918
-12.493818
-12.317238
-12.135255
-11.947948
-11.639652
-11.619964
-11.148558
-11.317429
-10.609042
-10.923864
-10.201966
-10.300197
-9.981061
-9.800163
-9.638876
-9.295834
-9.234754
-8.769472
-8.838863
-8.227570
-8.432292
-7.668891
-8.001207
-7.105089
-7.516363
-6.537507
-6.963704
-5.978113
-6.327897
-5.415316
-5.687378
-4.833863
-5.074246
-4.239553
-4.458066
-3.637169
-3.844109
-3.026684
-3.221930
-2.411986
-2.587137
-1.794992
-1.952022
-1.169484
-1.328824
-0.544841
-0.677722
0.072608
0.010220
1.053832
-0.676438
1.686439
-0.075793
2.333948
0.515624
2.948219
1.167455
3.550818
1.795530
4.171418
2.380018
4.782366
2.980938
5.375142
3.576899
5.970137
4.148482
6.545686
4.753921
7.082402
5.398856
7.609324
5.999775
8.155605
6.509412
8.704423
6.983701
9.235876
7.474374
9.733241
7.977350
10.216848
8.446626
10.684990
8.916112
11.123335
9.374679
11.547066
9.817513
11.940267
10.269597
12.312485
10.695062
12.662569
11.118122
12.988230
11.518781
13.299467
11.887100
13.587288
12.237052
13.846993
12.577834
14.089869
12.851289
14.315036
13.104789
14.510830
13.345532
14.678480
13.551214
14.836271
13.664835
14.978744
13.736504
15.089981
13.832160
15.158457
13.947501
15.198202
14.037858
15.211737
14.097701
15.201876
14.113000
15.170753
14.097656
15.107058
14.085410
15.015594
14.037845
14.901869
13.958628
14.758335
13.880597
14.585937
13.767443
14.395876
13.591327
14.190056
13.361054
13.960263
13.124607
13.699100
12.889741
13.408524
12.653705
13.092529
12.391092
12.758661
12.081223
12.404227
11.760762
12.020892
11.460767
11.609694
11.143924
11.184279
10.781845
10.741935
10.400952
10.281441
9.979984
9.813577
9.487683
9.333660
8.986426
8.832309
8.491730
8.312539
7.979898
7.783554
7.419428
7.245591
6.839414
6.694539
6.256299
6.131643
5.647738
5.560256
5.030665
4.976983
4.420395
4.383335
3.805694
3.777481
3.212201
3.161035
2.623348
2.537815
2.019068
1.916908
1.396201
1.288314
0.797893
0.653510
0.199985
0.023477
-0.432689
-0.604563
-1.052284
-1.233347
-1.672486
-1.861756
-2.266099
-2.486851
-2.890480
-3.100658
-3.534254
-3.701958
-4.201280
-4.292977
-4.873326
-4.873003
-5.541145
-5.445329
-6.195333
-6.010142
-6.821780
-6.566185
-7.449738
-7.106634
-8.057676
-7.637505
-8.658903
-8.151609
-9.249660
-8.652474
-9.805831
-9.144347
-10.334732
-9.615955
-10.874334
-10.064425
-11.414908
-10.490781
-11.931747
-10.905817
-12.401972
-11.304589
-12.846869
-11.680071
-13.295719
-12.033035
-13.706438
-12.368289
-14.078812
-12.685427
-14.440351
-12.969598
-14.803596
-13.227526
-15.126122
-13.465800
-15.420844
-13.674001
-15.712046
-13.843412
-16.003338
-13.977173
-16.282364
-14.082911
-16.504581
-14.185764
-16.665478
-14.257365
-16.817669
-14.290325
-16.948166
-14.301416
-17.042583
-14.273715
-17.130831
-14.188026
-17.214895
-14.053926
-17.273338
-13.927338
-17.262344
-13.733723
-17.303473
-13.625125
-17.215158
-13.460497
-17.128355
-13.284231
-17.018044
-13.064901
-16.931883
-12.807713
-16.813597
-12.540161
-16.644386
-12.250021
-16.457769
-11.934930
-16.243589
-11.601587
-15.999347
-11.241098
-15.748162
-10.848677
-15.522379
-10.406960
-15.309006
-9.951116
-15.039445
-9.487862
-14.724093
-9.015066
-14.382690
-8.519099
-14.033852
-8.009535
-13.635858
-7.491693
-13.225439
-6.954499
-12.811977
-6.386812
-12.416867
-5.800474
-11.994625
-5.208946
-11.551635
-4.606194
-11.070719
-4.018442
-10.509710
-3.432834
-9.958128
-2.824728
-9.406674
-2.211371
-8.836158
-1.592753
-8.257935
-0.968287
-7.667158
-0.346719
-7.043856
0.270837
-6.411937
0.892973
-5.786251
1.526270
-5.190116
2.173261
-4.604177
1.856804
-1.834120
2.485353
-1.195572
3.104269
-0.569338
3.725796
0.050846
4.348217
0.631594
4.979000
1.223139
5.571500
1.879733
6.140951
2.539885
6.698658
3.189932
7.259151
3.783666
7.815492
4.402739
8.335477
5.040342
8.852808
5.609952
9.336185
6.179419
9.754871
6.775393
10.175001
7.338543
10.593195
7.880996
10.987680
8.419182
11.383459
8.929324
11.745407
9.440351
12.118308
9.897273
12.473513
10.335835
12.803911
10.783583
13.106028
11.208870
13.405922
11.568060
13.696536
11.896412
13.948098
12.248428
14.174881
12.562580
14.384395
12.860099
14.568859
13.131133
14.732591
13.353550
14.881737
13.509580
15.008424
13.655507
15.101338
13.801190
15.166229
13.911652
15.210919
13.978395
15.228652
14.031174
15.217065
14.070429
15.171330
14.125866
15.092350
14.161378
14.990444
14.165678
14.859577
14.170728
14.696792
14.165399
14.512755
14.096957
14.313679
13.965497
14.094493
13.804732
13.848029
13.649879
13.571981
13.497199
13.251962
13.331349
12.861447
13.170247
12.477501
12.956327
12.011957
12.784814
11.587101
12.459694
11.123388
12.173759
10.718672
11.791097
10.717091
10.494950
10.268207
10.036959
9.801309
9.561359
9.317217
9.068987
8.816779
8.560703
8.300873
8.037402
7.770405
7.500000
7.226305
6.949440
6.669528
6.386689
6.101049
5.812734
5.521868
5.228580
4.933000
4.635255
4.335477
4.033797
3.730348
3.425263
3.118675
2.810720
2.501531
2.191245
1.879998
1.567927
1.255168
0.941858
0.628135
0.314136
-0.000000
-0.314136
-0.628135
-0.941858
-1.255168
-1.567927
-1.879998
-2.191245
-2.501531
-2.810720
-3.118675
-3.425263
-3.730348
-4.033797
-4.335477
-4.635255
-4.933000
-5.228580
-5.521868
-5.812734
-6.101049
-6.386689
-6.669528
-6.949440
-7.226305
-7.500000
-7.770405
-8.037402
-8.300873
-8.560703
-8.816779
-9.068987
-9.317217
-9.561359
-9.801309
-10.036959
-10.268207
-10.494950
-10.717091
-10.934529
-11.147172
-11.354926
-11.557698
-11.755402
-11.947948
-12.135255
-12.317238
-12.493818
-12.664918
-12.830464
-12.990381
-13.144600
-13.293054
-13.435677
-13.572406
-13.703182
-13.827948
-13.946648
-14.059230
-14.165646
-14.265848
-14.359793
-14.447438
-14.528749
-14.603683
-14.672213
-14.734309
-14.789942
-14.839085
-14.881721
-14.917829
-14.947392
-14.970400
-14.986842
-14.996710
-15.000000
-14.996710
-14.986842
-14.970400
-14.947392
-14.917829
-14.761746
-14.913411
-14.554418
-14.964119
-14.214036
-14.979710
-13.955424
-14.535280
-14.123205
-14.447387
-13.832998
-14.175884
-13.729549
-13.903246
-13.541400
-13.624930
-13.304856
-13.334912
-13.066626
-13.000305
-12.848610
-12.653626
-12.574178
-12.300586
-12.210770
-11.932500
-11.849321
-11.531748
-11.524785
-11.099560
-11.217205
-10.640042
-10.903840
-10.164885
-10.544781
-9.674834
-10.168801
-9.168159
-9.763711
-8.647065
-9.338255
-8.110953
-8.894700
-7.563103
-8.408048
-7.008684
-7.893816
-6.445636
-7.335276
-5.881400
-6.748225
-5.301664
-6.164717
-4.719444
-5.524990
-4.134875
-4.887398
-3.530990
-4.299011
-2.910137
-3.709158
-2.295293
-3.062227
-1.681121
-2.412534
-1.060753
-1.778840
-0.433521
-1.157635
0.197269
-0.538837
1.591573
-1.445364
2.349274
-0.889355
2.962726
-0.244176
3.579414
0.385187
4.175461
1.010388
4.821024
1.569698
5.425583
2.185243
6.017162
2.787727
6.607608
3.358666
7.192269
3.920133
7.768605
4.456592
8.339142
4.987118
8.884643
5.522653
9.418940
6.040378
9.935221
6.545317
10.434901
7.059370
10.898255
7.600965
11.295017
8.124292
11.618139
8.679021
11.978260
9.153094
12.333722
9.621030
12.636183
10.102701
12.941102
10.548449
13.230011
10.970265
13.510777
11.360012
13.773335
11.725286
14.029764
12.030419
14.273375
12.300107
14.494468
12.544303
14.682458
12.794389
14.830912
13.060372
14.944827
13.335447
15.035486
13.591561
15.109989
13.773733
15.169937
13.906577
15.209442
13.988747
15.227918
14.014496
15.230666
13.990773
15.202955
13.962135
15.147758
13.915106
15.058278
13.884968
14.932171
13.854880
14.780434
13.786261
14.610332
13.664528
14.420813
13.490581
14.211779
13.284754
13.972903
13.086586
13.703613
12.886972
13.404416
12.684012
13.079995
12.471410
12.729220
12.233485
12.364312
11.943673
11.978975
11.645432
11.568265
11.350555
11.138885
11.030597
10.657307
10.683089
10.166587
10.293251
9.681080
9.885337
9.111942
9.554965
8.548429
9.116383
7.978422
8.608750
7.542690
7.951226
6.951285
7.457161
6.493883
6.780877
5.822495
6.290442
5.406438
5.489728
4.767175
4.929717
4.266815
4.203700
3.643741
3.618033
3.054460
3.004274
2.389486
2.483713
1.738032
1.880039
1.105413
1.269833
0.480730
0.623821
-0.137950
-0.018788
-0.755001
-0.673250
-1.368096
-1.311454
-1.988108
-1.960540
-2.591022
-2.608354
-3.194666
-3.246270
-3.797881
-3.886654
-4.376998
-4.561239
-4.938132
-5.278681
-5.503524
-5.968108
-6.054667
-6.654332
-6.601253
-7.304448
-7.140405
-7.911761
-7.674359
-8.494494
-8.192315
-9.075852
-8.694796
-9.636700
-9.184199
-10.177996
-9.653051
-10.722559
-10.103436
-11.246484
-10.537584
-11.738525
-10.953767
-12.231162
-11.339977
-12.755492
-11.692959
-13.271489
-12.033587
-13.718378
-12.361809
-14.123439
-12.666523
-14.522736
-12.940324
-14.890203
-13.195011
-15.234854
-13.408109
-15.587703
-13.591364
-15.904647
-13.766111
-16.135260
-13.948227
-16.296165
-14.105253
-16.453833
-14.211130
-16.637180
-14.247456
-16.856651
-14.230398
-17.036190
-14.238661
-17.115425
-14.224579
-17.176718
-14.164383
-17.231054
-14.028963
-17.300798
-13.796234
-17.436167
-13.719308
-17.374317
-13.559859
-17.365360
-13.389862
-17.317192
-13.188992
-17.243469
-12.963131
-17.165846
-12.698887
-17.076891
-12.420479
-16.907698
-12.133507
-16.730585
-11.806593
-16.552917
-11.452379
-16.357397
-11.073044
-16.135414
-10.683591
-15.852592
-10.281794
-15.549266
-9.856412
-15.238779
-9.401783
-14.912334
-8.929554
-14.579927
-8.430502
-14.236930
-7.908677
-13.892885
-7.366582
-13.527762
-6.807516
-13.164446
-6.220799
-12.813877
-5.609797
-12.460217
-4.984217
-12.082612
-4.364041
-11.624338
-3.761207
-11.113329
-3.156534
-10.577787
-2.556560
-9.989681
-1.957524
-9.391551
-1.349830
-8.807908
-0.716433
-8.253264
-0.073805
-7.684010
0.566565
-7.089213
1.200322
-6.490567
1.842161
-5.891343
2.478520
-5.270215
2.348365
-2.922457
2.969248
-2.293356
3.592385
-1.662308
4.206946
-1.006593
4.799883
-0.338341
5.396490
0.284903
5.995438
0.912325
6.574039
1.563306
7.134661
2.205829
7.692931
2.812788
8.251621
3.394845
8.796473
3.984810
9.321140
4.550295
9.847816
5.090495
10.343324
5.669694
10.803694
6.264277
11.240044
6.847682
11.664783
7.380861
12.084367
7.890574
12.477228
8.403040
12.851946
8.858885
13.225904
9.282023
13.565311
9.728610
13.868140
10.169403
14.150720
10.568963
14.424541
10.899576
14.688050
11.220656
14.909334
11.529798
14.989132
11.882353
15.152603
12.102323
15.274837
12.333267
15.359456
12.560722
15.410730
12.767205
15.472840
12.907520
15.526847
12.998537
15.569082
13.067250
15.545699
13.167449
15.499506
13.226562
15.452880
13.224109
15.383656
13.192779
15.282942
13.157782
15.154097
13.094797
14.992026
13.053832
14.783744
13.048163
14.557912
13.001859
14.318373
12.892112
14.063539
12.735759
13.786693
12.555701
13.483597
12.358212
13.157292
12.140112
12.808200
11.898272
12.442224
11.598890
12.063693
11.251642
11.665324
10.891666
11.243299
10.535366
10.789091
10.222148
10.308702
9.912625
9.810091
9.573862
9.304968
9.155872
8.771568
8.709714
8.227359
8.252563
7.667207
7.744381
7.119571
7.196262
6.561171
6.650494
5.971186
6.121012
5.367414
5.590381
4.736831
5.078624
4.092051
4.517117
3.498103
3.894440
2.863573
3.336203
2.226374
2.759063
1.545113
2.218007
0.921783
1.608849
0.192382
1.117162
-0.364847
0.433872
-1.258633
-0.941858
-1.255168
-1.567927
-1.879998
-2.191245
-2.501531
-2.810720
-3.118675
-3.425263
-3.730348
-4.033797
-4.335477
-4.635255
-4.933000
-5.228580
-5.521868
-5.812734
-6.101049
-6.271134
-6.734819
-6.724958
-7.443607
-7.046088
-8.167101
-7.410262
-8.418359
-8.258582
-9.086063
-8.550467
-9.536540
-9.077206
-10.147182
-9.392679
-10.489487
-10.007487
-11.129141
-10.251565
-11.291810
-10.996681
-11.903959
-11.121893
-12.184720
-11.633814
-12.703097
-11.842288
-12.819556
-12.457033
-13.340907
-12.500326
-13.507942
-12.976371
-13.931869
-13.147450
-13.920017
-13.714130
-14.229377
-13.830934
-14.389996
-14.077269
-14.602978
-14.174658
-14.764040
-14.297224
-14.960670
-14.356106
-14.997150
-14.538597
-15.125391
-14.547972
-15.100987
-14.695287
-15.166972
-14.682660
-15.082702
-14.796018
-15.055557
-14.793071
-14.946971
-14.824190
-14.847723
-14.789019
-14.730446
-14.713586
-14.590858
-14.619966
-14.421017
-14.528199
-14.221715
-14.405678
-14.000940
-14.240128
-13.758453
-14.052134
-13.486609
-13.861665
-13.189762
-13.635834
-12.872886
-13.386793
-12.530638
-13.121599
-12.162869
-12.869685
-11.763077
-12.615445
-11.339671
-12.347505
-10.897978
-12.035006
-10.441106
-11.699809
-9.964839
-11.341037
-9.472322
-10.949948
-8.958231
-10.553196
-8.416828
-10.146276
-7.859953
-9.727878
-7.265630
-9.333278
-6.646499
-8.880077
-6.068036
-8.324361
-5.518339
-7.717493
-4.957771
-7.095415
-4.402484
-6.448596
-3.821918
-5.830372
-3.213014
-5.230273
-2.593236
-4.639531
-1.960175
-4.039042
-1.343971
-3.391413
-0.746696
-2.707832
-0.150620
-2.018734
0.453565
-1.342695
1.833977
-1.714805
2.293008
-0.800072
2.941409
-0.229634
3.595024
0.319077
4.236066
0.889399
4.856988
1.511608
5.447104
2.150937
6.027374
2.779879
6.602634
3.382196
7.182950
3.941552
7.756648
4.498104
8.313686
5.063459
8.821548
5.640220
9.280205
6.221568
9.774016
6.741124
10.255911
7.253253
10.665665
7.804638
11.090870
8.292037
11.530347
8.739714
11.932173
9.188078
12.344560
9.575623
12.755121
9.935121
13.147136
10.263245
13.532862
10.574724
13.814999
10.945549
14.063032
11.300798
14.274027
11.648418
14.481409
11.947580
14.677725
12.223178
14.819542
12.531439
14.937092
12.804919
15.065229
12.980338
15.199268
13.092932
15.299452
13.201038
15.363689
13.299396
15.406802
13.353699
15.437201
13.336989
15.461079
13.275840
15.444280
13.236452
15.373005
13.227040
15.267302
13.177014
15.164703
13.040915
15.043762
12.878818
14.892157
12.709908
14.700785
12.540448
14.480911
12.356579
14.238314
12.127197
13.986970
11.843277
13.710652
11.562615
13.390596
11.305650
13.028510
11.090123
12.630374
10.884594
12.229620
10.616959
11.814201
10.308306
11.381327
9.967108
10.933250
9.595403
10.465721
9.216307
9.979334
8.815701
9.478680
8.377302
8.972207
7.884995
8.453984
7.351378
7.933785
6.748371
7.405796
6.157544
6.853025
5.574239
6.293891
4.960440
5.724068
4.330574
5.150666
3.668797
4.570773
2.997380
3.983137
2.335896
3.377965
1.724451
2.750649
1.157838
2.117567
0.561078
1.492808
-0.076939
0.870169
-0.724316
0.246908
-1.362702
-0.385395
-1.955556
-1.023574
-2.530181
-1.668178
-3.064311
-2.307654
-3.644723
-2.925954
-4.265622
-3.531108
-4.928973
-4.115969
-5.618117
-4.692092
-6.284420
-5.264155
-6.930420
-5.825962
-7.580874
-6.376097
-8.202063
-6.918603
-8.800751
-7.449902
-9.382595
-7.968246
-9.957981
-8.457020
-10.554935
-8.921432
-11.142705
-9.363094
-11.700315
-9.811843
-12.191177
-10.238540
-12.688280
-10.629572
-13.198891
-10.979037
-13.693100
-11.312583
-14.156009
-11.622620
-14.586567
-11.916811
-14.979108
-12.203024
-15.337911
-12.440139
-15.698571
-12.641085
-16.035851
-12.792947
-16.375103
-12.951232
-16.697233
-13.136736
-16.936779
-13.294559
-17.149960
-13.431019
-17.342655
-13.541073
-17.508820
-13.618773
-17.667953
-13.667279
-17.807774
-13.683346
-17.938459
-13.662579
-18.068184
-13.611368
-18.161432
-13.545057
-18.196781
-13.460236
-18.210991
-13.346156
-18.190847
-13.212345
-18.121906
-13.070635
-17.993095
-12.899616
-17.892164
-12.680702
-17.769243
-12.448658
-17.612999
-12.179810
-17.482040
-11.862516
-17.363218
-11.520642
-17.200369
-11.165033
-16.996325
-10.792988
-16.779854
-10.377281
-16.596897
-9.934701
-16.349068
-9.496056
-16.055994
-9.032173
-15.769281
-8.536777
-15.480728
-8.023474
-15.167596
-7.490127
-14.842993
-6.938580
-14.499905
-6.377848
-14.107627
-5.812242
-13.710187
-5.220179
-13.317459
-4.611919
-12.899014
-4.008415
-12.399855
-3.428637
-11.825912
-2.856200
-11.225313
-2.269659
-10.639174
-1.661515
-10.079643
-1.037161
-9.497066
-0.422427
-8.890448
0.203590
-8.289730
0.831100
-7.674838
1.458049
-7.054235
2.086383
-6.427653
2.717051
-5.807785
2.668625
-3.631037
3.274432
-2.963373
3.889159
-2.329650
4.509302
-1.714312
5.130707
-1.099034
5.727421
-0.420847
6.294652
0.250784
6.877432
0.841314
7.473557
1.416878
8.053160
1.999043
8.609074
2.606516
9.142235
3.205875
9.673983
3.742921
10.209352
4.272694
10.713750
4.816171
11.193302
5.362122
11.654816
5.889449
12.096399
6.406314
12.515608
6.924305
12.906139
7.441636
13.270049
7.953001
13.617942
8.405079
13.953434
8.864290
14.247116
9.328232
14.516204
9.772071
14.756685
10.204980
14.985411
10.551605
15.212234
10.863446
15.405119
11.194633
15.553220
11.522314
15.681003
11.794531
15.800536
11.993515
15.918986
12.124957
16.016670
12.241442
16.076195
12.386488
16.079166
12.539363
16.028706
12.622690
15.939383
12.681531
15.884474
12.665277
15.739923
12.700959
15.580391
12.685791
15.422512
12.638650
15.210625
12.618999
14.988252
12.520462
14.811782
12.302377
14.620099
12.063032
14.389699
11.830169
14.111959
11.604824
13.803339
11.379794
13.452896
11.175463
13.077589
10.935212
12.709239
10.621856
12.316330
10.317335
11.892132
10.023720
11.452185
9.717322
10.987842
9.405777
10.504560
9.094527
9.999101
8.757689
9.485155
8.369636
8.968292
7.914290
8.440710
7.431439
7.907141
6.888655
7.362254
6.361521
6.798506
5.820579
6.226320
5.258603
5.645777
4.681915
5.050374
4.137323
4.437796
3.591591
3.822659
3.027034
3.200107
2.462867
2.569959
1.902239
1.933744
1.344976
1.293604
0.788591
0.651407
0.231975
0.010656
-0.353694
-0.623630
-0.944419
-1.260420
-1.504133
-1.916687
-2.023903
-2.610299
-2.519540
-3.269349
-3.084842
-3.891573
-3.707168
-4.472960
-4.362049
-5.041552
-4.970114
-5.644444
-5.543020
-6.212441
-6.129737
-6.790648
-6.666181
-7.354972
-7.192116
-7.932474
-7.689157
-8.453075
-8.254560
-8.944453
-8.829324
-9.389685
-9.415031
-9.844966
-9.949139
-10.285968
-10.456047
-10.722075
-10.934213
-11.144691
-11.384284
-11.547365
-11.830246
-11.929904
-12.229242
-12.297827
-12.595496
-12.641342
-12.964856
-12.958458
-13.306890
-13.260731
-13.585402
-13.540843
-13.870303
-13.785764
-14.188277
-13.996954
-14.493540
-14.186918
-14.743799
-14.355194
-14.986249
-14.490912
-15.218006
-14.603777
-15.385715
-14.701061
-15.502419
-14.776057
-15.580203
-14.820327
-15.686518
-14.826160
-15.773173
-14.815258
-15.778137
-14.788149
-15.742050
-14.730950
-15.707472
-14.645030
-15.630296
-14.538046
-15.538663
-14.391671
-15.488769
-14.206345
-15.436758
-13.995994
-15.336331
-13.771656
-15.165813
-13.525156
-15.004856
-13.244954
-14.812269
-12.942687
-14.593916
-12.611407
-14.360334
-12.250722
-14.110950
-11.863829
-13.837653
-11.459954
-13.522980
-11.047486
-13.155646
-10.620552
-12.768461
-10.158261
-12.404063
-9.633925
-12.071226
-9.056070
-11.733312
-8.423201
-11.395907
-7.687874
-11.139257
-7.174841
-10.641314
-6.579755
-10.226889
-6.000086
-9.739928
-5.424258
-9.190038
-4.857706
-8.605351
-4.284053
-8.006534
-3.703249
-7.404556
-3.100541
-6.834468
-2.481061
-6.236822
-1.869631
-5.619342
-1.259560
-4.970742
-0.650215
-4.329285
-0.032639
-3.681448
0.579410
-2.998379
1.172796
-2.284537
2.123306
-2.429111
2.752975
-1.799481
3.371807
-1.150683
3.979037
-0.503713
4.586308
0.127990
5.193354
0.740360
5.801206
1.323708
6.410489
1.884106
7.014383
2.439560
7.603551
2.991020
8.182950
3.534027
8.747676
4.065823
9.298565
4.582448
9.846022
5.055250
10.381294
5.541781
10.875990
6.077957
11.332644
6.626352
11.769000
7.143126
12.191923
7.639567
12.599605
8.103036
12.993012
8.533740
13.371737
8.948555
13.724990
9.328313
14.066006
9.684530
14.382617
10.020085
14.671921
10.341700
14.939900
10.637728
15.178820
10.924366
15.391642
11.178387
15.585178
11.397985
15.757927
11.580098
15.906282
11.751151
16.020973
11.912896
16.105646
12.036461
16.179983
12.089256
16.243967
12.109112
16.269764
12.142199
16.254719
12.168747
16.214514
12.149093
16.153912
12.109995
16.057964
12.060382
15.936402
11.978801
15.787827
11.875437
15.620480
11.703192
15.446056
11.506499
15.233923
11.303391
14.994572
11.082840
14.728719
10.836481
14.435928
10.594672
14.101395
10.373096
13.691099
10.129871
13.182364
9.913524
12.749208
9.595604
12.253988
9.318204
11.767580
8.996471
11.263053
8.681559
10.740612
8.367785
10.210419
8.027019
9.685602
7.624213
9.164368
7.150284
8.651252
6.607478
8.131268
6.028719
7.608306
5.413292
7.079120
4.792456
6.527724
4.186890
5.961862
3.569594
5.384441
2.953904
4.800072
2.329322
4.191833
1.738414
3.572683
1.134361
2.953844
0.517385
2.332197
-0.101492
1.700523
-0.711173
1.068928
-1.330849
0.437457
-1.954847
-0.192305
-2.572837
-0.826974
-3.183644
-1.454341
-3.811170
-2.064984
-4.462710
-2.666081
-5.118740
-3.247227
-5.814601
-3.790029
-6.529936
-4.322042
-7.212727
-4.863621
-7.858768
-5.384801
-8.510198
-5.876703
-9.154357
-6.371137
-9.762726
-6.846422
-10.363023
-7.287974
-10.961221
-7.719817
-11.563431
-8.213587
-12.087433
-8.667646
-12.615355
-9.123594
-13.089482
-9.562723
-13.550361
-9.984575
-14.001320
-10.369078
-14.486279
-10.716815
-14.957015
-11.051231
-15.377837
-11.377149
-15.765762
-11.675965
-16.139967
-11.958666
-16.454205
-12.230827
-16.751696
-12.465742
-17.048340
-12.672722
-17.318256
-12.859379
-17.548960
-13.027710
-17.753939
-13.161186
-17.961468
-13.260756
-18.142239
-13.342581
-18.289581
-13.388796
-18.438183
-13.407207
-18.541679
-13.410030
-18.604292
-13.385608
-18.650400
-13.334999
-18.657980
-13.259754
-18.655941
-13.148350
-18.639395
-13.008866
-18.600780
-12.848415
-18.506424
-12.673637
-18.391239
-12.455577
-18.308372
-12.188802
-18.224361
-11.906992
-18.081093
-11.609414
-17.906025
-11.285239
-17.727337
-10.930939
-17.523689
-10.558838
-17.281651
-10.173607
-17.013945
-9.755405
-16.764370
-9.301525
-16.509542
-8.826455
-16.231794
-8.333377
-15.934003
-7.822599
-15.610099
-7.296643
-15.272131
-6.748626
-14.931348
-6.175663
-14.592239
-5.583281
-14.239532
-4.985004
-13.819996
-4.400476
-13.351836
-3.811996
-12.830982
-3.241495
-12.229715
-2.684406
-11.583294
-2.119311
-10.958170
-1.525841
-10.368076
-0.906512
-9.802448
-0.281241
-9.193802
0.331237
-8.563503
0.952224
-7.946433
1.579209
-7.317133
2.200344
-6.667555
2.819998
-6.028452
2.750994
-3.823192
3.369542
-3.190459
3.992462
-2.543986
4.590148
-1.851045
5.176240
-1.184185
5.772441
-0.564454
6.383384
0.018537
6.985330
0.607427
7.574016
1.198551
8.150038
1.768079
8.725765
2.311556
9.286552
2.869235
9.823057
3.427796
10.345700
3.954422
10.863791
4.465643
11.351604
5.019537
11.797573
5.592678
12.218363
6.154097
12.622324
6.693580
13.007581
7.212522
13.379543
7.681060
13.742210
8.130534
14.080197
8.556268
14.398095
8.958160
14.694706
9.334824
14.970459
9.697196
15.206415
10.074807
15.421343
10.375851
15.635746
10.638378
15.817577
10.885653
15.980042
11.090701
16.117661
11.300751
16.208250
11.520012
16.263374
11.726881
16.292793
11.902283
16.294937
12.052057
16.278492
12.141948
16.251898
12.181457
16.200485
12.207296
16.119190
12.194345
16.017679
12.169580
15.877241
12.133601
15.714464
12.042171
15.541231
11.911193
15.337808
11.751385
15.002157
11.653335
14.688032
11.478230
14.364872
11.282146
13.990571
11.112608
13.586330
10.937559
13.180505
10.734689
12.767845
10.497938
12.362432
10.198157
11.931876
9.912094
11.476929
9.635550
11.002979
9.373672
10.504722
9.093656
10.003015
8.734096
9.494871
8.321358
8.980785
7.856816
8.460976
7.324867
7.934129
6.787406
7.384537
6.271305
6.818023
5.737620
6.246022
5.186347
5.655871
4.664736
5.045336
4.179255
4.422021
3.676040
3.800329
3.120908
3.181842
2.524407
2.558970
1.947182
1.922562
1.401940
1.281880
0.826066
0.651403
0.193861
0.025512
-0.434308
-0.606534
-1.030083
-1.243965
-1.601078
-1.875821
-2.200500
-2.503189
-2.786141
-3.127694
-3.382126
-3.743085
-3.999350
-4.337464
-4.657867
-4.924976
-5.290104
-5.504588
-5.931313
-6.067866
-6.584602
-6.620985
-7.187862
-7.176670
-7.722987
-7.723805
-8.269779
-8.245546
-8.842086
-8.751333
-9.392478
-9.241907
-9.925471
-9.716110
-10.449537
-10.170718
-10.956989
-10.609544
-11.440743
-11.026516
-11.927401
-11.421011
-12.382936
-11.803139
-12.778662
-12.170338
-13.146668
-12.514417
-13.502208
-12.834815
-13.840785
-13.131186
-14.155128
-13.406730
-14.429849
-13.658606
-14.713832
-13.873549
-15.010383
-14.061054
-15.267575
-14.230279
-15.468513
-14.383312
-15.608953
-14.516949
-15.723125
-14.618416
-15.841259
-14.689319
-15.927841
-14.737752
-15.985351
-14.760937
-16.008024
-14.754534
-16.028692
-14.721289
-16.019255
-14.656287
-16.004663
-14.568064
-15.934332
-14.456661
-15.863217
-14.310337
-15.782635
-14.134520
-15.695376
-13.930111
-15.559610
-13.712209
-15.350655
-13.479097
-15.134511
-13.201994
-14.940135
-12.894958
-14.707277
-12.571354
-14.442019
-12.222866
-14.176059
-11.825085
-13.932117
-11.395172
-13.653253
-10.953202
-13.321496
-10.496612
-12.975279
-9.988605
-12.639384
-9.429806
-12.300962
-8.795323
-11.983563
-8.181688
-11.694160
-7.625855
-11.327023
-7.033161
-10.965717
-6.440032
-10.568192
-5.829982
-10.156475
-5.223840
-9.669006
-4.635387
-9.117505
-4.053171
-8.533671
-3.465856
-7.935865
-2.868498
-7.318962
-2.281337
-6.666184
-1.682946
-6.038718
-1.069016
-5.412484
-0.445786
-4.802420
0.184219
-4.175260
0.802543
-3.521999
1.424950
-2.895603
2.608870
-3.516777
3.233620
-2.872974
3.849813
-2.224645
4.448409
-1.518858
5.021369
-0.825232
5.612674
-0.196558
6.216412
0.396544
6.819223
0.983055
7.402207
1.611819
7.951560
2.256829
8.489810
2.883105
9.021814
3.480971
9.549006
4.036582
10.081142
4.545250
10.603109
5.047668
11.098642
5.563437
11.573414
6.054348
12.030418
6.551332
12.459745
7.019471
12.882127
7.459846
13.278712
7.905674
13.647955
8.321115
14.005259
8.710327
14.330665
9.112109
14.627426
9.487143
14.903559
9.838375
15.155461
10.160267
15.390215
10.451431
15.596521
10.727844
15.781494
10.962191
15.950828
11.139615
16.106707
11.294032
16.225838
11.431684
16.333809
11.490557
16.427162
11.551394
16.464722
11.648248
16.466581
11.703785
16.448042
11.734917
16.404510
11.725718
16.336798
11.708973
16.228905
11.706443
16.076937
11.686281
15.911708
11.608511
15.728859
11.492903
15.524229
11.357485
15.286034
11.219288
15.019920
11.045969
14.735744
10.837144
14.429642
10.623411
14.082871
10.409685
13.608568
10.204372
13.157000
