0.096748	0.039531	0.097214
0.087677	-0.040242	0.086790
0.092905	-0.072683	0.071994
0.121417	-0.094014	0.055728
0.154148	-0.109447	0.037488
0.174975	-0.123998	0.018818
0.181185	-0.135324	0.002513
0.178317	-0.145852	-0.008571
0.168954	-0.181044	-0.017202
0.158191	-0.225089	-0.025953
0.158340	-0.269703	-0.033873
0.171943	-0.311767	-0.041341
0.189338	-0.345002	-0.048596
0.202921	-0.367692	-0.054799
0.213499	-0.380519	-0.059738
0.218672	-0.385021	-0.064494
0.218032	-0.382831	-0.070090
0.211548	-0.374377	-0.076826
0.202320	-0.361555	-0.084764
0.189297	-0.349001	-0.094452
0.176433	-0.340338	-0.103163
0.169532	-0.333844	-0.111726
0.168986	-0.327117	-0.121184
0.167810	-0.316053	-0.129973
0.158012	-0.298346	-0.137155
0.141540	-0.279604	-0.145925
0.121549	-0.266723	-0.165868
0.099502	-0.260022	-0.193669
0.096189	-0.256690	-0.221262
0.095608	-0.254109	-0.248520
0.103660	-0.251626	-0.276255
0.120741	-0.249544	-0.306743
0.147167	-0.248603	-0.341521
0.171461	-0.248135	-0.383831
0.182269	-0.245717	-0.435777
0.183581	-0.240176	-0.494555
0.188430	-0.232690	-0.530444
0.194468	-0.225869	-0.536364
0.194191	-0.221602	-0.536364
0.184806	-0.221165	-0.536364
0.170394	-0.223338	-0.536364
0.161191	-0.227054	-0.536364
0.150107	-0.230572	-0.536364
0.132057	-0.232587	-0.536364
0.113931	-0.229839	-0.536364
0.103958	-0.222793	-0.536364
0.113517	-0.215972	-0.536364
0.133303	-0.212284	-0.536364
0.147399	-0.210884	-0.536364
0.152872	-0.211409	-0.536364
0.153701	-0.213352	-0.536364
0.143572	-0.215464	-0.536364
0.125348	-0.213318	-0.536364
0.112675	-0.205723	-0.536364
0.111005	-0.197329	-0.536364
0.119444	-0.190789	-0.536364
0.121722	-0.186124	-0.536364
0.119096	-0.183355	-0.536364
0.112624	-0.179902	-0.536364
0.096880	-0.174885	-0.536364
0.081011	-0.168783	-0.536364
0.053543	-0.160399	-0.536364
0.027800	-0.148173	-0.536364
0.007725	-0.142534	-0.536364
-0.004534	-0.136809	-0.536364
-0.009939	-0.130230	-0.536364
-0.012750	-0.126013	-0.536364
-0.016051	-0.123735	-0.536364
-0.020506	-0.121819	-0.536364
-0.025932	-0.120646	-0.536364
-0.031477	-0.120459	-0.536364
-0.035894	-0.120337	-0.536364
-0.038449	-0.118783	-0.536364
-0.039538	-0.115890	-0.536364
-0.038159	-0.113092	-0.536364
-0.039239	-0.111339	-0.536364
-0.040594	-0.108415	-0.536364
-0.043750	-0.104565	-0.536364
-0.048138	-0.101175	-0.536364
-0.052601	-0.098562	-0.536364
-0.056530	-0.096347	-0.536364
-0.059850	-0.093581	-0.536364
-0.063638	-0.090419	-0.536364
-0.068539	-0.086595	-0.536364
-0.073594	-0.083618	-0.536364
-0.077382	-0.081438	-0.536364
-0.079433	-0.078382	-0.536364
-0.080472	-0.073997	-0.536364
-0.081221	-0.070137	-0.536364
-0.082306	-0.066035	-0.536364
-0.084091	-0.061374	-0.536364
-0.086351	-0.057577	-0.536364
-0.089137	-0.054054	-0.536364
-0.091165	-0.052157	-0.536364
-0.092452	-0.052192	-0.536364
-0.093514	-0.052189	-0.536364
-0.094439	-0.051968	-0.536364
-0.095188	-0.050431	-0.536364
-0.095990	-0.048090	-0.536364
-0.097165	-0.043299	-0.536364
-0.098807	-0.037049	-0.536364
-0.100591	-0.029723	-0.536364
-0.102164	-0.019961	-0.536364
-0.103296	-0.010624	-0.536364
-0.103975	0.009633	-0.536364
-0.104655	0.040211	-0.536364
-0.105745	0.074227	-0.536364
-0.107321	0.117133	-0.536364
-0.109273	0.153124	-0.536364
-0.111264	0.189715	-0.536364
-0.112909	0.224098	-0.536364
-0.114234	0.266137	-0.536364
-0.115230	0.313640	-0.536364
-0.115371	0.351796	-0.536364
-0.114728	0.379969	-0.536364
-0.114786	0.401995	-0.536364
-0.115186	0.417974	-0.536364
-0.115916	0.431378	-0.536364
-0.117280	0.446237	-0.536364
-0.119494	0.460648	-0.536364
-0.122381	0.471862	-0.536364
-0.125209	0.481096	-0.536364
-0.127629	0.488492	-0.536364
-0.129750	0.495711	-0.536364
-0.131678	0.501942	-0.536364
-0.133444	0.505388	-0.536364
-0.135038	0.505791	-0.536364
-0.136363	0.505642	-0.536364
-0.137316	0.507519	-0.536364
-0.138617	0.509700	-0.536364
-0.139557	0.510323	-0.536364
-0.140188	0.508162	-0.536364
-0.141081	0.501649	-0.536364
-0.142622	0.492479	-0.536364
-0.144271	0.481663	-0.536364
-0.145748	0.471634	-0.536364
-0.147247	0.462500	-0.536364
-0.148764	0.455770	-0.536364
-0.150305	0.450860	-0.536364
-0.153505	0.447794	-0.536364
-0.159071	0.448179	-0.536364
-0.165420	0.446942	-0.536364
-0.171830	0.442657	-0.536364
-0.178108	0.439757	-0.536364
-0.187007	0.438728	-0.536364
-0.196987	0.434238	-0.536364
-0.207087	0.425015	-0.536364
-0.217589	0.417870	-0.536364
-0.228923	0.413200	-0.536364
-0.239725	0.408984	-0.536364
-0.250057	0.405387	-0.536364
-0.261325	0.399314	-0.536364
-0.274062	0.388633	-0.536364
-0.286952	0.374739	-0.536364
-0.298225	0.360605	-0.536364
-0.308358	0.348892	-0.536364
-0.320412	0.340388	-0.516743
-0.336072	0.331611	-0.476745
-0.353382	0.321072	-0.432495
-0.370113	0.312364	-0.385606
-0.385396	0.312927	-0.335920
-0.401633	0.326975	-0.286139
-0.419937	0.347034	-0.245353
-0.441100	0.365591	-0.213201
-0.466643	0.382600	-0.188127
-0.494780	0.396966	-0.175395
-0.523662	0.406873	-0.172613
-0.535006	0.412250	-0.174751
-0.536364	0.412551	-0.182375
-0.536364	0.408365	-0.194153
-0.536364	0.400826	-0.209183
-0.536364	0.390884	-0.226970
-0.536364	0.375268	-0.245045
-0.536364	0.349503	-0.261581
-0.536364	0.312425	-0.275184
-0.536364	0.259242	-0.284031
-0.536364	0.185113	-0.288413
-0.536364	0.098120	-0.288971
-0.536364	0.074783	-0.284841
-0.536364	0.034495	-0.279686
-0.536364	0.014108	-0.277510
-0.536364	0.003010	-0.278768
-0.536364	-0.005030	-0.283399
-0.536364	-0.012834	-0.288954
-0.536364	-0.020165	-0.293984
-0.536364	-0.025909	-0.300256
-0.536364	-0.031233	-0.309241
-0.536364	-0.038685	-0.320797
-0.536364	-0.047383	-0.333234
-0.536364	-0.054738	-0.344853
-0.536364	-0.059583	-0.352662
-0.536364	-0.062272	-0.355413
-0.536364	-0.063706	-0.355317
-0.536364	-0.064679	-0.352181
-0.536364	-0.066095	-0.343115
-0.536364	-0.068257	-0.326406
-0.536364	-0.070888	-0.308437
-0.536364	-0.074121	-0.296590
-0.536364	-0.077960	-0.289517
-0.536364	-0.082148	-0.285235
-0.536364	-0.086410	-0.283636
-0.536364	-0.091062	-0.282411
-0.536364	-0.094729	-0.282027
-0.536364	-0.097182	-0.283362
-0.536364	-0.098782	-0.286910
-0.536364	-0.099626	-0.292796
-0.536364	-0.099948	-0.299274
-0.536364	-0.100437	-0.304225
-0.536364	-0.101524	-0.307335
-0.536364	-0.103192	-0.309792
-0.536364	-0.105435	-0.310981
-0.536364	-0.108424	-0.309488
-0.536364	-0.111805	-0.305121
-0.536364	-0.115445	-0.301260
-0.536364	-0.118903	-0.299966
-0.536364	-0.121863	-0.299785
-0.536364	-0.124147	-0.300789
-0.536364	-0.125921	-0.302579
-0.536364	-0.127332	-0.303541
-0.536364	-0.128248	-0.302015
-0.536364	-0.128908	-0.299898
-0.536364	-0.129818	-0.300409
-0.536364	-0.131363	-0.304658
-0.536364	-0.133389	-0.312725
-0.536364	-0.135656	-0.323836
-0.536364	-0.137683	-0.335438
-0.536364	-0.141330	-0.344657
-0.536364	-0.144962	-0.351420
-0.536364	-0.148681	-0.356639
-0.536364	-0.155945	-0.361591
-0.536364	-0.168147	-0.367986
-0.536364	-0.183194	-0.377759
-0.536364	-0.198476	-0.389236
-0.536364	-0.211533	-0.397783
-0.536364	-0.223528	-0.402726
-0.536364	-0.236699	-0.409825
-0.536364	-0.251250	-0.419505
-0.536364	-0.264353	-0.427483
-0.536364	-0.276409	-0.432336
-0.536364	-0.290023	-0.433081
-0.536364	-0.306088	-0.429226
-0.536364	-0.324612	-0.422713
-0.536364	-0.344165	-0.415697
-0.536364	-0.361254	-0.408337
-0.536364	-0.373350	-0.399388
-0.536364	-0.382387	-0.388943
-0.536364	-0.393404	-0.381628
-0.536364	-0.410262	-0.379249
-0.536364	-0.433362	-0.384064
-0.536364	-0.460821	-0.400702
-0.536364	-0.491138	-0.430912
-0.536364	-0.525928	-0.473538
-0.536364	-0.535757	-0.525239
-0.536364	-0.536364	-0.536364
-0.536364	-0.536364	-0.536364
-0.536364	-0.536364	-0.536364
-0.536364	-0.536364	-0.536364
-0.536364	-0.536364	-0.536364
-0.536364	-0.536364	-0.536364
-0.536364	-0.536364	-0.536364
-0.536364	-0.536364	-0.536364
-0.536364	-0.536364	-0.536364
-0.536364	-0.536364	-0.536364
-0.536364	-0.536364	-0.536364
-0.536364	-0.536364	-0.536364
-0.536364	-0.536364	-0.536364
-0.536364	-0.536364	-0.536364
-0.536364	-0.536364	-0.536364
-0.536364	-0.536364	-0.536364
-0.536364	-0.536364	-0.536364
-0.536364	-0.536364	-0.536364
-0.536364	-0.536364	-0.536364
-0.536364	-0.536364	-0.536364
-0.536364	-0.536364	-0.536364
-0.536364	-0.536364	-0.536364
-0.536364	-0.536364	-0.536364
-0.536364	-0.536364	-0.536364
-0.536364	-0.536364	-0.536364
-0.536364	-0.536364	-0.536364
-0.536364	-0.536364	-0.536364
-0.536364	-0.536364	-0.536364
-0.536364	-0.536364	-0.536364
-0.536364	-0.536364	-0.536364
-0.536364	-0.536364	-0.536364
-0.536364	-0.536364	-0.536364
-0.536364	-0.536364	-0.536364
-0.536364	-0.536364	-0.536364
-0.536364	-0.536364	-0.536364
-0.536364	-0.536364	-0.536364
-0.536364	-0.536364	-0.536364
-0.536364	-0.536364	-0.536364
-0.536364	-0.536364	-0.536364
-0.536364	-0.536364	-0.536364
-0.536364	-0.536364	-0.536364
-0.536364	-0.536364	-0.536364
-0.536364	-0.536364	-0.536364
-0.536364	-0.536364	-0.536364
-0.536364	-0.536364	-0.536364
-0.536364	-0.536364	-0.536364
-0.536364	-0.536364	-0.536364
-0.536364	-0.536364	-0.536364
-0.218458	-0.536364	-0.186080
-0.168545	-0.536364	-0.149453
-0.160733	-0.536364	-0.150322
-0.150316	-0.536364	-0.154544
-0.143255	-0.536364	-0.161567
-0.136599	-0.536364	-0.168552
-0.128572	-0.536364	-0.174999
-0.122746	-0.536364	-0.180307
-0.119412	-0.536364	-0.185556
-0.116120	-0.536364	-0.194234
-0.113075	-0.536364	-0.209350
-0.109135	-0.536364	-0.230640
-0.104964	-0.536364	-0.256455
-0.099237	-0.536364	-0.289221
-0.092640	-0.536364	-0.329843
-0.088319	-0.536364	-0.378246
-0.085108	-0.536364	-0.436742
-0.080835	-0.536364	-0.505372
-0.076211	-0.536364	-0.533161
-0.074658	-0.536364	-0.536364
-0.074649	-0.536364	-0.536364
-0.073069	-0.536364	-0.536364
-0.067402	-0.536364	-0.536364
-0.059040	-0.536364	-0.536364
-0.048846	-0.536364	-0.536364
-0.037807	-0.536364	-0.536364
-0.027746	-0.536364	-0.536364
-0.015683	-0.536364	-0.505921
-0.001578	-0.536364	-0.453926
0.004421	-0.536364	-0.408491
0.002875	-0.536364	-0.373408
0.004479	-0.536364	-0.347906
0.011453	-0.525633	-0.333482
0.021048	-0.511606	-0.328602
0.030434	-0.499109	-0.328396
0.036171	-0.488090	-0.330501
0.046307	-0.478918	-0.332960
0.059506	-0.470194	-0.333305
0.078162	-0.460392	-0.329282
0.113283	-0.445465	-0.322138
0.145633	-0.424463	-0.316181
0.177644	-0.401563	-0.313041
0.216867	-0.376256	-0.309138
0.263708	-0.347138	-0.302948
0.307204	-0.316441	-0.295228
0.339432	-0.289523	-0.288205
0.359933	-0.269531	-0.281738
0.373233	-0.254551	-0.273585
0.383820	-0.240015	-0.265164
0.394794	-0.223544	-0.257693
0.405067	-0.206433	-0.251256
0.413834	-0.189994	-0.245357
0.421699	-0.175937	-0.239649
0.427778	-0.165766	-0.233529
0.433786	-0.157978	-0.224544
0.443168	-0.150616	-0.214360
0.453283	-0.147554	-0.205310
0.462009	-0.145734	-0.198546
0.469702	-0.143878	-0.194367
0.476403	-0.140602	-0.191160
0.482966	-0.136687	-0.186694
0.490615	-0.132883	-0.180231
0.502256	-0.129100	-0.173166
0.517243	-0.125651	-0.165857
0.535932	-0.122368	-0.159522
0.552635	-0.118887	-0.155193
0.565447	-0.114735	-0.152755
0.576268	-0.109599	-0.150786
0.584836	-0.103809	-0.149483
0.590941	-0.098078	-0.148440
0.596676	-0.092651	-0.147086
0.602627	-0.087782	-0.145181
0.608382	-0.082540	-0.142906
0.613310	-0.079241	-0.140503
0.618125	-0.079178	-0.137441
0.624221	-0.081276	-0.132909
0.631686	-0.083350	-0.127817
0.639790	-0.083556	-0.125260
0.646528	-0.082152	-0.123249
0.652062	-0.076574	-0.120722
0.656348	-0.067557	-0.118582
0.659815	-0.059666	-0.115998
0.660466	-0.055170	-0.112816
0.659350	-0.052272	-0.107793
0.658277	-0.048305	-0.102693
0.657168	-0.038841	-0.099990
0.657143	-0.028749	-0.099305
0.657143	-0.016223	-0.100285
0.657143	0.000117	-0.101658
0.657143	0.016977	-0.101877
0.657143	0.034913	-0.102117
0.657143	0.053089	-0.100882
0.657143	0.064789	-0.097028
0.657445	0.075654	-0.091766
0.657143	0.087261	-0.088274
0.657143	0.105654	-0.085132
0.657143	0.127041	-0.081991
0.657666	0.161531	-0.078225
0.657972	0.204295	-0.074793
0.657233	0.250632	-0.069605
0.657143	0.297044	-0.061387
0.657143	0.341952	-0.050329
0.657143	0.381009	-0.032825
0.657830	0.411305	-0.003476
0.658373	0.434243	0.047929
0.658270	0.453831	0.138317
0.658367	0.471401	0.236583
0.658690	0.485945	0.324839
0.657974	0.502130	0.389538
0.657180	0.519168	0.439753
0.657295	0.535737	0.480099
0.658016	0.554031	0.521666
0.658415	0.573030	0.560211
0.657972	0.588845	0.592060
0.657600	0.600198	0.616936
0.658489	0.608008	0.637561
0.659284	0.614806	0.657272
0.659748	0.622334	0.658357
0.660241	0.630509	0.657143
0.660248	0.641225	0.657143
0.659809	0.653504	0.657143
0.659708	0.660240	0.657143
0.660999	0.657973	0.657143
0.663076	0.657143	0.657143
0.661130	0.657143	0.661168
0.656025	0.657143	0.669023
0.652260	0.657143	0.673648
0.650814	0.657143	0.674216
0.652354	0.657353	0.672810
0.653139	0.658239	0.674426
0.653269	0.658753	0.652152
0.653183	0.658384	0.629791
0.652634	0.658210	0.612240
0.650923	0.658973	0.602157
0.647550	0.659246	0.603781
0.642919	0.659883	0.613701
0.637826	0.660492	0.626834
0.632848	0.660080	0.642053
0.628270	0.658420	0.656716
0.623712	0.657543	0.659632
0.619995	0.657143	0.657406
0.618036	0.657143	0.657143
0.616754	0.657143	0.657143
0.614558	0.657143	0.657143
0.611655	0.657143	0.657143
0.608396	0.657143	0.657143
0.605162	0.657143	0.657143
0.604201	0.657143	0.657143
0.606760	0.657143	0.657143
0.608889	0.657143	0.657143
0.609315	0.657143	0.657143
0.608431	0.657143	0.657143
0.606187	0.657143	0.657143
0.603969	0.657143	0.657143
0.601929	0.657143	0.100000
0.598263	0.657143	0.100000
0.592658	0.657143	0.100000
0.585809	0.657143	0.100000
0.578710	0.657143	0.100000
0.571627	0.657143	0.100000
0.564318	0.657143	0.100000
0.556903	0.657143	0.100000
0.550044	0.657143	0.100000
0.542776	0.657143	0.100000
0.532932	0.657143	0.100000
0.521737	0.657143	0.100000
0.511824	0.659051	0.100000
0.502805	0.661179	0.100000
0.494278	0.661847	0.100000
0.487304	0.661867	0.100000
0.484251	0.661487	0.100000
0.485477	0.660205	0.100000
0.489673	0.659212	0.100000
0.497282	0.659360	0.100000
0.505529	0.659692	0.100000
0.511072	0.659548	0.100000
0.512931	0.659220	0.100000
0.511603	0.659066	0.100000
0.508962	0.658322	0.100000
0.505599	0.657851	0.100000
0.500189	0.658305	0.100000
0.491658	0.658648	0.100000
0.481840	0.658280	0.100000
0.475812	0.658073	0.100000
0.472282	0.657981	0.100000
0.470263	0.658030	0.100000
0.468593	0.658581	0.100000
0.468527	0.659064	0.100000
0.469747	0.659500	0.100000
0.471195	0.660464	0.100000
0.473745	0.661446	0.100000
0.477402	0.661456	0.100000
0.479368	0.662446	0.100000
0.479965	0.662110	0.100000
0.481152	0.658077	0.100000
0.483341	0.654991	0.100000
0.484241	0.652103	0.100000
0.480916	0.648105	0.100000
0.475257	0.642616	0.100000
0.470863	0.637414	0.100000
0.469509	0.634145	0.100000
0.470234	0.631664	0.100000
0.473091	0.628844	0.100000
0.477499	0.626378	0.100000
0.481066	0.625037	0.100000
0.485195	0.624652	0.100000
0.488527	0.624091	0.100000
0.489543	0.621601	0.100000
0.489611	0.616761	0.100000
0.489991	0.611464	0.100000
0.488812	0.608127	0.100000
0.485250	0.606019	0.100000
0.482966	0.603226	0.100000
0.486274	0.599946	0.100000
0.496195	0.597229	0.100000
0.510411	0.595871	0.100000
0.524914	0.596611	0.100000
0.537412	0.597690	0.100000
0.546527	0.596861	0.100000
0.552453	0.593815	0.100000
0.558042	0.588503	0.100000
0.562632	0.582725	0.100000
0.567625	0.577535	0.100000
0.574797	0.571470	0.100000
0.582754	0.563970	0.100000
0.588316	0.556755	0.100000
0.590019	0.548673	0.100000
0.589171	0.537821	0.100000
0.587375	0.524268	0.100000
0.586394	0.507572	0.100000
0.588474	0.487606	0.100000
0.593105	0.467900	0.100000
0.598123	0.451496	0.100000
0.601025	0.436287	0.100000
0.600642	0.423448	0.100000
0.599609	0.413653	0.100000
0.598813	0.405483	0.100000
0.597964	0.398857	0.100000
0.596881	0.394042	0.100000
0.595437	0.389936	0.100000
0.594005	0.384189	0.100000
0.594452	0.377154	0.100000
0.597636	0.369048	0.100000
0.602906	0.358121	0.100000
0.608995	0.345016	0.100000
0.613872	0.329296	0.100000
0.617932	0.309299	0.100000
0.621722	0.285295	0.100000
0.625949	0.259831	0.100000
0.630730	0.230385	0.100000
0.635667	0.183491	0.100000
0.639848	0.116163	0.100000
0.642703	0.079313	0.100000
0.644681	0.028767	0.100000
0.646726	-0.009559	0.100000
0.650449	-0.033038	0.100000
0.655268	-0.046974	0.100000
0.659551	-0.055422	0.100000
0.660739	-0.061075	0.100000
0.660025	-0.065507	0.100000
0.659344	-0.070151	0.100000
0.658799	-0.075582	0.100000
0.658278	-0.081313	0.100000
0.657671	-0.087251	0.100000
0.657143	-0.093384	0.100000
0.657143	-0.099144	0.100000
0.657143	-0.104805	0.100000
0.657143	-0.111644	0.100000
0.657143	-0.119551	0.100000
0.657143	-0.126448	0.100000
0.657147	-0.131538	0.100000
0.658584	-0.134824	0.100000
0.660302	-0.136700	0.100000
0.660459	-0.138255	0.100000
0.659919	-0.139619	0.100000
0.658581	-0.140254	0.100000
0.657483	-0.139947	0.100000
0.657143	-0.137883	0.100000
0.657143	-0.135379	0.100000
0.657143	-0.134023	0.100000
0.657143	-0.131898	0.100000
0.657143	-0.129410	0.100000
0.657143	-0.128424	0.100000
0.657143	-0.128428	0.100000
0.657143	-0.126931	0.100000
0.657143	-0.122665	0.100000
0.657143	-0.116863	0.100000
0.657143	-0.112930	0.100000
0.657143	-0.110610	0.100000
0.657143	-0.109053	0.100000
0.657143	-0.107101	0.100000
0.657143	-0.106686	0.100000
0.657143	-0.108218	0.100000
0.657143	-0.108839	0.100000
0.657143	-0.110120	0.100000
0.657143	-0.110955	0.100000
0.657143	-0.108963	0.100000
0.657143	-0.106842	0.100000
-0.100000	-0.105798	0.750000
0.550000	-0.106058	0.657143
-0.100000	-0.177353	0.750000
-0.086851	-0.328141	0.258188
-0.086960	-0.336939	0.212677
-0.084918	-0.347635	0.149451
-0.081083	-0.358729	0.094753
-0.077325	-0.371379	0.074159
-0.073800	-0.388281	0.049098
-0.069608	-0.409542	0.029563
-0.066541	-0.432275	0.003172
-0.065765	-0.452728	-0.028179
-0.064889	-0.467493	-0.054774
-0.063201	-0.478254	-0.074065
-0.061439	-0.488381	-0.090578
-0.059077	-0.497897	-0.104740
-0.054299	-0.506151	-0.118444
-0.047268	-0.514705	-0.131815
-0.042832	-0.523429	-0.141374
-0.040055	-0.532378	-0.173892
-0.037382	-0.535929	-0.220518
-0.038537	-0.536364	-0.261320
-0.040422	-0.536364	-0.298621
-0.041291	-0.536364	-0.327767
-0.043430	-0.536364	-0.338297
-0.045758	-0.536364	-0.324877
-0.047690	-0.536364	-0.293463
-0.049383	-0.536364	-0.256245
-0.050624	-0.528072	-0.224865
-0.051047	-0.511520	-0.204171
-0.048013	-0.492323	-0.194203
-0.044812	-0.472394	-0.193631
-0.045120	-0.451076	-0.199157
-0.046635	-0.427441	-0.210810
-0.047310	-0.403558	-0.225112
-0.049136	-0.382390	-0.239981
-0.051847	-0.364216	-0.254114
-0.054880	-0.349668	-0.267219
-0.058254	-0.340440	-0.280380
-0.061274	-0.334072	-0.291006
-0.062777	-0.329936	-0.296565
-0.061142	-0.326138	-0.299504
-0.059608	-0.320279	-0.303911
-0.061388	-0.312436	-0.311878
-0.062064	-0.301931	-0.323859
-0.063742	-0.288038	-0.337334
-0.065852	-0.271015	-0.350559
-0.067233	-0.254774	-0.364460
-0.064444	-0.240440	-0.378579
-0.063058	-0.229050	-0.392138
-0.062217	-0.222850	-0.405782
-0.061642	-0.222743	-0.419900
-0.060665	-0.225692	-0.436759
-0.059444	-0.229384	-0.457168
-0.057355	-0.228904	-0.477381
-0.058205	-0.221744	-0.497108
-0.059456	-0.211736	-0.519186
-0.061213	-0.200990	-0.533826
-0.064191	-0.191224	-0.536364
-0.067431	-0.183858	-0.536364
-0.070551	-0.178610	-0.536364
-0.073606	-0.173197	-0.536364
-0.075656	-0.167147	-0.536364
-0.072753	-0.159394	-0.536364
-0.069386	-0.148882	-0.536364
-0.067336	-0.143892	-0.536364
-0.067170	-0.140846	-0.536364
-0.067597	-0.139475	-0.536364
-0.067347	-0.138764	-0.536364
-0.065094	-0.138884	-0.536364
-0.063933	-0.138728	-0.536364
-0.065429	-0.138562	-0.536364
-0.065772	-0.138405	-0.536364
-0.062611	-0.137820	-0.536364
-0.058823	-0.136701	-0.536364
-0.057703	-0.134650	-0.536364
-0.060272	-0.131577	-0.536364
-0.061107	-0.128645	-0.536364
-0.063559	-0.126609	-0.536364
-0.067128	-0.124463	-0.536364
-0.071029	-0.121600	-0.536364
-0.074660	-0.120137	-0.536364
-0.077829	-0.119431	-0.536364
-0.080539	-0.118282	-0.536364
-0.082903	-0.116092	-0.536364
-0.085268	-0.112921	-0.536364
-0.088277	-0.108084	-0.536364
-0.091361	-0.101247	-0.536364
-0.093945	-0.094745	-0.536364
-0.096002	-0.091484	-0.536364
-0.098129	-0.090673	-0.536364
-0.100732	-0.090049	-0.536364
-0.103935	-0.088626	-0.536364
-0.108143	-0.085612	-0.536364
-0.113320	-0.081184	-0.536364
-0.117736	-0.076877	-0.536364
-0.120978	-0.072823	-0.536364
-0.123360	-0.068392	-0.536364
-0.125482	-0.063291	-0.536364
-0.127509	-0.058396	-0.536364
-0.129337	-0.055821	-0.536364
-0.131040	-0.053366	-0.536364
-0.132648	-0.049789	-0.536364
-0.134125	-0.045821	-0.536364
-0.135703	-0.039283	-0.536364
-0.137187	-0.030348	-0.536364
-0.139439	-0.018259	-0.536364
-0.141443	0.000218	-0.536364
-0.142958	0.025050	-0.536364
-0.144055	0.061472	-0.536364
-0.145132	0.111083	-0.536364
-0.146584	0.165926	-0.536364
-0.148435	0.228423	-0.536364
-0.149895	0.280476	-0.536364
-0.150639	0.325156	-0.536364
-0.150424	0.355323	-0.536364
-0.150623	0.371877	-0.536364
-0.151193	0.382164	-0.536364
-0.154237	0.390529	-0.495691
-0.157874	0.400236	-0.435820
-0.162210	0.412184	-0.383193
-0.168903	0.423726	-0.340304
-0.179376	0.432419	-0.307282
-0.194140	0.439638	-0.285929
-0.209631	0.448154	-0.275367
-0.224408	0.458233	-0.275802
-0.236969	0.466977	-0.291702
-0.245651	0.472765	-0.329609
-0.249435	0.473719	-0.391682
-0.249530	0.471796	-0.476071
-0.249837	0.469273	-0.528051
-0.252970	0.465693	-0.536364
-0.259332	0.460957	-0.536364
-0.268920	0.453980	-0.536364
-0.282440	0.444488	-0.536364
-0.299789	0.433590	-0.536364
-0.322748	0.421396	-0.536364
-0.350605	0.412548	-0.536364
-0.382996	0.404504	-0.536364
-0.420238	0.389846	-0.536364
-0.460790	0.371364	-0.536364
-0.503540	0.356751	-0.536364
-0.531517	0.351987	-0.536364
-0.536364	0.356564	-0.536364
-0.536364	0.361732	-0.536364
-0.536364	0.364896	-0.536364
-0.536364	0.368691	-0.536364
-0.536364	0.374426	-0.536364
-0.536364	0.383508	-0.536364
-0.536364	0.393561	-0.536364
-0.536364	0.406159	-0.536364
-0.536364	0.415871	-0.536364
-0.536364	0.419291	-0.536364
-0.536364	0.416237	-0.536364
-0.536364	0.407575	-0.536364
-0.536364	0.397037	-0.536364
-0.536364	0.387411	-0.536364
-0.536364	0.379815	-0.536364
-0.536364	0.375579	-0.526850
-0.536364	0.371736	-0.500266
-0.536364	0.370047	-0.470290
-0.536364	0.372661	-0.442580
-0.536364	0.375453	-0.413809
-0.536364	0.377096	-0.381264
-0.536364	0.379353	-0.343778
-0.536364	0.382124	-0.302008
-0.536364	0.384880	-0.261253
-0.536364	0.386817	-0.227720
-0.536364	0.385183	-0.207618
-0.536364	0.379376	-0.204872
-0.536364	0.371107	-0.213332
-0.536364	0.360085	-0.233995
-0.536364	0.341415	-0.262485
-0.536364	0.308840	-0.300328
-0.536364	0.270715	-0.346875
-0.536364	0.233154	-0.396139
-0.536364	0.190299	-0.442534
-0.536364	0.139185	-0.484061
-0.536364	0.094476	-0.519907
-0.536364	0.071751	-0.534484
-0.536364	0.040779	-0.536364
-0.536364	0.014538	-0.536364
-0.536364	-0.008650	-0.536364
-0.536364	-0.026374	-0.536364
-0.536364	-0.039520	-0.536364
-0.536364	-0.050347	-0.536364
-0.536364	-0.060276	-0.534051
-0.536364	-0.069252	-0.530305
-0.536364	-0.075940	-0.526846
-0.536364	-0.080557	-0.524591
-0.536364	-0.084045	-0.526377
-0.536364	-0.087310	-0.533797
-0.536364	-0.090509	-0.536198
-0.536364	-0.093110	-0.536364
-0.536364	-0.095516	-0.536364
-0.536364	-0.098100	-0.536364
-0.536364	-0.100849	-0.536364
-0.536364	-0.103913	-0.536364
-0.536364	-0.107681	-0.536364
-0.536364	-0.112095	-0.536364
-0.536364	-0.115779	-0.536364
-0.536364	-0.118553	-0.536364
-0.536364	-0.120606	-0.536364
-0.536364	-0.122565	-0.536364
-0.536364	-0.124810	-0.536364
-0.536364	-0.127048	-0.536364
-0.536364	-0.128977	-0.536364
-0.536364	-0.130732	-0.536364
-0.536364	-0.132650	-0.536364
-0.536364	-0.135068	-0.536364
-0.536364	-0.137457	-0.536364
-0.536364	-0.141216	-0.536364
-0.536364	-0.144650	-0.536364
-0.536364	-0.147724	-0.536364
-0.536364	-0.151383	-0.536364
-0.536364	-0.158420	-0.536364
-0.536364	-0.162797	-0.536364
-0.536364	-0.166454	-0.536364
-0.536364	-0.171134	-0.536364
-0.536364	-0.176834	-0.536364
-0.536364	-0.183652	-0.536364
-0.536364	-0.191569	-0.536364
-0.536364	-0.199258	-0.536364
-0.536364	-0.205983	-0.536364
-0.536364	-0.212063	-0.536364
-0.536364	-0.217229	-0.536364
-0.536364	-0.222470	-0.536364
-0.536364	-0.228517	-0.536364
-0.536364	-0.236270	-0.536364
-0.536364	-0.247229	-0.536364
-0.536364	-0.261033	-0.536364
-0.536364	-0.277720	-0.536364
-0.536364	-0.296739	-0.536364
-0.536364	-0.317205	-0.536364
-0.536364	-0.338807	-0.536364
-0.536364	-0.360415	-0.536364
-0.536364	-0.381347	-0.536364
-0.536364	-0.401675	-0.536364
-0.536364	-0.420348	-0.536364
-0.536364	-0.436609	-0.536364
-0.536364	-0.452088	-0.536364
-0.536364	-0.469964	-0.536364
-0.536364	-0.491246	-0.536364
-0.536364	-0.513448	-0.536364
-0.536364	-0.532619	-0.536364
-0.536364	-0.536364	-0.536364
-0.536364	-0.536364	-0.536364
-0.536364	-0.536364	-0.536364
-0.536364	-0.536364	-0.536364
-0.536364	-0.536364	-0.536364
-0.536364	-0.536364	-0.536364
-0.536364	-0.536364	-0.536364
-0.536364	-0.536364	-0.536364
-0.536364	-0.536364	-0.536364
-0.536364	-0.536364	-0.536364
-0.536364	-0.536364	-0.536364
-0.536364	-0.536364	-0.536364
-0.536364	-0.536364	-0.536364
-0.536364	-0.536364	-0.536364
-0.536364	-0.536364	-0.536364
-0.536364	-0.536364	-0.536364
-0.536364	-0.536364	-0.536364
-0.536364	-0.536364	-0.536364
-0.536364	-0.536364	-0.536364
-0.536364	-0.536364	-0.536364
-0.536364	-0.536364	-0.536364
-0.536364	-0.536364	-0.536364
-0.536364	-0.536364	-0.536364
-0.536364	-0.536364	-0.536364
-0.536364	-0.536364	-0.536364
-0.536364	-0.536364	-0.536364
-0.536364	-0.536364	-0.536364
-0.536364	-0.536364	-0.536364
-0.536364	-0.536364	-0.536364
-0.536364	-0.536364	-0.536364
-0.536364	-0.536364	-0.536364
-0.536364	-0.536364	-0.536364
-0.536364	-0.536364	-0.536364
-0.536364	-0.536364	-0.536364
-0.536364	-0.536364	-0.536364
-0.536364	-0.536364	-0.536364
-0.536364	-0.536364	-0.536364
-0.536364	-0.536364	-0.536364
-0.536364	-0.536364	-0.536364
-0.536364	-0.536364	-0.536364
-0.536364	-0.536364	-0.536364
-0.536364	-0.536364	-0.536364
-0.536364	-0.536364	-0.536364
-0.536364	-0.536364	-0.536364
-0.536364	-0.536364	-0.536364
-0.536364	-0.536364	-0.536364
-0.536364	-0.536364	-0.536364
-0.536364	-0.536364	-0.536364
-0.536364	-0.536364	-0.536364
-0.536364	-0.536364	-0.536364
-0.536364	-0.536364	-0.536364
-0.536364	-0.536364	-0.536364
-0.536364	-0.536364	-0.536364
-0.536364	-0.536364	-0.536364
-0.536364	-0.536364	-0.536364
-0.536364	-0.536364	-0.536364
-0.536364	-0.536364	-0.536364
-0.180360	-0.536364	-0.165627
-0.138675	-0.536364	-0.143354
-0.132169	-0.536364	-0.146028
-0.127003	-0.536364	-0.147923
-0.123801	-0.536364	-0.149002
-0.120397	-0.536364	-0.150344
-0.117345	-0.536364	-0.157049
-0.113527	-0.536364	-0.168978
-0.109722	-0.536364	-0.188361
-0.106065	-0.536364	-0.213502
-0.101237	-0.536364	-0.241763
-0.096238	-0.536364	-0.275486
-0.091459	-0.536364	-0.315294
-0.087399	-0.536364	-0.359226
-0.085086	-0.536364	-0.410560
-0.083841	-0.536364	-0.474019
-0.083943	-0.536364	-0.526440
-0.083228	-0.536364	-0.536364
-0.079457	-0.536364	-0.536364
-0.072928	-0.536364	-0.536364
-0.063523	-0.536364	-0.536364
-0.052786	-0.536364	-0.536364
-0.043960	-0.536364	-0.536364
-0.037521	-0.536364	-0.536364
-0.034096	-0.536364	-0.536364
-0.028352	-0.536364	-0.536364
-0.019528	-0.536364	-0.536364
-0.009757	-0.536364	-0.536364
-0.000325	-0.536364	-0.536364
0.006190	-0.536364	-0.536364
0.017612	-0.536364	-0.536364
0.038909	-0.536364	-0.536364
0.065523	-0.536364	-0.536364
0.097139	-0.536364	-0.536364
0.129873	-0.536364	-0.536364
0.166689	-0.536364	-0.536364
0.200562	-0.536364	-0.536364
0.233929	-0.536364	-0.536364
0.267531	-0.536364	-0.536364
0.301650	-0.536364	-0.536364
0.339275	-0.536364	-0.536364
0.374928	-0.536364	-0.536364
0.404159	-0.536364	-0.536364
0.428110	-0.536364	-0.536364
0.448175	-0.536364	-0.536364
0.462784	-0.536364	-0.536364
0.472497	-0.536364	-0.536364
0.479171	-0.536364	-0.530901
0.483556	-0.536364	-0.519316
0.486716	-0.536364	-0.506570
0.488850	-0.536364	-0.497325
0.491550	-0.536364	-0.491997
0.497429	-0.536364	-0.489662
0.508387	-0.536364	-0.490085
0.521868	-0.536364	-0.490594
0.533767	-0.536364	-0.491184
0.543550	-0.536364	-0.493495
0.551850	-0.529848	-0.497871
0.559315	-0.513070	-0.504260
0.565518	-0.490798	-0.510631
0.569247	-0.466024	-0.512820
0.572204	-0.440106	-0.512924
0.576141	-0.417487	-0.514746
0.580235	-0.401072	-0.518782
0.582854	-0.389289	-0.524335
0.584884	-0.380435	-0.528031
0.586436	-0.371310	-0.530144
0.588259	-0.357996	-0.532560
0.591473	-0.339559	-0.531410
0.595311	-0.318914	-0.526759
0.600006	-0.297430	-0.524513
0.604664	-0.279092	-0.526880
0.609198	-0.267612	-0.530140
0.614785	-0.260493	-0.529999
0.621742	-0.255087	-0.525578
0.629321	-0.249774	-0.518900
0.636787	-0.244617	-0.510379
0.643474	-0.240779	-0.498243
0.649699	-0.238547	-0.481726
0.654633	-0.234255	-0.461827
0.658529	-0.228109	-0.439904
0.660914	-0.222523	-0.416171
0.660263	-0.216975	-0.391918
0.659523	-0.209773	-0.370821
0.658650	-0.199552	-0.354916
0.657474	-0.184900	-0.342620
0.657143	-0.170469	-0.332244
0.657143	-0.157539	-0.324998
0.657143	-0.147921	-0.319975
0.657143	-0.145370	-0.314340
0.657143	-0.143156	-0.305795
0.657143	-0.140904	-0.292593
0.657143	-0.138499	-0.274631
0.657143	-0.136562	-0.256813
0.657143	-0.135064	-0.240872
0.657143	-0.133632	-0.226778
0.657143	-0.131715	-0.215280
0.657143	-0.128871	-0.205534
0.658592	-0.125720	-0.195130
0.659720	-0.123105	-0.183984
0.659436	-0.121226	-0.174280
0.658716	-0.117842	-0.164617
0.658638	-0.113399	-0.156200
0.658963	-0.108105	-0.148876
0.658551	-0.101716	-0.144778
0.657143	-0.094999	-0.138946
0.657143	-0.088492	-0.131083
0.657143	-0.084413	-0.122154
0.657143	-0.080108	-0.113491
0.657143	-0.073711	-0.101131
0.657143	-0.068763	-0.085989
0.657143	-0.064588	-0.066496
0.657143	-0.057188	-0.039320
0.657143	-0.045756	-0.005519
0.657143	-0.034768	0.054634
0.657143	-0.025375	0.197009
0.657143	-0.013076	0.346467
0.657143	0.004714	0.443658
0.657143	0.029487	0.506154
0.657143	0.063969	0.556924
0.657143	0.111004	0.593219
0.657143	0.166108	0.621251
0.657143	0.230130	0.643465
0.657143	0.281903	0.659358
0.657143	0.322961	0.660087
0.657143	0.356250	0.660956
0.657143	0.381524	0.661170
0.657143	0.400022	0.649112
0.657143	0.414923	0.631711
0.657143	0.428933	0.607628
0.657143	0.438415	0.573913
0.657143	0.439560	0.531027
0.657143	0.433890	0.487397
0.657143	0.425466	0.459959
0.657701	0.417712	0.452318
0.661334	0.416303	0.454997
0.665375	0.420758	0.465364
0.667647	0.424742	0.480293
0.666491	0.425337	0.496633
0.664348	0.423172	0.513929
0.662952	0.420983	0.527822
0.663502	0.418588	0.537053
0.663057	0.418084	0.546050
0.661751	0.421869	0.554252
0.659228	0.425522	0.561272
0.657424	0.426712	0.570581
0.657143	0.424869	0.583238
0.657143	0.418037	0.597847
0.657143	0.404938	0.612623
0.657143	0.386411	0.627812
0.657143	0.367246	0.645181
0.657143	0.355043	0.660922
0.658946	0.357743	0.657967
0.661396	0.368441	0.657143
0.661222	0.375592	0.657143
0.659472	0.380654	0.657143
0.658914	0.382604	0.657143
0.661287	0.383601	0.657143
0.663792	0.384052	0.657143
0.662489	0.386183	0.657143
0.660698	0.392518	0.657143
0.660931	0.402742	0.100000
0.661740	0.417579	0.100000
0.662243	0.432974	0.100000
0.661503	0.444541	0.100000
0.660111	0.453372	0.100000
0.659016	0.462127	0.100000
0.658315	0.469373	0.100000
0.657633	0.472335	0.100000
0.657143	0.471964	0.100000
0.657143	0.468400	0.100000
0.657143	0.462897	0.100000
0.657259	0.456077	0.100000
0.657571	0.444990	0.100000
0.657371	0.427916	0.100000
0.657143	0.404576	0.100000
0.657143	0.375405	0.100000
0.657143	0.343298	0.100000
0.657288	0.311127	0.100000
0.657943	0.282505	0.100000
0.658351	0.262208	0.100000
0.658081	0.247610	0.100000
0.658176	0.230332	0.100000
0.658481	0.205996	0.100000
0.658094	0.177444	0.100000
0.657284	0.137787	0.100000
0.657143	0.095068	0.100000
0.657143	0.073023	0.100000
0.657143	0.043444	0.100000
0.657143	0.024338	0.100000
0.657143	0.010799	0.100000
0.657143	-0.000643	0.100000
0.657143	-0.011548	0.100000
0.657143	-0.021126	0.100000
0.657143	-0.028286	0.100000
0.657143	-0.034009	0.100000
0.657143	-0.039051	0.100000
0.657143	-0.044334	0.100000
0.657143	-0.050287	0.100000
0.657143	-0.055715	0.100000
0.657143	-0.059867	0.100000
0.657143	-0.063123	0.100000
0.657143	-0.065426	0.100000
0.657143	-0.066649	0.100000
0.657143	-0.067366	0.100000
0.657143	-0.068298	0.100000
0.657143	-0.069236	0.100000
0.657143	-0.069606	0.100000
0.657143	-0.069737	0.100000
0.657143	-0.070330	0.100000
0.657143	-0.071790	0.100000
0.657143	-0.074515	0.100000
0.657143	-0.078460	0.100000
0.657143	-0.082047	0.100000
0.657143	-0.084171	0.100000
0.657143	-0.084987	0.100000
0.658741	-0.085101	0.100000
0.660516	-0.085233	0.100000
0.657327	-0.085508	0.100000
0.657143	-0.085876	0.100000
0.657143	-0.086669	0.100000
0.657143	-0.088704	0.100000
0.657143	-0.091434	0.100000
0.657143	-0.094592	0.100000
0.658551	-0.097657	0.100000
0.664997	-0.100189	0.100000
0.657143	-0.102184	0.100000
0.657143	-0.104043	0.100000
0.657143	-0.106341	0.100000
0.657143	-0.109235	0.100000
0.657143	-0.111779	0.100000
0.657143	-0.113968	0.100000
0.100000	-0.116136	0.100000
0.100000	-0.118784	0.100000
0.100000	-0.121931	0.100000
0.100000	-0.125131	0.100000
0.100000	-0.128174	0.100000
0.100000	-0.131056	0.100000
0.100000	-0.133802	0.100000
0.100000	-0.136147	0.100000
0.100000	-0.138021	0.100000
0.100000	-0.140551	0.100000
0.100000	-0.143068	0.100000
0.100000	-0.145819	0.100000
0.100000	-0.148754	0.100000
0.100000	-0.152728	0.100000
0.100000	-0.160134	0.100000
0.100000	-0.168103	0.100000
0.100000	-0.176643	0.100000
0.100000	-0.187836	0.100000
0.100000	-0.198772	0.100000
0.100000	-0.210362	0.100000
0.100000	-0.227624	0.100000
0.100000	-0.253079	0.100000
0.100000	-0.286485	0.100000
0.100000	-0.321146	0.100000
0.100000	-0.349646	0.100000
0.100000	-0.370815	0.100000
0.100000	-0.387185	0.100000
0.100000	-0.400200	0.100000
0.100000	-0.414204	0.100000
0.100000	-0.432289	0.100000
0.100000	-0.454026	0.100000
0.100000	-0.476902	0.100000
0.100000	-0.497496	0.100000
0.100000	-0.517948	0.100000
0.100000	-0.533478	0.100000
0.100000	-0.536364	0.100000
0.100000	-0.536364	0.100000
0.100000	-0.536364	0.100000
0.100000	-0.536364	0.100000
0.100000	-0.536364	0.100000
0.100000	-0.536364	0.100000
0.100000	-0.536364	0.100000
0.100000	-0.536364	0.100000
0.100000	-0.536364	0.100000
0.100000	-0.536364	0.100000
0.100000	-0.536364	0.100000
0.100000	-0.536364	0.100000
0.100000	-0.536364	0.100000
0.100000	-0.536364	0.100000
0.100000	-0.536364	0.100000
0.100000	-0.536364	0.100000
0.100000	-0.536364	0.100000
0.100000	-0.536364	0.100000
0.100000	-0.536364	0.100000
0.100000	-0.536364	0.100000
0.100000	-0.536364	0.100000
0.100000	-0.536364	0.100000
0.100000	-0.536364	0.100000
0.100000	-0.536364	0.100000
0.100000	-0.536364	0.100000
0.100000	-0.536364	0.100000
0.100000	-0.536364	0.100000
0.100000	-0.536364	0.100000
0.100000	-0.536364	0.100000
0.100000	-0.536364	0.100000
0.100000	-0.536364	0.100000
0.000000	-0.536364	0.000000
0.300000	-0.536364	0.550000
0.000000	-0.536364	0.750000
0.062812	-0.536364	0.272247
0.114113	-0.536364	0.224373
0.165775	-0.536364	0.171524
0.207132	-0.536364	0.109224
0.229859	-0.536364	0.083920
0.247439	-0.536364	0.042076
0.263640	-0.536364	0.005774
0.279183	-0.536364	-0.022368
0.301672	-0.536364	-0.044007
0.328241	-0.536364	-0.060773
0.349518	-0.536364	-0.073886
0.365290	-0.536364	-0.084905
0.372776	-0.536364	-0.095987
0.373446	-0.536364	-0.106811
0.372483	-0.536364	-0.119724
0.370573	-0.536364	-0.132712
0.367770	-0.536364	-0.143411
0.366436	-0.536364	-0.188226
0.366307	-0.536364	-0.246371
0.364473	-0.536364	-0.308883
0.360775	-0.536364	-0.371854
0.355430	-0.536364	-0.427960
0.347699	-0.536364	-0.471218
0.336091	-0.536364	-0.492076
0.323327	-0.536364	-0.486201
0.318159	-0.536364	-0.459227
0.321487	-0.536364	-0.423081
0.326172	-0.536364	-0.390099
0.328714	-0.536364	-0.366648
0.330864	-0.536364	-0.353270
0.334028	-0.536364	-0.347419
0.339788	-0.536364	-0.346004
0.348290	-0.536364	-0.348595
0.360393	-0.536364	-0.355696
0.370775	-0.536364	-0.368239
0.375987	-0.536364	-0.385157
0.380283	-0.536364	-0.399891
0.384467	-0.536364	-0.409127
0.382865	-0.536364	-0.413482
0.380407	-0.536364	-0.414531
0.381402	-0.536364	-0.416345
0.383581	-0.536364	-0.423670
0.384079	-0.536364	-0.439188
0.378790	-0.536364	-0.462196
0.368739	-0.536364	-0.488111
0.353951	-0.536364	-0.511013
0.338368	-0.536364	-0.529017
0.318834	-0.536364	-0.535579
0.295600	-0.536364	-0.536364
0.279599	-0.536364	-0.536364
0.269731	-0.536364	-0.536364
0.261244	-0.532714	-0.536364
0.260148	-0.526663	-0.536364
0.269297	-0.522417	-0.536364
0.283809	-0.518731	-0.536364
0.297025	-0.513388	-0.536364
0.306771	-0.506153	-0.536364
0.315283	-0.497468	-0.536364
0.315980	-0.488867	-0.536364
0.309485	-0.479913	-0.536364
0.299839	-0.469928	-0.536364
0.288140	-0.457298	-0.536364
0.277091	-0.442130	-0.536364
0.270006	-0.425755	-0.536364
0.263782	-0.411337	-0.536364
0.263390	-0.399661	-0.536364
0.272287	-0.387507	-0.536364
0.284743	-0.371185	-0.536364
0.294630	-0.350683	-0.536364
0.294281	-0.330204	-0.536364
0.278642	-0.311986	-0.536364
0.248284	-0.295348	-0.536364
0.213493	-0.279066	-0.536364
0.178952	-0.264126	-0.536364
0.139591	-0.253772	-0.536364
0.098774	-0.248497	-0.536364
0.086468	-0.245634	-0.536364
0.060067	-0.243843	-0.536364
0.035807	-0.243010	-0.536364
0.013972	-0.241447	-0.536364
-0.002843	-0.236990	-0.536364
-0.014195	-0.229498	-0.536364
-0.020702	-0.221892	-0.536364
-0.025998	-0.218047	-0.536364
-0.034426	-0.218327	-0.536364
-0.046378	-0.220369	-0.536364
-0.059155	-0.221610	-0.536364
-0.070289	-0.219388	-0.536364
-0.078652	-0.216903	-0.536364
-0.084209	-0.214620	-0.536364
-0.088612	-0.211530	-0.536364
-0.091513	-0.207287	-0.536364
-0.092998	-0.201433	-0.536364
-0.093795	-0.195246	-0.536364
-0.094450	-0.189860	-0.536364
-0.095249	-0.185164	-0.536364
-0.096222	-0.180719	-0.536364
-0.097332	-0.176915	-0.536364
-0.098639	-0.173634	-0.536364
-0.100000	-0.170694	-0.536364
-0.101527	-0.168383	-0.536364
-0.103277	-0.164775	-0.536364
-0.105165	-0.157896	-0.536364
-0.107396	-0.149218	-0.536364
-0.109444	-0.147056	-0.536364
-0.111004	-0.146635	-0.536364
-0.111958	-0.146829	-0.536364
-0.112530	-0.146241	-0.536364
-0.113378	-0.144788	-0.536364
-0.114432	-0.141642	-0.536364
-0.115695	-0.136862	-0.536364
-0.117791	-0.131506	-0.536364
-0.120464	-0.127255	-0.478098
-0.122791	-0.123790	-0.397804
-0.124473	-0.120092	-0.325226
-0.125911	-0.115691	-0.264509
-0.127210	-0.112454	-0.213832
-0.128309	-0.109671	-0.170691
-0.129338	-0.107198	-0.138563
-0.130267	-0.104344	-0.126715
-0.130932	-0.101438	-0.118829
-0.131439	-0.098989	-0.119519
-0.132396	-0.095046	-0.124427
-0.134401	-0.089608	-0.127460
-0.136933	-0.083799	-0.133725
-0.140465	-0.078007	-0.140670
-0.143894	-0.075255	-0.170218
-0.146785	-0.073384	-0.232240
-0.149822	-0.071924	-0.313827
-0.155530	-0.075258	-0.415496
-0.164135	-0.077232	-0.515723
-0.175959	-0.079727	-0.536364
-0.194349	-0.083031	-0.536364
-0.214981	-0.085235	-0.536364
-0.236277	-0.085335	-0.536364
-0.256631	-0.085361	-0.536364
-0.275430	-0.085915	-0.536364
-0.291928	-0.086948	-0.536364
-0.307691	-0.088149	-0.536364
-0.326349	-0.088906	-0.536364
-0.348678	-0.089308	-0.536364
-0.373835	-0.087709	-0.536364
-0.402046	-0.086398	-0.536364
-0.434074	-0.085342	-0.536364
-0.469282	-0.084101	-0.536364
-0.503103	-0.084733	-0.536364
-0.529987	-0.085846	-0.536364
-0.536117	-0.086573	-0.536364
-0.536364	-0.088604	-0.536364
-0.536364	-0.091003	-0.536364
-0.536364	-0.093218	-0.536364
-0.536364	-0.095486	-0.526542
-0.536364	-0.097565	-0.493315
-0.536364	-0.099061	-0.457607
-0.536364	-0.100114	-0.428103
-0.536364	-0.100711	-0.402336
-0.536364	-0.099766	-0.377694
-0.536364	-0.099013	-0.351476
-0.536364	-0.099996	-0.324136
-0.536364	-0.100202	-0.295617
-0.536364	-0.100308	-0.265314
-0.536364	-0.098854	-0.235362
-0.536364	-0.096698	-0.206555
-0.536364	-0.095900	-0.180273
-0.536364	-0.096382	-0.157875
-0.536364	-0.097302	-0.139966
-0.536364	-0.097938	-0.131167
-0.536364	-0.099255	-0.125025
-0.536364	-0.100989	-0.125740
-0.536364	-0.103112	-0.129015
-0.536364	-0.105747	-0.130472
-0.536364	-0.109131	-0.133689
-0.536364	-0.112683	-0.137536
-0.536364	-0.116282	-0.144535
-0.536364	-0.119754	-0.162245
-0.536364	-0.123221	-0.189770
-0.536364	-0.126768	-0.211171
-0.536364	-0.130430	-0.223389
-0.536364	-0.134012	-0.227104
-0.536364	-0.136739	-0.226145
-0.536364	-0.139668	-0.225613
-0.536364	-0.143311	-0.226895
-0.536364	-0.146969	-0.230505
-0.536364	-0.151344	-0.235835
-0.536364	-0.162676	-0.241367
-0.536364	-0.172797	-0.248371
-0.536364	-0.179949	-0.258826
-0.536364	-0.185370	-0.270949
-0.536364	-0.191781	-0.281612
-0.536364	-0.201075	-0.288925
-0.536364	-0.213324	-0.293821
-0.536364	-0.227030	-0.298347
-0.536364	-0.241047	-0.302747
-0.536364	-0.255975	-0.308020
-0.536364	-0.271823	-0.314661
-0.536364	-0.288247	-0.317702
-0.536364	-0.305204	-0.314596
-0.536364	-0.319199	-0.311614
-0.536364	-0.328370	-0.311520
-0.536364	-0.335316	-0.312205
-0.536364	-0.341503	-0.311749
-0.536364	-0.348675	-0.312676
-0.536364	-0.358707	-0.316247
-0.536364	-0.370845	-0.321334
-0.536364	-0.382348	-0.327158
-0.536364	-0.391877	-0.333645
-0.536364	-0.400869	-0.340350
-0.536364	-0.411716	-0.345488
-0.536364	-0.424938	-0.348268
-0.536364	-0.439368	-0.349215
-0.536364	-0.455528	-0.348588
-0.536364	-0.476603	-0.347351
-0.536364	-0.502058	-0.347499
-0.536364	-0.528476	-0.348858
-0.536364	-0.535869	-0.352020
-0.536364	-0.536364	-0.357788
-0.536364	-0.536364	-0.364921
-0.536364	-0.536364	-0.370307
-0.536364	-0.536364	-0.371424
-0.536364	-0.536364	-0.370505
-0.536364	-0.536364	-0.369747
-0.536364	-0.536364	-0.369646
-0.536364	-0.536364	-0.371466
-0.536364	-0.536364	-0.375563
-0.536364	-0.536364	-0.381496
-0.536364	-0.536364	-0.389619
-0.536364	-0.536364	-0.401244
-0.536364	-0.536364	-0.416527
-0.536364	-0.536364	-0.432220
-0.536364	-0.536364	-0.445195
-0.536364	-0.536364	-0.455709
-0.536364	-0.536364	-0.462591
-0.536364	-0.536364	-0.466304
-0.536364	-0.536364	-0.467614
-0.536364	-0.536364	-0.467271
-0.536364	-0.536364	-0.468344
-0.536364	-0.536364	-0.473937
-0.536364	-0.536364	-0.482779
-0.536364	-0.536364	-0.490974
-0.536364	-0.536364	-0.495632
-0.536364	-0.536364	-0.497077
-0.536364	-0.536364	-0.498159
-0.536364	-0.536364	-0.501240
-0.536364	-0.536364	-0.504308
-0.536364	-0.536364	-0.506948
-0.536364	-0.536364	-0.514901
-0.536364	-0.536364	-0.528801
-0.536364	-0.536364	-0.535459
-0.536364	-0.536364	-0.536364
-0.536364	-0.536364	-0.536364
-0.536364	-0.536364	-0.536364
-0.536364	-0.536364	-0.536364
-0.536364	-0.536364	-0.536364
-0.536364	-0.536364	-0.536364
-0.536364	-0.536364	-0.536364
-0.536364	-0.536364	-0.536364
-0.536364	-0.536364	-0.536364
-0.536364	-0.536364	-0.536364
-0.536364	-0.536364	-0.536364
-0.536364	-0.536364	-0.536364
-0.536364	-0.536364	-0.536364
-0.536364	-0.536364	-0.536364
-0.536364	-0.536364	-0.536364
-0.536364	-0.536364	-0.536364
-0.536364	-0.536364	-0.536364
-0.536364	-0.536364	-0.536364
-0.536364	-0.536364	-0.536364
-0.536364	-0.536364	-0.536364
-0.536364	-0.536364	-0.536364
-0.536364	-0.536364	-0.536364
-0.536364	-0.536364	-0.536364
-0.536364	-0.536364	-0.536364
-0.536364	-0.536364	-0.536364
-0.536364	-0.536364	-0.536364
-0.536364	-0.536364	-0.536364
-0.536364	-0.536364	-0.536364
-0.536364	-0.536364	-0.536364
-0.536364	-0.536364	-0.536364
-0.536364	-0.536364	-0.536364
-0.536364	-0.536364	-0.536364
-0.536364	-0.536364	-0.536364
-0.536364	-0.536364	-0.536364
-0.536364	-0.536364	-0.536364
-0.536364	-0.536364	-0.536364
-0.536364	-0.536364	-0.536364
-0.536364	-0.536364	-0.536364
-0.536364	-0.536364	-0.536364
-0.536364	-0.536364	-0.536364
-0.536364	-0.536364	-0.536364
-0.536364	-0.536364	-0.536364
-0.536364	-0.536364	-0.536364
-0.536364	-0.536364	-0.536364
-0.536364	-0.536364	-0.536364
-0.536364	-0.536364	-0.536364
-0.536364	-0.536364	-0.536364
-0.536364	-0.536364	-0.536364
-0.536364	-0.536364	-0.536364
-0.536364	-0.536364	-0.536364
-0.536364	-0.536364	-0.536364
-0.163498	-0.536364	-0.188444
-0.135600	-0.536364	-0.150761
-0.131604	-0.536364	-0.157915
-0.129560	-0.536364	-0.164569
-0.127830	-0.536364	-0.171787
-0.125456	-0.536364	-0.182351
-0.121798	-0.536364	-0.196266
-0.116512	-0.536364	-0.213115
-0.109872	-0.536364	-0.234857
-0.102392	-0.536364	-0.262135
-0.094315	-0.536364	-0.299729
-0.087458	-0.536364	-0.348322
-0.082742	-0.536364	-0.404236
-0.077867	-0.536364	-0.464553
-0.070274	-0.536364	-0.524088
-0.063755	-0.536364	-0.536364
-0.055121	-0.536364	-0.536364
-0.042997	-0.536364	-0.536364
-0.031579	-0.536364	-0.536364
-0.021666	-0.536364	-0.536364
-0.009849	-0.536364	-0.536364
0.005768	-0.536364	-0.536364
0.034261	-0.536364	-0.536364
0.089600	-0.536364	-0.536364
0.168765	-0.536364	-0.536364
0.248053	-0.536364	-0.536364
0.305099	-0.536364	-0.536364
0.349808	-0.536364	-0.536364
0.384511	-0.536364	-0.536364
0.408389	-0.536364	-0.536364
0.426148	-0.536364	-0.536364
0.440762	-0.536364	-0.536364
0.448906	-0.536364	-0.536364
0.451312	-0.536364	-0.536364
0.452151	-0.536364	-0.536364
0.454898	-0.536364	-0.536364
0.462837	-0.536364	-0.536364
0.476739	-0.536364	-0.536364
0.495595	-0.536364	-0.536364
0.518340	-0.536364	-0.536364
0.538034	-0.536364	-0.534665
0.553237	-0.536364	-0.525811
0.564364	-0.536364	-0.516603
0.572012	-0.536364	-0.508786
0.575222	-0.536364	-0.501295
0.575668	-0.536364	-0.495312
0.576232	-0.536364	-0.492450
0.579446	-0.536364	-0.490905
0.585572	-0.536364	-0.489126
0.594132	-0.536364	-0.485706
0.604240	-0.536364	-0.480338
0.614298	-0.536364	-0.473695
0.622011	-0.536364	-0.466464
0.627366	-0.536364	-0.459031
0.631523	-0.536364	-0.450892
0.635311	-0.536364	-0.443812
0.639913	-0.536364	-0.437887
0.644617	-0.536364	-0.433368
0.647810	-0.536364	-0.431523
0.649266	-0.536364	-0.431537
0.650564	-0.536364	-0.433205
0.652627	-0.536364	-0.436987
0.656694	-0.536364	-0.438881
0.660832	-0.536364	-0.435321
0.659671	-0.536364	-0.424983
0.658519	-0.536364	-0.409088
0.657556	-0.536364	-0.396461
0.657143	-0.536364	-0.390247
0.657143	-0.536364	-0.384778
0.657143	-0.536364	-0.377414
0.657143	-0.536364	-0.368526
0.657143	-0.536364	-0.356583
0.657143	-0.536364	-0.340625
0.657143	-0.536364	-0.323469
0.657143	-0.536364	-0.305723
0.657143	-0.536364	-0.289111
0.657143	-0.536364	-0.277049
0.657143	-0.536364	-0.269750
0.657143	-0.536364	-0.264122
0.657143	-0.536364	-0.258409
0.657143	-0.530997	-0.253843
0.657143	-0.517659	-0.251481
0.657143	-0.500807	-0.250676
0.657143	-0.481756	-0.248051
0.657143	-0.459189	-0.241337
0.657143	-0.434033	-0.232860
0.657143	-0.410877	-0.224590
0.657143	-0.393631	-0.215899
0.657143	-0.383566	-0.207227
0.657143	-0.379069	-0.197770
0.657266	-0.375606	-0.187896
0.657143	-0.368744	-0.179617
0.657143	-0.356881	-0.173450
0.657143	-0.339192	-0.170733
0.657143	-0.319202	-0.170749
0.657143	-0.299544	-0.172062
0.657143	-0.281455	-0.173943
0.657143	-0.266288	-0.174694
0.657143	-0.253784	-0.173328
0.657143	-0.244223	-0.170561
0.657143	-0.237686	-0.166119
0.657143	-0.232135	-0.159551
0.657143	-0.224250	-0.150964
0.657143	-0.210076	-0.144440
0.657143	-0.190358	-0.137193
0.657143	-0.171742	-0.126044
0.658623	-0.153427	-0.112369
0.659192	-0.142530	-0.095638
0.657494	-0.138649	-0.073810
0.657143	-0.136174	-0.047225
0.657143	-0.133632	-0.009306
0.657143	-0.132415	0.063822
0.657143	-0.131531	0.217691
0.657143	-0.129311	0.362391
0.100000	-0.125912	0.450957
0.100000	-0.121737	0.513827
0.100000	-0.116976	0.570078
0.100000	-0.112184	0.612545
0.100000	-0.106614	0.646270
0.100000	-0.100007	0.658411
0.100000	-0.093544	0.657143
0.750000	-0.087513	0.657143
0.688829	-0.081500	0.657143
0.674530	-0.076489	0.657143
0.668363	-0.073752	0.657143
0.657143	-0.072673	0.663127
0.668623	-0.072829	0.667837
0.695971	-0.073386	0.670308
0.686858	-0.069587	0.671020
0.676381	-0.063211	0.672706
0.670917	-0.056710	0.645834
0.672358	-0.052355	0.621425
0.672108	-0.050489	0.599704
0.666733	-0.049848	0.585016
0.657143	-0.050341	0.580284
0.657143	-0.052083	0.589521
0.657143	-0.052588	0.605163
0.657143	-0.054546	0.620287
0.657143	-0.058017	0.630891
0.657143	-0.061165	0.638165
0.674886	-0.062599	0.642622
0.680097	-0.062480	0.645938
0.668639	-0.058753	0.649566
0.671887	-0.050542	0.654247
0.668489	-0.040780	0.659475
0.657143	-0.029552	0.660274
0.657143	-0.019600	0.658745
0.657143	-0.013210	0.657143
0.716480	-0.013774	0.657143
0.715603	-0.018351	0.657143
0.697591	-0.020816	0.657143
0.681635	-0.025557	0.657143
0.667001	-0.030979	0.657143
0.658118	-0.035944	0.657143
0.658614	-0.038920	0.657143
0.663668	-0.039549	0.657143
0.668483	-0.031846	0.657143
0.670161	-0.023489	0.657143
0.669367	-0.016637	0.100000
0.667787	-0.005504	0.100000
0.665200	0.006589	0.100000
0.662797	0.016031	0.100000
0.662035	0.029076	0.100000
0.662207	0.050938	0.100000
0.662170	0.082488	0.100000
0.662143	0.123551	0.100000
0.660944	0.158134	0.100000
0.659961	0.187666	0.100000
0.659190	0.209780	0.100000
0.657344	0.220484	0.100000
0.657143	0.223768	0.100000
0.657143	0.229902	0.100000
0.657143	0.242439	0.100000
0.657143	0.256997	0.100000
0.657143	0.263603	0.100000
0.657143	0.254395	0.100000
0.657143	0.231368	0.100000
0.657143	0.199776	0.100000
0.657143	0.163293	0.100000
0.657143	0.127567	0.100000
0.657143	0.099160	0.100000
0.657143	0.092948	0.100000
0.657143	0.082977	0.100000
0.658199	0.075927	0.100000
0.658956	0.059808	0.100000
0.657219	0.039121	0.100000
0.657143	0.022862	0.100000
0.657143	0.012246	0.100000
0.657143	0.007021	0.100000
0.657143	0.013129	0.100000
0.657143	0.014018	0.100000
0.657143	0.011324	0.100000
0.657143	0.006668	0.100000
0.657143	-0.000808	0.100000
0.657143	-0.008781	0.100000
0.657143	-0.014707	0.100000
0.657143	-0.019124	0.100000
0.657143	-0.025147	0.100000
0.657143	-0.031082	0.100000
0.657143	-0.031510	0.100000
0.657143	-0.025590	0.100000
0.658236	-0.023929	0.100000
0.659225	-0.024282	0.100000
0.657164	-0.025838	0.100000
0.657143	-0.027274	0.100000
0.657143	-0.029233	0.100000
0.657143	-0.031019	0.100000
0.100000	-0.033072	0.100000
0.100000	-0.035235	0.100000
0.100000	-0.037333	0.100000
0.100000	-0.040614	0.100000
0.100000	-0.045473	0.100000
0.100000	-0.050553	0.100000
0.100000	-0.055381	0.100000
0.100000	-0.060430	0.100000
0.100000	-0.065844	0.100000
0.100000	-0.071399	0.100000
0.100000	-0.076295	0.100000
0.100000	-0.079473	0.100000
0.100000	-0.080757	0.100000
0.100000	-0.080881	0.100000
0.100000	-0.080091	0.100000
0.100000	-0.080704	0.100000
0.100000	-0.080899	0.100000
0.100000	-0.081347	0.100000
0.100000	-0.082354	0.100000
0.100000	-0.084276	0.100000
0.100000	-0.087690	0.100000
0.100000	-0.092361	0.100000
0.100000	-0.097271	0.100000
0.100000	-0.102051	0.100000
0.100000	-0.106858	0.100000
0.100000	-0.112437	0.100000
0.100000	-0.117332	0.100000
0.100000	-0.121481	0.100000
0.100000	-0.124835	0.100000
0.100000	-0.127223	0.100000
0.100000	-0.128799	0.100000
0.100000	-0.129629	0.100000
0.100000	-0.130033	0.100000
0.100000	-0.130905	0.100000
0.100000	-0.132391	0.100000
0.100000	-0.134044	0.100000
0.100000	-0.135880	0.100000
0.100000	-0.137576	0.100000
0.100000	-0.140882	0.100000
0.100000	-0.144902	0.100000
0.100000	-0.149873	0.100000
0.100000	-0.167540	0.100000
0.100000	-0.191865	0.100000
0.100000	-0.214991	0.100000
0.100000	-0.233041	0.100000
0.100000	-0.248076	0.100000
0.100000	-0.263781	0.100000
0.100000	-0.283480	0.100000
0.100000	-0.304829	0.100000
0.100000	-0.324341	0.100000
0.100000	-0.342246	0.100000
0.100000	-0.360602	0.100000
0.100000	-0.377517	0.100000
0.100000	-0.390743	0.100000
0.100000	-0.401968	0.100000
0.100000	-0.412450	0.100000
0.100000	-0.422240	0.100000
0.100000	-0.433540	0.100000
0.100000	-0.447361	0.100000
0.100000	-0.462128	0.100000
0.100000	-0.481051	0.100000
0.100000	-0.508289	0.100000
0.100000	-0.531869	0.100000
0.100000	-0.536364	0.100000
0.100000	-0.536364	0.100000
0.100000	-0.536364	0.100000
0.100000	-0.536364	0.100000
0.100000	-0.536364	0.100000
0.100000	-0.536364	0.100000
0.100000	-0.536364	0.100000
0.100000	-0.536364	0.100000
0.100000	-0.536364	0.100000
0.100000	-0.536364	0.100000
0.100000	-0.536364	0.100000
0.100000	-0.536364	0.100000
0.100000	-0.536364	0.100000
0.100000	-0.536364	0.100000
0.100000	-0.536364	0.100000
0.100000	-0.536364	0.100000
0.100000	-0.536364	0.100000
0.100000	-0.536364	0.100000
0.100000	-0.536364	0.100000
0.100000	-0.536364	0.100000
0.100000	-0.536364	0.100000
0.100000	-0.536364	0.100000
0.100000	-0.536364	0.100000
0.100000	-0.536364	0.100000
0.100000	-0.536364	0.100000
0.100000	-0.536364	0.100000
0.100000	-0.536364	0.100000
0.100000	-0.536364	0.100000
0.000000	-0.536364	0.000000
0.300000	-0.536364	0.300000
0.750000	-0.536364	0.750000
0.398782	-0.536364	0.405026
0.409282	-0.536364	0.375896
0.418981	-0.536364	0.340470
0.423169	-0.536364	0.296421
0.423792	-0.536364	0.243157
0.422664	-0.536364	0.171230
0.423027	-0.536364	0.091928
0.429267	-0.536364	0.053852
0.438749	-0.536364	0.003675
0.447816	-0.536364	-0.030174
0.454942	-0.536364	-0.052955
0.459386	-0.536364	-0.068665
0.459655	-0.536364	-0.081133
0.455283	-0.536364	-0.095013
0.447965	-0.536364	-0.108010
0.440208	-0.536364	-0.122323
0.430913	-0.536364	-0.134985
0.421622	-0.536364	-0.148449
0.414247	-0.536364	-0.201469
0.409236	-0.536364	-0.254985
0.405344	-0.536364	-0.308150
0.402866	-0.536364	-0.354752
0.401130	-0.536364	-0.381113
0.398588	-0.536364	-0.380224
0.396728	-0.536364	-0.356577
0.397106	-0.536364	-0.320468
0.400712	-0.536364	-0.282066
0.404633	-0.536364	-0.251412
0.406274	-0.536364	-0.229207
0.409653	-0.536364	-0.212406
0.411755	-0.536364	-0.201042
0.411314	-0.536364	-0.197407
0.410965	-0.536364	-0.198315
0.407382	-0.536364	-0.201971
0.402309	-0.536364	-0.207469
0.394945	-0.536364	-0.212882
0.388306	-0.536364	-0.216257
0.389354	-0.536364	-0.215991
0.397595	-0.536364	-0.212422
0.411360	-0.536364	-0.208584
0.426122	-0.536364	-0.208279
0.436753	-0.536364	-0.210814
0.441207	-0.536364	-0.217106
0.439136	-0.536364	-0.228204
0.435133	-0.536364	-0.242823
0.431446	-0.536364	-0.257646
0.425758	-0.536364	-0.271597
0.416541	-0.536364	-0.283741
0.405854	-0.536364	-0.292229
0.398527	-0.536364	-0.300078
0.397282	-0.536364	-0.310294
0.397222	-0.536364	-0.321690
0.392682	-0.536364	-0.332583
0.385131	-0.536364	-0.342155
0.376087	-0.536364	-0.352383
0.370524	-0.536364	-0.365654
0.365471	-0.536364	-0.380834
0.356622	-0.536364	-0.394398
0.344505	-0.536364	-0.404891
0.328359	-0.536364	-0.414675
0.302227	-0.536364	-0.427158
0.269508	-0.536364	-0.441570
0.238080	-0.536364	-0.456748
0.213257	-0.536364	-0.474882
0.193823	-0.536364	-0.496040
0.178080	-0.536364	-0.516302
0.169346	-0.536364	-0.533103
0.154149	-0.536364	-0.536364
0.130146	-0.536364	-0.536364
0.099199	-0.536364	-0.536364
0.089237	-0.536364	-0.536364
0.068921	-0.536364	-0.536364
0.056149	-0.536364	-0.536364
0.048410	-0.536364	-0.536364
0.041153	-0.536364	-0.536364
0.026873	-0.536364	-0.536364
0.007030	-0.536364	-0.536364
-0.012124	-0.536364	-0.536364
-0.027976	-0.536364	-0.536364
-0.039603	-0.536364	-0.536364
-0.047607	-0.536364	-0.536364
-0.054404	-0.536364	-0.536364
-0.060288	-0.536364	-0.536364
-0.063957	-0.536364	-0.536364
-0.066160	-0.536364	-0.536364
-0.067913	-0.536364	-0.536364
-0.066888	-0.536364	-0.536364
-0.061681	-0.536364	-0.536364
-0.059966	-0.532255	-0.536364
-0.061988	-0.523777	-0.536364
-0.063470	-0.513189	-0.536364
-0.065592	-0.501026	-0.536364
-0.068762	-0.486297	-0.536364
-0.072357	-0.468291	-0.536364
-0.075869	-0.450582	-0.536364
-0.078707	-0.437287	-0.536364
-0.081329	-0.425578	-0.536364
-0.083983	-0.411772	-0.536364
-0.086430	-0.396370	-0.536364
-0.089331	-0.381515	-0.536364
-0.092496	-0.368089	-0.536364
-0.096030	-0.355232	-0.536364
-0.099703	-0.341301	-0.536364
-0.103053	-0.325526	-0.536364
-0.105955	-0.309341	-0.536364
-0.108943	-0.293875	-0.536364
-0.111510	-0.280163	-0.536364
-0.114221	-0.269442	-0.536364
-0.117077	-0.261876	-0.536364
-0.119745	-0.256651	-0.536364
-0.122426	-0.250441	-0.485925
-0.125200	-0.242453	-0.414027
-0.127667	-0.233760	-0.348449
-0.129587	-0.225761	-0.289239
-0.131080	-0.219723	-0.238241
-0.132479	-0.215475	-0.191147
-0.134140	-0.210461	-0.154070
-0.136277	-0.202554	-0.132976
-0.139066	-0.192868	-0.117989
-0.143202	-0.183766	-0.107425
-0.146825	-0.176803	-0.100374
-0.150105	-0.171893	-0.099022
-0.158814	-0.170300	-0.104927
-0.169580	-0.171109	-0.107810
-0.181087	-0.174752	-0.116026
-0.191774	-0.180878	-0.127391
-0.200653	-0.185995	-0.138129
-0.209280	-0.187993	-0.167184
-0.217340	-0.188799	-0.227154
-0.223692	-0.189984	-0.286046
-0.228432	-0.192789	-0.342462
-0.235139	-0.197747	-0.390811
-0.247207	-0.203278	-0.424416
-0.264479	-0.207677	-0.440901
-0.287987	-0.211953	-0.442704
-0.314682	-0.217908	-0.434023
-0.339264	-0.226154	-0.422622
-0.359951	-0.236819	-0.412947
-0.379871	-0.247195	-0.407162
-0.402542	-0.254957	-0.406333
-0.430188	-0.261279	-0.410463
-0.461704	-0.266974	-0.417910
-0.493426	-0.272932	-0.425872
-0.523448	-0.281467	-0.433271
-0.534989	-0.294858	-0.439230
-0.536364	-0.312339	-0.439410
-0.536364	-0.328778	-0.433922
-0.536364	-0.339074	-0.425377
-0.536364	-0.342642	-0.417704
-0.536364	-0.343599	-0.408399
-0.536364	-0.346136	-0.393823
-0.536364	-0.351853	-0.371642
-0.536364	-0.359584	-0.342146
-0.536364	-0.366602	-0.309610
-0.536364	-0.372025	-0.278186
-0.536364	-0.376702	-0.250127
-0.536364	-0.381310	-0.220560
-0.536364	-0.386579	-0.187365
-0.536364	-0.393802	-0.158537
-0.536364	-0.400050	-0.136264
-0.536364	-0.402863	-0.120588
-0.536364	-0.402075	-0.104837
-0.536364	-0.399623	-0.090064
-0.536364	-0.394278	-0.072281
-0.536364	-0.383940	-0.052885
-0.536364	-0.372266	-0.032461
-0.536364	-0.364961	-0.009860
-0.536364	-0.364297	0.004685
-0.536364	-0.370840	0.000675
-0.536364	-0.384267	-0.010781
-0.536364	-0.403294	-0.022303
-0.536364	-0.428575	-0.041840
-0.536364	-0.460538	-0.061150
-0.536364	-0.497375	-0.076998
-0.536364	-0.529976	-0.091265
-0.536364	-0.536364	-0.101422
-0.536364	-0.536364	-0.109038
-0.536364	-0.536364	-0.116059
-0.536364	-0.536364	-0.120144
-0.536364	-0.536364	-0.121702
-0.536364	-0.536364	-0.119625
-0.536364	-0.536364	-0.117954
-0.536364	-0.536364	-0.118236
-0.536364	-0.536364	-0.119360
-0.536364	-0.536364	-0.121095
-0.536364	-0.536364	-0.124337
-0.536364	-0.536364	-0.128150
-0.536364	-0.536364	-0.131282
-0.536364	-0.536364	-0.133112
-0.536364	-0.536364	-0.133736
-0.536364	-0.536364	-0.132691
-0.536364	-0.536364	-0.131871
-0.536364	-0.536364	-0.131783
-0.536364	-0.536364	-0.132371
-0.536364	-0.536364	-0.132739
-0.536364	-0.536364	-0.133217
-0.536364	-0.536364	-0.133452
-0.536364	-0.536364	-0.133463
-0.536364	-0.536364	-0.133149
-0.536364	-0.536364	-0.133422
-0.536364	-0.536364	-0.134004
-0.536364	-0.536364	-0.135162
-0.536364	-0.536364	-0.136674
-0.536364	-0.536364	-0.138986
-0.536364	-0.536364	-0.142131
-0.536364	-0.536364	-0.144600
-0.536364	-0.536364	-0.146266
-0.536364	-0.536364	-0.146817
-0.536364	-0.536364	-0.146043
-0.536364	-0.536364	-0.145522
-0.536364	-0.536364	-0.145296
-0.536364	-0.536364	-0.145494
-0.536364	-0.536364	-0.145657
-0.536364	-0.536364	-0.145897
-0.536364	-0.536364	-0.146443
-0.536364	-0.536364	-0.147574
-0.536364	-0.536364	-0.149071
-0.536364	-0.536364	-0.150863
-0.536364	-0.536364	-0.156072
-0.536364	-0.536364	-0.162041
-0.536364	-0.536364	-0.167050
-0.536364	-0.536364	-0.169779
-0.536364	-0.536364	-0.170189
-0.536364	-0.536364	-0.170099
-0.536364	-0.536364	-0.170315
-0.536364	-0.536364	-0.170977
-0.536364	-0.536364	-0.172624
-0.536364	-0.536364	-0.176410
-0.536364	-0.536364	-0.182871
-0.536364	-0.536364	-0.190014
-0.536364	-0.536364	-0.196274
-0.536364	-0.536364	-0.201409
-0.536364	-0.536364	-0.206218
-0.536364	-0.536364	-0.212730
-0.536364	-0.536364	-0.222962
-0.536364	-0.536364	-0.237310
-0.536364	-0.536364	-0.252373
-0.536364	-0.536364	-0.265005
-0.536364	-0.536364	-0.276582
-0.536364	-0.536364	-0.286268
-0.536364	-0.536364	-0.291444
-0.536364	-0.536364	-0.292950
-0.536364	-0.536364	-0.293326
-0.536364	-0.536364	-0.295604
-0.536364	-0.536364	-0.300688
-0.536364	-0.536364	-0.309023
-0.536364	-0.536364	-0.323345
-0.536364	-0.536364	-0.345670
-0.536364	-0.536364	-0.376527
-0.536364	-0.536364	-0.414981
-0.536364	-0.536364	-0.460793
-0.536364	-0.536364	-0.513550
-0.536364	-0.536364	-0.534066
-0.536364	-0.536364	-0.536364
-0.536364	-0.536364	-0.536364
-0.536364	-0.536364	-0.536364
-0.536364	-0.536364	-0.536364
-0.536364	-0.536364	-0.536364
-0.536364	-0.536364	-0.536364
-0.536364	-0.536364	-0.536364
-0.536364	-0.536364	-0.536364
-0.536364	-0.536364	-0.536364
-0.536364	-0.536364	-0.536364
-0.536364	-0.536364	-0.536364
-0.536364	-0.536364	-0.536364
-0.536364	-0.536364	-0.536364
-0.536364	-0.536364	-0.536364
-0.536364	-0.536364	-0.536364
-0.536364	-0.536364	-0.536364
-0.536364	-0.536364	-0.536364
-0.536364	-0.536364	-0.536364
-0.536364	-0.536364	-0.536364
-0.536364	-0.536364	-0.536364
-0.536364	-0.536364	-0.536364
-0.536364	-0.536364	-0.536364
-0.536364	-0.536364	-0.536364
-0.536364	-0.536364	-0.536364
-0.536364	-0.536364	-0.536364
-0.536364	-0.536364	-0.536364
-0.536364	-0.536364	-0.536364
-0.536364	-0.536364	-0.536364
-0.536364	-0.536364	-0.536364
-0.536364	-0.536364	-0.536364
-0.536364	-0.536364	-0.536364
-0.536364	-0.536364	-0.536364
-0.536364	-0.536364	-0.536364
-0.536364	-0.536364	-0.536364
-0.536364	-0.536364	-0.536364
-0.536364	-0.536364	-0.536364
-0.536364	-0.536364	-0.536364
-0.536364	-0.536364	-0.536364
-0.536364	-0.536364	-0.536364
-0.536364	-0.536364	-0.536364
-0.536364	-0.536364	-0.536364
-0.536364	-0.536364	-0.536364
-0.536364	-0.536364	-0.536364
-0.536364	-0.536364	-0.536364
-0.536364	-0.536364	-0.536364
-0.536364	-0.536364	-0.536364
-0.234949	-0.536364	-0.032454
-0.174854	-0.536364	-0.106044
-0.162049	-0.536364	-0.110944
-0.151384	-0.536364	-0.115800
-0.145656	-0.536364	-0.120242
-0.141132	-0.536364	-0.124133
-0.135116	-0.536364	-0.127623
-0.127446	-0.536364	-0.131016
-0.122269	-0.536364	-0.134543
-0.118200	-0.536364	-0.137709
-0.114825	-0.536364	-0.143226
-0.112059	-0.536364	-0.153101
-0.110177	-0.536364	-0.184923
-0.107539	-0.536364	-0.228752
-0.103693	-0.536364	-0.281501
-0.100242	-0.536364	-0.345259
-0.098647	-0.536364	-0.419301
-0.096270	-0.536364	-0.502815
-0.093965	-0.536364	-0.533321
-0.092726	-0.536364	-0.536364
-0.090277	-0.536364	-0.536364
-0.087207	-0.536364	-0.536364
-0.082138	-0.536364	-0.536364
-0.075279	-0.536364	-0.536364
-0.068808	-0.536364	-0.536364
-0.060749	-0.536364	-0.536364
-0.050026	-0.536364	-0.536364
-0.039133	-0.536364	-0.536364
-0.028870	-0.536364	-0.536364
-0.014723	-0.536364	-0.536364
0.000060	-0.536364	-0.536364
0.019632	-0.536364	-0.536364
0.050703	-0.536364	-0.533377
0.091988	-0.536364	-0.525725
0.133720	-0.536364	-0.519594
0.179864	-0.536364	-0.514879
0.223721	-0.536364	-0.509160
0.260583	-0.536364	-0.501924
0.289675	-0.536364	-0.492364
0.310708	-0.536364	-0.479234
0.326910	-0.536364	-0.462570
0.345189	-0.536364	-0.443487
0.362336	-0.536364	-0.425288
0.379942	-0.536364	-0.409734
0.400274	-0.536364	-0.396926
0.422368	-0.536364	-0.390170
0.443051	-0.536364	-0.388710
0.459525	-0.536364	-0.389094
0.471915	-0.536364	-0.388490
0.479836	-0.536364	-0.384932
0.484004	-0.536364	-0.381792
0.486909	-0.536364	-0.381288
0.491354	-0.536364	-0.381158
0.498782	-0.536364	-0.379345
0.507695	-0.536364	-0.374972
0.518313	-0.536364	-0.368058
0.533017	-0.536364	-0.360990
0.550461	-0.536364	-0.356830
0.566553	-0.536364	-0.353909
0.580287	-0.536364	-0.350185
0.591637	-0.536364	-0.347890
0.600280	-0.536364	-0.348845
0.607790	-0.536364	-0.351510
0.614885	-0.536364	-0.355311
0.621450	-0.536364	-0.359193
0.627007	-0.536364	-0.361399
0.630849	-0.536364	-0.361065
0.633189	-0.536364	-0.356798
0.635198	-0.536364	-0.347531
0.637508	-0.536364	-0.336335
0.640317	-0.536364	-0.325980
0.644819	-0.536364	-0.314935
0.649267	-0.536364	-0.303581
0.651016	-0.536364	-0.293770
0.650491	-0.536364	-0.283384
0.648658	-0.536364	-0.272188
0.645555	-0.536364	-0.265223
0.641980	-0.536364	-0.262199
0.638732	-0.536364	-0.259893
0.636165	-0.536364	-0.256572
0.634738	-0.536364	-0.252546
0.635781	-0.536364	-0.248583
0.639627	-0.524435	-0.244188
0.644981	-0.502351	-0.238871
0.649291	-0.477183	-0.233514
0.651102	-0.453759	-0.229067
0.652112	-0.436756	-0.225375
0.653182	-0.423038	-0.221994
0.653912	-0.405868	-0.218284
0.656228	-0.383123	-0.212244
0.660288	-0.356773	-0.205824
0.660568	-0.333383	-0.200872
0.660030	-0.314158	-0.197270
0.659557	-0.296319	-0.195866
0.659039	-0.279107	-0.196393
0.658417	-0.263574	-0.198285
0.657612	-0.249413	-0.200829
0.657143	-0.235466	-0.203450
0.657143	-0.220122	-0.204806
0.657143	-0.205350	-0.203816
0.657143	-0.194984	-0.200733
0.657143	-0.187000	-0.194156
0.657143	-0.179766	-0.183010
0.657143	-0.172978	-0.168139
0.657143	-0.165286	-0.146861
0.657143	-0.158053	-0.135177
0.657143	-0.152517	-0.122136
0.657143	-0.149727	-0.108115
0.657143	-0.147672	-0.091521
0.657143	-0.144235	-0.071780
0.657143	-0.140158	-0.048963
0.657143	-0.135834	-0.018942
0.657143	-0.130565	0.032965
0.657143	-0.126018	0.156793
0.657143	-0.121994	0.301687
0.657143	-0.118424	0.408191
0.657143	-0.113595	0.472552
0.657143	-0.108510	0.524876
0.657143	-0.102985	0.569393
0.657143	-0.096035	0.604216
0.657143	-0.089357	0.630557
0.657143	-0.085295	0.651301
0.657143	-0.082436	0.660646
0.657435	-0.077952	0.660025
0.660053	-0.070190	0.663683
0.660074	-0.060187	0.654841
0.658234	-0.052010	0.636847
0.657143	-0.048814	0.611610
0.657143	-0.046243	0.574822
0.657143	-0.042871	0.526651
0.658193	-0.040239	0.474496
0.661084	-0.037657	0.433624
0.661034	-0.036195	0.405407
0.663802	-0.039320	0.389012
0.666426	-0.041154	0.387633
0.666323	-0.047062	0.399258
0.665394	-0.053536	0.417376
0.662310	-0.058067	0.437596
0.658556	-0.061130	0.454911
0.657544	-0.063440	0.467890
0.659783	-0.064943	0.478242
0.660742	-0.065335	0.488677
0.660090	-0.065513	0.499462
0.660312	-0.064491	0.509278
0.661109	-0.061559	0.523738
0.661870	-0.059289	0.544812
0.663341	-0.061573	0.568322
0.663778	-0.062059	0.589500
0.662639	-0.062776	0.608272
0.661146	-0.064086	0.625783
0.660580	-0.065461	0.643947
0.659956	-0.066002	0.661041
0.660286	-0.066449	0.658147
0.660290	-0.067122	0.657143
0.660242	-0.066538	0.657143
0.660771	-0.062128	0.657143
0.660708	-0.060938	0.657143
0.659810	-0.060742	0.657143
0.658470	-0.057276	0.657143
0.657331	-0.051949	0.657143
0.657143	-0.048974	0.657143
0.657143	-0.048534	0.657143
0.657143	-0.047919	0.100000
0.657143	-0.048243	0.100000
0.657143	-0.048817	0.100000
0.657143	-0.047128	0.100000
0.657143	-0.045065	0.100000
0.657169	-0.042034	0.100000
0.658337	-0.035961	0.100000
0.658847	-0.029798	0.100000
0.657838	-0.025407	0.100000
0.657143	-0.028017	0.100000
0.657143	-0.030925	0.100000
0.657143	-0.036556	0.100000
0.657143	-0.044743	0.100000
0.658775	-0.053225	0.100000
0.659642	-0.060602	0.100000
0.659393	-0.065437	0.100000
0.658547	-0.068048	0.100000
0.657358	-0.070328	0.100000
0.657143	-0.072634	0.100000
0.657143	-0.074494	0.100000
0.657143	-0.076210	0.100000
0.657143	-0.078289	0.100000
0.658176	-0.080798	0.100000
0.658528	-0.083214	0.100000
0.658428	-0.084884	0.100000
0.658425	-0.085928	0.100000
0.658158	-0.087013	0.100000
0.657627	-0.088701	0.100000
0.657143	-0.090567	0.100000
0.657143	-0.092532	0.100000
0.657143	-0.094652	0.100000
0.657143	-0.096635	0.100000
0.657143	-0.098016	0.100000
0.657143	-0.099143	0.100000
0.657143	-0.100473	0.100000
0.657143	-0.101769	0.100000
0.657143	-0.103037	0.100000
0.657275	-0.103878	0.100000
0.657143	-0.103859	0.100000
0.657143	-0.104413	0.100000
0.657143	-0.105592	0.100000
0.657143	-0.107367	0.100000
0.657143	-0.109214	0.100000
0.657143	-0.111223	0.100000
0.657143	-0.113022	0.100000
0.657143	-0.113849	0.100000
0.657143	-0.112047	0.100000
0.657143	-0.111977	0.100000
0.657143	-0.113077	0.100000
0.657251	-0.115015	0.100000
0.657143	-0.117685	0.100000
0.657143	-0.119883	0.100000
0.657143	-0.121278	0.100000
0.657143	-0.121913	0.100000
0.657143	-0.122102	0.100000
0.657143	-0.122141	0.100000
0.657143	-0.122325	0.100000
0.657143	-0.123298	0.100000
0.657143	-0.125388	0.100000
0.657143	-0.128161	0.100000
0.657143	-0.131203	0.100000
0.657143	-0.134390	0.100000
0.657143	-0.137243	0.100000
0.657143	-0.141623	0.100000
0.657143	-0.147118	0.100000
0.657143	-0.157190	0.100000
0.657514	-0.169984	0.100000
0.658566	-0.179447	0.100000
0.658332	-0.187939	0.100000
0.657143	-0.195351	0.100000
0.657143	-0.201539	0.100000
0.657143	-0.206738	0.100000
0.657143	-0.212368	0.100000
0.657143	-0.220725	0.100000
0.657143	-0.233542	0.100000
0.657143	-0.249477	0.100000
0.657143	-0.265729	0.100000
0.657143	-0.281973	0.100000
0.657143	-0.296493	0.100000
0.657143	-0.310891	0.100000
0.657143	-0.327776	0.100000
0.657143	-0.346683	0.100000
0.657143	-0.365374	0.100000
0.657143	-0.381529	0.100000
0.657143	-0.396288	0.100000
0.657143	-0.413232	0.100000
0.657143	-0.431580	0.100000
0.657143	-0.447565	0.100000
0.657143	-0.459788	0.100000
0.100000	-0.471297	0.100000
0.100000	-0.487944	0.100000
0.100000	-0.512233	0.100000
0.100000	-0.532540	0.100000
0.100000	-0.536364	0.100000
0.100000	-0.536364	0.100000
0.100000	-0.536364	0.100000
0.100000	-0.536364	0.100000
0.100000	-0.536364	0.100000
0.100000	-0.536364	0.100000
0.100000	-0.536364	0.100000
0.100000	-0.536364	0.100000
0.100000	-0.536364	0.100000
0.100000	-0.536364	0.100000
0.100000	-0.536364	0.100000
0.100000	-0.536364	0.100000
0.100000	-0.536364	0.100000
0.100000	-0.536364	0.100000
0.100000	-0.536364	0.100000
0.100000	-0.536364	0.100000
0.100000	-0.536364	0.100000
0.100000	-0.536364	0.100000
0.100000	-0.536364	0.100000
0.100000	-0.536364	0.100000
0.100000	-0.536364	0.100000
0.100000	-0.536364	0.100000
0.100000	-0.536364	0.100000
0.100000	-0.536364	0.100000
0.100000	-0.536364	0.100000
0.100000	-0.536364	0.100000
0.100000	-0.536364	0.100000
0.100000	-0.536364	0.100000
0.100000	-0.536364	0.100000
0.100000	-0.536364	0.100000
0.100000	-0.536364	0.100000
0.100000	-0.536364	0.100000
0.100000	-0.536364	0.100000
0.100000	-0.536364	0.100000
0.100000	-0.536364	0.100000
0.100000	-0.536364	0.100000
0.100000	-0.536364	0.100000
0.100000	-0.536364	0.100000
0.100000	-0.536364	0.100000
0.100000	-0.536364	0.100000
0.100000	-0.536364	0.100000
0.100000	-0.536364	0.100000
0.100000	-0.536364	0.100000
0.000000	-0.536364	0.000000
0.300000	-0.536364	0.300000
0.750000	-0.536364	0.750000
0.359635	-0.536364	0.363930
0.352489	-0.536364	0.343480
0.344318	-0.536364	0.324706
0.338072	-0.536364	0.306957
0.333123	-0.536364	0.282535
0.325402	-0.536364	0.245522
0.317034	-0.536364	0.184778
0.314118	-0.536364	0.091789
0.322487	-0.536364	0.045508
0.334423	-0.536364	-0.013398
0.343745	-0.536364	-0.047230
0.353834	-0.536364	-0.068606
0.364576	-0.536364	-0.084874
0.372947	-0.536364	-0.099460
0.384230	-0.536364	-0.112246
0.401437	-0.536364	-0.125948
0.418587	-0.536364	-0.135892
0.430884	-0.536364	-0.145662
0.438017	-0.536364	-0.176859
0.441431	-0.536364	-0.220644
0.442759	-0.536364	-0.269489
0.442143	-0.536364	-0.326788
0.441562	-0.536364	-0.390145
0.440985	-0.536364	-0.453413
0.438498	-0.536364	-0.511409
0.435850	-0.536364	-0.533723
0.431776	-0.536364	-0.536364
0.425976	-0.536364	-0.536364
0.422152	-0.536364	-0.536364
0.422740	-0.536364	-0.536364
0.423164	-0.536364	-0.536364
0.422763	-0.536364	-0.536364
0.426163	-0.536364	-0.536364
0.434579	-0.536364	-0.536364
0.442953	-0.536364	-0.517935
0.448520	-0.536364	-0.485721
0.452770	-0.536364	-0.458258
0.453608	-0.536364	-0.440376
0.451709	-0.536364	-0.429659
0.449228	-0.536364	-0.427188
0.448149	-0.536364	-0.433741
0.450182	-0.536364	-0.445563
0.453795	-0.536364	-0.458234
0.455278	-0.536364	-0.471418
0.454279	-0.536364	-0.484771
0.450468	-0.536364	-0.494903
0.442201	-0.536364	-0.503994
0.432453	-0.536364	-0.513580
0.424433	-0.536364	-0.524088
0.417145	-0.536364	-0.534311
0.410965	-0.536364	-0.536364
0.405023	-0.536364	-0.536364
0.395379	-0.536364	-0.536364
0.380166	-0.536364	-0.536364
0.360834	-0.536364	-0.536364
0.337322	-0.536364	-0.536364
0.310364	-0.536364	-0.536364
0.284036	-0.536364	-0.536364
0.259028	-0.536364	-0.536364
0.233402	-0.536364	-0.536364
0.201561	-0.536364	-0.536364
0.168634	-0.536364	-0.536364
0.127369	-0.536364	-0.536364
0.091753	-0.536364	-0.536364
0.064042	-0.536364	-0.536364
0.033737	-0.536364	-0.536364
0.012430	-0.536364	-0.536364
-0.003001	-0.536364	-0.536364
-0.014134	-0.536364	-0.536364
-0.021917	-0.536364	-0.536364
-0.028264	-0.536364	-0.536364
-0.035127	-0.536364	-0.536364
-0.042985	-0.536364	-0.536364
-0.050465	-0.536364	-0.536364
-0.056679	-0.536364	-0.536364
-0.062422	-0.536364	-0.536364
-0.067798	-0.536364	-0.536364
-0.072262	-0.536364	-0.536364
-0.075807	-0.536364	-0.536364
-0.078730	-0.536364	-0.536364
-0.081260	-0.536364	-0.536364
-0.083319	-0.536364	-0.536364
-0.084884	-0.536364	-0.536364
-0.086331	-0.536364	-0.536364
-0.088911	-0.536364	-0.536364
-0.091669	-0.536364	-0.536364
-0.094088	-0.536364	-0.536364
-0.096011	-0.536364	-0.536364
-0.097380	-0.536364	-0.536364
-0.098549	-0.536364	-0.536364
-0.099524	-0.536364	-0.536364
-0.099954	-0.536364	-0.536364
-0.100344	-0.536364	-0.536364
-0.101659	-0.536364	-0.536364
-0.104384	-0.536364	-0.536364
-0.108854	-0.536364	-0.536364
-0.114724	-0.536364	-0.536364
-0.119925	-0.536364	-0.536364
-0.123828	-0.536364	-0.536364
-0.126902	-0.536364	-0.536364
-0.129487	-0.536364	-0.536364
-0.131452	-0.536364	-0.536364
-0.132766	-0.536364	-0.536364
-0.133684	-0.536364	-0.536364
-0.134695	-0.536364	-0.536364
-0.135950	-0.536364	-0.536364
-0.137002	-0.536364	-0.536364
-0.138471	-0.536364	-0.536364
-0.140293	-0.536364	-0.536364
-0.142390	-0.536364	-0.536364
-0.144762	-0.536364	-0.536364
-0.147428	-0.536364	-0.536364
-0.149948	-0.536364	-0.536364
-0.153980	-0.536364	-0.506239
-0.159343	-0.536364	-0.452012
-0.163839	-0.536364	-0.394671
-0.168347	-0.536364	-0.338084
-0.174746	-0.536364	-0.285018
-0.183474	-0.536364	-0.242934
-0.191794	-0.529129	-0.211061
-0.199481	-0.510229	-0.189239
-0.206242	-0.495574	-0.180084
-0.211847	-0.490488	-0.180920
-0.216636	-0.492665	-0.193108
-0.220470	-0.496376	-0.222254
-0.225304	-0.496312	-0.272949
-0.234398	-0.490468	-0.347895
-0.248546	-0.483340	-0.437984
-0.265761	-0.480922	-0.519940
-0.285642	-0.487140	-0.536364
-0.306157	-0.504111	-0.536364
-0.326657	-0.530266	-0.536364
-0.347902	-0.536294	-0.536364
-0.369810	-0.536364	-0.536364
-0.392919	-0.536364	-0.536364
-0.415937	-0.536364	-0.536364
-0.438337	-0.536364	-0.536364
-0.462380	-0.536364	-0.536364
-0.490485	-0.536364	-0.536364
-0.519539	-0.536364	-0.536364
-0.534171	-0.536364	-0.536364
-0.536364	-0.536364	-0.536364
-0.536364	-0.536364	-0.536364
-0.536364	-0.536364	-0.536364
-0.536364	-0.536364	-0.536364
-0.536364	-0.536364	-0.536364
-0.536364	-0.536364	-0.536364
-0.536364	-0.536364	-0.536364
-0.536364	-0.536364	-0.536364
-0.536364	-0.536364	-0.536364
-0.536364	-0.536364	-0.536364
-0.536364	-0.536364	-0.536364
-0.536364	-0.536364	-0.536364
-0.536364	-0.536364	-0.536364
-0.536364	-0.536364	-0.524536
-0.536364	-0.536364	-0.495739
-0.536364	-0.536364	-0.460144
-0.536364	-0.536364	-0.418732
-0.536364	-0.536364	-0.370453
-0.536364	-0.536364	-0.319901
-0.536364	-0.536364	-0.271091
-0.536364	-0.536364	-0.226840
-0.536364	-0.536364	-0.185318
-0.536364	-0.536364	-0.153591
-0.536364	-0.536364	-0.135780
-0.536364	-0.536364	-0.125969
-0.536364	-0.536364	-0.119934
-0.536364	-0.536364	-0.118517
-0.536364	-0.536364	-0.120728
-0.536364	-0.536364	-0.122757
-0.536364	-0.536364	-0.124863
-0.536364	-0.536364	-0.128275
-0.536364	-0.536364	-0.131941
-0.536364	-0.536364	-0.135255
-0.536364	-0.536364	-0.137816
-0.536364	-0.536364	-0.142216
-0.536364	-0.536364	-0.146731
-0.536364	-0.536364	-0.152660
-0.536364	-0.536364	-0.162925
-0.536364	-0.536364	-0.168983
-0.536364	-0.536364	-0.169041
-0.536364	-0.536364	-0.165070
-0.536364	-0.536364	-0.159864
-0.536364	-0.536364	-0.154267
-0.536364	-0.536364	-0.151293
-0.536364	-0.536364	-0.152088
-0.536364	-0.536364	-0.156058
-0.536364	-0.536364	-0.162565
-0.536364	-0.536364	-0.170125
-0.536364	-0.536364	-0.179423
-0.536364	-0.536364	-0.192287
-0.536364	-0.536364	-0.207013
-0.536364	-0.536364	-0.221265
-0.536364	-0.536364	-0.232214
-0.536364	-0.536364	-0.238385
-0.536364	-0.536364	-0.241116
-0.536364	-0.536364	-0.243690
-0.536364	-0.536364	-0.247009
-0.536364	-0.536364	-0.249002
-0.536364	-0.536364	-0.248272
-0.536364	-0.536364	-0.246619
-0.536364	-0.536364	-0.245474
-0.536364	-0.536364	-0.244525
-0.536364	-0.536364	-0.241908
-0.536364	-0.536364	-0.236116
-0.536364	-0.536364	-0.228735
-0.536364	-0.536364	-0.221992
-0.536364	-0.536364	-0.217749
-0.536364	-0.536364	-0.216701
-0.536364	-0.536364	-0.215938
-0.536364	-0.536364	-0.212487
-0.536364	-0.536364	-0.207035
-0.536364	-0.536364	-0.202500
-0.536364	-0.536364	-0.200619
-0.536364	-0.536364	-0.201262
-0.536364	-0.536364	-0.203757
-0.536364	-0.536364	-0.209339
-0.536364	-0.536364	-0.218229
-0.536364	-0.536364	-0.226980
-0.536364	-0.536364	-0.233372
-0.536364	-0.536364	-0.237285
-0.536364	-0.536364	-0.239537
-0.536364	-0.536364	-0.240926
-0.536364	-0.536364	-0.242647
-0.536364	-0.536364	-0.245952
-0.536364	-0.536364	-0.250577
-0.536364	-0.536364	-0.254512
-0.536364	-0.536364	-0.257176
-0.536364	-0.536364	-0.260214
-0.536364	-0.536364	-0.264237
-0.536364	-0.536364	-0.268085
-0.536364	-0.536364	-0.269902
-0.536364	-0.536364	-0.269661
-0.536364	-0.536364	-0.271031
-0.536364	-0.536364	-0.275536
-0.536364	-0.536364	-0.280056
-0.536364	-0.536364	-0.282104
-0.536364	-0.536364	-0.283641
-0.536364	-0.536364	-0.287652
-0.536364	-0.536364	-0.293904
-0.536364	-0.536364	-0.300827
-0.536364	-0.536364	-0.309805
-0.536364	-0.536364	-0.321923
-0.536364	-0.536364	-0.334337
-0.536364	-0.536364	-0.345738
-0.536364	-0.536364	-0.360455
-0.536364	-0.536364	-0.383933
-0.536364	-0.536364	-0.418498
-0.536364	-0.536364	-0.463385
-0.536364	-0.536364	-0.517532
-0.536364	-0.536364	-0.534949
-0.536364	-0.536364	-0.536364
-0.536364	-0.536364	-0.536364
-0.536364	-0.536364	-0.536364
-0.536364	-0.536364	-0.536364
-0.536364	-0.536364	-0.536364
-0.536364	-0.536364	-0.536364
-0.536364	-0.536364	-0.536364
-0.536364	-0.536364	-0.536364
-0.536364	-0.536364	-0.536364
-0.536364	-0.536364	-0.536364
-0.536364	-0.536364	-0.536364
-0.536364	-0.536364	-0.536364
-0.536364	-0.536364	-0.536364
-0.536364	-0.536364	-0.536364
-0.536364	-0.536364	-0.536364
-0.536364	-0.536364	-0.536364
-0.536364	-0.536364	-0.536364
-0.536364	-0.536364	-0.536364
-0.536364	-0.536364	-0.536364
-0.536364	-0.536364	-0.536364
-0.536364	-0.536364	-0.536364
-0.536364	-0.536364	-0.536364
-0.536364	-0.536364	-0.536364
-0.536364	-0.536364	-0.536364
-0.536364	-0.536364	-0.536364
-0.536364	-0.536364	-0.536364
-0.536364	-0.536364	-0.536364
-0.536364	-0.536364	-0.536364
-0.536364	-0.536364	-0.536364
-0.536364	-0.536364	-0.536364
-0.536364	-0.536364	-0.536364
-0.536364	-0.536364	-0.536364
-0.536364	-0.536364	-0.536364
-0.536364	-0.536364	-0.536364
-0.536364	-0.536364	-0.536364
-0.536364	-0.536364	-0.536364
-0.536364	-0.536364	-0.536364
-0.536364	-0.536364	-0.536364
-0.536364	-0.536364	-0.536364
-0.536364	-0.536364	-0.536364
-0.536364	-0.536364	-0.536364
-0.536364	-0.536364	-0.536364
-0.536364	-0.536364	-0.536364
-0.536364	-0.536364	-0.536364
-0.536364	-0.536364	-0.536364
-0.536364	-0.536364	-0.536364
-0.536364	-0.536364	-0.536364
-0.536364	-0.536364	-0.536364
-0.396398	-0.536364	-0.231960
-0.337780	-0.536364	-0.194952
-0.313680	-0.536364	-0.207784
-0.289450	-0.536364	-0.219172
-0.263671	-0.536364	-0.231485
-0.235748	-0.536364	-0.247006
-0.205642	-0.536364	-0.265775
-0.176239	-0.536364	-0.289879
-0.151031	-0.536364	-0.320151
-0.138821	-0.536364	-0.355275
-0.131476	-0.536364	-0.396479
-0.123545	-0.536364	-0.445952
-0.119615	-0.536364	-0.503606
-0.116958	-0.536364	-0.532281
-0.114112	-0.536364	-0.536364
-0.111436	-0.536364	-0.536364
-0.108691	-0.536364	-0.536364
-0.104918	-0.536364	-0.536364
-0.100235	-0.536364	-0.536364
-0.095664	-0.536364	-0.536364
-0.092310	-0.536364	-0.536364
-0.088477	-0.536364	-0.536364
-0.083281	-0.536364	-0.536364
-0.077195	-0.536364	-0.536364
-0.070767	-0.536364	-0.536364
-0.065697	-0.536364	-0.536364
-0.064444	-0.536364	-0.536364
-0.064489	-0.536364	-0.536364
-0.061520	-0.536364	-0.536364
-0.057565	-0.536364	-0.527936
-0.050409	-0.536364	-0.508360
-0.038147	-0.536364	-0.494833
-0.022779	-0.536364	-0.489049
-0.006208	-0.536364	-0.486769
0.011629	-0.536364	-0.488723
0.033319	-0.536364	-0.495106
0.064086	-0.536364	-0.502148
0.103088	-0.536364	-0.507597
0.138340	-0.536364	-0.509863
0.166758	-0.536364	-0.509113
0.191681	-0.536364	-0.508121
0.215826	-0.536364	-0.508263
0.229517	-0.536364	-0.509652
0.241608	-0.536364	-0.512954
0.258186	-0.536364	-0.520637
0.281094	-0.536364	-0.532593
0.306873	-0.536364	-0.536130
0.325645	-0.536364	-0.536364
0.334657	-0.536364	-0.536364
0.346384	-0.536364	-0.536364
0.362089	-0.536364	-0.532058
0.379047	-0.536364	-0.519051
0.398652	-0.536364	-0.502722
0.419688	-0.536364	-0.485136
0.438054	-0.536364	-0.467511
0.451375	-0.536364	-0.452032
0.460573	-0.536364	-0.439350
0.467259	-0.536364	-0.432230
0.469645	-0.536364	-0.430568
0.468598	-0.536364	-0.428842
0.468658	-0.536364	-0.424286
0.471234	-0.536364	-0.418190
0.476193	-0.536364	-0.412058
0.484082	-0.536364	-0.407309
0.494230	-0.536364	-0.403636
0.506954	-0.536364	-0.399127
0.517513	-0.536364	-0.393870
0.525360	-0.536364	-0.388129
0.533150	-0.536364	-0.381654
0.541836	-0.536364	-0.375462
0.550905	-0.536364	-0.370813
0.557723	-0.536364	-0.367646
0.561645	-0.536364	-0.365665
0.564310	-0.536364	-0.363143
0.566156	-0.536364	-0.360197
0.568959	-0.536364	-0.355052
0.574067	-0.536364	-0.344878
0.579268	-0.536364	-0.333634
0.583139	-0.536364	-0.324157
0.585227	-0.536364	-0.314391
0.586709	-0.536364	-0.304377
0.589902	-0.536364	-0.296429
0.594457	-0.536364	-0.293115
0.599059	-0.536364	-0.294916
0.603119	-0.536364	-0.300583
0.606664	-0.536364	-0.306646
0.609836	-0.536364	-0.309255
0.613201	-0.536364	-0.308091
0.618481	-0.536364	-0.304998
0.625617	-0.536364	-0.301561
0.632068	-0.536364	-0.300151
0.638366	-0.536364	-0.299695
0.644470	-0.536364	-0.297220
0.650297	-0.536364	-0.294050
0.656033	-0.536364	-0.291042
0.661002	-0.536364	-0.286771
0.660275	-0.536364	-0.281220
0.659992	-0.536364	-0.275691
0.659905	-0.536364	-0.271744
0.659958	-0.536364	-0.268997
0.660206	-0.536364	-0.262949
0.660740	-0.536364	-0.250702
0.661641	-0.536364	-0.232137
0.662244	-0.536364	-0.206894
0.660965	-0.536364	-0.176369
0.660158	-0.536364	-0.144105
0.658514	-0.536364	-0.126948
0.657143	-0.536364	-0.109455
0.657143	-0.536364	-0.093065
0.657143	-0.536364	-0.070789
0.657143	-0.536364	-0.042786
0.657143	-0.536364	-0.002851
0.657143	-0.520686	0.075218
0.657143	-0.488887	0.228212
0.657143	-0.453052	0.369638
0.657143	-0.419909	0.454173
0.657143	-0.390862	0.515080
0.657143	-0.364699	0.569764
0.657143	-0.340232	0.612026
0.657143	-0.314275	0.644258
0.657143	-0.287407	0.659746
0.657143	-0.264912	0.657143
0.657143	-0.247538	0.657143
0.657143	-0.234862	0.659520
0.657143	-0.228717	0.665502
0.657143	-0.229351	0.664212
0.657143	-0.235047	0.642361
0.657143	-0.242186	0.616954
0.657143	-0.245823	0.585369
0.657143	-0.247511	0.550460
0.657143	-0.251299	0.516040
0.658002	-0.256748	0.487073
0.658217	-0.261904	0.473707
0.657143	-0.265992	0.477499
0.657143	-0.269152	0.490879
0.660034	-0.271046	0.514044
0.663166	-0.270749	0.536550
0.665155	-0.268400	0.553943
0.664436	-0.263450	0.565729
0.661214	-0.255635	0.573566
0.657976	-0.245740	0.579320
0.657143	-0.236932	0.585661
0.658095	-0.229251	0.593077
0.660487	-0.220908	0.600295
0.662296	-0.214452	0.607144
0.662771	-0.212759	0.613226
0.662046	-0.214710	0.619584
0.661264	-0.218583	0.626851
0.661301	-0.221986	0.635668
0.660878	-0.223914	0.645775
0.659521	-0.225096	0.655901
0.658810	-0.226074	0.660238
0.659413	-0.225756	0.658195
0.660482	-0.223853	0.657143
0.661513	-0.221585	0.657143
0.662044	-0.217409	0.657143
0.661228	-0.210482	0.657143
0.660370	-0.203146	0.657143
0.659372	-0.197321	0.657143
0.658550	-0.192623	0.657143
0.658053	-0.186853	0.657143
0.658278	-0.182375	0.657143
0.658791	-0.180672	0.100000
0.659067	-0.180343	0.100000
0.658958	-0.179550	0.100000
0.657730	-0.176445	0.100000
0.657143	-0.172995	0.100000
0.657143	-0.172206	0.100000
0.657143	-0.173389	0.100000
0.657356	-0.175763	0.100000
0.657143	-0.176127	0.100000
0.657143	-0.175830	0.100000
0.657143	-0.176734	0.100000
0.657143	-0.178884	0.100000
0.657143	-0.181352	0.100000
0.657143	-0.183375	0.100000
0.657143	-0.183345	0.100000
0.657308	-0.182432	0.100000
0.657339	-0.182357	0.100000
0.657661	-0.183867	0.100000
0.658303	-0.188340	0.100000
0.658599	-0.195914	0.100000
0.658616	-0.206897	0.100000
0.659320	-0.220520	0.100000
0.659265	-0.232826	0.100000
0.658691	-0.241907	0.100000
0.658488	-0.248652	0.100000
0.657676	-0.254349	0.100000
0.657533	-0.260928	0.100000
0.657466	-0.270524	0.100000
0.657385	-0.282886	0.100000
0.657260	-0.294161	0.100000
0.657143	-0.301463	0.100000
0.657143	-0.304401	0.100000
0.657393	-0.306722	0.100000
0.658364	-0.313134	0.100000
0.659706	-0.322740	0.100000
0.660848	-0.331993	0.100000
0.660571	-0.340092	0.100000
0.659138	-0.349779	0.100000
0.658382	-0.362274	0.100000
0.657457	-0.375811	0.100000
0.657143	-0.390214	0.100000
0.657143	-0.407289	0.100000
0.657143	-0.428577	0.100000
0.657143	-0.449259	0.100000
0.657143	-0.464926	0.100000
0.657143	-0.475398	0.100000
0.657143	-0.482522	0.100000
0.657143	-0.488304	0.100000
0.657143	-0.493055	0.100000
0.657143	-0.499792	0.100000
0.657143	-0.510407	0.100000
0.657143	-0.520258	0.100000
0.657143	-0.526675	0.100000
0.657143	-0.530724	0.100000
0.657143	-0.532235	0.100000
0.657143	-0.530729	0.100000
0.657143	-0.528048	0.100000
0.657143	-0.523578	0.100000
0.657143	-0.514388	0.100000
0.657143	-0.503133	0.100000
0.657143	-0.495212	0.100000
0.657143	-0.493932	0.100000
0.657143	-0.498135	0.100000
0.657143	-0.503196	0.100000
0.657143	-0.506111	0.100000
0.657143	-0.510284	0.100000
0.657143	-0.519627	0.100000
0.657143	-0.532809	0.100000
0.657143	-0.536217	0.100000
0.657143	-0.536364	0.100000
0.657143	-0.536364	0.100000
0.657143	-0.536364	0.100000
0.657178	-0.536364	0.100000
0.657143	-0.536364	0.100000
0.657143	-0.536364	0.100000
0.657143	-0.536364	0.100000
0.657143	-0.536364	0.100000
0.657143	-0.536364	0.100000
0.657143	-0.536364	0.100000
0.657143	-0.536364	0.100000
0.657143	-0.536364	0.100000
0.657143	-0.536364	0.100000
0.657143	-0.536364	0.100000
0.657143	-0.536364	0.100000
0.657143	-0.536364	0.100000
0.657143	-0.536364	0.100000
0.100000	-0.536364	0.100000
0.100000	-0.536364	0.100000
0.100000	-0.536364	0.100000
0.100000	-0.536364	0.100000
0.100000	-0.536364	0.100000
0.100000	-0.536364	0.100000
0.100000	-0.536364	0.100000
0.100000	-0.536364	0.100000
0.100000	-0.536364	0.100000
0.100000	-0.536364	0.100000
0.100000	-0.536364	0.100000
0.100000	-0.536364	0.100000
0.100000	-0.536364	0.100000
0.100000	-0.536364	0.100000
0.100000	-0.536364	0.100000
0.100000	-0.536364	0.100000
0.100000	-0.536364	0.100000
0.100000	-0.536364	0.100000
0.100000	-0.536364	0.100000
0.100000	-0.536364	0.100000
0.100000	-0.536364	0.100000
0.100000	-0.536364	0.100000
0.100000	-0.536364	0.100000
0.100000	-0.536364	0.100000
0.100000	-0.536364	0.100000
0.100000	-0.536364	0.100000
0.100000	-0.536364	0.100000
0.100000	-0.536364	0.100000
0.100000	-0.536364	0.100000
0.100000	-0.536364	0.100000
0.100000	-0.536364	0.100000
0.100000	-0.536364	0.100000
0.100000	-0.536364	0.100000
0.100000	-0.536364	0.100000
0.100000	-0.536364	0.100000
0.100000	-0.536364	0.100000
0.100000	-0.536364	0.100000
0.100000	-0.536364	0.100000
0.100000	-0.536364	0.100000
0.100000	-0.536364	0.100000
0.100000	-0.536364	0.100000
0.100000	-0.536364	0.100000
0.100000	-0.536364	0.100000
0.100000	-0.536364	0.100000
0.100000	-0.536364	0.100000
0.100000	-0.536364	0.100000
0.100000	-0.536364	0.100000
0.100000	-0.536364	0.100000
0.100000	-0.536364	0.100000
0.100000	-0.536364	0.100000
0.000000	-0.536364	0.000000
0.300000	-0.536364	0.300000
0.750000	-0.536364	0.750000
0.434274	-0.536364	0.318780
0.431621	-0.536364	0.271805
0.431499	-0.536364	0.228119
0.433085	-0.536364	0.192160
0.436957	-0.536364	0.167921
0.442337	-0.536364	0.133596
0.446949	-0.536364	0.090309
0.450211	-0.536364	0.053344
0.453340	-0.536364	0.007756
0.457258	-0.536364	-0.026482
0.458798	-0.536364	-0.050987
0.455833	-0.536364	-0.068528
0.453313	-0.536364	-0.082110
0.450807	-0.536364	-0.095292
0.448867	-0.536364	-0.105910
0.450897	-0.536364	-0.116384
0.454527	-0.536364	-0.126451
0.457881	-0.536364	-0.134695
0.462192	-0.536364	-0.141998
0.466277	-0.536364	-0.159182
0.467738	-0.536364	-0.197193
0.465521	-0.536364	-0.242638
0.462614	-0.536364	-0.298962
0.462534	-0.536364	-0.367390
0.463179	-0.536364	-0.443464
0.461703	-0.536364	-0.520308
0.458147	-0.536364	-0.536364
0.454632	-0.536364	-0.536364
0.452064	-0.536364	-0.536364
0.451565	-0.536364	-0.536364
0.453902	-0.536364	-0.536364
0.455020	-0.536364	-0.536364
0.455375	-0.536364	-0.536364
0.456183	-0.536364	-0.536364
0.456575	-0.536364	-0.536364
0.456656	-0.536364	-0.536364
0.455953	-0.536364	-0.536364
0.455784	-0.536364	-0.536364
0.456380	-0.536364	-0.536364
0.456183	-0.536364	-0.536364
0.455025	-0.536364	-0.536364
0.452286	-0.536364	-0.536364
0.446459	-0.536364	-0.536364
