0.100000	0.100000	0.100000
0.100000	0.100001	0.100000
0.100000	0.100001	0.100000
0.100000	0.100001	0.100000
0.119619	0.100001	0.100000
0.154148	0.100002	0.100000
0.174975	0.100002	0.100000
0.181185	0.100002	0.100000
0.178317	0.100002	0.100000
0.168954	0.100003	0.100000
0.158191	0.100003	0.100000
0.158340	0.100003	0.100000
0.171943	0.100003	0.100000
0.189338	0.100003	0.100000
0.202921	0.100004	0.100000
0.213499	0.100004	0.100000
0.218672	0.100004	0.100000
0.218032	0.100004	0.100000
0.211548	0.100004	0.100000
0.202320	0.100005	0.100000
0.189297	0.100005	0.100000
0.176433	0.100005	0.100000
0.169532	0.100005	0.100000
0.168986	0.100005	0.100000
0.167810	0.100006	0.100000
0.158012	0.100006	0.100000
0.141540	0.100007	0.100000
0.121549	0.100006	0.100000
0.100000	0.100006	0.100000
0.100000	0.100007	0.100000
0.100000	0.100007	0.100000
0.102056	0.100007	0.100000
0.120741	0.100007	0.100000
0.147167	0.100007	0.100000
0.171461	0.100007	0.100000
0.182269	0.100007	0.100000
0.183581	0.100007	0.100000
0.188430	0.100007	0.100000
0.194468	0.100007	0.100000
0.194191	0.100007	0.100000
0.184806	0.100007	0.100000
0.170394	0.100007	0.100000
0.161191	0.100007	0.100000
0.150107	0.100007	0.100000
0.132057	0.100007	0.100000
0.113931	0.100007	0.100000
0.103958	0.100007	0.100000
0.113517	0.100006	0.100000
0.133303	0.100007	0.100000
0.147399	0.100007	0.100000
0.152872	0.100007	0.100000
0.153701	0.100007	0.100000
0.143572	0.100007	0.100000
0.125348	0.100006	0.100000
0.112675	0.100007	0.100000
0.111005	0.100006	0.100000
0.119444	0.100006	0.100000
0.121722	0.100006	0.100000
0.119096	0.100005	0.100000
0.112624	0.100006	0.100000
0.100000	0.100005	0.100000
0.100000	0.100004	0.100000
0.100000	0.100006	0.100000
0.100000	0.100004	0.100000
0.100000	0.100002	0.100000
0.100000	0.100004	0.100000
0.100000	0.100004	0.100000
0.100000	0.100002	0.100000
0.100000	0.100002	0.100000
0.100000	0.100002	0.100000
0.100000	0.100001	0.100000
0.100000	0.100000	0.100000
0.100000	0.100001	0.100000
0.100000	0.100000	0.100000
0.100000	0.100000	0.100000
0.100000	0.100000	0.100000
0.100000	0.099999	0.100000
0.100000	0.099999	0.100000
0.100000	0.099999	0.100000
0.100000	0.099999	0.100000
0.100000	0.099998	0.100000
0.100000	0.099998	0.100000
0.100000	0.099998	0.100000
0.100000	0.099998	0.100000
0.100000	0.099997	0.100000
0.100000	0.099996	0.100000
0.100000	0.099997	0.100000
0.100000	0.099996	0.100000
0.100000	0.099995	0.100000
0.100000	0.099995	0.100000
0.100000	0.099995	0.100000
0.100000	0.099994	0.100000
0.100000	0.099994	0.100000
0.100000	0.099993	0.100000
0.100000	0.099993	0.100000
0.100000	0.099993	0.100000
0.100000	0.099992	0.100000
0.100000	0.099991	0.100000
0.100000	0.099990	0.100000
0.100000	0.099990	0.100000
0.100000	0.099990	0.100000
0.100000	0.099990	0.100000
0.100000	0.099989	0.100000
0.100000	0.099988	0.100000
0.100000	0.099988	0.100000
0.100000	0.099988	0.100000
0.100000	0.099987	0.100000
0.100000	0.099986	0.100000
0.100000	0.100613	0.100000
0.100000	0.153106	0.100000
0.100000	0.189696	0.100000
0.100000	0.224079	0.100000
0.100000	0.266117	0.100000
0.100000	0.313620	0.100000
0.100000	0.351775	0.100000
0.100000	0.379948	0.100000
0.100000	0.401974	0.100000
0.100000	0.417952	0.100000
0.100000	0.431357	0.100000
0.100000	0.446216	0.100000
0.100000	0.460626	0.100000
0.100000	0.471840	0.100000
0.100000	0.481074	0.100000
0.100000	0.488471	0.100000
0.100000	0.494246	0.100000
0.100000	0.498867	0.100000
0.100000	0.501406	0.100000
0.100000	0.501702	0.100000
0.100000	0.501552	0.100000
0.100000	0.502970	0.100000
0.100000	0.504567	0.100000
0.100000	0.505022	0.100000
0.100000	0.502842	0.100000
0.100000	0.497104	0.100000
0.100000	0.489994	0.100000
0.100000	0.481629	0.100000
0.100000	0.471606	0.100000
0.100000	0.462471	0.100000
0.100000	0.455741	0.100000
0.100000	0.450830	0.100000
0.100000	0.447764	0.100000
0.100000	0.448148	0.100000
0.100000	0.446910	0.100000
0.100000	0.442625	0.100000
0.100000	0.439725	0.100000
0.100000	0.438695	0.100000
0.100000	0.434205	0.100000
0.100000	0.424981	0.100000
0.100000	0.417836	0.100000
0.100000	0.413165	0.100000
0.100000	0.408949	0.100000
0.100000	0.405351	0.100000
0.100000	0.399278	0.100000
0.100000	0.388596	0.100000
0.100000	0.374701	0.100000
0.100000	0.360566	0.100000
0.100000	0.348853	0.100000
0.100000	0.340349	0.100000
0.100000	0.331571	0.100000
0.100000	0.321032	0.100000
0.100000	0.312324	0.100000
0.100000	0.312887	0.100000
0.100000	0.326935	0.100000
0.100000	0.346995	0.100000
0.100000	0.365553	0.100000
0.100000	0.382562	0.100000
0.100000	0.396929	0.100000
0.100000	0.406836	0.100000
0.100000	0.412213	0.100000
0.100000	0.412515	0.100000
0.100000	0.408328	0.100000
0.100000	0.400790	0.100000
0.100000	0.390847	0.100000
0.100000	0.375231	0.100000
0.100000	0.349465	0.100000
0.100000	0.312387	0.100000
0.100000	0.259203	0.100000
0.100000	0.185076	0.100000
0.100000	0.099971	0.100000
0.100000	0.099971	0.100000
0.100000	0.099972	0.100000
0.100000	0.099971	0.100000
0.100000	0.099972	0.100000
0.100000	0.099973	0.100000
0.100000	0.099973	0.100000
0.100000	0.099973	0.100000
0.100000	0.099974	0.100000
0.100000	0.099974	0.100000
0.100000	0.099974	0.100000
0.100000	0.099975	0.100000
0.100000	0.099975	0.100000
0.100000	0.099976	0.100000
0.100000	0.099977	0.100000
0.100000	0.099977	0.100000
0.100000	0.099977	0.100000
0.100000	0.099978	0.100000
0.100000	0.099979	0.100000
0.100000	0.099979	0.100000
0.100000	0.099979	0.100000
0.100000	0.099980	0.100000
0.100000	0.099981	0.100000
0.100000	0.099982	0.100000
0.100000	0.099982	0.100000
0.100000	0.099983	0.100000
0.100000	0.099983	0.100000
0.100000	0.099984	0.100000
0.100000	0.099985	0.100000
0.100000	0.099986	0.100000
0.100000	0.099987	0.100000
0.100000	0.099987	0.100000
0.100000	0.099988	0.100000
0.100000	0.099989	0.100000
0.100000	0.099989	0.100000
0.100000	0.099990	0.100000
0.100000	0.099993	0.100000
0.100000	0.099992	0.100000
0.100000	0.099992	0.100000
0.100000	0.099995	0.100000
0.100000	0.099994	0.100000
0.100000	0.099995	0.100000
0.100000	0.099997	0.100000
0.100000	0.099998	0.100000
0.100000	0.099999	0.100000
0.100000	0.100000	0.100000
0.100000	0.100000	0.100000
0.100000	0.100002	0.100000
0.100000	0.100003	0.100000
0.100000	0.100005	0.100000
0.100000	0.100006	0.100000
0.100000	0.100007	0.100000
0.100000	0.100007	0.100000
0.100000	0.100009	0.100000
0.100000	0.100009	0.100000
0.100000	0.100011	0.100000
0.100000	0.100014	0.100000
0.100000	0.100014	0.100000
0.100000	0.100014	0.100000
0.100000	0.100017	0.100000
0.100000	0.100018	0.100000
0.100000	0.100019	0.100000
0.100000	0.100020	0.100000
0.100000	0.100021	0.100000
0.100000	0.100023	0.100000
0.100000	0.100024	0.100000
0.100000	0.100025	0.100000
0.100000	0.100027	0.100000
0.100000	0.100028	0.100000
0.100000	0.100030	0.100000
0.100000	0.100032	0.100000
0.100000	0.100033	0.100000
0.100000	0.100033	0.100000
0.100000	0.100036	0.100000
0.100000	0.100036	0.100000
0.100000	0.100038	0.100000
0.100000	0.100039	0.100000
0.100000	0.100040	0.100000
0.100000	0.100042	0.100000
0.100000	0.100043	0.100000
0.100000	0.100044	0.100000
0.100000	0.100046	0.100000
0.100000	0.100046	0.100000
0.100000	0.100047	0.100000
0.100000	0.100048	0.100000
0.100000	0.100050	0.100000
0.100000	0.100051	0.100000
0.100000	0.100052	0.100000
0.100000	0.100054	0.100000
0.100000	0.100054	0.100000
0.100000	0.100055	0.100000
0.100000	0.100056	0.100000
0.100000	0.100058	0.100000
0.100000	0.100059	0.100000
0.100000	0.100060	0.100000
0.100000	0.100061	0.100000
0.100000	0.100062	0.100000
0.100000	0.100063	0.100000
0.100000	0.100064	0.100000
0.100000	0.100065	0.100000
0.100000	0.100066	0.100000
0.100000	0.100066	0.100000
0.100000	0.100067	0.100000
0.100000	0.100068	0.100000
0.100000	0.100069	0.100000
0.100000	0.100069	0.100000
0.100000	0.100070	0.100000
0.100000	0.100071	0.100000
0.100000	0.100072	0.100000
0.100000	0.100072	0.100000
0.100000	0.100073	0.100000
0.100000	0.100073	0.100000
0.100000	0.100074	0.100000
0.100000	0.100075	0.100000
0.100000	0.100075	0.100000
0.100000	0.100076	0.100000
0.100000	0.100076	0.100000
0.100000	0.100076	0.100000
0.100000	0.100077	0.100000
0.100000	0.100077	0.100000
0.100000	0.100077	0.100000
0.100000	0.100078	0.100000
0.100000	0.100078	0.100000
0.100000	0.100078	0.100000
0.100000	0.100078	0.100000
0.100000	0.100078	0.100000
0.100000	0.100079	0.100000
0.100000	0.100078	0.100000
0.100000	0.100079	0.100000
0.100000	0.100079	0.100000
0.100000	0.100079	0.100000
0.100000	0.100079	0.100000
0.100000	0.100078	0.100000
0.100000	0.100078	0.100000
0.100000	0.100078	0.100000
0.100000	0.100078	0.100000
0.100000	0.100078	0.100000
0.100000	0.100077	0.100000
0.100000	0.100077	0.100000
0.100000	0.100076	0.100000
0.100000	0.100076	0.100000
0.100000	0.100075	0.100000
0.100000	0.100075	0.100000
0.100000	0.100074	0.100000
0.100000	0.100074	0.100000
0.100000	0.100073	0.100000
0.100000	0.100073	0.100000
0.100000	0.100072	0.100000
0.100000	0.100072	0.100000
0.100000	0.100071	0.100000
0.100000	0.100070	0.100000
0.100000	0.100070	0.100000
0.100000	0.100069	0.100000
0.100000	0.100068	0.100000
0.100000	0.100066	0.100000
0.100000	0.100065	0.100000
0.100000	0.100064	0.100000
0.100000	0.100063	0.100000
0.100000	0.100062	0.100000
0.100000	0.100061	0.100000
0.100000	0.100060	0.100000
0.100000	0.100059	0.100000
0.100000	0.100058	0.100000
0.103085	0.100056	0.100000
0.145633	0.100055	0.100000
0.177644	0.100054	0.100000
0.216867	0.100052	0.100000
0.263708	0.100051	0.100000
0.307204	0.100049	0.100000
0.339432	0.100047	0.100000
0.359933	0.100047	0.100000
0.373233	0.100046	0.100000
0.383820	0.100044	0.100000
0.394794	0.100042	0.100000
0.405067	0.100041	0.100000
0.413834	0.100039	0.100000
0.421699	0.100038	0.100000
0.427778	0.100036	0.100000
0.433786	0.100034	0.100000
0.443168	0.100033	0.100000
0.453283	0.100031	0.100000
0.462009	0.100029	0.100000
0.469702	0.100027	0.100000
0.476403	0.100025	0.100000
0.482966	0.100024	0.100000
0.490461	0.100021	0.100000
0.499120	0.100019	0.100000
0.510082	0.100019	0.100000
0.523464	0.100017	0.100000
0.535163	0.100014	0.100000
0.543975	0.100012	0.100000
0.551311	0.100010	0.100000
0.557051	0.100007	0.100000
0.561105	0.100005	0.100000
0.564886	0.100004	0.100000
0.568782	0.100002	0.100000
0.572524	0.100000	0.100000
0.575708	0.099999	0.100000
0.578800	0.099997	0.100000
0.582691	0.099996	0.100000
0.587417	0.099994	0.100000
0.592326	0.099993	0.100000
0.596368	0.099992	0.100000
0.599662	0.099990	0.100000
0.602198	0.099989	0.100000
0.604239	0.099988	0.100000
0.607141	0.099985	0.100000
0.610600	0.099983	0.100000
0.613667	0.099982	0.100000
0.616602	0.099981	0.100000
0.619380	0.099979	0.100000
0.621556	0.099977	0.100000
0.623207	0.099976	0.100000
0.624752	0.099974	0.100000
0.626401	0.099972	0.100000
0.628013	0.099971	0.100000
0.628625	0.099969	0.100000
0.628401	0.099968	0.100000
0.628451	0.099966	0.100000
0.628782	0.099964	0.100000
0.628818	0.126931	0.100000
0.628432	0.161483	0.100000
0.627810	0.204244	0.100000
0.627742	0.250578	0.100000
0.628389	0.296987	0.100000
0.628941	0.341895	0.100000
0.628955	0.380952	0.100000
0.628448	0.411248	0.100000
0.627520	0.434186	0.100000
0.626651	0.453774	0.100483
0.625686	0.471345	0.236583
0.624429	0.485889	0.324839
0.623740	0.498972	0.389538
0.623709	0.511420	0.439753
0.623583	0.523272	0.480099
0.622844	0.536077	0.513277
0.621741	0.549073	0.540390
0.621008	0.559665	0.561845
0.620600	0.567145	0.578038
0.619370	0.572231	0.590982
0.617333	0.576620	0.602743
0.615286	0.581439	0.613447
0.613386	0.586624	0.623709
0.611958	0.593140	0.633395
0.611239	0.600467	0.642247
0.610787	0.607816	0.649636
0.609415	0.614446	0.654478
0.606637	0.619799	0.656227
0.603380	0.624174	0.655122
0.600682	0.627252	0.651258
0.598935	0.629123	0.644217
0.598910	0.630135	0.634242
0.599836	0.629985	0.621648
0.600301	0.629194	0.607051
0.600378	0.627999	0.592482
0.600278	0.627053	0.580042
0.599742	0.626222	0.570637
0.598285	0.624751	0.566810
0.595789	0.622990	0.569535
0.592809	0.620573	0.575960
0.589716	0.617419	0.584350
0.586708	0.615093	0.593688
0.583838	0.614586	0.602415
0.580989	0.615578	0.609753
0.579106	0.617582	0.615992
0.578426	0.620556	0.621109
0.577485	0.623617	0.625137
0.575680	0.626020	0.628836
0.573777	0.628252	0.632571
0.571528	0.630187	0.636788
0.569577	0.631762	0.641324
0.569809	0.633038	0.646487
0.571472	0.633972	0.652170
0.572853	0.634816	0.657939
0.573128	0.635595	0.663581
0.572096	0.636189	0.669096
0.570313	0.636561	0.674558
0.569151	0.636685	0.675000
0.567701	0.636875	0.675000
0.564612	0.637398	0.675000
0.560553	0.638156	0.675000
0.555775	0.639434	0.675000
0.551158	0.640610	0.675000
0.546382	0.641720	0.675000
0.541394	0.642933	0.675000
0.536348	0.644165	0.675000
0.531840	0.645522	0.675000
0.526559	0.646606	0.675000
0.518944	0.647310	0.675000
0.510942	0.647426	0.675000
0.504246	0.646643	0.675000
0.497771	0.644885	0.675000
0.491595	0.642668	0.675000
0.486766	0.640249	0.675000
0.484251	0.637841	0.675000
0.485477	0.636037	0.675000
0.489673	0.634765	0.675000
0.495436	0.633346	0.675000
0.501532	0.631637	0.675000
0.505593	0.629949	0.675000
0.506949	0.628428	0.675000
0.505608	0.626966	0.675000
0.503458	0.626045	0.675000
0.500885	0.625484	0.675000
0.496398	0.624542	0.675000
0.489457	0.623288	0.675000
0.481840	0.622317	0.675000
0.475812	0.621506	0.675000
0.472282	0.620763	0.675000
0.470263	0.619962	0.675000
0.468593	0.618628	0.675000
0.468527	0.616779	0.675000
0.469747	0.615043	0.675000
0.471195	0.613024	0.675000
0.473745	0.610735	0.675000
0.477402	0.608993	0.675000
0.479368	0.606843	0.675000
0.479965	0.604239	0.675000
0.481152	0.602142	0.675000
0.483341	0.600612	0.675000
0.484241	0.598749	0.675000
0.480916	0.595923	0.675000
0.475257	0.592281	0.675000
0.470863	0.589648	0.675000
0.469509	0.588245	0.675000
0.470234	0.586547	0.675000
0.473091	0.584653	0.675000
0.477499	0.583437	0.675000
0.481066	0.582940	0.675000
0.485195	0.582936	0.675000
0.488527	0.582255	0.675000
0.489543	0.579847	0.675000
0.489611	0.576191	0.675000
0.489991	0.573079	0.675000
0.488812	0.571743	0.675000
0.485250	0.570363	0.675000
0.482966	0.568224	0.675000
0.486274	0.566109	0.675000
0.494628	0.564596	0.675000
0.505110	0.564163	0.675000
0.515612	0.564833	0.675000
0.524510	0.565543	0.675000
0.530913	0.564606	0.675000
0.535037	0.561850	0.675000
0.538899	0.557863	0.675000
0.542051	0.554186	0.675000
0.545459	0.550896	0.675000
0.550319	0.546374	0.675000
0.555661	0.541028	0.675000
0.559365	0.536393	0.675000
0.560494	0.530382	0.675000
0.559551	0.522143	0.675000
0.558197	0.512098	0.675000
0.558016	0.499465	0.675000
0.559470	0.484281	0.675000
0.562535	0.467900	0.675000
0.565836	0.451496	0.675000
0.567736	0.436287	0.675000
0.567299	0.423448	0.675000
0.566447	0.413653	0.675000
0.566173	0.405483	0.675000
0.565410	0.398857	0.675000
0.564740	0.394042	0.675000
0.563592	0.389936	0.675000
0.562801	0.384189	0.675000
0.563423	0.377154	0.675000
0.565517	0.369048	0.675000
0.568964	0.358121	0.675000
0.572921	0.345016	0.675000
0.576070	0.329296	0.675000
0.578677	0.309299	0.675000
0.581100	0.285295	0.675000
0.583788	0.259831	0.675000
0.586814	0.230385	0.675000
0.589836	0.183491	0.675000
0.592361	0.116163	0.675000
0.594078	0.100085	0.675000
0.595263	0.100087	0.675000
0.596486	0.100090	0.675000
0.598704	0.100092	0.675000
0.601560	0.100094	0.675000
0.604084	0.100098	0.675000
0.606249	0.100099	0.675000
0.608544	0.100101	0.675000
0.610618	0.100104	0.675000
0.612207	0.100106	0.675000
0.613667	0.100109	0.675000
0.615301	0.100112	0.675000
0.616739	0.100113	0.675000
0.618496	0.100115	0.675000
0.621044	0.100117	0.675000
0.623391	0.100119	0.675000
0.624693	0.100122	0.675000
0.625337	0.100124	0.675000
0.625334	0.100125	0.675000
0.624155	0.100127	0.675000
0.621426	0.100129	0.675000
0.618362	0.100131	0.675000
0.615934	0.100132	0.675000
0.615101	0.100134	0.675000
0.615791	0.100136	0.675000
0.617821	0.100137	0.675000
0.621308	0.100139	0.675000
0.625263	0.100140	0.675000
0.628448	0.100142	0.675000
0.630986	0.100143	0.675000
0.633709	0.100144	0.675000
0.636641	0.100145	0.675000
0.639694	0.100146	0.675000
0.642951	0.100147	0.675000
0.646191	0.100148	0.675000
0.648637	0.100149	0.675000
0.650032	0.100150	0.675000
0.650946	0.100151	0.675000
0.651975	0.100152	0.675000
0.653440	0.100152	0.675000
0.655339	0.100153	0.675000
0.656732	0.100154	0.675000
0.657086	0.100154	0.675000
0.657442	0.100155	0.675000
0.658654	0.100155	0.675000
0.660530	0.100155	0.675000
0.100000	0.100155	0.505814
0.663539	0.100156	0.675000
0.100000	0.100156	0.300299
0.100000	0.100156	0.258188
0.100000	0.100156	0.212677
0.100000	0.100155	0.149451
0.100000	0.100155	0.100000
0.100000	0.100155	0.100000
0.100000	0.100155	0.100000
0.100000	0.100155	0.100000
0.100000	0.100154	0.100000
0.100000	0.100153	0.100000
0.100000	0.100152	0.100000
0.100000	0.100152	0.100000
0.100000	0.100151	0.100000
0.100000	0.100151	0.100000
0.100000	0.100149	0.100000
0.100000	0.100149	0.100000
0.100000	0.100147	0.100000
0.100000	0.100146	0.100000
0.100000	0.100145	0.100000
0.100000	0.100144	0.100000
0.100000	0.100143	0.100000
0.100000	0.100141	0.100000
0.100000	0.100140	0.100000
0.100000	0.100138	0.100000
0.100000	0.100138	0.100000
0.100000	0.100135	0.100000
0.100000	0.100133	0.100000
0.100000	0.100132	0.100000
0.100000	0.100130	0.100000
0.100000	0.100128	0.100000
0.100000	0.100126	0.100000
0.100000	0.100124	0.100000
0.100000	0.100122	0.100000
0.100000	0.100120	0.100000
0.100000	0.100118	0.100000
0.100000	0.100116	0.100000
0.100000	0.100113	0.100000
0.100000	0.100111	0.100000
0.100000	0.100109	0.100000
0.100000	0.100105	0.100000
0.100000	0.100103	0.100000
0.100000	0.100100	0.100000
0.100000	0.100098	0.100000
0.100000	0.100095	0.100000
0.100000	0.100092	0.100000
0.100000	0.100089	0.100000
0.100000	0.100087	0.100000
0.100000	0.100085	0.100000
0.100000	0.100081	0.100000
0.100000	0.100078	0.100000
0.100000	0.100075	0.100000
0.100000	0.100073	0.100000
0.100000	0.100070	0.100000
0.100000	0.100066	0.100000
0.100000	0.100063	0.100000
0.100000	0.100060	0.100000
0.100000	0.100056	0.100000
0.100000	0.100053	0.100000
0.100000	0.100049	0.100000
0.100000	0.100046	0.100000
0.100000	0.100044	0.100000
0.100000	0.100039	0.100000
0.100000	0.100034	0.100000
0.100000	0.100033	0.100000
0.100000	0.100030	0.100000
0.100000	0.100025	0.100000
0.100000	0.100021	0.100000
0.100000	0.100019	0.100000
0.100000	0.100014	0.100000
0.100000	0.100010	0.100000
0.100000	0.100007	0.100000
0.100000	0.100003	0.100000
0.100000	0.100000	0.100000
0.100000	0.099999	0.100000
0.100000	0.099996	0.100000
0.100000	0.099993	0.100000
0.100000	0.099990	0.100000
0.100000	0.099988	0.100000
0.100000	0.099985	0.100000
0.100000	0.099982	0.100000
0.100000	0.099979	0.100000
0.100000	0.099977	0.100000
0.100000	0.099974	0.100000
0.100000	0.099970	0.100000
0.100000	0.099968	0.100000
0.100000	0.099966	0.100000
0.100000	0.099962	0.100000
0.100000	0.099960	0.100000
0.100000	0.099957	0.100000
0.100000	0.099954	0.100000
0.100000	0.099951	0.100000
0.100000	0.099949	0.100000
0.100000	0.099946	0.100000
0.100000	0.099943	0.100000
0.100000	0.099940	0.100000
0.100000	0.099938	0.100000
0.100000	0.099935	0.100000
0.100000	0.099932	0.100000
0.100000	0.099930	0.100000
0.100000	0.099927	0.100000
0.100000	0.099923	0.100000
0.100000	0.099921	0.100000
0.100000	0.099919	0.100000
0.100000	0.099917	0.100000
0.100000	0.099914	0.100000
0.100000	0.099912	0.100000
0.100000	0.099909	0.100000
0.100000	0.099907	0.100000
0.100000	0.099904	0.100000
0.100000	0.164612	0.100000
0.100000	0.228295	0.100000
0.100000	0.280343	0.100000
0.100000	0.325022	0.100000
0.100000	0.355189	0.100000
0.100000	0.371742	0.100000
0.100000	0.382028	0.100000
0.100000	0.390393	0.100000
0.100000	0.400098	0.100000
0.100000	0.412046	0.100000
0.100000	0.423588	0.100000
0.100000	0.432280	0.100000
0.100000	0.439499	0.100000
0.100000	0.448016	0.100000
0.100000	0.458095	0.100000
0.100000	0.466839	0.100000
0.100000	0.472628	0.100000
0.100000	0.473581	0.100000
0.100000	0.471655	0.100000
0.100000	0.469130	0.100000
0.100000	0.465548	0.100000
0.100000	0.460809	0.100000
0.100000	0.453828	0.100000
0.100000	0.444332	0.100000
0.100000	0.433430	0.100000
0.100000	0.421232	0.100000
0.100000	0.412381	0.100000
0.100000	0.404334	0.100000
0.100000	0.389672	0.100000
0.100000	0.371186	0.100000
0.100000	0.356569	0.100000
0.100000	0.351803	0.100000
0.100000	0.356380	0.100000
0.100000	0.361548	0.100000
0.100000	0.364712	0.100000
0.100000	0.368507	0.100000
0.100000	0.374243	0.100000
0.100000	0.383326	0.100000
0.100000	0.393380	0.100000
0.100000	0.405981	0.100000
0.100000	0.415695	0.100000
0.100000	0.419116	0.100000
0.100000	0.416061	0.100000
0.100000	0.407397	0.100000
0.100000	0.396857	0.100000
0.100000	0.387230	0.100000
0.100000	0.379632	0.100000
0.100000	0.375396	0.100000
0.100000	0.371552	0.100000
0.100000	0.369864	0.100000
0.100000	0.372479	0.100000
0.100000	0.375272	0.100000
0.100000	0.376917	0.100000
0.100000	0.379174	0.100000
0.100000	0.381947	0.100000
0.100000	0.384705	0.100000
0.100000	0.386644	0.100000
0.100000	0.385011	0.100000
0.100000	0.379204	0.100000
0.100000	0.370935	0.100000
0.100000	0.359913	0.100000
0.100000	0.341242	0.100000
0.100000	0.308667	0.100000
0.100000	0.270542	0.100000
0.100000	0.232984	0.100000
0.100000	0.190134	0.100000
0.100000	0.139031	0.100000
0.100000	0.099873	0.100000
0.100000	0.099875	0.100000
0.100000	0.099877	0.100000
0.100000	0.099878	0.100000
0.100000	0.099882	0.100000
0.100000	0.099883	0.100000
0.100000	0.099885	0.100000
0.100000	0.099887	0.100000
0.100000	0.099888	0.100000
0.100000	0.099891	0.100000
0.100000	0.099894	0.100000
0.100000	0.099896	0.100000
0.100000	0.099898	0.100000
0.100000	0.099901	0.100000
0.100000	0.099903	0.100000
0.100000	0.099906	0.100000
0.100000	0.099908	0.100000
0.100000	0.099911	0.100000
0.100000	0.099914	0.100000
0.100000	0.099917	0.100000
0.100000	0.099918	0.100000
0.100000	0.099922	0.100000
0.100000	0.099924	0.100000
0.100000	0.099927	0.100000
0.100000	0.099929	0.100000
0.100000	0.099933	0.100000
0.100000	0.099936	0.100000
0.100000	0.099939	0.100000
0.100000	0.099942	0.100000
0.100000	0.099945	0.100000
0.100000	0.099948	0.100000
0.100000	0.099951	0.100000
0.100000	0.099955	0.100000
0.100000	0.099958	0.100000
0.100000	0.099960	0.100000
0.100000	0.099964	0.100000
0.100000	0.099969	0.100000
0.100000	0.099970	0.100000
0.100000	0.099973	0.100000
0.100000	0.099978	0.100000
0.100000	0.099980	0.100000
0.100000	0.099984	0.100000
0.100000	0.099988	0.100000
0.100000	0.099992	0.100000
0.100000	0.099995	0.100000
0.100000	0.099998	0.100000
0.100000	0.100001	0.100000
0.100000	0.100005	0.100000
0.100000	0.100009	0.100000
0.100000	0.100015	0.100000
0.100000	0.100019	0.100000
0.100000	0.100022	0.100000
0.100000	0.100027	0.100000
0.100000	0.100032	0.100000
0.100000	0.100034	0.100000
0.100000	0.100040	0.100000
0.100000	0.100046	0.100000
0.100000	0.100049	0.100000
0.100000	0.100053	0.100000
0.100000	0.100059	0.100000
0.100000	0.100062	0.100000
0.100000	0.100067	0.100000
0.100000	0.100072	0.100000
0.100000	0.100076	0.100000
0.100000	0.100080	0.100000
0.100000	0.100085	0.100000
0.100000	0.100088	0.100000
0.100000	0.100093	0.100000
0.100000	0.100098	0.100000
0.100000	0.100101	0.100000
0.100000	0.100106	0.100000
0.100000	0.100110	0.100000
0.100000	0.100113	0.100000
0.100000	0.100119	0.100000
0.100000	0.100123	0.100000
0.100000	0.100126	0.100000
0.100000	0.100130	0.100000
0.100000	0.100134	0.100000
0.100000	0.100138	0.100000
0.100000	0.100142	0.100000
0.100000	0.100145	0.100000
0.100000	0.100150	0.100000
0.100000	0.100152	0.100000
0.100000	0.100155	0.100000
0.100000	0.100159	0.100000
0.100000	0.100163	0.100000
0.100000	0.100166	0.100000
0.100000	0.100170	0.100000
0.100000	0.100173	0.100000
0.100000	0.100176	0.100000
0.100000	0.100178	0.100000
0.100000	0.100181	0.100000
0.100000	0.100185	0.100000
0.100000	0.100189	0.100000
0.100000	0.100191	0.100000
0.100000	0.100194	0.100000
0.100000	0.100196	0.100000
0.100000	0.100198	0.100000
0.100000	0.100201	0.100000
0.100000	0.100204	0.100000
0.100000	0.100206	0.100000
0.100000	0.100208	0.100000
0.100000	0.100210	0.100000
0.100000	0.100212	0.100000
0.100000	0.100214	0.100000
0.100000	0.100216	0.100000
0.100000	0.100218	0.100000
0.100000	0.100219	0.100000
0.100000	0.100221	0.100000
0.100000	0.100222	0.100000
0.100000	0.100224	0.100000
0.100000	0.100225	0.100000
0.100000	0.100226	0.100000
0.100000	0.100227	0.100000
0.100000	0.100229	0.100000
0.100000	0.100229	0.100000
0.100000	0.100230	0.100000
0.100000	0.100231	0.100000
0.100000	0.100232	0.100000
0.100000	0.100232	0.100000
0.100000	0.100232	0.100000
0.100000	0.100233	0.100000
0.100000	0.100233	0.100000
0.100000	0.100233	0.100000
0.100000	0.100233	0.100000
0.100000	0.100233	0.100000
0.100000	0.100233	0.100000
0.100000	0.100232	0.100000
0.100000	0.100232	0.100000
0.100000	0.100231	0.100000
0.100000	0.100231	0.100000
0.100000	0.100230	0.100000
0.100000	0.100230	0.100000
0.100000	0.100228	0.100000
0.100000	0.100227	0.100000
0.100000	0.100226	0.100000
0.100000	0.100225	0.100000
0.100000	0.100224	0.100000
0.100000	0.100222	0.100000
0.100000	0.100221	0.100000
0.100000	0.100219	0.100000
0.100000	0.100217	0.100000
0.100000	0.100215	0.100000
0.100000	0.100213	0.100000
0.100000	0.100211	0.100000
0.100000	0.100209	0.100000
0.100000	0.100207	0.100000
0.100000	0.100204	0.100000
0.100000	0.100203	0.100000
0.100000	0.100200	0.100000
0.100000	0.100197	0.100000
0.100000	0.100195	0.100000
0.100000	0.100192	0.100000
0.100000	0.100189	0.100000
0.100000	0.100186	0.100000
0.100000	0.100182	0.100000
0.100000	0.100179	0.100000
0.100000	0.100177	0.100000
0.127076	0.100173	0.100000
0.166689	0.100170	0.100000
0.200562	0.100166	0.100000
0.233929	0.100163	0.100000
0.267531	0.100159	0.100000
0.301650	0.100155	0.100000
0.339275	0.100152	0.100000
0.374928	0.100147	0.100000
0.404159	0.100143	0.100000
0.428110	0.100139	0.100000
0.448175	0.100135	0.100000
0.462784	0.100130	0.100000
0.472497	0.100127	0.100000
0.479171	0.100123	0.100000
0.483556	0.100118	0.100000
0.486716	0.100114	0.100000
0.488850	0.100110	0.100000
0.491161	0.100105	0.100000
0.495545	0.100100	0.100000
0.503629	0.100096	0.100000
0.513423	0.100091	0.100000
0.521929	0.100086	0.100000
0.528829	0.100082	0.100000
0.534618	0.100077	0.100000
0.539775	0.100073	0.100000
0.544023	0.100067	0.100000
0.546562	0.100063	0.100000
0.548567	0.100057	0.100000
0.551225	0.100050	0.100000
0.553976	0.100047	0.100000
0.555728	0.100043	0.100000
0.557083	0.100036	0.100000
0.558116	0.100032	0.100000
0.559328	0.100026	0.100000
0.561457	0.100020	0.100000
0.563988	0.100015	0.100000
0.567070	0.100010	0.100000
0.570109	0.100005	0.100000
0.573052	0.100000	0.100000
0.576657	0.099999	0.100000
0.581112	0.099994	0.100000
0.585924	0.099990	0.100000
0.590514	0.099986	0.100000
0.594540	0.099982	0.100000
0.598258	0.099979	0.100000
0.601185	0.099974	0.100000
0.603483	0.099970	0.100000
0.605665	0.099967	0.100000
0.607793	0.099962	0.100000
0.610083	0.099957	0.100000
0.612629	0.099954	0.100000
0.615815	0.099950	0.100000
0.618730	0.099946	0.100000
0.620810	0.099942	0.100000
0.622049	0.099938	0.100000
0.622609	0.099934	0.100000
0.623476	0.099930	0.100000
0.625166	0.099926	0.100000
0.627585	0.099922	0.100000
0.630209	0.099918	0.100000
0.632805	0.099914	0.100000
0.635410	0.099911	0.100000
0.637216	0.099907	0.100000
0.637540	0.099903	0.100000
0.636695	0.099899	0.100000
0.635129	0.099896	0.100000
0.633673	0.099892	0.100000
0.632641	0.099888	0.100000
0.631632	0.099885	0.100000
0.630362	0.099881	0.100000
0.629351	0.099878	0.100000
0.629388	0.099874	0.100000
0.630694	0.099871	0.100000
0.632497	0.099868	0.100000
0.634331	0.099864	0.100000
0.636213	0.099861	0.100000
0.638039	0.099858	0.100000
0.639942	0.099855	0.100000
0.641349	0.099852	0.100000
0.642548	0.099849	0.100000
0.644682	0.099846	0.100000
0.647347	0.099843	0.175661
0.649562	0.099840	0.346467
0.651296	0.099838	0.443658
0.652560	0.099835	0.501991
0.653313	0.099832	0.538129
0.653772	0.099830	0.562610
0.654323	0.164873	0.580799
0.654893	0.229905	0.594535
0.655794	0.281673	0.603971
0.657504	0.322731	0.608347
0.659694	0.356021	0.607625
0.661926	0.381298	0.602413
0.663939	0.399799	0.593660
0.665398	0.414701	0.581285
0.666370	0.428714	0.563954
0.666995	0.438197	0.540120
0.667361	0.439340	0.509905
0.667697	0.433667	0.479985
0.668021	0.425238	0.459959
0.667970	0.417480	0.452318
0.667566	0.416068	0.454997
0.666682	0.420524	0.465364
0.665376	0.424507	0.480293
0.664040	0.425102	0.494954
0.662890	0.422934	0.507676
0.661877	0.420744	0.517695
0.660659	0.418347	0.524257
0.659420	0.417841	0.530579
0.658380	0.421628	0.536282
0.657891	0.425281	0.541119
0.657825	0.426471	0.547467
0.657994	0.424627	0.555984
0.658389	0.417792	0.565655
0.658721	0.404689	0.575265
0.658892	0.386156	0.584970
0.659203	0.366986	0.595563
0.659453	0.354781	0.605638
0.659061	0.357481	0.614512
0.658082	0.368182	0.622890
0.657082	0.375335	0.630856
0.656488	0.380399	0.638928
0.656022	0.382350	0.647520
0.654869	0.383348	0.655951
0.652828	0.383800	0.663716
0.651031	0.385933	0.670735
0.649757	0.392271	0.675000
0.648314	0.402499	0.675000
0.646428	0.417342	0.675000
0.644149	0.432745	0.675000
0.642042	0.444317	0.675000
0.640522	0.453153	0.675000
0.639526	0.461913	0.675000
0.638887	0.469164	0.675000
0.638617	0.472129	0.675000
0.638967	0.471760	0.675000
0.639531	0.468197	0.675000
0.639807	0.462693	0.675000
0.639745	0.455873	0.675000
0.639515	0.444783	0.675000
0.639393	0.427707	0.675000
0.639535	0.404363	0.675000
0.639943	0.375188	0.675000
0.640257	0.343077	0.675000
0.640181	0.310906	0.675000
0.639757	0.282286	0.675000
0.639104	0.261992	0.675000
0.638588	0.247399	0.675000
0.638009	0.230126	0.675000
0.637242	0.205796	0.675000
0.636686	0.177251	0.675000
0.636603	0.137606	0.675000
0.636670	0.099853	0.675000
0.636980	0.099856	0.675000
0.637995	0.099859	0.675000
0.639923	0.099863	0.675000
0.642675	0.099866	0.675000
0.645368	0.099870	0.675000
0.647327	0.099873	0.675000
0.648858	0.099877	0.675000
0.649935	0.099880	0.675000
0.650540	0.099885	0.675000
0.651397	0.099887	0.675000
0.652343	0.099892	0.675000
0.653013	0.099896	0.675000
0.653410	0.099900	0.675000
0.653802	0.099903	0.675000
0.654215	0.099908	0.675000
0.654695	0.099912	0.675000
0.655603	0.099915	0.675000
0.657036	0.099920	0.675000
0.658745	0.099925	0.675000
0.660438	0.099928	0.675000
0.661981	0.099933	0.675000
0.663198	0.099937	0.675000
0.664171	0.099942	0.675000
0.665061	0.099945	0.675000
0.665735	0.099951	0.675000
0.666332	0.099957	0.675000
0.666855	0.099959	0.675000
0.667203	0.099964	0.675000
0.667316	0.099970	0.675000
0.667152	0.099974	0.675000
0.666791	0.099978	0.675000
0.666771	0.099983	0.675000
0.667675	0.099989	0.675000
0.669108	0.099992	0.675000
0.670348	0.099997	0.675000
0.671190	0.100001	0.675000
0.671586	0.100007	0.675000
0.671523	0.100012	0.675000
0.671140	0.100020	0.675000
0.671229	0.100025	0.675000
0.671649	0.100031	0.675000
0.672184	0.100036	0.675000
0.673024	0.100043	0.675000
0.674280	0.100047	0.675000
0.675000	0.100055	0.675000
0.675000	0.100062	0.675000
0.675000	0.100067	0.675000
0.675000	0.100073	0.675000
0.675000	0.100079	0.675000
0.675000	0.100085	0.675000
0.675000	0.100091	0.675000
0.675000	0.100097	0.675000
0.675000	0.100103	0.675000
0.675000	0.100109	0.675000
0.675000	0.100114	0.675000
0.675000	0.100120	0.675000
0.675000	0.100126	0.675000
0.675000	0.100132	0.675000
0.675000	0.100138	0.675000
0.675000	0.100143	0.675000
0.675000	0.100149	0.675000
0.675000	0.100153	0.675000
0.675000	0.100161	0.675000
0.675000	0.100165	0.675000
0.675000	0.100171	0.675000
0.675000	0.100176	0.675000
0.675000	0.100181	0.675000
0.675000	0.100186	0.675000
0.675000	0.100191	0.675000
0.675000	0.100195	0.675000
0.675000	0.100201	0.675000
0.675000	0.100205	0.675000
0.675000	0.100210	0.675000
0.675000	0.100215	0.675000
0.675000	0.100219	0.675000
0.675000	0.100224	0.675000
0.675000	0.100229	0.675000
0.675000	0.100233	0.675000
0.675000	0.100237	0.675000
0.675000	0.100241	0.675000
0.675000	0.100244	0.675000
0.675000	0.100249	0.675000
0.675000	0.100253	0.675000
0.675000	0.100256	0.675000
0.675000	0.100260	0.675000
0.675000	0.100263	0.675000
0.675000	0.100267	0.675000
0.675000	0.100270	0.675000
0.675000	0.100273	0.675000
0.675000	0.100276	0.675000
0.675000	0.100279	0.675000
0.675000	0.100282	0.675000
0.675000	0.100284	0.675000
0.675000	0.100287	0.675000
0.675000	0.100289	0.675000
0.675000	0.100291	0.675000
0.675000	0.100294	0.675000
0.675000	0.100296	0.675000
0.675000	0.100298	0.675000
0.675000	0.100299	0.675000
0.675000	0.100301	0.675000
0.675000	0.100303	0.675000
0.675000	0.100304	0.675000
0.675000	0.100305	0.675000
0.675000	0.100306	0.675000
0.675000	0.100307	0.675000
0.675000	0.100308	0.675000
0.675000	0.100309	0.675000
0.675000	0.100310	0.675000
0.675000	0.100310	0.675000
0.675000	0.100310	0.675000
0.100000	0.100311	0.100000
0.675000	0.100311	0.675000
0.100000	0.100311	0.317316
0.100000	0.100310	0.272247
0.100000	0.100310	0.224373
0.165208	0.100309	0.171524
0.207132	0.100309	0.109224
0.229859	0.100308	0.100000
0.247439	0.100307	0.100000
0.263640	0.100306	0.100000
0.279183	0.100305	0.100000
0.301672	0.100304	0.100000
0.328241	0.100302	0.100000
0.349518	0.100301	0.100000
0.365290	0.100299	0.100000
0.372776	0.100297	0.100000
0.373446	0.100295	0.100000
0.372483	0.100293	0.100000
0.370573	0.100290	0.100000
0.367770	0.100288	0.100000
0.366436	0.100285	0.100000
0.366307	0.100283	0.100000
0.364473	0.100280	0.100000
0.360775	0.100277	0.100000
0.355430	0.100274	0.100000
0.347699	0.100271	0.100000
0.336091	0.100269	0.100000
0.323327	0.100264	0.100000
0.318159	0.100261	0.100000
0.321487	0.100257	0.100000
0.326172	0.100254	0.100000
0.328714	0.100250	0.100000
0.330864	0.100245	0.100000
0.334028	0.100241	0.100000
0.339788	0.100237	0.100000
0.348290	0.100233	0.100000
0.360393	0.100229	0.100000
0.370775	0.100224	0.100000
0.375987	0.100219	0.100000
0.380283	0.100214	0.100000
0.384467	0.100210	0.100000
0.382865	0.100204	0.100000
0.380407	0.100200	0.100000
0.381402	0.100194	0.100000
0.383581	0.100190	0.100000
0.384079	0.100184	0.100000
0.378790	0.100178	0.100000
0.368739	0.100172	0.100000
0.353951	0.100168	0.100000
0.338368	0.100162	0.100000
0.318834	0.100155	0.100000
0.295600	0.100150	0.100000
0.279599	0.100144	0.100000
0.269731	0.100139	0.100000
0.261244	0.100132	0.100000
0.260148	0.100126	0.100000
0.269297	0.100120	0.100000
0.283809	0.100113	0.100000
0.297025	0.100107	0.100000
0.306771	0.100101	0.100000
0.315283	0.100095	0.100000
0.315980	0.100087	0.100000
0.309485	0.100083	0.100000
0.299839	0.100074	0.100000
0.288140	0.100067	0.100000
0.277091	0.100061	0.100000
0.270006	0.100056	0.100000
0.263782	0.100047	0.100000
0.263390	0.100041	0.100000
0.272287	0.100034	0.100000
0.284743	0.100027	0.100000
0.294630	0.100020	0.100000
0.294281	0.100014	0.100000
0.278642	0.100007	0.100000
0.248284	0.100000	0.100000
0.213493	0.099998	0.100000
0.178952	0.099993	0.100000
0.139591	0.099987	0.100000
0.100000	0.099982	0.100000
0.100000	0.099977	0.100000
0.100000	0.099972	0.100000
0.100000	0.099966	0.100000
0.100000	0.099961	0.100000
0.100000	0.099957	0.100000
0.100000	0.099950	0.100000
0.100000	0.099944	0.100000
0.100000	0.099940	0.100000
0.100000	0.099935	0.100000
0.100000	0.099929	0.100000
0.100000	0.099925	0.100000
0.100000	0.099919	0.100000
0.100000	0.099914	0.100000
0.100000	0.099909	0.100000
0.100000	0.099904	0.100000
0.100000	0.099899	0.100000
0.100000	0.099894	0.100000
0.100000	0.099888	0.100000
0.100000	0.099884	0.100000
0.100000	0.099879	0.100000
0.100000	0.099874	0.100000
0.100000	0.099869	0.100000
0.100000	0.099864	0.100000
0.100000	0.099859	0.100000
0.100000	0.099855	0.100000
0.100000	0.099851	0.100000
0.100000	0.099846	0.100000
0.100000	0.099841	0.100000
0.100000	0.099837	0.100000
0.100000	0.099833	0.100000
0.100000	0.099828	0.100000
0.100000	0.099824	0.100000
0.100000	0.099820	0.100000
0.100000	0.099816	0.100000
0.100000	0.099812	0.100000
0.100000	0.099808	0.100000
0.100000	0.099804	0.100000
0.100000	0.099800	0.100000
0.100000	0.099797	0.100000
0.100000	0.099794	0.100000
0.100000	0.099790	0.100000
0.100000	0.099787	0.100000
0.100000	0.099783	0.100000
0.100000	0.099780	0.100000
0.100000	0.099777	0.100000
0.100000	0.099774	0.100000
0.100000	0.099771	0.100000
0.100000	0.099768	0.100000
0.100000	0.099765	0.100000
0.100000	0.099763	0.100000
0.100000	0.099760	0.100000
0.100000	0.099757	0.100000
0.100000	0.099755	0.100000
0.100000	0.099753	0.100000
0.100000	0.099751	0.100000
0.100000	0.099749	0.100000
0.100000	0.099747	0.100000
0.100000	0.099745	0.100000
0.100000	0.099743	0.100000
0.100000	0.099742	0.100000
0.100000	0.099741	0.100000
0.100000	0.099739	0.100000
0.100000	0.099738	0.100000
0.100000	0.099737	0.100000
0.100000	0.099735	0.100000
0.100000	0.099735	0.100000
0.100000	0.099734	0.100000
0.100000	0.099733	0.100000
0.100000	0.099733	0.100000
0.100000	0.099732	0.100000
0.100000	0.099732	0.100000
0.100000	0.099732	0.100000
0.100000	0.099731	0.100000
0.100000	0.099732	0.100000
0.100000	0.099732	0.100000
0.100000	0.099732	0.100000
0.100000	0.099733	0.100000
0.100000	0.099733	0.100000
0.100000	0.099734	0.100000
0.100000	0.099735	0.100000
0.100000	0.099736	0.100000
0.100000	0.099737	0.100000
0.100000	0.099738	0.100000
0.100000	0.099740	0.100000
0.100000	0.099741	0.100000
0.100000	0.099743	0.100000
0.100000	0.099744	0.100000
0.100000	0.099746	0.100000
0.100000	0.099748	0.100000
0.100000	0.099750	0.100000
0.100000	0.099752	0.100000
0.100000	0.099754	0.100000
0.100000	0.099756	0.100000
0.100000	0.099759	0.100000
0.100000	0.099761	0.100000
0.100000	0.099764	0.100000
0.100000	0.099767	0.100000
0.100000	0.099769	0.100000
0.100000	0.099773	0.100000
0.100000	0.099776	0.100000
0.100000	0.099779	0.100000
0.100000	0.099783	0.100000
0.100000	0.099785	0.100000
0.100000	0.099790	0.100000
0.100000	0.099793	0.100000
0.100000	0.099797	0.100000
0.100000	0.099800	0.100000
0.100000	0.099804	0.100000
0.100000	0.099808	0.100000
0.100000	0.099813	0.100000
0.100000	0.099817	0.100000
0.100000	0.099820	0.100000
0.100000	0.099826	0.100000
0.100000	0.099829	0.100000
0.100000	0.099834	0.100000
0.100000	0.099838	0.100000
0.100000	0.099844	0.100000
0.100000	0.099848	0.100000
0.100000	0.099854	0.100000
0.100000	0.099857	0.100000
0.100000	0.099862	0.100000
0.100000	0.099867	0.100000
0.100000	0.099872	0.100000
0.100000	0.099877	0.100000
0.100000	0.099883	0.100000
0.100000	0.099888	0.100000
0.100000	0.099893	0.100000
0.100000	0.099899	0.100000
0.100000	0.099904	0.100000
0.100000	0.099910	0.100000
0.100000	0.099914	0.100000
0.100000	0.099920	0.100000
0.100000	0.099927	0.100000
0.100000	0.099931	0.100000
0.100000	0.099938	0.100000
0.100000	0.099945	0.100000
0.100000	0.099949	0.100000
0.100000	0.099954	0.100000
0.100000	0.099962	0.100000
0.100000	0.099966	0.100000
0.100000	0.099973	0.100000
0.100000	0.099978	0.100000
0.100000	0.099985	0.100000
0.100000	0.099990	0.100000
0.100000	0.099996	0.100000
0.100000	0.100002	0.100000
0.100000	0.100008	0.100000
0.100000	0.100016	0.100000
0.100000	0.100024	0.100000
0.100000	0.100032	0.100000
0.100000	0.100038	0.100000
0.100000	0.100046	0.100000
0.100000	0.100055	0.100000
0.100000	0.100060	0.100000
0.100000	0.100069	0.100000
0.100000	0.100078	0.100000
0.100000	0.100085	0.100000
0.100000	0.100091	0.100000
0.100000	0.100100	0.100000
0.100000	0.100107	0.100000
0.100000	0.100114	0.100000
0.100000	0.100123	0.100000
0.100000	0.100130	0.100000
0.100000	0.100137	0.100000
0.100000	0.100144	0.100000
0.100000	0.100152	0.100000
0.100000	0.100159	0.100000
0.100000	0.100166	0.100000
0.100000	0.100174	0.100000
0.100000	0.100181	0.100000
0.100000	0.100188	0.100000
0.100000	0.100194	0.100000
0.100000	0.100202	0.100000
0.100000	0.100208	0.100000
0.100000	0.100215	0.100000
0.100000	0.100221	0.100000
0.100000	0.100228	0.100000
0.100000	0.100234	0.100000
0.100000	0.100241	0.100000
0.100000	0.100246	0.100000
0.100000	0.100253	0.100000
0.100000	0.100258	0.100000
0.100000	0.100264	0.100000
0.100000	0.100270	0.100000
0.100000	0.100276	0.100000
0.100000	0.100282	0.100000
0.100000	0.100287	0.100000
0.100000	0.100293	0.100000
0.100000	0.100297	0.100000
0.100000	0.100302	0.100000
0.100000	0.100308	0.100000
0.100000	0.100312	0.100000
0.100000	0.100318	0.100000
0.100000	0.100322	0.100000
0.100000	0.100326	0.100000
0.100000	0.100330	0.100000
0.100000	0.100335	0.100000
0.100000	0.100339	0.100000
0.100000	0.100342	0.100000
0.100000	0.100346	0.100000
0.100000	0.100350	0.100000
0.100000	0.100353	0.100000
0.100000	0.100356	0.100000
0.100000	0.100360	0.100000
0.100000	0.100362	0.100000
0.100000	0.100365	0.100000
0.100000	0.100368	0.100000
0.100000	0.100370	0.100000
0.100000	0.100373	0.100000
0.100000	0.100375	0.100000
0.100000	0.100377	0.100000
0.100000	0.100379	0.100000
0.100000	0.100381	0.100000
0.100000	0.100382	0.100000
0.100000	0.100383	0.100000
0.100000	0.100384	0.100000
0.100000	0.100386	0.100000
0.100000	0.100386	0.100000
0.100000	0.100387	0.100000
0.100000	0.100388	0.100000
0.100000	0.100388	0.100000
0.100000	0.100388	0.100000
0.100000	0.100388	0.100000
0.100000	0.100388	0.100000
0.100000	0.100388	0.100000
0.100000	0.100387	0.100000
0.100000	0.100386	0.100000
0.100000	0.100385	0.100000
0.100000	0.100384	0.100000
0.100000	0.100383	0.100000
0.100000	0.100382	0.100000
0.100000	0.100381	0.100000
0.100000	0.100379	0.100000
0.100000	0.100377	0.100000
0.100000	0.100375	0.100000
0.100000	0.100373	0.100000
0.100000	0.100370	0.100000
0.100000	0.100368	0.100000
0.100000	0.100365	0.100000
0.100000	0.100362	0.100000
0.100000	0.100359	0.100000
0.100000	0.100355	0.100000
0.100000	0.100352	0.100000
0.100000	0.100349	0.100000
0.100000	0.100345	0.100000
0.100000	0.100342	0.100000
0.100000	0.100337	0.100000
0.163863	0.100334	0.100000
0.248053	0.100329	0.100000
0.305099	0.100324	0.100000
0.349808	0.100321	0.100000
0.384511	0.100316	0.100000
0.408389	0.100310	0.100000
0.426148	0.100305	0.100000
0.440762	0.100300	0.100000
0.448906	0.100295	0.100000
0.451312	0.100290	0.100000
0.452151	0.100284	0.100000
0.454898	0.100279	0.100000
0.462837	0.100272	0.100000
0.476739	0.100266	0.100000
0.494181	0.100260	0.100000
0.510875	0.100254	0.100000
0.524950	0.100247	0.100000
0.535580	0.100241	0.100000
0.543235	0.100235	0.100000
0.548437	0.100228	0.100000
0.550606	0.100221	0.100000
0.550907	0.100214	0.100000
0.551286	0.100208	0.100000
0.553447	0.100201	0.100000
0.557541	0.100193	0.100000
0.563212	0.100186	0.100000
0.569834	0.100178	0.100000
0.576344	0.100171	0.100000
0.581284	0.100164	0.100000
0.584687	0.100156	0.100000
0.587314	0.100149	0.100000
0.589620	0.100140	0.100000
0.592401	0.100133	0.100000
0.595225	0.100126	0.100000
0.597133	0.100117	0.100000
0.598001	0.100109	0.100000
0.598773	0.100101	0.100000
0.599997	0.100092	0.100000
0.602402	0.100083	0.100000
0.605940	0.100076	0.100000
0.609635	0.100069	0.100000
0.612997	0.100059	0.100000
0.615600	0.100051	0.100000
0.616777	0.100043	0.100000
0.617686	0.100033	0.100000
0.618793	0.100024	0.100000
0.620093	0.100017	0.100000
0.621450	0.100008	0.100000
0.622440	0.100000	0.100000
0.623062	0.099998	0.100000
0.623228	0.099991	0.100000
0.623678	0.099984	0.100000
0.624553	0.099977	0.100000
0.624833	0.099971	0.100000
0.625043	0.099965	0.100000
0.626579	0.099958	0.100000
0.629963	0.099952	0.100000
0.633806	0.099946	0.100000
0.637571	0.099939	0.100000
0.641593	0.099932	0.100000
0.645149	0.099926	0.100000
0.647643	0.099920	0.100000
0.649128	0.099913	0.100000
0.649934	0.099907	0.100000
0.650591	0.099900	0.100000
0.650977	0.099894	0.100000
0.650934	0.099888	0.100000
0.651183	0.099881	0.100000
0.651550	0.099875	0.100000
0.651623	0.099869	0.100000
0.651790	0.099863	0.100000
0.652377	0.099857	0.100000
0.653004	0.099851	0.100000
0.653785	0.099845	0.100000
0.654843	0.099839	0.100000
0.656411	0.099833	0.100000
0.658768	0.099827	0.100000
0.661844	0.099822	0.100000
0.664579	0.099816	0.100000
0.666536	0.099810	0.100000
0.667588	0.099805	0.100000
0.667854	0.099799	0.100000
0.667713	0.099794	0.100000
0.667513	0.099789	0.100000
0.667479	0.099784	0.100000
0.668019	0.099779	0.100000
0.669250	0.099775	0.100000
0.670943	0.099770	0.100000
0.673073	0.099765	0.202590
0.675000	0.099760	0.362391
0.675000	0.099755	0.450957
0.675000	0.099751	0.507602
0.675000	0.099746	0.547126
0.675000	0.099742	0.575215
0.675000	0.099738	0.596214
0.675000	0.099734	0.613300
0.675000	0.099730	0.626332
0.674802	0.099726	0.636412
0.674682	0.099722	0.643458
0.674596	0.099719	0.646983
0.674531	0.099716	0.647354
0.674651	0.099712	0.644748
0.674593	0.099709	0.639215
0.674250	0.099706	0.630566
0.673836	0.099703	0.618518
0.673478	0.099700	0.604012
0.673165	0.099697	0.588313
0.672740	0.099695	0.573696
0.672226	0.099692	0.561482
0.671846	0.099690	0.554246
0.671899	0.099688	0.553859
0.672444	0.099686	0.560165
0.673068	0.099684	0.570435
0.673445	0.099682	0.580183
0.673938	0.099681	0.586915
0.674332	0.099679	0.591347
0.674147	0.099678	0.594029
0.673818	0.099677	0.596016
0.673621	0.099675	0.598179
0.673314	0.099675	0.600957
0.673038	0.099674	0.604039
0.673414	0.099673	0.607758
0.674294	0.099673	0.612361
0.674771	0.099672	0.618086
0.674297	0.099672	0.624930
0.672886	0.099672	0.632230
0.670939	0.099672	0.639438
0.669186	0.099673	0.646088
0.668349	0.099673	0.652324
0.668264	0.099674	0.658268
0.668132	0.099675	0.663880
0.667501	0.099675	0.668801
0.666222	0.099676	0.672949
0.664452	0.099677	0.675000
0.662453	0.099679	0.675000
0.660400	0.099680	0.675000
0.658630	0.099682	0.675000
0.657266	0.099684	0.675000
0.655990	0.099686	0.675000
0.654561	0.099688	0.675000
0.653025	0.099690	0.675000
0.651369	0.114065	0.675000
0.650024	0.157759	0.675000
0.648977	0.187284	0.675000
0.648188	0.209397	0.675000
0.648109	0.220102	0.675000
0.648243	0.223390	0.675000
0.648524	0.229527	0.675000
0.648869	0.242066	0.675000
0.649040	0.256628	0.675000
0.649100	0.263238	0.675000
0.649547	0.254036	0.675000
0.650761	0.231016	0.675000
0.652584	0.199433	0.675000
0.654644	0.162965	0.675000
0.655914	0.127257	0.675000
0.656292	0.099744	0.675000
0.656337	0.099748	0.675000
0.656383	0.099753	0.675000
0.656106	0.099757	0.675000
0.655618	0.099761	0.675000
0.655597	0.099767	0.675000
0.656156	0.099772	0.675000
0.657255	0.099778	0.675000
0.658401	0.099781	0.675000
0.659132	0.099788	0.675000
0.659939	0.099793	0.675000
0.661366	0.099798	0.675000
0.663290	0.099804	0.675000
0.665324	0.099810	0.675000
0.667196	0.099815	0.675000
0.668479	0.099822	0.675000
0.669431	0.099827	0.675000
0.670393	0.099833	0.675000
0.671162	0.099839	0.675000
0.671572	0.099846	0.675000
0.671621	0.099851	0.675000
0.671573	0.099858	0.675000
0.671480	0.099864	0.675000
0.671479	0.099871	0.675000
0.672174	0.099877	0.675000
0.673814	0.099883	0.675000
0.675000	0.099891	0.675000
0.675000	0.099897	0.675000
0.675000	0.099903	0.675000
0.675000	0.099911	0.675000
0.675000	0.099916	0.675000
0.675000	0.099925	0.675000
0.675000	0.099933	0.675000
0.675000	0.099938	0.675000
0.675000	0.099944	0.675000
0.675000	0.099954	0.675000
0.675000	0.099959	0.675000
0.675000	0.099967	0.675000
0.675000	0.099974	0.675000
0.675000	0.099982	0.675000
0.675000	0.099988	0.675000
0.675000	0.099995	0.675000
0.675000	0.100002	0.675000
0.675000	0.100009	0.675000
0.675000	0.100019	0.675000
0.675000	0.100029	0.675000
0.675000	0.100038	0.675000
0.675000	0.100046	0.675000
0.675000	0.100056	0.675000
0.675000	0.100066	0.675000
0.675000	0.100073	0.675000
0.675000	0.100084	0.675000
0.675000	0.100095	0.675000
0.675000	0.100102	0.675000
0.675000	0.100111	0.675000
0.675000	0.100121	0.675000
0.675000	0.100130	0.675000
0.675000	0.100139	0.675000
0.675000	0.100148	0.675000
0.675000	0.100157	0.675000
0.675000	0.100165	0.675000
0.675000	0.100175	0.675000
0.675000	0.100183	0.675000
0.675000	0.100192	0.675000
0.675000	0.100201	0.675000
0.675000	0.100209	0.675000
0.675000	0.100218	0.675000
0.675000	0.100226	0.675000
0.675000	0.100234	0.675000
0.675000	0.100244	0.675000
0.675000	0.100251	0.675000
0.675000	0.100259	0.675000
0.675000	0.100267	0.675000
0.675000	0.100275	0.675000
0.675000	0.100283	0.675000
0.675000	0.100290	0.675000
0.675000	0.100297	0.675000
0.675000	0.100305	0.675000
0.675000	0.100312	0.675000
0.675000	0.100319	0.675000
0.675000	0.100325	0.675000
0.675000	0.100333	0.675000
0.675000	0.100339	0.675000
0.675000	0.100346	0.675000
0.675000	0.100352	0.675000
0.675000	0.100358	0.675000
0.675000	0.100364	0.675000
0.675000	0.100370	0.675000
0.675000	0.100376	0.675000
0.675000	0.100382	0.675000
0.675000	0.100387	0.675000
0.675000	0.100393	0.675000
0.675000	0.100397	0.675000
0.675000	0.100402	0.675000
0.675000	0.100407	0.675000
0.675000	0.100412	0.675000
0.675000	0.100416	0.675000
0.675000	0.100420	0.675000
0.675000	0.100425	0.675000
0.675000	0.100428	0.675000
0.675000	0.100432	0.675000
0.675000	0.100436	0.675000
0.675000	0.100439	0.675000
0.675000	0.100442	0.675000
0.675000	0.100445	0.675000
0.675000	0.100448	0.675000
0.675000	0.100450	0.675000
0.675000	0.100453	0.675000
0.675000	0.100455	0.675000
0.675000	0.100457	0.675000
0.675000	0.100459	0.675000
0.675000	0.100460	0.675000
0.675000	0.100461	0.675000
0.675000	0.100463	0.675000
0.675000	0.100464	0.675000
0.675000	0.100464	0.675000
0.675000	0.100465	0.675000
0.675000	0.100465	0.675000
0.100000	0.100466	0.100000
0.675000	0.100465	0.675000
0.389200	0.100465	0.428778
0.398782	0.100465	0.405026
0.409282	0.100464	0.375896
0.418981	0.100463	0.340470
0.423169	0.100462	0.296421
0.423792	0.100461	0.243157
0.422664	0.100459	0.171230
0.423027	0.100458	0.100000
0.429267	0.100456	0.100000
0.438749	0.100454	0.100000
0.447816	0.100452	0.100000
0.454942	0.100449	0.100000
0.459386	0.100446	0.100000
0.459655	0.100443	0.100000
0.455283	0.100440	0.100000
0.447965	0.100437	0.100000
0.440208	0.100433	0.100000
0.430913	0.100430	0.100000
0.421622	0.100426	0.100000
0.414247	0.100422	0.100000
0.409236	0.100418	0.100000
0.405344	0.100413	0.100000
0.402866	0.100409	0.100000
0.401130	0.100404	0.100000
0.398588	0.100399	0.100000
0.396728	0.100393	0.100000
0.397106	0.100388	0.100000
0.400712	0.100383	0.100000
0.404633	0.100377	0.100000
0.406274	0.100372	0.100000
0.409653	0.100365	0.100000
0.411755	0.100359	0.100000
0.411314	0.100352	0.100000
0.410965	0.100346	0.100000
0.407382	0.100339	0.100000
0.402309	0.100333	0.100000
0.394945	0.100325	0.100000
0.388306	0.100318	0.100000
0.389354	0.100311	0.100000
0.397595	0.100303	0.100000
0.411360	0.100296	0.100000
0.426122	0.100288	0.100000
0.436753	0.100281	0.100000
0.441207	0.100272	0.100000
0.439136	0.100264	0.100000
0.435133	0.100256	0.100000
0.431446	0.100248	0.100000
0.425758	0.100240	0.100000
0.416541	0.100231	0.100000
0.405854	0.100222	0.100000
0.398527	0.100213	0.100000
0.397282	0.100204	0.100000
0.397222	0.100195	0.100000
0.392682	0.100186	0.100000
0.385131	0.100178	0.100000
0.376087	0.100167	0.100000
0.370524	0.100158	0.100000
0.365471	0.100149	0.100000
0.356622	0.100139	0.100000
0.344505	0.100129	0.100000
0.328359	0.100121	0.100000
0.302227	0.100110	0.100000
0.269508	0.100099	0.100000
0.238080	0.100091	0.100000
0.213257	0.100082	0.100000
0.193823	0.100071	0.100000
0.178080	0.100060	0.100000
0.169346	0.100051	0.100000
0.154149	0.100040	0.100000
0.130146	0.100030	0.100000
0.100000	0.100020	0.100000
0.100000	0.100009	0.100000
0.100000	0.100000	0.100000
0.100000	0.099997	0.100000
0.100000	0.099990	0.100000
0.100000	0.099981	0.100000
0.100000	0.099973	0.100000
0.100000	0.099966	0.100000
0.100000	0.099958	0.100000
0.100000	0.099950	0.100000
0.100000	0.099943	0.100000
0.100000	0.099936	0.100000
0.100000	0.099927	0.100000
0.100000	0.099918	0.100000
0.100000	0.099912	0.100000
0.100000	0.099905	0.100000
0.100000	0.099896	0.100000
0.100000	0.099889	0.100000
0.100000	0.099882	0.100000
0.100000	0.099874	0.100000
0.100000	0.099867	0.100000
0.100000	0.099859	0.100000
0.100000	0.099852	0.100000
0.100000	0.099844	0.100000
0.100000	0.099837	0.100000
0.100000	0.099830	0.100000
0.100000	0.099823	0.100000
0.100000	0.099816	0.100000
0.100000	0.099809	0.100000
0.100000	0.099802	0.100000
0.100000	0.099794	0.100000
0.100000	0.099788	0.100000
0.100000	0.099781	0.100000
0.100000	0.099775	0.100000
0.100000	0.099768	0.100000
0.100000	0.099762	0.100000
0.100000	0.099756	0.100000
0.100000	0.099750	0.100000
0.100000	0.099744	0.100000
0.100000	0.099738	0.100000
0.100000	0.099732	0.100000
0.100000	0.099727	0.100000
0.100000	0.099721	0.100000
0.100000	0.099715	0.100000
0.100000	0.099710	0.100000
0.100000	0.099705	0.100000
0.100000	0.099700	0.100000
0.100000	0.099695	0.100000
0.100000	0.099690	0.100000
0.100000	0.099685	0.100000
0.100000	0.099680	0.100000
0.100000	0.099676	0.100000
0.100000	0.099671	0.100000
0.100000	0.099667	0.100000
0.100000	0.099663	0.100000
0.100000	0.099659	0.100000
0.100000	0.099655	0.100000
0.100000	0.099652	0.100000
0.100000	0.099648	0.100000
0.100000	0.099645	0.100000
0.100000	0.099642	0.100000
0.100000	0.099639	0.100000
0.100000	0.099636	0.100000
0.100000	0.099633	0.100000
0.100000	0.099631	0.100000
0.100000	0.099629	0.100000
0.100000	0.099626	0.100000
0.100000	0.099624	0.100000
0.100000	0.099622	0.100000
0.100000	0.099621	0.100000
0.100000	0.099619	0.100000
0.100000	0.099618	0.100000
0.100000	0.099616	0.100000
0.100000	0.099615	0.100000
0.100000	0.099614	0.100000
0.100000	0.099614	0.100000
0.100000	0.099613	0.100000
0.100000	0.099613	0.100000
0.100000	0.099612	0.100000
0.100000	0.099612	0.100000
0.100000	0.099613	0.100000
0.100000	0.099613	0.100000
0.100000	0.099614	0.100000
0.100000	0.099615	0.100000
0.100000	0.099616	0.100000
0.100000	0.099617	0.100000
0.100000	0.099618	0.100000
0.100000	0.099619	0.100000
0.100000	0.099621	0.100000
0.100000	0.099623	0.100000
0.100000	0.099625	0.100000
0.100000	0.099627	0.100000
0.100000	0.099629	0.100000
0.100000	0.099632	0.100000
0.100000	0.099635	0.100000
0.100000	0.099637	0.100000
0.100000	0.099640	0.100000
0.100000	0.099644	0.100000
0.100000	0.099647	0.100000
0.100000	0.099650	0.100000
0.100000	0.099654	0.100000
0.100000	0.099658	0.100000
0.100000	0.099661	0.100000
0.100000	0.099666	0.100000
0.100000	0.099669	0.100000
0.100000	0.099675	0.100000
0.100000	0.099679	0.100000
0.100000	0.099683	0.100000
0.100000	0.099688	0.100000
0.100000	0.099693	0.100000
0.100000	0.099698	0.100000
0.100000	0.099704	0.100000
0.100000	0.099709	0.100000
0.100000	0.099714	0.100000
0.100000	0.099720	0.100000
0.100000	0.099725	0.100000
0.100000	0.099731	0.100000
0.100000	0.099738	0.100000
0.100000	0.099743	0.100000
0.100000	0.099750	0.100000
0.100000	0.099756	0.100000
0.100000	0.099763	0.100000
0.100000	0.099769	0.100000
0.100000	0.099776	0.100000
0.100000	0.099783	0.100000
0.100000	0.099790	0.100000
0.100000	0.099795	0.100000
0.100000	0.099804	0.100000
0.100000	0.099811	0.100000
0.100000	0.099818	0.100000
0.100000	0.099825	0.100000
0.100000	0.099833	0.100000
0.100000	0.099840	0.100000
0.100000	0.099847	0.100000
0.100000	0.099855	0.100000
0.100000	0.099863	0.100000
0.100000	0.099871	0.100000
0.100000	0.099879	0.100000
0.100000	0.099887	0.100000
0.100000	0.099896	0.100000
0.100000	0.099902	0.100000
0.100000	0.099911	0.100000
0.100000	0.099921	0.100000
0.100000	0.099926	0.100000
0.100000	0.099935	0.100000
0.100000	0.099944	0.100000
0.100000	0.099953	0.100000
0.100000	0.099960	0.100000
0.100000	0.099969	0.100000
0.100000	0.099979	0.100000
0.100000	0.099986	0.100000
0.100000	0.099995	0.100000
0.100000	0.100003	0.100000
0.100000	0.100011	0.100000
0.100000	0.100022	0.100000
0.100000	0.100034	0.100000
0.100000	0.100045	0.100000
0.100000	0.100055	0.100000
0.100000	0.100066	0.100000
0.100000	0.100077	0.100000
0.100000	0.100086	0.100000
0.100000	0.100099	0.100000
0.100000	0.100111	0.100000
0.100000	0.100120	0.100000
0.100000	0.100130	0.100000
0.100000	0.100142	0.100000
0.100000	0.100152	0.100000
0.100000	0.100163	0.100000
0.100000	0.100174	0.100000
0.100000	0.100184	0.100000
0.100000	0.100194	0.100000
0.100000	0.100204	0.100000
0.100000	0.100215	0.100000
0.100000	0.100225	0.100000
0.100000	0.100235	0.100000
0.100000	0.100245	0.100000
0.100000	0.100256	0.100000
0.100000	0.100265	0.100000
0.100000	0.100274	0.100000
0.100000	0.100285	0.100000
0.100000	0.100294	0.100000
0.100000	0.100303	0.100000
0.100000	0.100312	0.100000
0.100000	0.100322	0.100000
0.100000	0.100331	0.100000
0.100000	0.100339	0.100000
0.100000	0.100348	0.100000
0.100000	0.100357	0.100000
0.100000	0.100365	0.100000
0.100000	0.100373	0.100000
0.100000	0.100381	0.100000
0.100000	0.100389	0.100000
0.100000	0.100397	0.100000
0.100000	0.100405	0.100000
0.100000	0.100413	0.100000
0.100000	0.100419	0.100000
0.100000	0.100426	0.100000
0.100000	0.100433	0.100000
0.100000	0.100440	0.100000
0.100000	0.100447	0.100000
0.100000	0.100453	0.100000
0.100000	0.100459	0.100000
0.100000	0.100465	0.100000
0.100000	0.100471	0.100000
0.100000	0.100476	0.100000
0.100000	0.100481	0.100000
0.100000	0.100486	0.100000
0.100000	0.100492	0.100000
0.100000	0.100496	0.100000
0.100000	0.100500	0.100000
0.100000	0.100505	0.100000
0.100000	0.100509	0.100000
0.100000	0.100513	0.100000
0.100000	0.100516	0.100000
0.100000	0.100520	0.100000
0.100000	0.100523	0.100000
0.100000	0.100526	0.100000
0.100000	0.100528	0.100000
0.100000	0.100531	0.100000
0.100000	0.100533	0.100000
0.100000	0.100535	0.100000
0.100000	0.100537	0.100000
0.100000	0.100539	0.100000
0.100000	0.100540	0.100000
0.100000	0.100541	0.100000
0.100000	0.100542	0.100000
0.100000	0.100542	0.100000
0.100000	0.100543	0.100000
0.100000	0.100543	0.100000
0.100000	0.100543	0.100000
0.100000	0.100543	0.100000
0.100000	0.100542	0.100000
0.100000	0.100541	0.100000
0.100000	0.100540	0.100000
0.100000	0.100539	0.100000
0.100000	0.100537	0.100000
0.100000	0.100536	0.100000
0.100000	0.100534	0.100000
0.100000	0.100531	0.100000
0.100000	0.100529	0.100000
0.100000	0.100526	0.100000
0.100000	0.100523	0.100000
0.100000	0.100520	0.100000
0.100000	0.100517	0.100000
0.100000	0.100513	0.100000
0.100000	0.100509	0.100000
0.100000	0.100505	0.100000
0.100000	0.100500	0.100000
0.100000	0.100496	0.100000
0.100000	0.100491	0.100000
0.100000	0.100486	0.100000
0.100000	0.100481	0.100000
0.100000	0.100476	0.100000
0.100000	0.100470	0.100000
0.100000	0.100465	0.100000
0.100000	0.100458	0.100000
0.100000	0.100452	0.100000
0.100000	0.100446	0.100000
0.100000	0.100439	0.100000
0.100000	0.100432	0.100000
0.100000	0.100425	0.100000
0.100000	0.100417	0.100000
0.100000	0.100410	0.100000
0.100000	0.100402	0.100000
0.127961	0.100395	0.100000
0.179864	0.100388	0.100000
0.223721	0.100378	0.100000
0.260583	0.100370	0.100000
0.289675	0.100362	0.100000
0.310708	0.100353	0.100000
0.326910	0.100344	0.100000
0.345189	0.100335	0.100000
0.362336	0.100326	0.100000
0.379942	0.100316	0.100000
0.400274	0.100307	0.100000
0.422368	0.100296	0.100000
0.443051	0.100288	0.100000
0.459525	0.100278	0.100000
0.471915	0.100268	0.100000
0.479836	0.100257	0.100000
0.484004	0.100248	0.100000
0.486909	0.100237	0.100000
0.491015	0.100227	0.100000
0.496550	0.100217	0.100000
0.503123	0.100205	0.100000
0.510856	0.100194	0.100000
0.521397	0.100184	0.100000
0.533654	0.100173	0.100000
0.544729	0.100162	0.100000
0.554011	0.100151	0.100000
0.561565	0.100140	0.100000
0.567249	0.100127	0.100000
0.572140	0.100115	0.100000
0.576721	0.100105	0.100000
0.580926	0.100095	0.100000
0.584460	0.100082	0.100000
0.586889	0.100071	0.100000
0.588333	0.100059	0.100000
0.589552	0.100046	0.100000
0.590950	0.100034	0.100000
0.592644	0.100023	0.100000
0.595346	0.100011	0.100000
0.598001	0.100000	0.100000
0.599042	0.099997	0.100000
0.598442	0.099988	0.100000
0.596905	0.099978	0.100000
0.594784	0.099969	0.100000
0.592645	0.099961	0.100000
0.590869	0.099952	0.100000
0.589523	0.099943	0.100000
0.589066	0.099934	0.100000
0.589905	0.099925	0.100000
0.592228	0.099916	0.100000
0.595443	0.099906	0.100000
0.598016	0.099898	0.100000
0.599092	0.099889	0.100000
0.599692	0.099880	0.100000
0.600326	0.099871	0.100000
0.600759	0.099863	0.100000
0.602127	0.099854	0.100000
0.604517	0.099845	0.100000
0.606809	0.099837	0.100000
0.608527	0.099828	0.100000
0.609980	0.099820	0.100000
0.611516	0.099811	0.100000
0.613281	0.099803	0.100000
0.615456	0.099795	0.100000
0.618138	0.099787	0.100000
0.621343	0.099779	0.100000
0.624336	0.099771	0.100000
0.626477	0.099762	0.100000
0.628634	0.099755	0.100000
0.631124	0.099747	0.100000
0.633273	0.099740	0.100000
0.635011	0.099732	0.100000
0.636216	0.099725	0.100000
0.637426	0.099718	0.100000
0.639567	0.099711	0.100000
0.642729	0.099704	0.100000
0.646617	0.099697	0.100000
0.650828	0.099690	0.100000
0.654413	0.099684	0.100000
0.657015	0.099677	0.100000
0.658853	0.099671	0.102697
0.660005	0.099664	0.301687
0.660534	0.099658	0.408191
0.661000	0.099653	0.472552
0.662063	0.099647	0.515585
0.663307	0.099641	0.546661
0.664261	0.099636	0.569818
0.665123	0.099631	0.586705
0.665966	0.099625	0.599210
0.666489	0.099620	0.606553
0.666456	0.099616	0.608542
0.666117	0.099611	0.605435
0.665761	0.099606	0.597267
0.665627	0.099602	0.584121
0.665979	0.099598	0.565944
0.666481	0.099594	0.539588
0.666732	0.099590	0.505651
0.666617	0.099586	0.468730
0.666161	0.099583	0.433624
0.665686	0.099580	0.405407
0.664798	0.099577	0.389012
0.663388	0.099574	0.387633
0.661790	0.099571	0.399258
0.660159	0.099569	0.417376
0.659046	0.099566	0.437596
0.658732	0.099564	0.454911
0.658642	0.099562	0.467890
0.658029	0.099560	0.478242
0.657149	0.099559	0.488677
0.656394	0.099557	0.497053
0.655541	0.099556	0.504282
0.654409	0.099555	0.514768
0.652959	0.099554	0.529714
0.650866	0.099554	0.545933
0.648370	0.099553	0.560151
0.646092	0.099553	0.572453
0.644306	0.099553	0.583683
0.642675	0.099553	0.594824
0.641270	0.099554	0.605237
0.639612	0.099555	0.614026
0.637856	0.099556	0.621504
0.636027	0.099557	0.628250
0.633742	0.099558	0.634637
0.631341	0.099560	0.640842
0.629442	0.099561	0.647433
0.628467	0.099563	0.654740
0.628327	0.099565	0.662520
0.628598	0.099568	0.670123
0.628955	0.099570	0.675000
0.629499	0.099573	0.675000
0.629942	0.099576	0.675000
0.630148	0.099579	0.675000
0.630561	0.099582	0.675000
0.631123	0.099585	0.675000
0.631105	0.099589	0.675000
0.630268	0.099593	0.675000
0.629036	0.099597	0.675000
0.628524	0.099601	0.675000
0.629134	0.099605	0.675000
0.630239	0.099610	0.675000
0.631253	0.099615	0.675000
0.631653	0.099619	0.675000
0.630518	0.099626	0.675000
0.628703	0.099630	0.675000
0.626994	0.099634	0.675000
0.625892	0.099641	0.675000
0.625721	0.099646	0.675000
0.626734	0.099653	0.675000
0.628374	0.099658	0.675000
0.629593	0.099665	0.675000
0.629765	0.099670	0.675000
0.629016	0.099677	0.675000
0.627985	0.099684	0.675000
0.627004	0.099691	0.675000
0.626000	0.099698	0.675000
0.625188	0.099704	0.675000
0.624796	0.099713	0.675000
0.624960	0.099719	0.675000
0.625569	0.099727	0.675000
0.626557	0.099735	0.675000
0.627756	0.099743	0.675000
0.628937	0.099750	0.675000
0.629810	0.099758	0.675000
0.630265	0.099765	0.675000
0.630719	0.099774	0.675000
0.630890	0.099783	0.675000
0.630798	0.099790	0.675000
0.631019	0.099799	0.675000
0.631938	0.099808	0.675000
0.632900	0.099816	0.675000
0.633839	0.099825	0.675000
0.635006	0.099833	0.675000
0.635841	0.099843	0.675000
0.636183	0.099852	0.675000
0.636276	0.099861	0.675000
0.636407	0.099870	0.675000
0.636666	0.099879	0.675000
0.636690	0.099888	0.675000
0.636627	0.099898	0.675000
0.636709	0.099909	0.675000
0.636832	0.099916	0.675000
0.637174	0.099925	0.675000
0.637551	0.099936	0.675000
0.638180	0.099945	0.675000
0.639269	0.099954	0.675000
0.640237	0.099965	0.675000
0.640841	0.099976	0.675000
0.641312	0.099984	0.675000
0.641659	0.099994	0.675000
0.641664	0.100003	0.675000
0.641846	0.100013	0.675000
0.642385	0.100025	0.675000
0.643233	0.100039	0.675000
0.644416	0.100051	0.675000
0.645030	0.100063	0.675000
0.644865	0.100075	0.675000
0.644221	0.100088	0.675000
0.643672	0.100099	0.675000
0.643753	0.100112	0.675000
0.644586	0.100127	0.675000
0.646120	0.100138	0.675000
0.648325	0.100150	0.675000
0.651037	0.100163	0.675000
0.653835	0.100175	0.675000
0.656498	0.100187	0.675000
0.658315	0.100199	0.675000
0.659588	0.100211	0.675000
0.660769	0.100223	0.675000
0.661969	0.100234	0.675000
0.663451	0.100246	0.675000
0.665186	0.100258	0.675000
0.666939	0.100270	0.675000
0.668480	0.100282	0.675000
0.669784	0.100293	0.675000
0.670672	0.100304	0.675000
0.671646	0.100314	0.675000
0.673434	0.100327	0.675000
0.675000	0.100337	0.675000
0.675000	0.100348	0.675000
0.675000	0.100358	0.675000
0.675000	0.100369	0.675000
0.675000	0.100379	0.675000
0.675000	0.100389	0.675000
0.675000	0.100399	0.675000
0.675000	0.100409	0.675000
0.675000	0.100418	0.675000
0.675000	0.100427	0.675000
0.675000	0.100437	0.675000
0.675000	0.100445	0.675000
0.675000	0.100454	0.675000
0.675000	0.100464	0.675000
0.675000	0.100472	0.675000
0.675000	0.100479	0.675000
0.675000	0.100488	0.675000
0.675000	0.100495	0.675000
0.675000	0.100504	0.675000
0.675000	0.100511	0.675000
0.675000	0.100518	0.675000
0.675000	0.100525	0.675000
0.675000	0.100532	0.675000
0.675000	0.100538	0.675000
0.675000	0.100544	0.675000
0.675000	0.100551	0.675000
0.675000	0.100556	0.675000
0.675000	0.100562	0.675000
0.675000	0.100568	0.675000
0.675000	0.100573	0.675000
0.675000	0.100577	0.675000
0.675000	0.100582	0.675000
0.675000	0.100586	0.675000
0.675000	0.100590	0.675000
0.675000	0.100595	0.675000
0.675000	0.100598	0.675000
0.675000	0.100601	0.675000
0.675000	0.100604	0.675000
0.675000	0.100607	0.675000
0.675000	0.100610	0.675000
0.675000	0.100612	0.675000
0.675000	0.100614	0.675000
0.675000	0.100616	0.675000
0.675000	0.100617	0.675000
0.675000	0.100618	0.675000
0.675000	0.100619	0.675000
0.675000	0.100620	0.675000
0.675000	0.100620	0.675000
0.100000	0.100620	0.100000
0.675000	0.100620	0.675000
0.362329	0.100620	0.384628
0.359635	0.100619	0.363930
0.352489	0.100618	0.343480
0.344318	0.100617	0.324706
0.338072	0.100615	0.306957
0.333123	0.100614	0.282535
0.325402	0.100612	0.245522
0.317034	0.100609	0.184778
0.314118	0.100607	0.100000
0.322487	0.100604	0.100000
0.334423	0.100601	0.100000
0.343745	0.100597	0.100000
0.353834	0.100594	0.100000
0.364576	0.100590	0.100000
0.372947	0.100585	0.100000
0.384230	0.100581	0.100000
0.401437	0.100576	0.100000
0.418587	0.100571	0.100000
0.430884	0.100566	0.100000
0.438017	0.100561	0.100000
0.441431	0.100555	0.100000
0.442759	0.100549	0.100000
0.442143	0.100543	0.100000
0.441562	0.100536	0.100000
0.440985	0.100530	0.100000
0.438498	0.100522	0.100000
0.435850	0.100516	0.100000
0.431776	0.100508	0.100000
0.425976	0.100501	0.100000
0.422152	0.100493	0.100000
0.422740	0.100484	0.100000
0.423164	0.100476	0.100000
0.422763	0.100467	0.100000
0.426163	0.100459	0.100000
0.434579	0.100451	0.100000
0.442953	0.100441	0.100000
0.448520	0.100431	0.100000
0.452770	0.100422	0.100000
0.453608	0.100413	0.100000
0.451709	0.100402	0.100000
0.449228	0.100392	0.100000
0.448149	0.100382	0.100000
0.450182	0.100372	0.100000
0.453795	0.100361	0.100000
0.455278	0.100349	0.100000
0.454279	0.100338	0.100000
0.450468	0.100328	0.100000
0.442201	0.100317	0.100000
0.432453	0.100305	0.100000
0.424433	0.100294	0.100000
0.417145	0.100283	0.100000
0.410965	0.100270	0.100000
0.405023	0.100258	0.100000
0.395379	0.100246	0.100000
0.380166	0.100234	0.100000
0.360834	0.100221	0.100000
0.337322	0.100209	0.100000
0.310364	0.100197	0.100000
0.284036	0.100184	0.100000
0.259028	0.100171	0.100000
0.233402	0.100160	0.100000
0.201561	0.100145	0.100000
0.168634	0.100131	0.100000
0.127369	0.100120	0.100000
0.100000	0.100108	0.100000
0.100000	0.100093	0.100000
0.100000	0.100080	0.100000
0.100000	0.100067	0.100000
0.100000	0.100053	0.100000
0.100000	0.100039	0.100000
0.100000	0.100027	0.100000
0.100000	0.100013	0.100000
0.100000	0.100000	0.100000
0.100000	0.099996	0.100000
0.100000	0.099986	0.100000
0.100000	0.099976	0.100000
0.100000	0.099965	0.100000
0.100000	0.099955	0.100000
0.100000	0.099945	0.100000
0.100000	0.099935	0.100000
0.100000	0.099925	0.100000
0.100000	0.099915	0.100000
0.100000	0.099904	0.100000
0.100000	0.099893	0.100000
0.100000	0.099884	0.100000
0.100000	0.099874	0.100000
0.100000	0.099864	0.100000
0.100000	0.099854	0.100000
0.100000	0.099844	0.100000
0.100000	0.099834	0.100000
0.100000	0.099824	0.100000
0.100000	0.099814	0.100000
0.100000	0.099805	0.100000
0.100000	0.099795	0.100000
0.100000	0.099785	0.100000
0.100000	0.099776	0.100000
0.100000	0.099767	0.100000
0.100000	0.099758	0.100000
0.100000	0.099748	0.100000
0.100000	0.099739	0.100000
0.100000	0.099730	0.100000
0.100000	0.099721	0.100000
0.100000	0.099713	0.100000
0.100000	0.099704	0.100000
0.100000	0.099696	0.100000
0.100000	0.099687	0.100000
0.100000	0.099679	0.100000
0.100000	0.099671	0.100000
0.100000	0.099663	0.100000
0.100000	0.099656	0.100000
0.100000	0.099648	0.100000
0.100000	0.099641	0.100000
0.100000	0.099633	0.100000
0.100000	0.099626	0.100000
0.100000	0.099619	0.100000
0.100000	0.099612	0.100000
0.100000	0.099606	0.100000
0.100000	0.099599	0.100000
0.100000	0.099593	0.100000
0.100000	0.099587	0.100000
0.100000	0.099581	0.100000
0.100000	0.099575	0.100000
0.100000	0.099569	0.100000
0.100000	0.099564	0.100000
0.100000	0.099559	0.100000
0.100000	0.099554	0.100000
0.100000	0.099549	0.100000
0.100000	0.099544	0.100000
0.100000	0.099539	0.100000
0.100000	0.099535	0.100000
0.100000	0.099531	0.100000
0.100000	0.099527	0.100000
0.100000	0.099523	0.100000
0.100000	0.099520	0.100000
0.100000	0.099517	0.100000
0.100000	0.099514	0.100000
0.100000	0.099511	0.100000
0.100000	0.099508	0.100000
0.100000	0.099506	0.100000
0.100000	0.099504	0.100000
0.100000	0.099502	0.100000
0.100000	0.099500	0.100000
0.100000	0.099498	0.100000
0.100000	0.099497	0.100000
0.100000	0.099496	0.100000
0.100000	0.099495	0.100000
0.100000	0.099494	0.100000
0.100000	0.099494	0.100000
0.100000	0.099494	0.100000
0.100000	0.099494	0.100000
0.100000	0.099494	0.100000
0.100000	0.099495	0.100000
0.100000	0.099495	0.100000
0.100000	0.099497	0.100000
0.100000	0.099498	0.100000
0.100000	0.099500	0.100000
0.100000	0.099501	0.100000
0.100000	0.099503	0.100000
0.100000	0.099505	0.100000
0.100000	0.099508	0.100000
0.100000	0.099510	0.100000
0.100000	0.099513	0.100000
0.100000	0.099517	0.100000
0.100000	0.099520	0.100000
0.100000	0.099524	0.100000
0.100000	0.099527	0.100000
0.100000	0.099531	0.100000
0.100000	0.099535	0.100000
0.100000	0.099540	0.100000
0.100000	0.099544	0.100000
0.100000	0.099549	0.100000
0.100000	0.099554	0.100000
0.100000	0.099559	0.100000
0.100000	0.099564	0.100000
0.100000	0.099569	0.100000
0.100000	0.099576	0.100000
0.100000	0.099581	0.100000
0.100000	0.099587	0.100000
0.100000	0.099594	0.100000
0.100000	0.099600	0.100000
0.100000	0.099607	0.100000
0.100000	0.099614	0.100000
0.100000	0.099621	0.100000
0.100000	0.099627	0.100000
0.100000	0.099635	0.100000
0.100000	0.099643	0.100000
0.100000	0.099651	0.100000
0.100000	0.099658	0.100000
0.100000	0.099666	0.100000
0.100000	0.099675	0.100000
0.100000	0.099683	0.100000
0.100000	0.099691	0.100000
0.100000	0.099700	0.100000
0.100000	0.099709	0.100000
0.100000	0.099717	0.100000
0.100000	0.099728	0.100000
0.100000	0.099735	0.100000
0.100000	0.099744	0.100000
0.100000	0.099755	0.100000
0.100000	0.099764	0.100000
0.100000	0.099773	0.100000
0.100000	0.099782	0.100000
0.100000	0.099793	0.100000
0.100000	0.099803	0.100000
0.100000	0.099813	0.100000
0.100000	0.099823	0.100000
0.100000	0.099833	0.100000
0.100000	0.099843	0.100000
0.100000	0.099853	0.100000
0.100000	0.099864	0.100000
0.100000	0.099873	0.100000
0.100000	0.099885	0.100000
0.100000	0.099897	0.100000
0.100000	0.099905	0.100000
0.100000	0.099915	0.100000
0.100000	0.099928	0.100000
0.100000	0.099939	0.100000
0.100000	0.099949	0.100000
0.100000	0.099960	0.100000
0.100000	0.099972	0.100000
0.100000	0.099982	0.100000
0.100000	0.099993	0.100000
0.100000	0.100004	0.100000
0.100000	0.100015	0.100000
0.100000	0.100029	0.100000
0.100000	0.100044	0.100000
0.100000	0.100058	0.100000
0.100000	0.100071	0.100000
0.100000	0.100086	0.100000
0.100000	0.100099	0.100000
0.100000	0.100112	0.100000
0.100000	0.100127	0.100000
0.100000	0.100143	0.100000
0.100000	0.100156	0.100000
0.100000	0.100168	0.100000
0.100000	0.100184	0.100000
0.100000	0.100197	0.100000
0.100000	0.100211	0.100000
0.100000	0.100225	0.100000
0.100000	0.100238	0.100000
0.100000	0.100251	0.100000
0.100000	0.100265	0.100000
0.100000	0.100278	0.100000
0.100000	0.100291	0.100000
0.100000	0.100304	0.100000
0.100000	0.100317	0.100000
0.100000	0.100330	0.100000
0.100000	0.100342	0.100000
0.100000	0.100355	0.100000
0.100000	0.100368	0.100000
0.100000	0.100380	0.100000
0.100000	0.100392	0.100000
0.100000	0.100403	0.100000
0.100000	0.100415	0.100000
0.100000	0.100427	0.100000
0.100000	0.100439	0.100000
0.100000	0.100449	0.100000
0.100000	0.100461	0.100000
0.100000	0.100471	0.100000
0.100000	0.100481	0.100000
0.100000	0.100492	0.100000
0.100000	0.100502	0.100000
0.100000	0.100512	0.100000
0.100000	0.100522	0.100000
0.100000	0.100531	0.100000
0.100000	0.100541	0.100000
0.100000	0.100549	0.100000
0.100000	0.100558	0.100000
0.100000	0.100568	0.100000
0.100000	0.100576	0.100000
0.100000	0.100583	0.100000
0.100000	0.100592	0.100000
0.100000	0.100599	0.100000
0.100000	0.100606	0.100000
0.100000	0.100613	0.100000
0.100000	0.100620	0.100000
0.100000	0.100627	0.100000
0.100000	0.100633	0.100000
0.100000	0.100639	0.100000
0.100000	0.100645	0.100000
0.100000	0.100650	0.100000
0.100000	0.100655	0.100000
0.100000	0.100660	0.100000
0.100000	0.100665	0.100000
0.100000	0.100669	0.100000
0.100000	0.100673	0.100000
0.100000	0.100676	0.100000
0.100000	0.100680	0.100000
0.100000	0.100683	0.100000
0.100000	0.100686	0.100000
0.100000	0.100689	0.100000
0.100000	0.100691	0.100000
0.100000	0.100693	0.100000
0.100000	0.100694	0.100000
0.100000	0.100696	0.100000
0.100000	0.100697	0.100000
0.100000	0.100697	0.100000
0.100000	0.100698	0.100000
0.100000	0.100698	0.100000
0.100000	0.100698	0.100000
0.100000	0.100697	0.100000
0.100000	0.100696	0.100000
0.100000	0.100695	0.100000
0.100000	0.100694	0.100000
0.100000	0.100692	0.100000
0.100000	0.100690	0.100000
0.100000	0.100688	0.100000
0.100000	0.100685	0.100000
0.100000	0.100682	0.100000
0.100000	0.100679	0.100000
0.100000	0.100675	0.100000
0.100000	0.100672	0.100000
0.100000	0.100667	0.100000
0.100000	0.100663	0.100000
0.100000	0.100658	0.100000
0.100000	0.100653	0.100000
0.100000	0.100648	0.100000
0.100000	0.100642	0.100000
0.100000	0.100636	0.100000
0.100000	0.100630	0.100000
0.100000	0.100624	0.100000
0.100000	0.100617	0.100000
0.100000	0.100610	0.100000
0.100000	0.100602	0.100000
0.100000	0.100595	0.100000
0.100000	0.100587	0.100000
0.100000	0.100579	0.100000
0.100000	0.100571	0.100000
0.100000	0.100562	0.100000
0.100000	0.100554	0.100000
0.100000	0.100543	0.100000
0.100000	0.100534	0.100000
0.100000	0.100525	0.100000
0.100000	0.100516	0.100000
0.100000	0.100505	0.100000
0.100000	0.100495	0.100000
0.100000	0.100485	0.100000
0.100000	0.100474	0.100000
0.136183	0.100464	0.100000
0.166758	0.100452	0.100000
0.191681	0.100440	0.100000
0.215826	0.100428	0.100000
0.229517	0.100417	0.100000
0.241608	0.100405	0.100000
0.258186	0.100393	0.100000
0.281094	0.100380	0.100000
0.306873	0.100369	0.100000
0.325645	0.100356	0.100000
0.334657	0.100342	0.100000
0.346384	0.100330	0.100000
0.362089	0.100317	0.100000
0.379047	0.100303	0.100000
0.398652	0.100290	0.100000
0.419688	0.100277	0.100000
0.438054	0.100263	0.100000
0.451375	0.100249	0.100000
0.460573	0.100235	0.100000
0.467259	0.100221	0.100000
0.469645	0.100206	0.100000
0.468598	0.100191	0.100000
0.468658	0.100178	0.100000
0.471234	0.100164	0.100000
0.476193	0.100147	0.100000
0.484082	0.100135	0.100000
0.493164	0.100121	0.100000
0.502579	0.100104	0.100000
0.510277	0.100090	0.100000
0.515932	0.100075	0.100000
0.521491	0.100060	0.100000
0.527627	0.100044	0.100000
0.533962	0.100030	0.100000
0.538679	0.100015	0.100000
0.541374	0.100000	0.100000
0.543199	0.099996	0.100000
0.544458	0.099984	0.100000
0.546366	0.099972	0.100000
0.549827	0.099961	0.100000
0.553327	0.099950	0.100000
0.555919	0.099938	0.100000
0.557311	0.099927	0.100000
0.558298	0.099916	0.100000
0.560417	0.099904	0.100000
0.563426	0.099892	0.100000
0.566450	0.099880	0.100000
0.569103	0.099870	0.100000
0.571410	0.099859	0.100000
0.573465	0.099847	0.100000
0.575638	0.099836	0.100000
0.579029	0.099825	0.100000
0.583578	0.099814	0.100000
0.587652	0.099803	0.100000
0.591467	0.099792	0.100000
0.595137	0.099781	0.100000
0.598614	0.099771	0.100000
0.602012	0.099760	0.100000
0.605369	0.099749	0.100000
0.607752	0.099739	0.100000
0.608647	0.099729	0.100000
0.608914	0.099719	0.100000
0.608871	0.099708	0.100000
0.608636	0.099698	0.100000
0.608021	0.099688	0.100000
0.606802	0.099678	0.100000
0.605361	0.099669	0.100000
0.605495	0.099660	0.100000
0.608125	0.099650	0.100000
0.613011	0.099641	0.100000
0.618937	0.099632	0.100000
0.624862	0.099623	0.100000
0.630297	0.099615	0.100000
0.634828	0.099607	0.100000
0.638605	0.099598	0.100000
0.642007	0.099590	0.100000
0.644522	0.099582	0.219965
0.645596	0.099573	0.369638
0.646031	0.099566	0.454173
0.646474	0.099559	0.508512
0.647083	0.099552	0.546913
0.648032	0.099545	0.574880
0.648466	0.099537	0.595011
0.648468	0.099531	0.609405
0.648956	0.099524	0.617915
0.649851	0.099518	0.620917
0.650834	0.099512	0.618726
0.652157	0.099506	0.612000
0.653958	0.099501	0.601331
0.656026	0.099495	0.586906
0.658227	0.099490	0.569591
0.660101	0.099485	0.548489
0.660987	0.099480	0.525356
0.661119	0.099476	0.502170
0.660955	0.099471	0.482731
0.660748	0.099467	0.473707
0.660900	0.099463	0.477499
0.661059	0.099460	0.490659
0.660493	0.099456	0.507759
0.659213	0.099453	0.523901
0.657298	0.099450	0.536069
0.655340	0.099448	0.544167
0.654163	0.099445	0.549488
0.653916	0.099443	0.553362
0.653969	0.099441	0.557601
0.653683	0.099439	0.562516
0.652636	0.099438	0.567259
0.650891	0.099437	0.571721
0.648805	0.099436	0.575653
0.646827	0.099435	0.579734
0.645039	0.099434	0.584360
0.643102	0.099434	0.589837
0.641241	0.099434	0.595918
0.639999	0.099435	0.601934
0.639099	0.099436	0.607872
0.637827	0.099436	0.613893
0.635847	0.099438	0.620053
0.633050	0.099439	0.626166
0.629616	0.099441	0.632174
0.626504	0.099443	0.638284
0.623871	0.099445	0.644960
0.621959	0.099448	0.652419
0.620711	0.099450	0.660267
0.619887	0.099454	0.668226
0.618836	0.099456	0.675000
0.617261	0.099460	0.675000
0.615727	0.099464	0.675000
0.614672	0.099468	0.675000
0.615144	0.099472	0.675000
0.616708	0.099476	0.675000
0.617959	0.099481	0.675000
0.618296	0.099486	0.675000
0.618094	0.099491	0.675000
0.618543	0.099496	0.675000
0.619859	0.099502	0.675000
0.621311	0.099507	0.675000
0.622714	0.099514	0.675000
0.624204	0.099519	0.675000
0.625120	0.099526	0.675000
0.625408	0.099532	0.675000
0.625276	0.099539	0.675000
0.625118	0.099546	0.675000
0.624698	0.099553	0.675000
0.623738	0.099561	0.675000
0.622499	0.099569	0.675000
0.621208	0.099577	0.675000
0.619221	0.099585	0.675000
0.617196	0.099593	0.675000
0.615950	0.099601	0.675000
0.615180	0.099610	0.675000
0.615288	0.099619	0.675000
0.615663	0.099627	0.675000
0.615837	0.099637	0.675000
0.616045	0.099646	0.675000
0.616367	0.099655	0.675000
0.616840	0.099665	0.675000
0.617204	0.099675	0.675000
0.616961	0.099685	0.675000
0.616012	0.099696	0.675000
0.614330	0.099704	0.675000
0.612202	0.099715	0.675000
0.610820	0.099726	0.675000
0.611226	0.099736	0.675000
0.613378	0.099747	0.675000
0.615861	0.099758	0.675000
0.617787	0.099768	0.675000
0.619460	0.099779	0.675000
0.621322	0.099791	0.675000
0.623357	0.099802	0.675000
0.624997	0.099814	0.675000
0.626505	0.099824	0.675000
0.627480	0.099837	0.675000
0.627885	0.099848	0.675000
0.628697	0.099858	0.675000
0.630374	0.099872	0.675000
0.632697	0.099885	0.675000
0.635194	0.099894	0.675000
0.637608	0.099906	0.675000
0.639908	0.099920	0.675000
0.642070	0.099931	0.675000
0.644015	0.099943	0.675000
0.645567	0.099955	0.675000
0.646652	0.099969	0.675000
0.647403	0.099979	0.675000
0.648280	0.099992	0.675000
0.649553	0.100004	0.675000
0.651155	0.100016	0.675000
0.653175	0.100032	0.675000
0.655499	0.100048	0.675000
0.657595	0.100064	0.675000
0.659062	0.100079	0.675000
0.660323	0.100095	0.675000
0.661433	0.100112	0.675000
0.662046	0.100126	0.675000
0.662265	0.100141	0.675000
0.662416	0.100159	0.675000
0.662449	0.100174	0.675000
0.662443	0.100188	0.675000
0.662501	0.100204	0.675000
0.663081	0.100219	0.675000
0.664329	0.100234	0.675000
0.665322	0.100250	0.675000
0.665845	0.100265	0.675000
0.666286	0.100280	0.675000
0.666876	0.100295	0.675000
0.668025	0.100309	0.675000
0.669560	0.100324	0.675000
0.671046	0.100338	0.675000
0.672418	0.100353	0.675000
0.673924	0.100368	0.675000
0.675000	0.100381	0.675000
0.675000	0.100395	0.675000
0.675000	0.100410	0.675000
0.675000	0.100423	0.675000
0.675000	0.100436	0.675000
0.675000	0.100449	0.675000
0.675000	0.100463	0.675000
0.675000	0.100475	0.675000
0.675000	0.100488	0.675000
0.675000	0.100500	0.675000
0.675000	0.100513	0.675000
0.675000	0.100524	0.675000
0.675000	0.100535	0.675000
0.675000	0.100547	0.675000
0.675000	0.100558	0.675000
0.675000	0.100570	0.675000
0.675000	0.100581	0.675000
0.675000	0.100592	0.675000
0.675000	0.100601	0.675000
0.675000	0.100611	0.675000
0.675000	0.100621	0.675000
0.675000	0.100631	0.675000
0.675000	0.100640	0.675000
0.675000	0.100648	0.675000
0.675000	0.100658	0.675000
0.675000	0.100666	0.675000
0.675000	0.100674	0.675000
0.675000	0.100682	0.675000
0.675000	0.100690	0.675000
0.675000	0.100697	0.675000
0.675000	0.100704	0.675000
0.675000	0.100711	0.675000
0.675000	0.100717	0.675000
0.675000	0.100723	0.675000
0.675000	0.100728	0.675000
0.675000	0.100734	0.675000
0.675000	0.100739	0.675000
0.675000	0.100743	0.675000
0.675000	0.100748	0.675000
0.675000	0.100752	0.675000
0.675000	0.100756	0.675000
0.675000	0.100759	0.675000
0.675000	0.100763	0.675000
0.675000	0.100765	0.675000
0.675000	0.100768	0.675000
0.675000	0.100770	0.675000
0.675000	0.100772	0.675000
0.675000	0.100773	0.675000
0.675000	0.100774	0.675000
0.675000	0.100775	0.675000
0.675000	0.100775	0.675000
0.100000	0.100775	0.100000
0.675000	0.100775	0.675000
0.438690	0.100774	0.365626
0.434274	0.100774	0.318780
0.431621	0.100772	0.271805
0.431499	0.100771	0.228119
0.433085	0.100769	0.192160
0.436957	0.100766	0.167921
0.442337	0.100764	0.133596
0.446949	0.100761	0.100000
0.450211	0.100758	0.100000
0.453340	0.100754	0.100000
0.457258	0.100750	0.100000
0.458798	0.100746	0.100000
0.455833	0.100741	0.100000
0.453313	0.100736	0.100000
0.450807	0.100730	0.100000
0.448867	0.100725	0.100000
0.450897	0.100719	0.100000
0.454527	0.100713	0.100000
0.457881	0.100706	0.100000
0.462192	0.100699	0.100000
0.466277	0.100692	0.100000
0.467738	0.100685	0.100000
0.465521	0.100677	0.100000
0.462614	0.100669	0.100000
0.462534	0.100660	0.100000
0.463179	0.100651	0.100000
0.461703	0.100643	0.100000
0.458147	0.100634	0.100000
0.454632	0.100624	0.100000
0.452064	0.100614	0.100000
0.451565	0.100604	0.100000
0.453902	0.100594	0.100000
0.455020	0.100582	0.100000
0.455375	0.100572	0.100000
0.456183	0.100561	0.100000
0.456575	0.100550	0.100000
0.456656	0.100538	0.100000
0.455953	0.100526	0.100000
0.455784	0.100514	0.100000
0.456380	0.100501	0.100000
0.456183	0.100489	0.100000
0.455025	0.100476	0.100000
0.452286	0.100463	0.100000
