0.173467
0.674897
0.447560
1.404642
0.682963
2.135192
0.946655
2.844155
1.278013
3.594104
1.601775
4.344275
2.022532
5.028726
2.550012
5.636289
3.153380
6.188047
3.801044
6.717481
4.434090
7.267082
5.023924
7.789990
5.649640
8.272083
6.281456
8.783273
6.828882
9.293542
7.350032
9.787560
7.851914
10.270756
8.335477
10.721724
8.839434
11.148721
9.317368
11.576448
9.725061
11.999420
10.099278
12.396086
10.484406
12.744417
10.894947
13.079361
11.247417
13.406675
11.548390
13.716381
11.840479
13.975250
12.167160
14.211090
12.448731
14.434664
12.688846
14.627360
12.931629
14.785720
13.190292
14.909320
13.455387
15.005638
13.692138
15.086778
13.861645
15.150867
13.967803
15.198145
14.028425
15.214178
14.091852
15.201752
14.128128
15.159795
14.154077
15.092166
14.146110
14.999094
14.116512
14.877781
14.066645
14.733234
13.978381
14.561896
13.877545
14.364353
13.751564
14.142737
13.590372
13.900912
13.378827
13.641541
13.122205
13.359730
12.845374
13.051355
12.566385
12.715414
12.283177
12.354782
11.993628
11.965227
11.713028
11.557629
11.390163
11.129677
11.031124
10.660210
10.717402
10.119567
10.423398
9.575247
10.064031
9.025846
9.683205
8.457987
9.281389
7.860436
8.867525
7.313977
8.355515
6.683580
7.887764
6.235632
7.206638
5.476324
6.834367
5.240681
5.801456
4.344254
5.531756
4.186862
4.388659
3.365469
4.076835
2.808631
3.411551
2.143672
2.826059
1.618743
2.095422
0.901010
1.535740
0.462350
0.688463
-0.298019
0.212596
-0.761089
-0.634737
-1.478146
-1.180419
-1.974930
-1.955403
-2.649081
-2.526652
-3.199950
-3.212384
-3.859628
-3.711902
-4.486531
-4.261862
-5.170850
-4.735441
-5.741051
-5.356748
-6.377609
-5.893251
-6.829733
-6.620808
-7.411153
-7.219999
-7.810481
-7.978154
-8.299170
-8.631846
-8.801680
-9.181897
-9.290112
-9.715570
-9.764228
-10.232995
-10.223198
-10.730000
-10.658312
-11.246176
-11.071568
-11.718569
-11.475092
-12.135959
-11.862324
-12.537444
-12.223973
-12.938374
-12.558450
-13.347833
-12.863384
-13.751927
-13.144216
-14.121345
-13.410004
-14.427606
-13.660491
-14.679269
-13.888985
-14.925371
-14.084759
-15.175897
-14.250585
-15.414343
-14.386738
-15.636284
-14.499307
-15.810956
-14.592505
-15.939989
-14.664979
-16.023621
-14.711135
-16.106190
-14.721951
-16.187904
-14.702084
-16.254452
-14.652564
-16.303093
-14.571405
-16.339418
-14.448466
-16.354847
-14.306505
-16.318001
-14.137873
-16.267235
-13.938828
-16.172676
-13.716755
-16.056948
-13.448462
-15.936565
-13.153612
-15.764420
-12.867678
-15.535707
-12.519663
-15.338667
-12.080641
-15.163608
-11.547733
-15.058259
-11.189682
-14.742619
-10.764286
-14.465828
-10.339476
-14.142592
-9.890129
-13.826018
-9.405851
-13.519009
-8.900470
-13.181347
-8.380178
-12.833523
-7.829960
-12.513988
-7.247686
-12.184549
-6.663118
-11.786545
-6.087830
-11.340682
-5.502262
-10.870756
-4.923198
-10.339876
-4.341484
-9.789086
-3.756273
-9.210897
-3.168034
-8.617007
-2.567516
-8.027095
-1.954926
-7.447121
-1.324977
-6.877979
-0.688923
-6.298699
-0.048265
-5.722827
0.595071
-5.118181
1.218972
-4.456318
1.826536
-3.792554
1.918806
-1.964702
2.542505
-1.326458
3.156379
-0.668221
3.764120
-0.035771
4.382712
0.576577
4.992004
1.195695
5.590981
1.801526
6.194308
2.374215
6.791948
2.942396
7.374661
3.512801
7.947673
4.060029
8.501755
4.662486
9.004337
5.320684
9.475466
5.969870
9.945694
6.563709
10.411161
7.131241
10.817312
7.673514
11.205709
8.195553
11.609035
8.670620
11.991827
9.143693
12.303307
9.660545
12.595637
10.173957
12.860909
10.684568
13.150251
11.114803
13.436231
11.525610
13.690318
11.930182
13.929904
12.293538
14.162929
12.597536
14.378065
12.867735
14.572867
13.114693
14.734229
13.361485
14.869265
13.590657
14.977325
13.795884
15.058861
13.985028
15.110137
14.161179
15.135843
14.308441
15.136374
14.418728
15.121031
14.442350
15.093688
14.397108
15.039963
14.359779
14.943550
14.363419
14.817779
14.319704
14.673792
14.238956
14.500090
14.149938
14.299436
14.040166
14.076800
13.886374
13.835795
13.676123
13.575229
13.435388
13.289966
13.184893
12.968801
12.953876
12.583773
12.772396
12.124314
12.616330
11.656826
12.391310
11.154222
12.162868
10.665867
11.875148
10.088268
11.669299
9.586029
11.327446
8.788713
11.210771
8.718128
10.226306
7.384077
10.643925
8.303420
8.082844
7.715077
7.620127
6.996780
7.369877
5.877342
7.797267
4.023180
8.571358
5.516589
5.211539
4.940650
4.600550
4.382874
3.937716
3.900675
3.125737
3.679749
1.839533
4.214910
0.203787
4.534085
1.785821
0.828453
1.714603
-0.749580
2.592095
-2.001174
2.515663
-1.114293
-0.089986
-2.771815
0.870402
-3.798733
0.621958
-3.414518
-1.209831
-5.473362
-0.364783
-3.521259
-4.508751
-3.528119
-6.153014
-2.446464
-7.604077
-2.362964
-5.975015
-5.890784
-6.847631
-5.896478
-8.333767
-4.972826
-9.566866
-4.979295
-8.260468
-7.923866
-9.262439
-7.574770
-10.960485
-6.693752
-9.885448
-9.218223
-11.060660
-8.511946
-12.485189
-8.162431
-10.680801
-11.593458
-10.538906
-12.862119
-9.694399
-13.188559
-10.169647
-13.547249
-10.545151
-13.770571
-11.043133
-14.215677
-11.271340
-14.062598
-12.079790
-14.989931
-11.770157
-13.782574
-13.955457
-13.970985
-14.249069
-14.045429
-14.660904
-13.831883
-15.418602
-13.142035
-15.565404
-13.277208
-15.589721
-13.465188
-15.849134
-13.388409
-15.550495
-13.894703
-16.049149
-13.503607
-15.039358
-14.827890
-15.164244
-14.565078
-15.452971
-14.049140
-15.503184
-13.932616
-14.955427
-14.371528
-15.011620
-14.033245
-14.725044
-14.042697
-14.630793
-13.781094
-14.297012
-13.748899
-14.172184
-13.420167
-13.810336
-13.323453
-13.584082
-13.028308
-13.204438
-12.852686
-12.881531
-12.590065
-12.496705
-12.376586
-12.107992
-12.153538
-11.696630
-11.873328
-11.277539
-11.526366
-10.843615
-11.167559
-10.381684
-10.831829
-9.895205
-10.487002
-9.387533
-10.142413
-8.855971
-9.815459
-8.303507
-9.439943
-7.755329
-8.971908
-7.207577
-8.452417
-6.654251
-7.894310
-6.097961
-7.286154
-5.534564
-6.666773
-4.964696
-6.025617
-4.379144
-5.400769
-3.792428
-4.709574
-3.209675
-4.011067
-2.610438
-3.343746
-1.999845
-2.709251
-1.372789
-2.110938
-0.742352
-1.476307
-0.122258
-0.818274
0.502069
-1.247605
1.653642
-0.849503
2.200604
-0.126147
2.879833
0.411909
3.589232
0.919689
4.302983
1.442927
4.960310
2.012902
5.614529
2.568261
6.255488
3.120124
6.896583
3.643104
7.478413
4.193099
8.050661
4.742053
8.598952
5.308878
9.118113
5.879812
9.521412
6.508879
9.924057
7.106449
10.309651
7.705012
10.701815
8.264544
11.110445
8.766449
11.533007
9.214993
11.943154
9.646333
12.317350
10.086441
12.653900
10.543118
12.960993
10.991282
13.263315
11.372386
13.576715
11.654749
13.880884
11.924135
14.128967
12.242696
14.341076
12.545815
14.539148
12.797307
14.718540
13.026526
14.866049
13.261710
14.981460
13.484400
15.083900
13.623999
15.172316
13.707445
15.236834
13.763763
15.274274
13.804454
15.279541
13.849951
15.249116
13.891130
15.193914
13.902000
15.113272
13.868096
15.013073
13.799319
14.882322
13.735397
14.714128
13.690668
14.520151
13.589585
14.313774
13.424095
14.084044
13.246849
13.824615
13.062302
13.539748
12.858621
13.231129
12.621631
12.905622
12.339982
12.559178
12.038198
12.187501
11.735909
11.789036
11.441433
11.366318
11.139386
10.927183
10.806959
10.434264
10.500740
9.875760
10.179487
9.377522
9.726076
8.832705
9.317957
8.308673
8.834791
7.699849
8.424845
7.198249
7.859272
6.469793
7.488714
6.141863
6.620249
5.327528
6.300488
5.086082
5.274736
4.312699
4.888867
3.822921
4.153273
3.177155
3.533663
2.704774
2.762453
2.011300
2.254183
1.434475
1.574422
0.732861
1.062175
0.147828
0.403730
-0.614947
-0.065275
-1.124159
-0.868401
-1.842069
-1.409035
-2.298796
-2.226582
-3.018042
-2.717704
-3.559978
-3.406904
-4.253207
-3.906068
-4.776680
-4.594887
-5.468884
-5.071402
-5.946923
-5.796971
-6.583037
-6.331247
-7.021552
-7.078238
-7.555013
-7.686541
-8.044300
-8.315022
-8.550939
-8.903967
-9.040648
-9.504571
-9.510608
-10.084154
-9.963587
-10.664502
-10.392994
-11.220234
-10.812383
-11.724092
-11.216716
-12.196597
-11.604109
-12.639515
-11.969391
-13.076554
-12.308626
-13.513053
-12.622387
-13.918055
-12.920668
-14.269009
-13.199679
-14.604557
-13.452044
-14.912567
-13.682900
-15.198791
-13.883171
-15.492733
-14.054081
-15.748681
-14.202986
-15.981305
-14.325936
-16.150335
-14.433864
-16.293449
-14.508044
-16.421469
-14.551953
-16.527752
-14.572638
-16.595457
-14.571207
-16.629169
-14.540476
-16.651258
-14.467513
-16.685923
-14.348589
-16.709187
-14.189625
-16.712999
-13.993561
-16.685989
-13.769163
-16.620687
-13.528322
-16.508972
-13.248137
-16.386930
-12.895555
-16.279398
-12.589710
-16.129963
-12.285999
-15.926477
-11.957170
-15.711689
-11.603094
-15.484596
-11.216536
-15.264274
-10.796694
-15.035634
-10.355613
-14.783886
-9.893735
-14.505607
-9.415239
-14.207249
-8.917626
-13.898525
-8.392833
-13.576292
-7.859898
-13.209730
-7.312166
-12.858009
-6.732826
-12.495590
-6.141402
-12.121481
-5.538802
-11.710740
-4.936705
-11.237182
-4.356849
-10.674334
-3.783473
-10.093813
-3.204032
-9.476674
-2.628489
-8.847227
-2.036160
-8.218131
-1.446653
-7.553437
-0.843734
-6.952721
-0.208918
-6.367827
0.437045
-5.803916
1.085585
-5.218014
1.734125
-4.647536
2.389631
-2.656183
2.403162
-2.042005
3.032945
-1.428123
3.660961
-0.815896
4.288113
-0.228591
4.916215
0.367365
5.522295
0.991817
6.119224
1.566916
6.736831
2.085521
7.354391
2.582297
7.967418
3.075947
8.542974
3.669312
9.054630
4.325688
9.536201
4.995140
9.999081
5.615364
10.478597
6.161232
10.949831
6.700664
11.397587
7.237595
11.824003
7.751236
12.239279
8.230320
12.638321
8.685726
13.021396
9.104366
13.394360
9.484059
13.746063
9.856187
14.068810
10.217256
14.361963
10.590404
14.612527
10.974288
14.833100
11.320930
15.041632
11.621353
15.204991
11.884438
15.253111
12.206869
15.299644
12.480165
15.378773
12.667990
15.467235
12.806326
15.512526
12.964302
15.505672
13.131260
15.487934
13.238261
15.482648
13.270165
15.454732
13.276157
15.402969
13.242781
15.327127
13.198362
15.217516
13.131613
15.080538
13.060121
14.898964
13.018498
14.691109
12.935132
14.478002
12.788598
14.244645
12.609322
13.988185
12.393584
13.711710
12.153214
13.406199
11.917590
13.073526
11.658209
12.719887
11.388312
12.337061
11.125578
11.927488
10.858665
11.499294
10.551096
11.054842
10.221342
10.594069
9.862889
10.111197
9.508169
9.612850
9.114644
9.100387
8.709556
8.571142
8.294269
8.030011
7.861788
7.438136
7.455962
6.788829
7.069332
6.172379
6.583239
5.515979
6.119447
4.937005
5.482154
4.332601
4.874486
3.818187
4.196833
3.104589
3.703630
2.617063
2.924011
1.867785
2.454365
1.417257
1.628743
0.607522
1.220037
0.144722
0.360076
-0.569224
-0.212961
-1.023100
-1.018178
-1.755474
-1.481288
-2.361851
-2.126689
-3.029846
-2.687633
-3.592382
-3.345813
-4.295428
-3.792350
-4.863519
-4.414609
-5.646097
-4.761545
-6.044567
-5.584197
-6.891256
-5.855313
-7.112268
-6.845513
-7.867511
-7.177764
-8.216843
-7.970353
-8.738410
-8.538232
-9.114280
-9.191887
-9.619232
-9.676677
-10.066875
-10.206362
-10.503260
-10.730694
-10.925655
-11.223898
-11.334108
-11.682937
-11.723990
-12.126640
-12.092215
-12.540309
-12.441854
-12.927037
-12.767787
-13.309519
-13.068946
-13.659628
-13.350780
-13.967499
-13.614805
-14.233737
-13.854964
-14.477832
-14.072890
-14.686874
-14.264428
-14.894416
-14.421231
-15.125243
-14.548081
-15.298285
-14.662395
-15.405228
-14.753353
-15.490278
-14.816637
-15.565018
-14.846614
-15.645750
-14.843301
-15.716120
-14.814903
-15.741961
-14.763418
-15.743916
-14.683177
-15.717451
-14.579601
-15.660431
-14.446301
-15.604814
-14.282004
-15.529143
-14.092327
-15.427620
-13.879018
-15.282467
-13.645269
-15.108534
-13.384171
-14.921893
-13.097286
-14.704682
-12.781160
-14.475885
-12.436625
-14.226036
-12.067891
-13.983234
-11.630748
-13.802496
-11.132624
-13.574975
-10.656506
-13.245865
-10.187662
-12.869884
-9.669559
-12.512717
-9.091176
-12.155457
-8.499611
-11.779126
-7.955063
-11.381658
-7.397535
-10.990149
-6.816393
-10.575463
-6.235116
-10.113405
-5.656729
-9.601594
-5.083091
-9.033594
-4.513873
-8.446569
-3.929800
-7.870705
-3.325119
-7.294575
-2.719430
-6.693316
-2.112410
-6.066577
-1.510665
-5.410524
-0.907473
-4.763806
-0.290716
-4.126038
0.328034
-3.476828
0.947020
-2.842597
1.573141
-2.302182
2.241009
-1.668443
2.863822
-1.033376
3.479545
-0.388191
4.085752
0.258796
4.692388
0.877694
5.295490
1.499703
5.890983
2.113429
6.474000
2.731299
7.046558
3.315181
7.629670
3.853245
8.205885
4.382192
8.762108
4.935976
9.292616
5.467939
9.817066
5.997581
10.311161
6.549067
10.775539
7.081600
11.242592
7.547749
11.706701
7.974578
12.148018
8.436469
12.544914
8.894543
12.932596
9.300969
13.307074
9.682800
13.657054
10.055747
13.979879
10.425805
14.265442
10.813188
14.518189
11.147747
14.733778
11.443727
14.960224
11.686480
15.133781
11.935357
15.278286
12.160098
15.396261
12.367322
15.465404
12.577654
15.519663
12.745305
15.567787
12.886030
15.557016
13.048092
15.536832
13.162033
15.502722
13.247019
15.456734
13.267746
15.410745
13.225039
15.342902
13.152294
15.239327
13.088768
15.097414
12.999101
14.954420
12.828234
14.790622
12.650915
14.587318
12.462648
14.360082
12.256406
14.100773
12.043130
13.817860
11.798044
13.514856
11.527723
13.190693
11.227895
12.846821
10.904893
12.470339
10.604422
12.072497
10.255226
11.669184
9.851511
11.242991
9.462474
10.781945
9.109058
10.297523
8.740458
9.797453
8.354218
9.281433
7.935004
8.756281
7.480198
8.218237
7.005291
7.665332
6.541317
7.090843
6.087822
6.506784
5.592573
5.919615
5.045987
5.339117
4.402123
4.762073
3.760431
4.162703
3.159049
3.556394
2.522230
2.947419
1.890232
2.329793
1.273467
1.702290
0.667298
1.071345
0.056422
0.444344
-0.593060
-0.174468
-1.268794
-0.790895
-1.945562
-1.405184
-2.607092
-2.022146
-3.244332
-2.642263
-3.849436
-3.257647
-4.466395
-3.865427
-5.064781
-4.472726
-5.635330
-5.069714
-6.221470
-5.650195
-6.832216
-6.213397
-7.456255
-6.759732
-8.082269
-7.291438
-8.704887
-7.808404
-9.319513
-8.308256
-9.934959
-8.789574
-10.527162
-9.261034
-11.091779
-9.713186
-11.651765
-10.137495
-12.187007
-10.556507
-12.654713
-10.960777
-13.123487
-11.325926
-13.605313
-11.663048
-14.071233
-11.971364
-14.511440
-12.254579
-14.916190
-12.539081
-15.253224
-12.810729
-15.562449
-13.042519
-15.874312
-13.239376
-16.158730
-13.424234
-16.407923
-13.560147
-16.656744
-13.651907
-16.895102
-13.650368
-17.154579
-13.683466
-17.357817
-13.760298
-17.482775
-13.800383
-17.560642
-13.838032
-17.599867
-13.835406
-17.647217
-13.804176
-17.652582
-13.753299
-17.624634
-13.671402
-17.594511
-13.552601
-17.567858
-13.396954
-17.522287
-13.210241
-17.479216
-12.989283
-17.418411
-12.736378
-17.360031
-12.447710
-17.275457
-12.148893
-17.128660
-11.838414
-16.932482
-11.510104
-16.728035
-11.145979
-16.530251
-10.745915
-16.333483
-10.318895
-16.120615
-9.871399
-15.872945
-9.409084
-15.597038
-8.935863
-15.274767
-8.445227
-14.960525
-7.918506
-14.657199
-7.374397
-14.318669
-6.808355
-14.027251
-6.190746
-13.764832
-5.565994
-13.425186
-4.960402
-12.995374
-4.376170
-12.488968
-3.794589
-11.962145
-3.202508
-11.424662
-2.596342
-10.890206
-1.980423
-10.338482
-1.360260
-9.770230
-0.744972
-9.143366
-0.141964
-8.503503
0.470463
-7.885287
1.104256
-7.284326
1.736216
-6.660761
2.361939
-6.022224
2.985782
-4.309128
3.129622
-3.662167
3.744373
-3.016064
4.368650
-2.425159
5.008850
-1.848259
5.628487
-1.219892
6.224262
-0.585744
6.812263
0.046647
7.392224
0.646106
7.981109
1.204360
8.563425
1.755666
9.132504
2.320385
9.664444
2.936951
10.158955
3.579448
10.628252
4.219773
11.085344
4.822431
11.537341
5.386415
11.978823
5.936274
12.401663
6.447517
12.814251
6.951520
13.197268
7.455229
13.551592
7.953425
13.882442
8.438128
14.191589
8.876584
14.496763
9.261818
14.786078
9.626377
15.043962
9.990048
15.275342
10.317963
15.490334
10.607295
15.683722
10.873658
15.848974
11.123949
15.984807
11.372031
16.081791
11.604710
16.160004
11.782169
16.223728
11.921980
16.261078
12.049246
16.258589
12.188085
16.217926
12.313168
16.146816
12.414054
16.059326
12.446780
15.964195
12.416465
15.775064
12.401554
15.550577
12.372267
15.287189
12.338124
15.050177
12.215624
14.845444
12.013930
14.604015
11.826762
14.296360
11.675072
13.964778
11.496169
13.628798
11.273748
13.285902
10.997375
12.934473
10.690777
12.538727
10.439281
12.103464
10.203496
11.659019
9.919027
11.218819
9.547993
10.767162
9.137585
10.298026
8.728507
9.801357
8.338930
9.282354
7.947094
8.744309
7.552485
8.191175
7.144745
7.626614
6.697174
7.059910
6.190497
6.490742
5.650582
5.904309
5.137496
5.304734
4.603279
4.703494
4.027165
4.100782
3.415510
3.497859
2.763415
2.891559
2.130827
2.272303
1.520139
1.639598
0.957047
0.995511
0.410286
0.353273
-0.176293
-0.276107
-0.822363
-0.896999
-1.486557
-1.515198
-2.132056
-2.137413
-2.738714
-2.765877
-3.311673
-3.391303
-3.868797
-4.010675
-4.427755
-4.623261
-4.961074
-5.230202
-5.483412
-5.830346
-6.016706
-6.422742
-6.561310
-6.990294
-7.096212
-7.556110
-7.612489
-8.097812
-8.176490
-8.589652
-8.766330
-9.074329
-9.319219
-9.558920
-9.818027
-10.031320
-10.323007
-10.478479
-10.819730
-10.910491
-11.266119
-11.332528
-11.664292
-11.732276
-12.075428
-12.104764
-12.481906
-12.456981
-12.856353
-12.784998
-13.218856
-13.096858
-13.505700
-13.392773
-13.772107
-13.660116
-14.038210
-13.900678
-14.282144
-14.116228
-14.504273
-14.306480
-14.715353
-14.465317
-14.920235
-14.596686
-15.111853
-14.697177
-15.301407
-14.769739
-15.434852
-14.830574
-15.490128
-14.871103
-15.514512
-14.882997
-15.525408
-14.863914
-15.545923
-14.807102
-15.585998
-14.714791
-15.625642
-14.593250
-15.636501
-14.448045
-15.603451
-14.283225
-15.509788
-14.103478
-15.351257
-13.906627
-15.168409
-13.676373
-14.986235
-13.418247
-14.795667
-13.130048
-14.612551
-12.804747
-14.457035
-12.419573
-14.295968
-12.028973
-14.049576
-11.623155
-13.785331
-11.173795
-13.502136
-10.712923
-13.178009
-10.227751
-12.820599
-9.746222
-12.417044
-9.246657
-11.996356
-8.706298
-11.581038
-8.118015
-11.176858
-7.436797
-10.847059
-6.922625
-10.335475
-6.333647
-9.897690
-5.747680
-9.407637
-5.159446
-8.892495
-4.561990
-8.354806
-3.970358
-7.755670
-3.389864
-7.122324
-2.803833
-6.493592
-2.196703
-5.889756
-1.576044
-5.307130
-0.931581
-4.743399
-0.288967
-4.139634
0.335465
-3.494544
0.954269
-2.852682
1.581161
-2.814341
2.481163
-2.236736
3.132522
-1.684497
3.789762
-1.127050
4.432459
-0.553022
5.063281
0.020605
5.692046
0.575730
6.316422
1.116060
6.935226
1.652662
7.543143
2.176849
8.137877
2.708146
8.710070
3.276589
9.239653
3.885399
9.748200
4.471939
10.251609
5.023694
10.748065
5.540977
11.233262
6.055177
11.680188
6.617811
12.096173
7.148118
12.499929
7.664455
12.880959
8.154118
13.253462
8.601601
13.604067
9.048016
13.922899
9.503930
14.204257
9.943169
14.482971
10.293921
14.764378
10.571420
15.041353
10.798834
15.294104
11.010265
15.526033
11.183085
15.728042
11.375481
15.883430
11.568624
16.006805
11.766552
16.082573
11.978310
16.132130
12.125875
16.173672
12.229075
16.196894
12.272948
16.202858
12.300779
16.173191
12.317278
16.114119
12.300130
16.039103
12.232811
15.942863
12.144982
15.809540
12.065379
15.641306
11.966671
15.446997
11.833891
15.217444
11.659641
14.925691
11.494318
14.601337
11.315657
14.242472
11.117969
13.906790
10.863245
13.527886
10.614441
13.141441
10.328568
12.735823
10.032420
12.302441
9.725710
11.860714
9.379926
11.418185
8.986423
10.962062
8.582219
10.477476
8.172174
9.983502
7.721115
9.478704
7.262879
8.943582
6.813326
8.399414
6.331216
7.855566
5.782814
7.317490
5.177369
6.770059
4.590678
6.196877
4.005987
5.620069
3.385722
5.043151
2.755480
4.453104
2.113780
3.868885
1.433957
3.287677
0.759671
2.686711
0.102247
2.081295
-0.563594
1.496641
-1.276956
0.927352
-1.974420
0.308179
-2.602998
-0.314166
-3.248118
-0.909996
-3.913828
-1.513153
-4.558181
-2.115834
-5.197627
-2.702009
-5.843985
-3.298630
-6.452241
-3.913972
-7.026320
-4.548792
-7.555105
-5.163476
-8.113733
-5.708926
-8.741504
-6.189962
-9.409376
-6.585424
-10.114460
-6.906613
-10.871899
-7.448943
-11.372128
-7.912877
-11.960334
-8.376781
-12.512581
-8.818037
-13.053493
-9.252630
-13.530374
-9.687548
-13.973217
-10.093514
-14.427858
-10.472839
-14.879560
-10.812508
-15.350171
-11.139980
-15.733545
-11.462892
-16.103172
-11.750746
-16.471231
-12.018064
-16.784235
-12.276970
-17.053125
-12.513688
-17.295204
-12.733448
-17.490524
-12.934380
-17.664448
-13.095095
-17.872673
-13.206682
-18.075573
-13.293673
-18.245209
-13.357605
-18.395044
-13.385692
-18.543144
-13.378786
-18.676369
-13.349182
-18.747265
-13.319342
-18.731392
-13.277489
-18.697716
-13.194362
-18.681412
-13.060555
-18.707830
-12.874812
-18.735121
-12.662337
-18.725567
-12.434764
-18.659647
-12.195560
-18.547482
-11.929914
-18.439417
-11.627730
-18.317497
-11.300901
-18.168287
-10.952829
-17.996349
-10.579612
-17.797665
-10.189525
-17.575447
-9.769504
-17.356922
-9.319285
-17.122751
-8.851370
-16.859821
-8.371757
-16.542311
-7.888823
-16.181149
-7.392462
-15.803215
-6.876919
-15.405019
-6.345896
-15.012831
-5.776229
-14.650455
-5.186660
-14.253206
-4.596801
-13.813627
-4.008320
-13.318960
-3.422425
-12.805237
-2.826564
-12.257612
-2.238464
-11.649254
-1.665952
-10.985700
-1.093971
-10.336187
-0.490289
-9.744455
0.139938
-9.163734
0.778537
-8.595240
1.423206
-7.999372
2.052021
-7.357587
2.670345
-6.722989
3.306837
-4.574781
3.253631
-3.953236
3.881701
-3.326278
4.501084
-2.703327
5.126930
-2.104537
5.746279
-1.496140
6.352731
-0.874999
6.945333
-0.274467
7.545113
0.308230
8.125424
0.889670
8.700456
1.471657
9.245071
2.097359
9.755648
2.746034
10.239629
3.411984
10.701719
4.053338
11.162748
4.642633
11.617447
5.219348
12.043501
5.818059
12.441598
6.383422
12.837774
6.907332
13.214276
7.416271
13.572465
7.902459
13.910951
8.356355
14.235781
8.771889
14.543000
9.169722
14.821596
9.558157
15.071151
9.935142
15.297379
10.269877
15.511314
10.569721
15.694433
10.865782
15.845011
11.156547
15.963068
11.421988
16.063881
11.623918
16.163582
11.758722
16.232361
11.922832
16.247433
12.109504
16.222675
12.278141
16.180666
12.371534
16.138071
12.397831
16.075916
12.402365
15.983614
12.381383
15.866490
12.317102
15.593750
12.338592
15.333251
12.280619
15.113833
12.153421
14.828133
12.072685
14.523987
11.950605
14.228763
11.780745
13.915310
11.590748
13.583622
11.382931
13.226917
11.142592
12.869827
10.845224
12.491840
10.536711
12.090103
10.200581
11.678614
9.828032
11.242454
9.473504
10.778831
9.118441
10.293732
8.758342
9.792311
8.375756
9.272449
7.984554
8.734776
7.592435
8.183636
7.160629
7.625945
6.710840
7.046904
6.279700
6.461439
5.783808
5.875462
5.247080
5.283891
4.683995
4.688797
4.063919
4.100236
3.396399
3.502890
2.748913
2.894973
2.114895
2.276432
1.490578
1.652636
0.878436
1.021383
0.264842
0.394561
-0.374180
-0.229260
-1.018758
-0.855389
-1.653075
-1.479280
-2.279650
-2.107081
-2.876108
-2.730337
-3.473730
-3.353203
-4.046235
-3.968046
-4.632463
-4.571912
-5.225398
-5.166518
-5.803754
-5.754555
-6.356427
-6.337254
-6.886571
-6.904376
-7.454305
-7.444344
-8.069093
-7.962108
-8.682096
-8.471978
-9.234183
-8.972127
-9.770394
-9.457282
-10.286023
-9.923235
-10.804336
-10.369336
-11.288443
-10.803261
-11.744353
-11.215863
-12.191837
-11.606459
-12.627824
-11.975287
-13.030383
-12.327283
-13.410978
-12.655625
-13.770168
-12.963799
-14.078158
-13.252741
-14.384038
-13.511376
-14.676691
-13.744297
-14.945614
-13.958976
-15.144691
-14.157198
-15.332472
-14.314970
-15.548678
-14.445143
-15.713111
-14.559100
-15.822342
-14.650737
-15.905500
-14.710058
-16.011145
-14.730197
-16.122267
-14.718964
-16.223360
-14.675640
-16.324957
-14.595892
-16.378717
-14.501349
-16.360195
-14.389576
-16.298220
-14.257805
-16.203407
-14.090740
-16.125784
-13.871177
-16.053307
-13.625801
-15.927730
-13.362477
-15.775208
-13.052195
-15.614969
-12.722198
-15.407950
-12.363565
-15.185635
-11.971930
-14.930075
-11.582996
-14.632144
-11.081790
-14.412704
-10.631342
-14.158868
-10.172910
-13.877916
-9.695380
-13.565351
-9.208006
-13.212678
-8.704710
-12.878941
-8.151577
-12.596467
-7.572278
-12.254580
-7.015016
-11.805118
-6.475215
-11.306669
-5.921291
-10.797480
-5.355089
-10.270575
-4.789576
-9.679844
-4.232419
-9.062585
-3.660231
-8.464463
-3.062963
-7.870866
-2.477063
-7.196155
-1.901399
-6.510672
-1.321552
-5.822297
-0.725562
-5.169018
-0.109559
-4.533075
0.511051
-3.885218
1.124074
-3.213561
1.729775
-3.770605
2.895258
-3.143727
3.523268
-2.519637
4.139338
-1.852356
4.727927
-1.169947
5.323931
-0.539612
5.930289
0.065712
6.533525
0.653147
7.130220
1.235509
7.725130
1.767030
8.324201
2.279447
8.911120
2.784238
9.481380
3.289155
10.035929
3.794579
10.559329
4.327305
11.053927
4.878178
11.513641
5.454544
11.940951
6.045712
12.339302
6.623564
12.731037
7.134316
13.127012
7.579691
13.514363
8.006425
13.870529
8.453906
14.184565
8.905655
14.479591
9.312780
14.761298
9.674983
15.031723
9.993909
15.283936
10.284485
15.509100
10.555111
15.712374
10.799661
15.890076
11.005170
16.055756
11.160933
16.198639
11.285621
16.323721
11.380444
16.413290
11.465464
16.479206
11.513195
16.523191
11.514620
16.553610
11.479650
16.547066
11.457772
16.500721
11.408232
16.439533
11.329911
16.338627
11.267125
16.194939
11.202925
16.022167
11.102026
15.828810
10.991862
15.597883
10.867113
15.343235
10.713519
15.068403
10.513195
14.784842
10.262764
14.480814
9.986799
14.159443
9.664745
13.822927
9.322237
13.455082
8.990154
13.053734
8.654917
12.626074
8.310019
12.180124
7.921076
11.727197
7.490842
11.264361
7.052148
10.759067
6.672239
10.212311
6.296053
9.650497
5.881310
8.986379
5.467945
8.428738
4.917481
7.910961
4.329298
7.311044
3.804710
6.720084
3.226493
6.238858
2.529364
5.746876
1.792538
5.161487
1.176244
4.553279
0.576315
3.937319
-0.045963
3.318735
-0.670826
2.702306
-1.315715
2.076901
-1.918529
1.432512
-2.507670
0.791804
-3.130980
0.174405
-3.810655
-0.419364
-4.509501
-1.015651
-5.182609
-1.610429
-5.853094
-2.212461
-6.460836
-2.828925
-7.050627
-3.435543
-7.647926
-4.023265
-8.253475
-4.597545
-8.860443
-5.158761
-9.451343
-5.715516
-10.026358
-6.249424
-10.627222
-6.752533
-11.255325
-7.228226
-11.881381
-7.686491
-12.493158
-8.131558
-13.081568
-8.560665
-13.664440
-8.966923
-14.200517
-9.383894
-14.663841
-9.787917
-15.126406
-10.157409
-15.596605
-10.502026
-16.038803
-10.826645
-16.489986
-11.104590
-16.951946
-11.365976
-17.348991
-11.623528
-17.691580
-11.864808
-18.014450
-12.070118
-18.345581
-12.241247
-18.667177
-12.384407
-18.951906
-12.515248
-19.182871
-12.626136
-19.384327
-12.717647
-19.535004
-12.790929
-19.661467
-12.828726
-19.788017
-12.833388
-19.901157
-12.799125
-20.019947
-12.739823
-20.067886
-12.672777
-20.087164
-12.568725
-20.106323
-12.430553
-20.108635
-12.259735
-20.116341
-12.051623
-20.093935
-11.827347
-20.037945
-11.578425
-19.948942
-11.302094
-19.864151
-10.992916
-19.749086
-10.666163
-19.592489
-10.321073
-19.417875
-9.948584
-19.222786
-9.553569
-19.004004
-9.139264
-18.763346
-8.695237
-18.543272
-8.205382
-18.362709
-7.673841
-18.182741
-7.130489
-17.937588
-6.596140
-17.623466
-6.051916
-17.315487
-5.471010
-17.009979
-4.886530
-16.649641
-4.293871
-16.268181
-3.699900
-15.824432
-3.116705
-15.319189
-2.539179
-14.764009
-1.966778
-14.170044
-1.388391
-13.576134
-0.796255
-12.976286
-0.190933
-12.398413
0.437162
-11.845709
1.081974
-11.292953
1.726448
-10.720084
2.369673
-10.131002
3.000965
-9.500183
3.631067
-8.884911
4.265659
-6.058163
3.915842
-5.445141
4.545291
-4.808789
5.152165
-4.129526
5.739758
-3.436834
6.325972
-2.786012
6.927007
-2.176539
7.531203
-1.593778
8.132942
-1.029344
8.733475
-0.506931
9.333511
0.031807
9.889763
0.650680
10.396584
1.307310
10.880224
1.963615
11.347383
2.614315
11.789555
3.268209
12.215626
3.893262
12.630028
4.497902
13.026175
5.083108
13.409416
5.618974
13.792307
6.099005
14.165640
6.551237
14.511713
7.010944
14.830700
7.440400
15.128245
7.872535
15.387199
8.302458
15.627149
8.673702
15.863090
8.982409
16.092102
9.227391
16.304468
9.470490
16.469410
9.739087
16.595846
9.985990
16.708565
10.158839
16.813545
10.295540
16.881681
10.457722
16.895603
10.657368
16.864096
10.824003
16.829266
10.907368
16.785309
10.949552
16.713598
10.968262
16.615032
10.977167
16.476357
10.991124
16.301867
10.999926
16.090250
10.990388
15.869615
10.899884
15.641331
10.764935
15.390900
10.601193
15.118887
10.407085
14.825663
10.174031
14.522966
9.880439
14.208820
9.563448
13.851780
9.313999
13.435544
9.071960
13.006792
8.777169
12.561299
8.490765
12.080052
8.197908
11.580635
7.855662
10.900597
7.604332
10.277044
7.265209
9.693110
6.877687
9.103715
6.494252
8.511737
6.080619
7.937801
5.592215
7.389734
4.999137
6.852075
4.395487
6.281452
3.798771
5.715252
3.173624
5.135146
2.554406
4.539437
1.947228
3.922845
1.361813
3.283611
0.806283
2.635289
0.240383
1.989038
-0.335260
1.356121
-0.970214
0.741487
-1.625259
0.119040
-2.261621
-0.506232
-2.889330
-1.137791
-3.498577
-1.772003
-4.081914
-2.413337
-4.652519
-3.040608
-5.230151
-3.662463
-5.813020
-4.264529
-6.408115
-4.865367
-6.967594
-5.454345
-7.555487
-6.020241
-8.131449
-6.585156
-8.694077
-7.128635
-9.258168
-7.660268
-9.792460
-8.186780
-10.303562
-8.690987
-10.831792
-9.161665
-11.387655
-9.596889
-11.942018
-10.027481
-12.437351
-10.450719
-12.905986
-10.841290
-13.383573
-11.204514
-13.821926
-11.576838
-14.198237
-11.916868
-14.589612
-12.219413
-14.961206
-12.501295
-15.317961
-12.739151
-15.667513
-12.937347
-16.012060
-13.078917
-16.338444
-13.248939
-16.577208
-13.416515
-16.777046
-13.550859
-16.966469
-13.626028
-17.151573
-13.724758
-17.262028
-13.828671
-17.324286
-13.922750
-17.347578
-14.036785
-17.310446
-14.052462
-17.324957
-14.000860
-17.334150
-13.943392
-17.298084
-13.786173
-17.324820
-13.689463
-17.251484
-13.537281
-17.197409
-13.365292
-17.093847
-13.181593
-16.924768
-12.978088
-16.763166
-12.730442
-16.614044
-12.445581
-16.454079
-12.134830
-16.267555
-11.805677
-16.056320
-11.447410
-15.818844
-11.078068
-15.552560
-10.669441
-15.327192
-10.220549
-15.089264
-9.753241
-14.831899
-9.262857
-14.549894
-8.769390
-14.197430
-8.271110
-13.823899
-7.756755
-13.413980
-7.232991
-12.988270
-6.690221
-12.558355
-6.122686
-12.122970
-5.554199
-11.621283
-4.993729
-11.064461
-4.437705
-10.498213
-3.842256
-10.011358
-3.210305
-9.513898
-2.591260
-8.940363
-1.987600
-8.326803
-1.386776
-7.698721
-0.776698
-7.077765
-0.159007
-6.446990
0.460568
-5.821289
1.088959
-5.195238
1.707120
-4.522617
2.315564
-4.853011
3.380815
-4.242585
4.015853
-3.639567
4.648858
-3.034118
5.271949
-2.421731
5.889399
-1.821334
6.505372
-1.235983
7.112861
-0.640294
7.704695
-0.060607
8.302563
0.468860
8.902330
0.978721
9.491995
1.468346
10.073833
1.948527
10.630774
2.462814
11.151480
2.994044
11.654870
3.486040
12.152891
3.989300
12.597221
4.558676
13.008562
5.100006
13.412366
5.607564
13.792824
6.118081
14.148514
6.610582
14.483576
