-0.005069
0.001782
-0.030840
0.009179
-0.080298
0.023290
-0.143961
0.034878
-0.192509
0.046940
-0.247562
0.060706
-0.313233
0.075141
-0.370056
0.089910
-0.455979
0.118510
-0.614567
0.164658
-0.817903
0.215700
-1.027264
0.274227
-1.263718
0.335861
-1.469180
0.415316
-1.658214
0.497565
-1.827191
0.593837
-1.993278
0.751416
-2.210746
1.059402
-2.537191
1.158260
-2.730902
1.265396
-3.002529
1.403213
-3.329390
1.544757
-3.627414
1.664776
-3.853243
1.737063
-3.951527
1.756991
-3.968029
1.763420
-3.986624
1.770984
-4.005364
1.782289
-4.028844
1.785670
-4.025417
1.781259
-4.005611
1.774508
-4.008622
1.781662
-4.033914
1.796601
-4.064403
1.805481
-4.081882
1.814455
-4.100306
1.821086
-4.115187
1.827156
-4.126674
1.831313
-4.129938
1.829467
-4.132669
1.839639
-4.168730
1.857805
-4.216033
1.882679
-4.268596
1.899459
-4.305111
1.921998
-4.364399
1.945041
-4.412078
1.966751
-4.459210
1.989505
-4.515304
2.004200
-4.489323
1.965141
-4.358507
1.896294
-4.192140
1.822588
-4.037573
1.757031
-3.885667
1.692498
-3.756757
1.636597
-3.616237
1.562978
-3.414007
1.456904
-3.151587
1.339084
-2.903145
1.238307
-2.692534
1.154975
-2.534180
1.102382
-2.471415
1.102989
-2.538490
1.164361
-2.740466
1.271424
-3.001563
1.386839
-3.238184
1.472972
-3.363947
1.491490
-3.337462
1.459821
-3.247170
1.424077
-3.190191
1.409984
-3.173735
1.402568
-3.147307
1.387611
-3.118779
1.379433
-3.103267
1.371737
-3.079913
1.351455
-2.993701
1.299716
-2.871489
1.244884
-2.735175
1.177255
-2.564140
1.093739
-2.410591
0.818931
-2.140456
0.633834
-1.912021
0.480340
-1.662796
0.394498
-1.488033
0.356743
-1.438942
0.367641
-1.500276
0.402317
-1.601210
0.455194
-1.722775
0.507687
-1.811927
0.534233
-1.839069
0.533453
-1.823055
0.514322
-1.797811
0.518850
-1.819891
0.538443
-1.850873
0.557251
-1.892058
0.596343
-1.956784
0.637748
-2.005476
0.645691
-2.004628
0.632953
-1.970853
0.574132
-1.870978
0.533137
-1.823655
0.522903
-1.813984
0.521596
-1.812518
0.525853
-1.828894
0.545033
-1.865122
0.561732
-1.884956
0.568162
-1.891886
0.563331
-1.874265
0.548183
-1.857744
0.549249
-1.863218
0.555835
-1.871790
0.551483
-1.860049
0.551300
-1.874734
0.579130
-1.930176
0.621126
-1.985358
0.643642
-2.010931
0.659971
-2.036116
0.696846
-2.090304
0.734597
-2.124453
0.758080
-2.158257
0.797529
-2.193649
0.798591
-2.181590
0.764660
-2.140364
0.733668
-2.102029
0.691002
-2.054578
0.683549
-2.065515
0.752816
-2.182041
0.969646
-2.408294
1.157411
-2.707443
1.229882
-2.883344
1.323248
-3.068540
1.394560
-3.216714
1.461404
-3.382467
1.534935
-3.537145
1.601941
-3.690917
1.671867
-3.848764
1.741644
-3.996466
1.788617
-4.040457
1.783972
-3.991817
1.747974
-3.887533
1.702522
-3.807070
1.680009
-3.795218
1.692328
-3.849073
1.720515
-3.896345
1.728126
-3.895305
1.724669
-3.884164
1.721869
-3.894471
1.734731
-3.930670
1.748959
-3.951322
1.751957
-3.958869
1.767929
-4.034116
1.808097
-4.103372
0.094495
-1.032328
0.220114
-1.238365
0.318723
-1.402640
0.366036
-1.483461
0.384328
-1.542905
0.427505
-1.678688
0.509054
-1.861528
0.644672
-2.084392
0.895407
-2.361154
1.169061
-2.684160
1.172432
-2.698012
1.216882
-2.740334
1.192342
-2.592641
1.094821
-2.399678
0.744178
-2.059837
0.628806
-1.946678
0.587680
-1.918602
0.595108
-1.938233
0.606172
-1.948604
0.592775
-1.916274
0.569597
-1.889717
0.560140
-1.866367
0.535006
-1.824556
0.515864
-1.786783
0.489343
-1.735104
0.469350
-1.695977
0.452454
-1.657663
0.427988
-1.592177
0.401109
-1.538565
0.389242
-1.516147
0.378840
-1.477306
0.357714
-1.414541
0.338179
-1.369816
0.330583
-1.351427
0.324125
-1.325058
0.316482
-1.290668
0.304080
-1.240598
0.288267
-1.169209
0.263011
-1.074310
0.243945
-1.005526
0.227648
-0.944839
0.211200
-0.869276
0.187841
-0.785120
0.174562
-0.752772
0.173298
-0.758920
0.174751
-0.754572
0.166570
-0.695795
0.148353
-0.623464
0.132273
-0.558022
0.116401
-0.485806
0.095039
-0.378062
0.063621
-0.213870
0.019767
0.000297
-0.016054
0.172089
-0.172162
0.517840
-0.475312
1.025128
-0.544093
1.174584
-1.245064
2.010111
-0.303569
0.647158
-1.182043
2.143910
-2.301867
3.242923
-0.086232
0.026296
-0.191748
0.218758
-0.493452
0.773673
-1.251853
1.853577
-1.387128
1.834177
-0.267508
0.548219
-0.813851
1.469688
-1.189026
1.968270
-0.727525
1.395249
-1.886438
2.597342
0.136757
-0.277132
0.499107
-0.968531
1.738098
-2.531379
3.331458
0.387293
-0.911783
1.584189
-2.891435
4.116547
-1.176724
1.661805
-3.524543
4.861111
-1.445838
2.054936
-4.251851
5.724611
-1.261477
1.589699
-3.826733
5.685081
-4.764276
6.517732
-2.728689
3.989507
-6.075370
6.652122
1.556952
-3.627818
5.213159
-4.721108
6.169095
-1.492456
1.932048
-4.224072
5.903994
-3.270508
4.840392
-5.497880
6.532394
0.519485
-1.913521
2.672786
-5.144864
6.498493
-0.643933
0.282534
-1.480471
1.869452
-4.138754
5.810991
-3.718619
5.388917
-4.728784
6.346804
-2.021212
2.859691
-5.409548
6.725551
-0.268724
-0.468908
-0.086330
-0.825502
0.596025
-2.123895
3.012073
-5.669108
7.009516
-0.214240
-0.612516
0.151723
-1.330649
1.520966
-3.794214
5.618670
-6.116648
7.466461
0.153743
-1.378054
1.553702
-3.874821
5.735104
-6.350746
7.720947
0.323750
-1.754174
2.226558
-5.012579
7.118841
-4.775704
6.882426
-5.504181
7.579386
-3.622536
5.385149
-7.371135
8.288243
1.938720
-4.657637
6.804629
-6.441782
8.287235
-1.470966
1.592233
-4.051007
5.931801
-7.054620
8.054069
1.140153
-3.165876
4.578613
-6.680218
7.248574
1.753966
-4.028804
5.731442
-4.866047
6.420389
-2.135191
2.996778
-5.333706
6.308620
0.335814
-1.521435
1.992406
-4.240137
5.855536
-2.690394
4.076652
-6.041715
6.896983
1.750770
-4.187849
6.164261
-5.374079
7.251695
-2.487356
3.569554
-6.411312
7.652030
0.509218
-2.068113
2.822822
-5.747921
7.624447
-2.013950
2.698365
-5.652876
7.634881
-2.915565
4.235603
-7.010208
7.968236
0.292837
-2.371955
0.150372
-0.074904
0.111876
-0.009139
-0.013535
0.008592
-0.066328
0.020849
-0.173404
0.061555
-0.409043
0.125246
-0.700997
0.201380
-1.026930
0.289393
-1.370909
0.398748
-1.669520
0.529924
-1.895990
0.627129
-1.985989
0.574911
-1.839626
0.451196
-1.608507
0.391086
-1.515329
0.390098
-1.553615
0.425863
-1.651538
0.471934
-1.747778
0.513414
-1.823826
0.546817
-1.861828
0.552422
-1.875381
0.577797
-1.930441
0.626645
-2.001281
0.676625
-2.069208
0.730204
-2.133224
0.790013
-2.203032
0.888470
-2.302504
0.995817
-2.393537
1.108872
-2.515480
1.106565
-2.524481
1.133193
-2.574472
1.146381
-2.593220
1.154216
-2.618524
1.171092
-2.665991
1.192940
-2.712606
1.209950
-2.747250
1.228223
-2.797048
1.254222
-2.857619
1.279569
-2.923242
1.315607
-3.006567
1.345868
-3.055307
1.363226
-3.101099
1.391464
-3.172714
1.417842
-3.220580
1.438204
-3.275265
1.471473
-3.373934
1.523315
-3.495382
1.571425
-3.585852
1.605861
-3.655294
1.633842
-3.704797
1.644987
-3.708905
1.645109
-3.713190
1.639879
-3.655477
1.591095
-3.508737
1.514943
-3.317985
1.425804
-3.106855
1.324086
-2.857063
1.209134
-2.591600
1.086528
-2.388049
0.692658
-1.989723
0.564216
-1.839004
0.507005
-1.776336
0.513201
-1.844757
0.641808
-2.104041
1.043917
-2.601243
1.215744
-2.887114
1.329453
-3.097610
1.402188
-3.193386
1.417577
-3.183991
1.401638
-3.141469
1.388492
-3.131713
1.388745
-3.135867
1.392242
-3.139921
1.384243
-3.081761
1.341734
-2.962953
1.284907
-2.829987
1.223573
-2.689516
1.160686
-2.544400
1.095388
-2.419497
0.906544
-2.245946
0.772998
-2.115823
0.646410
-1.946522
0.510541
-1.719490
0.413744
-1.551810
0.403614
-1.603754
0.468972
-1.785749
0.591121
-2.009910
0.786024
-2.239711
0.996803
-2.417157
1.116456
-2.535511
1.109779
-2.497115
1.100843
-2.455767
1.078887
-2.424924
1.047010
-2.399203
1.033751
-2.393939
1.085511
-2.459646
1.089370
-2.472409
1.101233
-2.489787
1.105969
-2.500657
1.112698
-2.525423
1.130305
-2.581309
1.159299
-2.646520
1.183909
-2.690903
1.203578
-2.745858
1.232143
-2.800764
1.243547
-2.795904
1.232884
-2.765585
1.223080
-2.764308
1.235821
-2.823990
1.268778
-2.903066
1.306992
-2.984191
1.334050
-3.024447
1.343614
-3.030934
1.346691
-3.059607
1.369509
-3.111844
1.384786
-3.127665
1.388888
-3.141091
1.397462
-3.159003
1.400479
-3.157122
1.400551
-3.164900
1.408504
-3.194914
1.423834
-3.224267
1.432546
-3.227298
1.429393
-3.228142
1.434532
-3.257474
1.465743
-3.382957
1.544363
-3.601775
1.654080
-3.865161
1.775858
-4.137758
1.889128
-4.391586
2.012585
-4.697990
2.150395
-4.982311
2.259500
-5.207243
2.362071
-5.460866
2.481894
-5.720358
2.575829
-5.854884
2.594550
-5.807843
2.540989
-5.627819
2.441916
-5.393064
2.354020
-5.267736
2.335148
-5.304860
2.384907
-5.477859
2.473188
-5.670752
2.545708
-5.781347
2.567954
-5.781047
2.550100
-5.705791
2.506804
-5.615666
2.483441
-5.616317
2.507690
-5.711776
2.561936
-7.924366
2.612499
-1.502243
0.248003
-1.226916
0.307083
-1.317156
0.329576
-1.400490
0.368973
-1.538680
0.442036
-1.724299
0.546781
-1.932689
0.703185
-2.158761
1.005019
-2.496880
1.181764
-2.780174
1.269368
-2.957403
1.333490
-2.996447
1.298904
-2.821902
1.195711
-2.581594
1.106854
-2.449647
1.080268
-2.448172
1.094083
-2.489797
1.116479
-2.552977
1.147579
-2.612346
1.164560
-2.628318
1.159175
-2.596468
1.142558
-2.553413
1.119051
-2.489481
1.089945
-2.435378
1.044813
-2.390867
0.956173
-2.316248
0.933961
-2.309518
0.939743
-2.320093
0.942548
-2.324043
0.968852
-2.351378
1.009846
-2.383323
1.002392
-2.371432
1.029912
-2.398778
1.057564
-2.417996
1.068622
-2.422518
1.033353
-2.389272
1.051830
-2.412810
1.054917
-2.408056
1.005023
-2.360257
0.935425
-2.292407
0.828925
-2.184729
0.724725
-2.068567
0.643635
-1.979937
0.605554
-1.932818
0.582237
-1.906126
0.566639
-1.872620
0.525634
-1.785630
0.468646
-1.673788
0.427247
-1.591313
0.400689
-1.526687
0.371202
-1.447407
0.343439
-1.371833
0.321763
-1.294936
0.294462
-1.165278
0.251376
-0.986211
0.197206
-0.745520
0.129716
-0.439438
0.055272
-0.120334
-0.007640
0.217334
-0.276058
0.803019
-0.784097
1.512073
-0.666840
1.358873
-1.680370
2.347765
0.062084
-0.078542
0.172847
-0.231582
0.428815
-0.528780
0.797916
-0.579087
0.799407
-0.044559
0.205301
-0.207658
0.515801
-0.581363
1.038032
-0.316225
0.684816
-0.814191
1.305580
-0.243120
0.560799
-0.807146
1.452410
-0.907013
1.644673
-1.212020
2.073414
-1.127822
2.025892
-2.008278
2.948883
-0.338627
0.570168
-1.258741
2.226634
-3.461522
4.392458
0.573667
-1.822600
2.807818
-4.768085
5.570009
1.179895
-2.966926
4.390804
-4.799155
5.733237
0.205228
-1.178518
1.422958
-3.191730
4.484088
-3.389500
4.670363
-2.555986
3.802418
-4.412018
5.299297
0.490799
-1.708604
2.441997
-4.516810
5.526805
0.086578
-0.977132
1.067756
-2.763299
4.116212
-5.008738
5.820056
0.866946
-2.426950
3.588552
-5.255971
5.831586
1.451580
-3.413907
4.972118
-4.293365
5.825995
-2.073067
3.018731
-5.366209
6.343482
0.647536
-2.101507
2.998600
-5.258853
6.179595
0.621253
-2.054552
2.962879
-5.297435
6.347715
0.565639
-2.009817
2.873548
-5.414961
6.704557
-0.104755
-0.782433
0.519177
-1.966269
2.737238
-5.364931
6.868661
-0.969802
0.851588
-2.593723
3.796982
-6.233085
7.067210
1.404399
-3.544402
5.244996
-6.051178
7.204883
0.677659
-2.323298
3.327327
-6.111309
7.426135
0.248803
-1.553565
1.879629
-4.328647
6.164207
-5.026711
6.683794
-2.660492
3.821457
-5.915045
6.478229
1.427666
-3.366420
4.804523
-4.624200
5.708091
-0.626325
0.376930
-1.456675
1.946292
-3.831326
4.935840
-1.117879
1.403440
-3.165562
4.561481
-3.159144
4.703491
-3.857777
5.572118
-2.939116
4.481384
-5.768847
6.584629
1.236006
-3.134611
4.569563
-5.440613
6.229931
0.912554
-2.584002
3.880597
-5.818196
6.540795
1.639061
-3.868120
5.659732
-4.903818
6.638248
-2.339931
3.384383
2.892475
5.926597
0.209557
-0.099208
0.135820
-0.007529
0.004956
0.007153
-0.094956
0.034424
-0.240905
0.072103
-0.421015
0.117667
-0.624878
0.170827
-0.875775
0.247240
-1.217530
0.341864
-1.571503
0.521763
-1.935020
0.750792
-2.216075
0.962419
-2.379101
0.910445
-2.259291
0.716771
-2.047082
0.633217
-1.971288
0.621104
-1.970693
0.633636
-2.003141
0.682178
-2.081596
0.747521
-2.145497
0.761269
-2.148844
0.764018
-2.161631
0.836833
-2.256110
0.981800
-2.387474
1.090790
-2.480798
1.095856
-2.504120
1.126591
-2.575773
1.157195
-2.637545
1.179714
-2.683763
1.199614
-2.726425
1.216089
-2.747666
1.216852
-2.742658
1.218402
-2.761637
1.232541
-2.793227
1.243180
-2.821912
1.259007
-2.855119
1.275225
-2.909794
1.303746
-2.960993
1.316344
-2.962334
1.306351
-2.937124
1.305768
-2.966634
1.324678
-3.008905
1.343904
-3.055707
1.367897
-3.118786
1.395254
-3.166754
1.410702
-3.196114
1.425574
-3.243861
1.456738
-3.334896
1.498180
-3.407536
1.515143
-3.416545
1.512455
-3.402155
1.500886
-3.360742
1.478685
-3.300780
1.443408
-3.195822
1.378747
-2.998008
1.274222
-2.742292
1.150309
-2.433167
0.784809
-2.056799
0.509014
-1.697773
0.381065
-1.403930
0.290971
-1.134815
0.242691
-1.000779
0.241006
-1.084814
0.286737
-1.344234
0.394319
-1.719182
0.658936
-2.174247
1.213314
-2.833770
1.183735
-2.780516
1.275492
-2.875858
1.266625
-2.830423
1.238592
-2.751261
1.204832
-2.701993
1.195941
-2.698676
1.197736
-2.698763
1.190291
-2.657021
1.159811
-2.556944
1.100429
-2.419246
0.873998
-2.208131
0.740106
-2.084242
0.650901
-1.971125
0.558787
-1.828672
0.469580
-1.647448
0.388981
-1.461764
0.326149
-1.265788
0.275444
-1.102644
0.252728
-1.074172
0.263961
-1.166854
0.299885
-1.353130
0.368775
-1.547228
0.433593
-1.646473
0.441375
-1.640256
0.436041
-1.641025
0.447029
-1.675446
0.464881
-1.719559
0.497605
-1.795766
0.532435
-1.842039
0.545532
-1.862294
0.558984
-1.886843
0.580690
-1.912458
0.569832
-1.889275
0.568185
-1.892532
0.567935
-1.893849
0.579921
-1.919490
0.600421
-1.952707
0.624046
-1.983043
0.633118
-1.989001
0.629643
-1.981238
0.628769
-1.985020
0.640448
-2.009387
0.668808
-2.044178
0.672966
-2.040181
0.667731
-2.035100
0.674350
-2.051030
0.698853
-2.087995
0.746533
-2.154138
0.820257
-2.228597
0.867832
-2.266386
0.882473
-2.271688
0.877910
-2.265841
0.906242
-2.301123
0.956765
-2.342798
0.959740
-2.337835
0.975652
-2.353538
0.991070
-2.368643
1.083432
-2.479873
1.114463
-2.583206
1.182408
-2.779612
1.296163
-3.089163
1.446801
-3.435506
1.596096
-3.745652
1.718692
-3.999695
1.826723
-4.245071
1.937684
-4.497893
2.053338
-4.756357
2.153958
-4.936141
2.208737
-4.989451
2.202811
-4.923976
2.151946
-4.763890
2.065989
-4.551697
1.973597
-4.374666
1.920574
-4.329769
1.935982
-4.429626
1.996990
-4.578135
2.058868
-4.697462
2.097460
-4.734134
2.089828
-4.683661
2.061658
-4.626784
2.048388
-4.630869
2.066309
-4.708261
2.112021
-9.710734
2.162422
-1.597143
0.263649
-1.305170
0.338987
-1.441350
0.383685
-1.552774
0.433939
-1.693598
0.519857
-1.890558
0.687825
-2.146576
0.972283
-2.434445
1.170022
-2.759563
1.260683
-2.963581
1.358684
-3.129711
1.397562
-3.127431
1.361415
-3.002305
1.302518
-2.880408
1.253359
-2.774724
1.205194
-2.666368
1.163347
-2.583686
1.129855
-2.530804
1.120931
-2.524137
1.111805
-2.478577
1.085576
-2.425464
1.020656
-2.371643
0.974498
-2.336557
0.940927
-2.314409
0.938060
-2.315538
0.919739
-2.294928
0.882494
-2.258068
0.845348
-2.221681
0.810578
-2.190232
0.791367
-2.176722
0.794516
-2.185288
0.812799
-2.204493
0.796654
-2.169756
0.722143
-2.084460
0.699592
-2.066523
0.673325
-2.028038
0.629974
-1.956769
0.569125
-1.863133
0.517176
-1.787381
0.497128
-1.756079
0.480888
-1.724084
0.473029
-1.715860
0.467501
-1.686027
0.440570
-1.626575
0.415963
-1.568222
0.390528
-1.502593
0.366619
-1.445863
0.356623
-1.439355
0.362076
-1.456827
0.364690
-1.451168
0.356546
-1.418363
0.338155
-1.351560
0.310486
-1.225784
0.262761
-1.005155
0.190881
-0.684325
0.105403
-0.314957
0.021375
0.075117
-0.091863
0.441749
-0.586678
1.305067
-0.751157
1.571972
-1.731290
2.669001
-0.284825
0.501532
-1.021257
1.752099
-2.492199
3.002582
0.348344
-0.605462
0.987575
-1.310715
1.729424
-0.310807
0.610470
-0.835012
1.436505
-0.756286
1.435018
-1.328222
2.007649
-0.335951
0.676009
-1.079942
1.834061
-1.392087
2.186123
-0.853956
1.580444
-2.072331
2.838880
0.257420
-0.572416
1.020208
-1.961881
3.178881
-2.339268
3.607986
-2.058823
3.247281
-3.725729
4.718803
0.192973
-1.137630
1.488872
-3.540880
5.295403
-3.986905
5.867398
-4.037872
5.941431
-4.845245
6.627321
-2.993293
4.369653
-6.130769
6.663522
1.606951
-3.702486
5.293712
-4.560194
6.095150
-2.013360
2.894358
-5.410287
6.663754
0.081211
-1.130488
1.191032
-3.131280
4.647807
-6.012797
6.838397
1.375317
-3.460840
5.111505
-5.812603
6.902937
0.562417
-2.043460
2.857991
-5.463025
6.858779
-0.538365
0.028800
-1.062364
1.029614
-2.888942
4.274090
-6.315146
7.050827
1.762469
-4.146698
6.042134
-5.212142
7.030095
-2.474699
3.574875
-6.340250
7.515990
0.752415
-2.497884
3.598529
-6.458429
7.706419
0.631383
-2.306448
3.247760
-6.242594
7.867945
-0.610349
0.015879
-1.193852
1.131657
-3.275319
4.891129
-7.540258
8.464572
2.072924
-4.906487
7.147070
-6.345691
8.418116
-2.463903
3.403941
-6.726674
8.697219
-1.495692
1.582570
-4.161519
6.163352
-7.857346
8.820186
1.711706
-4.249290
6.144196
-6.961700
8.012901
0.811811
-2.579219
3.633233
-6.231970
7.152735
0.765097
-2.361091
3.326057
-5.551035
6.261922
0.888389
-2.457618
3.580884
-5.272359
5.864146
1.475039
-3.542792
5.302213
-4.735734
6.610108
-2.367347
3.499545
-6.378192
7.654734
0.611382
-2.220672
3.044494
-5.735350
7.094006
-0.666105
0.251335
-1.491637
1.839859
-4.257175
6.174912
-4.888581
6.840365
-3.546176
5.265667
-6.556532
7.491846
-1.087981
2.035730
-0.361107
0.543105
-0.077995
0.186835
-0.101468
0.147881
-0.018035
-0.022846
0.018176
-0.180040
0.061349
-0.377722
0.108436
-0.601497
0.171503
-0.900059
0.257393
-1.261709
0.356995
-1.607202
0.530548
-1.928656
0.696642
-2.106483
0.685577
-2.014518
0.543521
-1.786896
0.449529
-1.625371
0.404715
-1.541044
0.393414
-1.542095
0.405925
-1.581185
0.422626
-1.608569
0.422083
-1.591244
0.409318
-1.574601
0.417583
-1.614443
0.451080
-1.709633
0.499505
-1.801321
0.537351
-1.852276
0.558758
-1.896540
0.597535
-1.955176
0.630562
-2.002671
0.678216
-2.073257
0.734684
-2.133048
0.772141
-2.178013
0.840315
-2.250742
0.930822
-2.339048
1.055620
-2.442311
1.097100
-2.498375
1.116475
-2.557245
1.156497
-2.663747
1.204453
-2.757301
1.236809
-2.817087
1.259589
-2.868914
1.283951
-2.914437
1.298235
-2.941820
1.309597
-2.966703
1.325323
-3.025942
1.360462
-3.116122
1.403222
-3.206312
1.433487
-3.244535
1.441290
-3.258268
1.446705
-3.270334
1.453322
-3.275732
1.444746
-3.228257
1.412637
-3.134304
1.364771
-3.018176
1.303347
-2.840624
1.207173
-2.587242
1.081744
-2.375899
0.631377
-1.893593
0.472376
-1.629233
0.355744
-1.337177
0.279166
-1.070112
0.216256
-0.849244
0.181759
-0.795162
0.198579
-0.969248
0.270656
-1.323460
0.392253
-1.695880
0.586086
-2.014454
0.772757
-2.208815
0.840219
-2.234549
0.784335
-2.155425
0.739786
-2.114669
0.739334
-2.129377
0.775896
-2.174919
0.809808
-2.207698
0.811926
-2.193281
0.767091
-2.142193
0.730835
-2.089432
0.643248
-1.953211
0.531423
-1.778749
0.449691
-1.600257
0.361583
-1.366433
0.287675
-1.094767
0.213854
-0.799534
0.141991
-0.505489
0.077015
-0.254490
0.036071
-0.150957
0.035853
-0.229731
0.070723
-0.437664
0.129588
-0.694500
0.185518
-0.884177
0.222280
-0.977009
0.230901
-0.968933
0.222206
-0.943949
0.224029
-0.986187
0.244980
-1.086160
0.267775
-1.140823
0.272344
-1.135700
0.267330
-1.119587
0.266971
-1.130477
0.270633
-1.137699
0.270840
-1.135312
0.270970
-1.151991
0.280151
-1.203348
0.297902
-1.269003
0.312381
-1.302763
0.314888
-1.294814
0.310904
-1.284074
0.310633
-1.288196
0.312420
-1.304569
0.320358
-1.342080
0.332750
-1.390208
0.351521
-1.434340
0.359096
-1.438927
0.357540
-1.439146
0.359590
-1.453294
0.371746
-1.500346
0.392308
-1.545624
0.406324
-1.577533
0.424081
-1.640117
0.467769
-1.742011
0.509104
-1.812871
0.538652
-1.847439
0.540543
-1.845512
0.545787
-1.866056
0.573461
-1.929833
0.652398
-2.067474
0.814165
-2.264947
1.110518
-2.609426
1.171525
-2.788285
1.304191
-3.081390
1.427822
-3.363360
1.554302
-3.646467
1.678876
-3.923867
1.796570
-4.177326
1.907255
-4.410806
1.993253
-4.548330
2.019728
-4.520571
1.970479
-4.322705
1.848425
-4.006005
1.705121
-3.705997
1.598429
-3.551233
1.571965
-3.580153
1.613340
-3.709699
1.678697
-3.862329
1.740424
-3.968777
1.770869
-4.005354
1.776246
-3.996436
1.764142
-3.965198
1.760672
-4.001902
1.795178
-4.108090
4.834026
-4.233546
-0.007067
-0.568102
0.077926
-0.757244
0.171482
-0.948498
0.239028
-1.102372
0.279732
-1.236796
0.319192
-1.419889
0.409619
-1.698220
0.574694
-2.017251
0.872960
-2.358204
1.199015
-2.821322
1.259722
-2.955865
1.347733
-3.052166
1.336372
-2.942243
1.263812
-2.753373
1.179164
-2.575057
1.110126
-2.451651
1.058782
-2.406259
1.008753
-2.366255
0.980230
-2.343081
0.925000
-2.288112
0.836624
-2.196827
0.752128
-2.113476
0.703243
-2.070888
0.702927
-2.080210
0.703482
-2.073951
0.687351
-2.060146
0.689939
-2.060099
0.672682
-2.029925
0.643918
-1.997882
0.636213
-1.986216
0.626559
-1.982395
0.638773
-2.003078
0.654119
-2.019724
0.652190
-2.006197
0.617563
-1.947646
0.580573
-1.892033
0.544095
-1.836070
0.514533
-1.779675
0.490744
-1.749950
0.485996
-1.735529
0.473396
-1.708393
0.460325
-1.676296
0.443747
-1.643012
0.433030
-1.620454
0.422858
-1.588258
0.403663
-1.548112
0.393616
-1.532382
0.395368
-1.545469
0.403201
-1.564288
0.407411
-1.562730
0.398897
-1.527908
0.370134
-1.421209
0.312239
-1.214591
0.254444
-0.966946
0.181602
-0.658503
0.104583
-0.333144
0.031535
0.001672
-0.025444
0.260803
-0.343809
0.882870
-0.857111
1.616218
-0.646879
1.313001
-1.722330
2.352750
0.079801
-0.103387
0.215126
-0.272481
0.473210
-0.512080
0.719261
-0.315495
0.494564
-0.182358
0.387554
-0.243714
0.528724
-0.259786
0.587602
-0.449713
0.829784
-0.312591
0.671722
-0.665253
1.122343
-0.215018
0.550812
-0.822559
1.516358
-1.016873
1.824017
-1.234793
2.130230
-1.434648
2.397144
-1.602507
2.644361
-1.837658
3.006278
-2.020445
3.330299
-2.596289
3.952161
-2.492980
3.871893
-4.113921
5.450243
-0.510754
0.153977
-1.155986
1.346872
-3.204826
4.599478
-4.397267
5.460989
-0.679595
0.509092
-1.687377
2.389709
-4.330935
5.245571
0.278137
-1.311243
1.745538
-3.779982
5.234944
-2.503176
3.720514
-5.089193
5.703853
1.334630
-3.199339
4.673101
-4.415778
5.698706
-1.048584
1.171225
-2.968942
4.420818
-5.082653
6.082743
0.520621
-1.865642
2.633805
-4.981068
6.189593
-0.272767
-0.382646
-0.174561
-0.580676
0.198179
-1.305764
1.575239
-3.701582
5.360897
-4.700309
6.283458
-1.968376
2.769664
-5.284377
6.637926
-0.415167
-0.182838
-0.640107
0.236040
-1.442799
1.761284
-4.080776
5.872431
-4.737274
6.453495
-2.900455
4.303585
-6.256778
6.964887
1.728807
-4.043631
5.852192
-5.031949
6.765552
-2.351548
3.392081
-6.070646
7.241260
0.614284
-2.214479
3.126413
-5.910168
7.303936
-0.362040
-0.352036
-0.351312
-0.329859
-0.344733
-0.290119
-0.365122
-0.199898
-0.483602
0.069444
-0.927508
0.945641
-2.416253
3.493642
-4.400902
4.885012
0.956663
-2.349501
3.381557
-3.777558
4.422528
0.378027
-1.355205
1.953889
-3.796662
4.891056
-0.182992
-0.415789
0.014543
-0.860275
0.827273
-2.369466
3.490299
-5.197723
5.669433
1.368715
-3.176744
4.574171
-3.984920
5.335599
-1.714752
2.452980
-4.679360
5.862972
-0.195798
-0.488317
0.071607
-0.993425
1.037211
4.884314
5.558350
-0.117415
0.264362
-0.170545
0.299463
-0.068628
0.159899
-0.064244
0.078755
0.005253
-0.135746
0.054359
-0.370194
0.114035
-0.645900
0.185856
-0.956039
0.266515
-1.255802
0.340397
-1.520640
0.468957
-1.825579
0.657755
-2.120885
0.945629
-2.399819
1.144643
-2.615833
1.144614
-2.605884
1.161022
-2.604362
1.140520
-2.521196
1.086326
-2.411731
0.856715
-2.200220
0.785610
-2.156431
0.781433
-2.178074
0.845971
-2.252418
0.912786
-2.314788
0.971031
-2.359217
1.024879
-2.401928
1.097585
-2.499093
1.111736
-2.546215
1.142213
-2.588263
1.151082
-2.610280
1.166285
-2.661452
1.200021
-2.747498
1.233816
-2.815861
1.260634
-2.872314
1.287062
-2.935523
1.318018
-3.014539
1.354629
-3.084294
1.372585
-3.093513
1.370405
-3.100444
1.382408
-3.139004
1.400244
-3.177933
1.419315
-3.222900
1.437979
-3.269276
1.462224
-3.327416
1.490807
-3.395641
1.517477
-3.456274
1.552158
-3.554495
1.603441
-3.685635
1.665703
-3.819378
1.714751
-3.904353
1.738397
-3.917007
1.724721
-3.831474
1.661243
-3.649430
1.570662
-3.432201
1.473274
-3.209260
1.370491
-2.971031
1.262116
-2.715959
1.146619
-2.463570
0.914856
-2.224517
0.632663
-1.902519
0.475090
-1.651576
0.391583
-1.491173
0.365845
-1.481466
0.402641
-1.660010
0.559751
-2.019537
0.941967
-2.445575
1.184940
-2.731864
1.204195
-2.743977
1.225270
-2.770996
1.231057
-2.790516
1.250384
-2.863183
1.289118
-2.947141
1.318763
-2.986931
1.321539
-2.952671
1.289381
-2.851691
1.235512
-2.720665
1.180176
-2.608013
1.133584
-2.505903
1.087543
-2.417575
0.889725
-2.222619
0.701518
-2.002692
0.526608
-1.740795
0.404165
-1.471960
0.314666
-1.222091
0.262565
-1.046695
0.232990
-0.981948
0.235267
-1.036791
0.258662
-1.139456
0.284389
-1.235923
0.311092
-1.340350
0.341320
-1.424907
0.360396
-1.435168
0.347899
-1.391305
0.331158
-1.353863
0.332642
-1.389828
0.353235
-1.455788
0.380990
-1.541033
0.423178
-1.639913
0.455999
-1.687589
0.461866
-1.699438
0.471565
-1.715247
0.469516
-1.704356
0.464936
-1.696881
0.458285
-1.668711
0.435370
-1.618497
0.421723
-1.602033
0.421441
-1.590608
0.405998
-1.554265
0.399365
-1.553121
0.407400
-1.588303
0.434032
-1.650762
0.453498
-1.680136
0.459019
-1.688285
0.463373
-1.706427
0.478336
-1.735571
0.486572
-1.753354
0.499367
-1.779656
0.505855
-1.781574
0.507709
-1.799572
0.523720
-1.817663
0.526542
-1.831677
0.547078
-1.869658
0.575496
-1.926580
0.620129
-1.988769
0.670434
-2.079230
0.817011
-2.265399
1.126882
-2.629841
1.162215
-2.747699
1.280529
-3.010813
1.387563
-3.239790
1.479115
-3.419976
1.551720
-3.581427
1.629570
-3.780737
1.726038
-4.015042
1.836253
-4.252026
1.924113
-4.407078
1.972747
-4.461262
1.961964
-4.343235
1.880026
-4.136604
1.793614
-3.991503
1.766985
-4.013419
1.803400
-4.137710
1.867487
-4.282152
1.926697
-4.399760
1.968659
-4.459684
1.976754
-4.451019
1.973153
-4.470484
2.002252
-4.579794
2.062925
-4.726154
2.125285
-4.863789
5.735168
-5.004567
0.152352
-1.230285
0.315543
-1.486679
0.431020
-1.690411
0.513731
-1.851660
0.615926
-2.024776
0.776740
-2.233373
1.086562
-2.581008
1.165166
-2.752752
1.276073
-2.995234
1.373267
-3.165089
1.411975
-3.161004
1.373680
-3.002378
1.279391
-2.760944
1.172362
-2.545356
1.093778
-2.420376
0.944265
-2.298958
0.925663
-2.302261
0.939079
-2.325157
0.986549
-2.367322
0.998311
-2.368461
0.986528
-2.357136
0.996782
-2.369534
1.043400
-2.414818
1.092041
-2.466104
1.087228
-2.439788
1.051468
-2.395494
0.937099
-2.289451
0.847268
-2.211758
0.791476
-2.168680
0.789962
-2.174996
0.771147
-2.148925
0.743130
-2.119849
0.729527
-2.104048
0.707736
-2.076404
0.682535
-2.044639
0.664763
-2.026596
0.658611
-2.018708
0.647498
-1.998952
0.611917
-1.939820
0.578566
-1.891145
0.546660
-1.843884
0.535981
-1.845437
0.556898
-1.883484
0.567019
-1.885127
0.554754
-1.863282
0.548805
-1.859037
0.543013
-1.843957
0.533169
-1.824497
0.516024
-1.792983
0.503549
-1.774766
0.487721
-1.715121
0.431884
-1.562686
0.348153
-1.308150
0.267556
-1.002560
0.187403
-0.666058
0.099981
-0.290754
0.017397
0.090580
-0.106441
0.471637
-0.604216
1.319346
-0.697631
1.475223
-1.726052
2.518384
-0.061447
0.107360
-0.183536
0.331034
-0.489583
0.815572
-0.946024
1.217973
-0.150469
0.335368
-0.363263
0.708892
-0.522060
0.998100
-0.453783
0.938604
-0.935210
1.454144
-0.187209
0.448306
-0.662114
1.235165
-1.195597
1.786947
-0.180757
0.419546
-0.678015
1.299669
-1.655785
2.339937
0.075364
-0.129143
0.247887
-0.496489
0.919969
-1.711484
2.857043
-2.205824
3.501434
-1.891713
3.093884
-4.121213
5.058456
0.926190
-2.582536
3.958343
-5.313197
6.049468
1.295264
-3.170799
4.598629
-4.764370
5.719740
-0.063390
-0.681855
0.501827
-1.721026
2.448414
-4.541182
5.584520
0.090662
-1.009056
1.113320
-2.874710
4.276455
-5.142259
5.965336
0.836600
-2.393209
3.543911
-5.406350
6.047040
1.487000
-3.518393
5.125258
-4.533108
6.077650
-1.871141
2.634050
-5.112933
6.510280
-0.665708
0.317480
-1.584751
2.052683
-4.504133
6.312645
-3.586154
5.301376
-5.815739
7.049422
0.241500
-1.481823
1.807458
-4.177629
6.001656
-4.868907
6.656191
-2.966544
4.434878
-6.594973
7.396842
1.852738
-4.362693
6.349721
-5.464371
7.363289
-2.596724
3.760241
-6.691131
7.946570
0.811192
-2.657190
3.826087
-6.787216
8.030384
0.778511
-2.615220
3.753222
-6.796108
8.177159
0.498510
-2.123610
2.834200
-5.818169
7.733973
-2.640989
3.748390
-6.611798
7.741886
0.598459
-2.179923
2.986242
-5.668833
7.036914
-0.757648
0.434228
-1.763098
2.326980
-4.654248
6.038621
-1.791917
2.439496
-4.591750
5.655672
-0.583065
0.304241
-1.329823
1.736145
-3.643672
4.995763
-2.131312
3.243024
-5.236952
6.125631
1.524734
-3.760131
5.579388
-5.159080
6.682166
-1.483311
1.821633
-4.033952
5.650366
-3.919566
5.563445
-3.989263
5.688058
-3.889105
5.670880
-4.495473
6.277776
-3.255684
4.822757
-5.969164
6.822508
-1.966560
1.866092
-0.247137
0.319468
0.001907
0.049363
-0.006261
0.035732
-0.004995
-0.024371
0.018188
-0.171417
0.059007
-0.374176
0.110198
-0.611726
0.170723
-0.859574
0.231526
-1.099380
0.293260
-1.335707
0.366119
-1.586684
0.505332
-1.903131
0.748851
-2.238091
1.182430
-2.735600
1.163201
-2.736896
1.259086
-2.864881
1.272429
-2.866666
1.260126
-2.787368
1.201047
-2.629788
1.139352
-2.534846
1.116872
-2.515273
1.118113
-2.540180
