-0.027270
0.008497
0.005681
0.001662
-0.011049
-0.015339
-0.012519
-0.010005
-0.014527
-0.006490
0.003747
-0.003168
-0.009042
-0.010121
-0.004287
-0.015880
-0.008963
-0.016504
-0.006916
-0.019735
-0.003169
-0.008498
-0.005679
-0.017276
-0.017460
-0.010932
-0.013985
-0.014373
0.008926
-0.015569
-0.002858
0.001197
-0.000966
-0.009661
-0.019121
-0.003980
0.002047
-0.014528
-0.014025
-0.016615
-0.007884
-0.001584
-0.024340
-0.010623
-0.008463
-0.003321
0.006065
-0.012477
-0.013215
-0.010866
-0.007417
-0.024663
-0.006257
-0.003942
-0.005176
-0.004483
-0.024883
-0.000386
-0.019201
-0.027930
-0.018935
-0.024567
-0.017467
-0.008385
0.001970
-0.020288
-0.015570
-0.016304
-0.017000
-0.015491
-0.011281
-0.003863
-0.012714
-0.003979
-0.009426
-0.024534
-0.011667
-0.025692
-0.006567
-0.021678
-0.004405
-0.030365
-0.028449
-0.024499
-0.007920
0.000193
-0.017119
-0.009813
-0.020432
-0.024717
-0.015572
-0.018737
-0.009233
-0.003632
-0.021482
-0.011823
-0.009310
-0.015107
-0.017072
-0.022604
-0.017001
-0.011472
-0.013953
-0.005100
-0.015303
-0.021290
-0.010432
-0.025007
-0.012518
-0.012595
-0.011667
-0.017919
-0.001507
-0.003902
-0.015915
-0.010703
-0.021481
-0.011902
-0.026888
-0.028414
-0.013983
-0.013059
-0.020321
-0.016378
-0.017543
-0.015802
-0.014337
-0.010509
-0.013331
-0.010424
-0.007689
-0.021371
-0.024033
-0.005871
-0.014916
-0.018045
-0.013717
-0.015527
-0.020689
-0.014334
-0.025331
-0.014488
-0.013641
-0.027197
-0.021868
-0.018896
-0.017428
-0.029940
-0.017694
-0.012282
-0.031102
-0.022411
-0.017968
-0.013091
-0.016193
-0.021171
-0.033536
-0.022296
-0.016266
-0.019245
-0.016850
-0.035204
-0.016110
-0.036703
-0.029235
-0.022331
-0.028125
-0.038211
-0.009467
-0.005179
-0.012405
-0.023684
-0.026972
-0.009971
-0.016846
-0.036019
-0.001931
-0.011979
-0.021754
-0.024610
-0.023723
-0.023294
-0.027364
-0.019320
-0.033035
-0.033959
-0.010700
-0.020678
-0.024925
-0.004906
-0.021360
-0.037640
-0.023576
-0.015498
-0.016882
-0.015451
-0.010125
-0.029135
-0.018312
-0.014604
-0.019813
-0.025496
-0.001661
-0.022567
-0.020439
-0.013913
-0.026160
0.006065
-0.005873
-0.002163
-0.020014
-0.000734
-0.013909
-0.011056
-0.019127
-0.018466
-0.013249
-0.019819
-0.012249
-0.004093
-0.008422
-0.007224
-0.013404
-0.029406
-0.000425
-0.031833
-0.007843
-0.028050
-0.003590
-0.012908
-0.013600
-0.013948
0.005448
0.004985
-0.001622
-0.024608
-0.001313
-0.005834
-0.015075
-0.018544
-0.012519
-0.004752
0.004327
0.006335
0.004405
-0.014178
-0.006027
-0.002164
-0.022073
-0.002744
-0.022757
-0.005757
-0.000618
-0.014760
-0.024736
-0.004869
-0.020362
-0.022523
-0.026211
-0.000348
-0.013294
-0.009080
0.007726
-0.008923
-0.013022
-0.002976
-0.011974
-0.006491
0.016844
-0.014253
0.014840
0.010121
-0.002009
-0.002511
-0.012520
-0.010855
-0.020516
-0.012676
-0.003400
-0.005409
-0.014796
-0.026976
0.009117
-0.003786
-0.012596
-0.006259
-0.010236
-0.009622
-0.005795
0.003014
-0.007612
-0.003013
-0.001623
0.000928
0.011162
0.002471
-0.020242
-0.013172
0.009735
-0.006144
-0.016921
-0.005602
-0.000811
-0.002510
0.014606
0.008269
0.007305
0.010354
-0.011399
-0.003516
-0.000618
-0.008269
0.008191
-0.010936
0.017615
-0.003825
-0.007303
-0.008964
0.006762
-0.010661
-0.016460
-0.015493
-0.000116
0.008192
0.000425
0.003400
-0.005023
-0.009119
0.003245
-0.008729
-0.032159
-0.014410
-0.004675
-0.008037
-0.011670
-0.014875
-0.019392
0.000309
-0.018545
-0.000850
0.000695
-0.023027
-0.004984
0.013554
0.001855
-0.003750
-0.015999
-0.013909
-0.010081
-0.007264
-0.004520
-0.015534
-0.010006
-0.011164
-0.017618
-0.003747
0.004173
-0.018703
-0.007494
-0.010127
-0.010548
-0.005178
-0.002048
-0.001546
0.014797
0.013049
-0.021093
-0.000270
-0.000888
-0.014452
-0.011510
0.003517
-0.010431
-0.006143
-0.015453
0.001043
0.003786
0.002280
-0.012827
-0.009503
-0.007923
-0.014565
-0.007879
0.014525
-0.016574
-0.009698
-0.000464
-0.011165
-0.015878
-0.009584
-0.007148
-0.008500
-0.013138
-0.036941
-0.010351
-0.005216
-0.020433
-0.024035
-0.020360
-0.019086
-0.001236
-0.015531
-0.025092
-0.022253
-0.022675
-0.023375
-0.012667
-0.030743
-0.021479
-0.004018
-0.020827
-0.025816
-0.028473
-0.017621
-0.010663
-0.022798
-0.042255
-0.019318
-0.020487
-0.024614
-0.013788
-0.016374
-0.023181
-0.040721
-0.031689
-0.018198
-0.015761
-0.015651
0.003323
-0.025584
-0.023495
-0.013214
-0.019124
-0.023957
-0.031777
-0.028749
-0.022489
-0.026658
-0.024299
-0.027197
-0.023345
-0.007069
-0.018118
-0.034999
-0.022880
-0.015762
-0.032423
-0.007264
0.004250
-0.021865
-0.021106
-0.025851
-0.024950
-0.019128
-0.005989
-0.040149
-0.032143
-0.021788
-0.032982
-0.014600
-0.038055
-0.018588
-0.030716
-0.014488
-0.043765
-0.033005
-0.015767
-0.022095
-0.032370
-0.017893
-0.019129
-0.011515
-0.003710
-0.011862
-0.006993
-0.012011
-0.025857
-0.018889
-0.028046
-0.008422
-0.028971
-0.029990
-0.030795
-0.016532
-0.016808
-0.015025
-0.022133
-0.018814
-0.007804
-0.019360
-0.014721
-0.007922
-0.013406
-0.029172
-0.009465
-0.012130
-0.011860
-0.030253
-0.035427
-0.012714
-0.012403
-0.010045
-0.018780
-0.003980
-0.014959
-0.020629
0.001159
-0.029677
-0.016884
-0.014217
-0.012441
-0.034159
-0.021637
-0.001391
0.009079
-0.002512
-0.001043
-0.004249
-0.010975
-0.015221
-0.013792
0.003245
-0.026191
0.008962
-0.003168
-0.007418
-0.029903
-0.023107
-0.024273
-0.006992
-0.007381
-0.005871
-0.002318
-0.020171
-0.025964
-0.033241
0.003554
-0.022724
-0.026459
-0.007766
-0.035427
0.002087
-0.012209
-0.001816
-0.004637
-0.009349
-0.021752
-0.001353
-0.014174
0.001198
-0.010744
-0.011240
-0.015647
-0.017896
-0.012479
-0.009117
0.005099
-0.015836
-0.014995
-0.009041
-0.003285
-0.019897
-0.011897
-0.009077
-0.008308
-0.020398
0.005719
-0.003863
-0.022721
-0.022761
-0.009814
-0.027856
-0.033539
-0.040767
-0.006647
-0.022571
0.006840
-0.017307
0.007767
0.004712
-0.009348
-0.019705
-0.000116
0.003979
-0.006142
0.001429
0.001700
-0.004405
-0.023871
-0.015148
-0.007186
-0.004058
-0.002163
-0.003825
-0.033855
-0.022871
0.007535
0.001970
-0.005757
-0.012212
-0.011398
-0.010471
-0.009118
-0.005718
0.008888
0.000657
0.000386
-0.000155
0.006028
-0.009928
-0.008504
-0.000696
-0.003556
-0.004947
-0.001043
0.007072
0.003631
-0.015029
0.000425
-0.007108
-0.018853
-0.005648
-0.020555
-0.004789
-0.011750
-0.012824
-0.008617
-0.007110
-0.005683
-0.000116
-0.008499
-0.018193
-0.008422
-0.015611
-0.016267
-0.009889
-0.021255
-0.014293
0.005872
-0.014792
0.005255
-0.020096
-0.017775
-0.011362
-0.017080
-0.005525
0.011900
-0.017813
-0.003748
-0.010394
-0.005099
-0.005796
-0.005563
-0.002086
-0.023487
-0.014496
-0.021945
-0.010933
-0.015138
-0.024033
-0.004791
0.012556
-0.006493
-0.005681
-0.007572
-0.012560
-0.005718
-0.005795
0.003554
-0.017617
-0.013484
-0.001970
0.009426
-0.011317
-0.011048
-0.022300
-0.017697
-0.019318
-0.018701
-0.015917
-0.016922
-0.017348
-0.012712
-0.025509
-0.016842
-0.020473
-0.016070
-0.006723
-0.024261
-0.025651
-0.025079
-0.030566
-0.027239
-0.017970
-0.012208
-0.011780
-0.025189
-0.017963
-0.014294
-0.015683
-0.021130
-0.009313
-0.020858
-0.024583
-0.011666
-0.012133
-0.013953
-0.008425
-0.020086
-0.017305
-0.026463
0.004327
-0.016111
0.003710
-0.020174
-0.020549
-0.019282
-0.004520
-0.020479
-0.025294
-0.035548
-0.023458
-0.024688
-0.023109
-0.016926
-0.012096
-0.001778
-0.001893
-0.012361
-0.021982
-0.024526
-0.013710
-0.032533
-0.014450
-0.040305
-0.039290
-0.024464
-0.048459
-0.032063
-0.036552
-0.035087
-0.033352
-0.024916
-0.041231
-0.037748
-0.029209
-0.034495
-0.013713
-0.021939
-0.024653
-0.033808
-0.000928
-0.017620
-0.029093
-0.025989
-0.024261
-0.008230
-0.023500
-0.022790
-0.028957
-0.007034
-0.034549
-0.020597
-0.020245
-0.032691
-0.016614
-0.034121
-0.019937
-0.018043
-0.010974
-0.032219
-0.020126
-0.019858
-0.016464
-0.018357
-0.004636
-0.015228
-0.024645
-0.024766
-0.013839
-0.008731
-0.006760
-0.011516
-0.015263
-0.006220
-0.013913
-0.003903
-0.026365
-0.000927
-0.006569
-0.010278
-0.022413
-0.002202
-0.022805
-0.035908
-0.013829
-0.013679
-0.009391
-0.006106
-0.009737
-0.025111
-0.013059
-0.023066
-0.022915
-0.030863
-0.020169
-0.014915
-0.009542
-0.018931
-0.028982
-0.025036
-0.013725
-0.007032
-0.013289
-0.012364
-0.013100
-0.019630
-0.021133
-0.003247
-0.012830
-0.012824
-0.005293
-0.035277
-0.016689
-0.018201
-0.019240
-0.018237
-0.020628
-0.005061
-0.022259
-0.013902
-0.014377
-0.018699
-0.038086
0.000927
-0.012288
-0.004288
-0.015342
-0.016848
-0.017004
-0.024654
-0.014140
-0.015030
-0.022879
-0.007265
-0.011671
-0.011940
-0.013180
-0.015925
-0.024570
-0.026426
0.001623
0.004675
0.006955
-0.007264
-0.000386
-0.012981
-0.004096
-0.014531
-0.011438
-0.013525
-0.018432
-0.015844
-0.014295
-0.011670
-0.005100
-0.006143
-0.011436
0.001043
-0.006028
-0.013559
-0.000618
-0.006107
-0.012092
-0.000657
0.002743
0.011632
-0.021519
-0.017895
-0.002202
-0.002009
-0.012363
-0.014407
0.006645
0.011935
-0.008036
-0.013987
-0.011899
-0.009696
-0.008230
-0.011089
0.025313
0.009813
-0.005333
0.004018
0.002396
-0.008463
-0.019746
-0.011320
0.002510
0.011242
0.009236
0.003090
-0.005988
-0.012554
0.006453
-0.009701
-0.005757
0.002588
-0.012211
-0.003324
0.003131
-0.007772
0.004289
-0.014374
-0.015033
-0.014719
-0.022444
-0.002202
0.000811
0.004753
0.008577
-0.002164
-0.014102
-0.010857
-0.019780
0.004444
-0.012206
-0.007611
-0.015773
-0.017853
0.003360
-0.003168
-0.012673
-0.008500
-0.010818
-0.010238
-0.007649
-0.002744
-0.005331
0.001121
0.012672
-0.006415
-0.003052
-0.000773
-0.002087
-0.020137
-0.010236
-0.014684
-0.016678
-0.013288
-0.020053
-0.007382
-0.003207
0.009275
-0.012055
-0.013681
-0.008001
-0.009504
-0.007495
-0.017001
-0.023454
-0.003248
-0.009081
-0.017232
-0.024344
-0.007110
-0.024022
-0.004905
-0.009776
-0.014954
-0.002164
-0.020363
-0.003595
-0.001043
0.000425
-0.005487
-0.011866
-0.008308
-0.003825
-0.022989
-0.005216
-0.011554
-0.010577
-0.006298
-0.007769
0.004599
-0.027583
-0.010899
-0.023569
-0.015687
-0.000657
-0.006337
-0.003978
-0.013487
-0.005100
-0.007112
-0.031222
-0.031693
-0.024339
-0.028356
-0.010663
-0.024461
-0.026888
-0.028330
-0.010320
-0.005255
-0.004018
-0.020326
-0.008731
-0.011010
-0.011979
-0.006064
-0.030334
0.001198
0.010740
-0.016849
-0.019783
-0.009081
-0.020404
-0.017773
-0.015996
-0.008848
-0.021712
0.001623
0.001662
-0.009392
-0.007649
-0.011903
-0.020595
-0.011625
-0.019016
-0.015956
-0.013177
-0.019006
-0.030786
-0.018585
-0.037330
-0.023333
-0.022408
-0.021408
-0.025976
-0.033960
-0.016657
-0.024069
-0.006564
-0.024962
-0.012052
-0.016616
-0.022062
-0.017773
-0.009005
-0.027046
-0.033963
-0.023106
-0.015533
-0.014141
-0.028633
-0.043167
-0.032535
-0.003052
-0.030643
-0.034128
-0.031681
-0.030731
-0.016077
-0.020364
-0.020597
-0.020858
-0.015140
-0.008502
-0.025072
-0.022094
-0.021673
-0.018280
-0.015609
-0.015413
-0.015460
-0.024351
-0.023265
-0.021445
-0.022178
-0.013378
-0.030174
-0.019473
-0.014916
-0.013836
-0.024303
-0.007572
-0.004752
0.000000
0.000039
-0.020634
-0.017460
-0.006335
-0.023871
-0.015298
0.000464
-0.025310
-0.015995
-0.020392
-0.009041
-0.020590
-0.010858
-0.003788
-0.006219
-0.010006
-0.012206
-0.011743
-0.018859
-0.010775
-0.014216
-0.020478
-0.009734
-0.020515
-0.017229
-0.022521
-0.022410
-0.020824
-0.001159
0.002859
-0.017542
-0.020251
-0.017156
-0.022851
-0.023307
-0.021325
0.006415
-0.029983
-0.005835
-0.009853
-0.001662
-0.021679
-0.028137
-0.022375
-0.017355
-0.011472
-0.020634
-0.015764
-0.015142
-0.020942
-0.014105
-0.018778
-0.009464
-0.022800
-0.003747
-0.026576
-0.002820
0.002203
0.002898
-0.019826
0.000695
0.001507
0.010202
0.011359
-0.013717
-0.003865
-0.008348
-0.033735
0.002279
0.010817
-0.021175
-0.013372
-0.008964
-0.007224
-0.015918
-0.000695
-0.002395
-0.010046
-0.024537
-0.010008
-0.021368
0.002974
-0.012594
-0.005332
0.002512
-0.024030
-0.008888
-0.008619
-0.011907
-0.021405
-0.009704
0.002434
-0.003865
0.015956
-0.007689
-0.009697
-0.022523
-0.019273
-0.010819
0.001352
-0.006720
0.002550
-0.001352
0.003400
0.006954
-0.010585
0.002048
-0.002743
-0.007650
0.004136
0.020549
0.013482
0.009582
0.001005
-0.014750
0.003400
0.004134
-0.000541
0.001314
0.021594
0.000309
-0.006259
0.003053
-0.021476
-0.001816
-0.003516
-0.009662
-0.006874
-0.000348
-0.008808
-0.012443
-0.006993
-0.011516
-0.012406
-0.017232
-0.004174
0.008928
-0.004636
-0.010625
-0.006993
-0.001005
-0.003362
0.003052
-0.000348
0.009079
-0.015458
-0.005835
0.004753
-0.007576
-0.025186
0.013909
-0.006414
-0.004867
-0.013139
-0.021595
-0.008114
-0.022756
0.000309
-0.033727
-0.002782
0.002473
-0.015220
-0.008232
0.007806
0.001507
-0.000425
-0.007381
-0.002705
0.000348
-0.026583
-0.002203
-0.013054
-0.008462
-0.006761
-0.002318
-0.014958
0.010782
-0.000695
-0.002628
-0.009505
-0.022250
-0.023646
-0.018313
-0.002587
-0.017732
-0.018164
-0.012785
-0.010085
-0.028013
-0.017889
-0.011977
-0.012176
0.001855
-0.016617
-0.033227
-0.036130
-0.035429
-0.030166
-0.023530
-0.005833
-0.018161
-0.014489
0.004830
-0.014913
-0.007843
-0.011671
-0.012788
-0.006640
-0.016343
-0.010779
-0.008191
-0.027045
-0.003207
-0.018893
-0.007110
-0.010278
-0.006723
-0.001198
-0.021018
-0.012980
0.002126
-0.037906
-0.014296
-0.012208
0.001391
-0.021406
-0.011938
-0.005140
-0.015995
-0.008268
-0.007418
-0.002743
-0.017118
-0.029940
-0.030256
-0.015107
0.003168
-0.025193
-0.027364
-0.000039
-0.027014
-0.034690
-0.030921
-0.029434
-0.026313
-0.026243
-0.018191
-0.013486
-0.013794
-0.034037
-0.029562
-0.022862
-0.028514
-0.031175
-0.033157
-0.026927
-0.010856
-0.007959
-0.011207
-0.016461
-0.023112
-0.021406
-0.022602
-0.016929
-0.034396
-0.002203
-0.020360
-0.019821
-0.048244
-0.014061
-0.020330
-0.010432
-0.010355
-0.012168
-0.014105
-0.021556
-0.017658
-0.018741
-0.015299
-0.013906
-0.005486
-0.031296
-0.008268
-0.013989
-0.018583
-0.018157
-0.024757
-0.033374
-0.011474
-0.010936
-0.020208
-0.008579
-0.008886
0.000232
-0.008191
-0.008845
-0.028665
-0.026419
-0.027440
-0.019630
-0.018625
-0.018155
-0.008152
-0.006838
-0.021674
-0.008576
-0.007885
-0.019400
-0.011590
-0.003981
-0.008813
-0.010431
-0.015491
0.001970
-0.021023
-0.022177
-0.022954
-0.017345
-0.024380
-0.022216
-0.014061
-0.008656
-0.001352
-0.007649
-0.001738
-0.033077
-0.005256
-0.022759
-0.027471
-0.000889
-0.020943
-0.033252
-0.006489
-0.012864
-0.028169
-0.025345
-0.020128
-0.019055
-0.005098
-0.007961
-0.010816
-0.015070
-0.012868
-0.002009
-0.004483
-0.019396
0.001739
-0.026773
-0.016075
-0.013100
-0.006376
-0.033942
-0.015186
-0.026240
-0.000464
0.005100
-0.011009
-0.002781
0.009777
-0.005834
-0.019829
-0.010814
-0.011941
-0.014035
-0.017002
0.007069
-0.012633
0.005255
-0.009155
-0.002318
-0.011439
-0.020552
-0.014485
0.008421
-0.000155
-0.000039
-0.007533
-0.008228
-0.012325
0.001314
0.006647
-0.033968
-0.021946
-0.005100
-0.026858
-0.004212
-0.000077
-0.022802
-0.020004
0.010470
0.002704
0.003864
0.008535
-0.011978
-0.014764
-0.001624
-0.018516
-0.013908
-0.017811
-0.004326
0.006258
-0.000889
-0.024460
-0.004172
-0.004173
-0.004636
-0.005023
-0.000811
-0.007613
0.007458
-0.006993
-0.005218
-0.012327
-0.008423
-0.008308
-0.001197
0.004019
0.008578
0.006491
0.005178
0.006300
-0.004944
-0.004366
-0.000270
0.016184
-0.015729
0.019010
-0.000850
-0.009234
-0.009081
0.000811
-0.003554
0.019203
0.013104
0.004366
-0.003517
-0.000927
0.013564
-0.010124
-0.011243
-0.000463
-0.007380
-0.034448
-0.013600
-0.012100
-0.003207
0.007960
0.011556
0.009658
-0.004327
0.001082
-0.013869
-0.005334
-0.017546
-0.029253
-0.010973
-0.008889
0.003865
-0.005253
0.005757
-0.000386
-0.003749
-0.022922
-0.006222
-0.010856
-0.011165
0.004520
-0.021295
-0.019391
-0.020554
-0.002938
-0.012752
0.009235
-0.006954
-0.009817
-0.009080
-0.017387
-0.029859
0.007418
-0.022101
-0.003631
-0.019868
-0.017466
-0.017044
-0.022603
0.000348
-0.019163
-0.032046
-0.000116
0.009501
0.012598
-0.020639
0.008849
0.004365
-0.017310
-0.016347
-0.016851
-0.014727
-0.007999
-0.026701
-0.019047
-0.000077
-0.028669
-0.018394
-0.008383
-0.008968
-0.023570
-0.002164
-0.013679
0.004947
0.004096
0.007418
-0.028636
-0.006954
-0.030283
-0.015572
-0.020822
-0.013060
-0.016033
0.001854
-0.007071
-0.003981
0.003167
-0.017770
-0.022842
-0.017930
-0.021720
-0.031571
-0.010625
-0.027056
-0.020627
-0.009504
-0.021402
-0.019975
-0.016576
-0.010894
-0.033035
-0.016576
-0.020170
-0.016615
-0.021641
-0.024423
-0.019547
-0.014411
-0.007457
-0.010430
-0.022220
-0.019741
-0.001623
-0.030674
-0.028471
-0.007300
-0.020365
-0.025581
-0.011823
0.004325
-0.018507
-0.034636
-0.035786
-0.034038
-0.026936
-0.012870
-0.003632
-0.021213
-0.031133
-0.029563
-0.033963
-0.027291
-0.028402
-0.026842
-0.017772
-0.022705
-0.029172
-0.027090
-0.023994
-0.028274
-0.010283
-0.028448
-0.013485
-0.006646
-0.030110
-0.005873
-0.024734
-0.017386
-0.018821
-0.002048
-0.004056
-0.005872
-0.009273
-0.037325
-0.011862
-0.016493
-0.012169
-0.033474
-0.011400
-0.006182
-0.011975
-0.004829
-0.023184
-0.018701
0.000618
0.000541
-0.005953
-0.009313
-0.010164
-0.025275
-0.002051
-0.012327
-0.019705
-0.020057
-0.020790
-0.012479
-0.022681
-0.009814
0.006298
0.002589
-0.004868
-0.020631
-0.014607
0.003054
-0.009811
-0.031984
-0.004752
-0.008039
0.003052
-0.016227
-0.004869
-0.028091
-0.010664
-0.001700
0.006414
0.000696
-0.018239
-0.005990
-0.009505
-0.026724
-0.003787
-0.017236
-0.027503
-0.005913
-0.022796
-0.010007
-0.022337
-0.019164
-0.022679
-0.015224
-0.007686
-0.005794
-0.007186
-0.021174
-0.014262
-0.008112
-0.020055
-0.005333
-0.021834
-0.017110
-0.013523
-0.013481
-0.013329
0.004327
0.017692
-0.009430
-0.007300
-0.028670
-0.018975
-0.002743
0.017732
-0.004365
-0.002936
-0.004166
-0.014835
-0.013483
-0.010430
0.001352
-0.015683
-0.006298
-0.008500
-0.023103
-0.007958
0.007534
-0.009233
0.013251
-0.018783
-0.009624
-0.022064
-0.019292
-0.006221
-0.003710
-0.010782
-0.011398
-0.014217
-0.009388
-0.010398
-0.006452
-0.010469
-0.005099
-0.018896
0.016580
0.000927
-0.000077
-0.000116
-0.005062
0.005486
-0.001933
-0.000966
-0.006104
-0.009198
-0.010239
-0.003593
0.013449
-0.001314
0.010431
-0.005139
0.005757
-0.026354
0.010428
-0.015997
0.015306
0.011555
0.000039
-0.001043
-0.002087
-0.006530
-0.016963
-0.014767
-0.009542
-0.005716
-0.022332
0.000850
-0.009852
-0.001661
-0.011930
0.001661
-0.010469
-0.006491
-0.000155
0.000232
0.004482
-0.010436
-0.006145
0.013291
-0.022593
0.002202
-0.003246
-0.021716
0.004520
-0.024069
0.010932
0.010506
0.005371
0.014835
-0.001507
-0.007845
-0.012677
-0.015959
0.007072
-0.011130
-0.015999
-0.016770
-0.004599
0.003902
0.003168
-0.017575
-0.017319
-0.003671
-0.012361
0.010704
-0.024762
-0.009004
-0.013564
-0.014835
-0.031493
-0.001507
-0.010896
-0.001545
-0.013445
-0.003632
-0.001623
-0.025810
-0.002318
-0.019940
0.000579
-0.007032
-0.004560
-0.004405
-0.032119
-0.021569
-0.017354
-0.019785
-0.012903
-0.002164
-0.029054
-0.017234
0.010389
-0.012249
-0.015961
0.008344
0.009080
0.003749
-0.016228
-0.008963
-0.021789
-0.006179
-0.017771
-0.015922
0.001430
-0.023414
-0.015646
-0.006879
-0.014759
-0.019098
-0.023034
-0.018892
-0.020599
-0.006105
-0.010549
-0.012712
-0.019201
-0.022177
-0.003478
-0.021134
-0.020827
-0.009929
-0.007111
-0.009583
-0.011816
-0.017968
-0.020015
-0.033268
-0.006141
-0.015460
-0.014840
-0.026890
-0.017926
-0.020984
-0.005796
-0.007767
-0.022209
-0.011512
-0.006374
-0.004558
-0.011170
-0.041119
-0.024809
-0.028831
-0.024526
-0.019931
-0.007535
-0.019590
-0.030182
-0.026163
-0.034388
-0.017964
-0.018855
-0.019703
-0.020280
-0.010048
-0.037448
-0.011244
-0.009891
-0.019171
-0.019321
-0.020398
-0.034038
-0.031986
-0.020170
-0.018667
-0.021864
-0.026355
-0.011357
-0.020863
-0.033606
-0.031598
-0.021403
-0.035736
-0.016576
-0.024105
-0.037217
-0.001971
-0.017192
-0.037390
-0.036669
-0.030593
-0.027590
-0.010817
-0.003091
-0.032035
-0.019356
-0.004288
-0.018049
-0.009619
-0.023563
-0.021488
-0.030720
-0.001005
-0.001855
-0.008922
-0.022214
-0.025314
-0.035315
-0.020872
-0.002279
-0.022415
-0.036370
-0.011358
-0.011009
-0.029953
-0.021364
-0.009388
-0.017160
-0.004057
-0.021371
-0.028735
-0.034125
-0.016457
0.001700
0.004481
0.007421
-0.022638
-0.020972
-0.011278
-0.016421
-0.012672
-0.017197
-0.023183
-0.014061
-0.010899
-0.012324
-0.015260
-0.011747
-0.013798
-0.012866
-0.016234
0.002240
0.001120
-0.009737
-0.018858
-0.004830
-0.001159
-0.004521
-0.011632
-0.007377
-0.016771
-0.014060
-0.016307
-0.015530
-0.023066
0.001430
-0.026008
-0.000657
-0.010972
-0.001545
-0.013447
-0.010009
-0.026085
-0.018792
-0.008310
-0.024378
-0.018506
-0.014141
0.000077
-0.014913
0.010976
-0.022408
-0.010740
0.011476
0.013603
-0.014300
0.010545
-0.018707
-0.012482
-0.005371
-0.002472
-0.004947
-0.005486
-0.015371
-0.012517
-0.004637
-0.025852
-0.013017
-0.009662
-0.005719
0.001430
-0.014992
-0.005023
-0.004481
-0.007147
-0.006644
-0.003091
0.000425
0.005333
-0.007843
0.006994
0.005295
0.001585
0.018008
-0.023729
-0.011291
-0.006452
-0.031335
-0.010975
0.003671
0.016842
-0.010469
-0.009701
-0.004598
0.000116
-0.001508
0.001778
-0.001314
0.017697
-0.020013
-0.008574
-0.005177
0.003749
-0.000116
0.015182
-0.003051
-0.003091
-0.008193
-0.008653
-0.012058
-0.016890
0.000850
-0.007071
-0.015107
-0.022095
0.007111
-0.026088
-0.011131
-0.004444
-0.011591
0.007808
-0.003979
-0.000464
0.003980
0.005796
-0.010975
-0.005294
0.005216
-0.018044
0.008616
-0.001622
-0.008966
-0.014912
-0.000695
-0.007309
-0.008075
-0.013755
-0.015533
-0.010354
0.002821
-0.023219
0.007382
-0.003748
0.005450
-0.009970
-0.010897
-0.011320
-0.023030
-0.017083
-0.010429
-0.004631
-0.011673
-0.006066
-0.003207
0.018704
-0.001198
-0.008156
-0.001584
-0.008661
-0.013410
0.002241
-0.010239
-0.006296
-0.016497
-0.019813
-0.018934
-0.008153
-0.014992
-0.010042
0.002744
-0.030225
-0.032139
-0.026539
-0.023292
-0.028986
-0.018659
-0.023606
-0.020051
-0.011208
-0.008421
-0.002434
-0.012134
-0.028290
-0.025967
-0.005257
-0.021173
-0.019391
0.006764
-0.015262
-0.019586
-0.017807
-0.010355
-0.011818
-0.009814
-0.006336
-0.004831
-0.002279
-0.020245
-0.018507
0.006258
-0.012284
-0.019782
-0.010856
-0.023692
0.000270
0.005409
0.001892
0.004559
0.001120
-0.021207
-0.010896
-0.014603
-0.019826
-0.021568
-0.004907
-0.000386
-0.025114
-0.017077
-0.009930
-0.016377
-0.025736
-0.027122
-0.017156
-0.019977
-0.013136
-0.008771
-0.025811
-0.022564
-0.025735
-0.023999
-0.015694
-0.044361
-0.024342
-0.028564
-0.026506
-0.009116
-0.015380
-0.029900
-0.036552
-0.014218
-0.022663
-0.029906
-0.028230
-0.030180
-0.042512
-0.024648
-0.022720
-0.022154
-0.033606
-0.016461
-0.044096
-0.013371
-0.038163
-0.031956
-0.023991
-0.016232
-0.013717
-0.016454
-0.019521
-0.018468
-0.011474
-0.024651
-0.015723
-0.009428
-0.020487
-0.032921
-0.026623
-0.022205
-0.001391
-0.013562
-0.019162
-0.021056
-0.028674
-0.048850
-0.007687
-0.030138
-0.007341
-0.016649
0.000850
-0.022181
-0.023686
-0.032186
-0.023143
-0.019201
-0.022258
-0.025576
-0.016194
-0.017546
-0.012517
-0.017513
-0.010894
-0.016765
-0.015493
-0.021748
-0.019125
-0.010393
-0.030827
-0.013676
-0.011243
-0.006256
-0.029746
-0.005139
-0.015185
-0.026513
-0.018470
-0.018591
-0.014340
-0.018241
-0.026779
-0.012982
-0.019165
-0.020399
-0.011206
-0.023726
-0.004636
-0.014026
-0.024582
-0.016773
-0.014839
-0.020554
-0.024769
-0.004869
-0.019513
-0.009582
-0.011864
-0.038264
-0.019835
-0.026898
-0.009081
-0.011281
-0.007651
-0.006801
-0.001121
-0.003827
-0.009080
-0.005256
-0.033428
0.001932
-0.016728
-0.006607
-0.004945
-0.007646
-0.011514
-0.014414
-0.012942
-0.024618
0.004791
0.007416
0.004482
-0.014992
-0.001352
-0.014723
0.002783
0.001391
-0.005874
-0.008464
-0.019285
0.010817
-0.009469
-0.015109
-0.003052
-0.007302
-0.018738
-0.007110
-0.010202
0.005139
-0.005489
0.001585
0.000541
-0.001932
0.003014
0.005951
-0.012057
0.002511
0.006761
0.008075
0.011281
-0.009660
0.001082
-0.006221
-0.020435
-0.016464
-0.019043
-0.000541
0.005718
-0.029447
-0.004908
-0.002975
0.001739
0.007535
0.015074
0.012367
-0.016801
-0.005447
-0.000425
0.012287
-0.016151
-0.000811
-0.008577
-0.015346
-0.009657
-0.004714
-0.004327
-0.010125
-0.017233
-0.000850
0.002087
0.014568
-0.015529
-0.000618
0.006220
-0.002396
-0.006994
0.021634
0.012135
-0.003323
-0.007187
-0.005332
-0.005372
-0.004095
-0.011247
0.003246
-0.012755
-0.012408
0.000309
-0.021294
-0.005140
0.002164
0.003555
-0.022018
0.003866
0.010741
0.008849
-0.013252
-0.002743
0.001005
-0.022064
-0.000193
-0.008155
0.003826
0.002861
-0.005411
-0.017387
-0.004482
-0.019241
-0.021056
-0.001314
-0.007453
-0.014374
-0.003478
-0.015338
-0.022868
-0.019095
-0.014139
-0.021444
-0.013369
-0.008967
-0.015112
-0.013796
-0.022834
-0.000657
-0.032701
-0.018395
-0.012364
-0.015382
-0.013757
-0.013019
-0.005720
-0.014917
-0.018392
-0.024570
-0.014490
-0.007072
-0.026704
-0.017428
-0.010821
-0.013642
-0.012554
-0.016300
-0.007881
-0.008308
-0.010432
-0.025883
-0.014105
-0.004559
-0.017072
0.000271
-0.013143
-0.014717
0.006029
-0.004985
-0.027702
-0.026203
-0.030242
-0.028776
-0.020861
-0.000386
-0.024348
-0.017117
-0.010936
-0.003864
-0.010819
-0.010470
-0.025784
-0.000116
-0.012099
-0.017188
-0.014227
-0.015451
-0.022490
-0.005023
-0.016076
-0.009316
-0.012014
-0.005950
-0.030646
-0.019942
0.001584
-0.018972
-0.014291
-0.001777
-0.017849
-0.003014
-0.009929
-0.029722
-0.031776
-0.024462
-0.019127
-0.018782
-0.020595
-0.026203
-0.021132
-0.022222
-0.026665
-0.011282
-0.026853
-0.027399
-0.031793
-0.006876
-0.029008
-0.022834
-0.023922
-0.011555
-0.015878
-0.028213
-0.026586
-0.024612
-0.023029
-0.031684
-0.011399
-0.034000
-0.024650
-0.016770
-0.022566
-0.037053
-0.016532
-0.016577
-0.011940
-0.013988
-0.025310
-0.015958
-0.019473
-0.013374
-0.031535
-0.016808
-0.021531
-0.040341
-0.028793
-0.011863
-0.029287
-0.012334
-0.012903
-0.016268
-0.006491
-0.021293
-0.018280
-0.029834
-0.002550
-0.035084
-0.011477
-0.025853
-0.030016
-0.016461
-0.006953
0.003635
0.007723
0.003980
-0.023259
-0.009584
-0.039637
-0.021634
-0.029672
-0.013251
-0.030526
-0.009739
-0.012673
-0.027961
-0.030438
-0.023634
-0.020860
-0.012211
-0.017390
-0.015256
-0.003633
-0.009662
-0.015263
-0.004135
-0.023645
-0.019288
-0.026202
-0.016420
-0.017773
-0.003979
-0.001855
-0.002859
-0.005486
-0.018434
-0.006878
-0.008770
-0.009314
-0.013100
-0.026548
-0.021096
-0.020475
-0.017150
-0.015570
-0.020786
-0.010125
-0.000232
-0.016806
-0.022950
-0.023105
-0.019484
-0.006994
-0.017271
-0.009386
-0.018043
-0.021485
-0.020940
-0.006377
-0.029063
-0.027589
-0.023110
-0.012868
-0.036355
-0.010515
-0.022408
-0.024658
-0.001237
0.000927
-0.015691
-0.009158
-0.014683
0.006647
0.002318
-0.000734
-0.007342
0.003091
0.006068
-0.018391
-0.012207
-0.010779
0.005487
-0.019976
0.006182
-0.012479
0.010354
-0.010085
-0.008385
-0.017665
-0.013019
-0.023224
-0.016347
-0.003632
-0.017117
0.005603
0.004559
-0.004173
0.000502
-0.002551
-0.012286
-0.022451
-0.004674
-0.001005
0.005062
-0.005369
0.000193
0.001159
-0.024186
-0.000966
0.002743
0.011049
-0.015758
-0.013364
-0.017855
0.000116
-0.006877
-0.006065
-0.002512
0.010549
-0.008657
0.002319
0.023879
0.013290
0.014756
0.013909
0.007496
-0.013294
0.015414
0.000928
-0.018123
-0.009659
-0.004906
-0.015537
-0.007032
-0.003555
-0.005333
-0.008077
-0.008732
-0.003129
0.001082
-0.004212
0.000077
-0.014141
-0.027664
-0.011014
-0.002705
-0.016927
0.006569
0.000696
-0.003518
-0.010779
-0.008113
-0.006105
-0.001351
-0.015295
-0.014335
-0.027051
0.003747
-0.022559
-0.026969
-0.002821
-0.014103
-0.001043
-0.013718
-0.027515
-0.023354
0.012430
-0.021323
-0.001970
-0.001661
-0.001700
-0.016730
-0.016771
-0.014916
-0.014501
-0.037480
-0.016498
-0.006683
-0.015346
-0.008426
-0.002048
-0.014183
-0.002357
-0.026546
-0.009271
-0.004830
-0.007497
-0.009698
-0.028566
-0.017085
-0.014833
-0.021447
-0.002937
-0.007576
-0.024853
-0.017502
-0.025776
-0.009852
-0.003246
-0.016658
-0.015336
-0.016965
-0.014259
-0.016192
-0.009352
0.005989
-0.006531
-0.023956
-0.001390
-0.011742
-0.008541
-0.008578
-0.008579
-0.031687
-0.024414
-0.012753
-0.026124
-0.018390
-0.031219
-0.027357
-0.022180
0.011904
0.000927
0.013137
-0.005796
0.002550
-0.005255
-0.009470
-0.003710
-0.003129
-0.028441
-0.029874
-0.005952
-0.018162
-0.012401
-0.011436
-0.041732
-0.008655
-0.005956
-0.019857
-0.015965
-0.004094
-0.008079
-0.009815
-0.007304
-0.023494
-0.034110
-0.016075
-0.022293
-0.017711
-0.009387
-0.032798
-0.038755
-0.028667
-0.039881
-0.015498
-0.012791
-0.015259
-0.030102
-0.030060
-0.039230
-0.029715
-0.030744
-0.021909
-0.031367
-0.035014
-0.020712
-0.016228
-0.030993
-0.036127
-0.035624
-0.039565
-0.034552
-0.016077
-0.034972
-0.012172
-0.028673
-0.017346
-0.037342
-0.023958
-0.018660
-0.017347
0.006956
-0.024805
-0.026662
-0.028354
-0.016964
-0.001893
-0.016114
-0.022527
-0.013519
-0.013833
-0.033080
-0.016499
-0.026317
-0.013174
-0.034162
-0.024960
-0.024957
-0.023149
-0.044753
-0.008848
-0.022182
-0.023955
-0.006184
-0.033823
-0.016575
-0.019128
-0.017116
-0.017808
-0.023916
-0.030223
-0.026934
-0.033660
-0.024035
-0.006604
-0.002203
-0.005990
-0.026003
-0.016615
-0.010048
-0.008037
-0.013601
-0.023949
-0.005022
-0.034421
-0.013061
-0.004832
-0.005524
-0.009386
-0.012713
-0.010856
-0.010508
-0.012096
-0.014258
-0.018628
-0.018205
-0.016496
-0.005836
-0.010276
-0.009855
-0.002357
-0.008692
-0.019047
-0.021215
-0.003053
-0.022942
-0.024039
-0.018436
-0.016385
-0.027084
-0.015340
-0.020505
0.000232
-0.011745
-0.035705
-0.013448
-0.015342
-0.011901
0.001545
-0.017121
-0.015805
-0.012638
-0.003130
-0.003747
-0.013138
-0.000657
-0.008772
-0.003323
-0.011436
-0.011280
-0.009815
-0.000193
-0.002821
0.001932
0.001352
-0.005062
0.012483
0.011981
0.015569
0.000425
-0.002126
0.004791
0.018359
-0.028171
0.009583
-0.004636
-0.005602
0.002512
-0.005797
0.001545
0.004134
-0.003633
-0.011828
0.004328
-0.014800
-0.012482
-0.005601
-0.028670
-0.013215
-0.006684
-0.007345
0.004520
0.015992
-0.006142
-0.011282
-0.026813
-0.012599
-0.003631
-0.000348
-0.003323
-0.010008
-0.014566
-0.012366
-0.009235
-0.019232
-0.005798
-0.006260
-0.006184
-0.005061
0.001391
-0.006029
0.008113
-0.005140
-0.005294
-0.004482
0.002086
0.000193
-0.021441
-0.015687
0.013062
-0.024806
0.008657
0.005215
-0.009928
-0.001701
0.005602
-0.009930
-0.013409
-0.016460
0.004983
0.003747
-0.015764
-0.013877
-0.009656
-0.001198
-0.007457
0.003862
0.000927
-0.021207
0.007613
-0.007998
-0.004752
-0.004831
-0.009118
0.003012
-0.007342
-0.009580
-0.005989
-0.013947
-0.018272
