-0.015914
-0.005330
-0.005449
-0.002125
-0.001854
-0.002666
0.009505
0.004906
0.007032
-0.005563
0.036353
0.042960
0.042429
0.041255
0.059596
0.047563
0.062819
0.062961
0.058152
0.043293
0.045677
0.060410
0.051653
0.079655
0.065358
0.039361
0.039869
0.044200
0.044630
0.049410
0.039163
0.041052
0.032563
0.044287
0.050642
0.047489
0.040292
0.031219
0.029557
0.019628
0.025894
0.034740
0.022408
0.039982
0.045636
0.032132
0.015645
0.018813
0.026199
0.009319
0.022562
0.020875
0.049516
0.020020
0.014602
0.013525
0.017619
0.007342
0.036510
0.011010
0.020403
0.032138
0.036249
0.007226
0.036356
0.013332
0.004752
0.010818
0.003786
-0.001970
-0.008036
-0.000155
0.008540
0.003515
-0.006877
-0.011861
0.012053
-0.008152
-0.007649
-0.011863
-0.003786
-0.009967
-0.007963
-0.008501
-0.022525
-0.016575
-0.009159
-0.012362
-0.024449
-0.014135
-0.022605
-0.027236
-0.024995
-0.037716
-0.035624
-0.034077
-0.037897
-0.031953
-0.038935
-0.026391
-0.039025
-0.031634
-0.033433
-0.043969
-0.003710
-0.045013
-0.039797
-0.037993
-0.049067
-0.041804
-0.034151
-0.024098
-0.029319
-0.059458
-0.036775
-0.049035
-0.053857
-0.040885
-0.036083
-0.056134
-0.057556
-0.047600
-0.062199
-0.054852
-0.061592
-0.070976
-0.068282
-0.058648
-0.055526
-0.076366
-0.068890
-0.087534
-0.082069
-0.068912
-0.088877
-0.078942
-0.068121
-0.073538
-0.074827
-0.069199
-0.060392
-0.098791
-0.067973
-0.064051
-0.074259
-0.097419
-0.077481
-0.056673
-0.085069
-0.071682
-0.075456
-0.087283
-0.083505
-0.078276
-0.074472
-0.072477
-0.073332
-0.082655
-0.074453
-0.067551
-0.053178
-0.050893
-0.065252
-0.063284
-0.054725
-0.065757
-0.066989
-0.068656
-0.075313
-0.071035
-0.073001
-0.071208
-0.088954
-0.086260
-0.081682
-0.091593
-0.079564
-0.071872
-0.068276
-0.059536
-0.062282
-0.067025
-0.067946
-0.062906
-0.054362
-0.058143
-0.081779
-0.065976
-0.057077
-0.047246
-0.049171
-0.051320
-0.047616
-0.057160
-0.055514
-0.046663
-0.061598
-0.052475
-0.065830
-0.043965
-0.056812
-0.049756
-0.024763
-0.050776
-0.026003
-0.031922
-0.034970
-0.047942
-0.032455
-0.045046
-0.030214
-0.037519
-0.045589
-0.027446
-0.031569
-0.024183
-0.018734
-0.032723
-0.005448
-0.020776
-0.019781
-0.027467
-0.027001
-0.010936
-0.032492
-0.011822
-0.021056
-0.021405
-0.015479
-0.023342
-0.026351
-0.004443
-0.005216
-0.009931
-0.010893
-0.020584
0.002704
0.008384
-0.007422
-0.009581
-0.001391
-0.006298
0.008499
0.015993
0.017313
0.003747
-0.002086
-0.002705
0.003672
0.005294
0.003980
-0.006917
0.010049
0.014374
0.020871
0.015225
0.018971
0.019355
0.014845
0.011008
0.009970
0.011553
0.023255
0.025766
0.008076
0.026627
0.000541
0.006182
0.013908
0.014717
0.031227
0.032063
0.029284
0.035889
0.014298
0.042453
0.054671
0.047845
0.026660
0.055791
0.049795
0.046455
0.056636
0.048520
0.041884
0.053474
0.047085
0.044634
0.037477
0.050230
0.047023
0.049373
0.042432
0.042898
0.047853
0.060782
0.061884
0.067557
0.062583
0.050039
0.043964
0.043927
0.057994
0.050552
0.060821
0.057187
0.049744
0.041030
0.039452
0.055131
0.056402
0.040652
0.058963
0.038217
0.034226
0.043850
0.048415
0.037014
0.051121
0.041564
0.037787
0.030175
0.054050
0.072186
0.061839
0.057715
0.064911
0.050155
0.041721
0.046272
0.055197
0.042457
0.048176
0.035704
0.037716
0.043002
0.030904
0.034926
0.038559
0.036454
0.060267
0.037399
0.036198
0.060508
0.046904
0.044029
0.020328
0.031373
0.037506
0.040801
0.038982
0.026199
0.030560
0.029165
0.002550
0.028548
0.019782
0.009970
0.011820
0.014301
0.032803
0.005101
0.011089
0.022105
0.008847
0.010423
0.010740
0.013946
0.014019
0.009660
0.004326
0.007767
0.006259
0.001970
-0.017925
-0.019053
-0.021478
-0.023455
-0.009968
-0.009812
0.002590
0.001739
-0.024719
-0.023488
-0.022214
-0.015570
-0.002009
-0.033960
-0.006374
-0.026666
-0.026313
-0.028667
-0.032457
-0.045055
-0.027500
-0.043077
-0.026845
-0.044051
-0.022137
-0.032994
-0.025265
-0.027972
-0.020530
-0.035698
-0.038358
-0.039061
-0.028115
-0.039482
-0.045431
-0.031525
-0.040920
-0.036174
-0.019819
-0.039030
-0.056636
-0.054793
-0.055863
-0.039871
-0.044531
-0.047566
-0.029005
-0.046342
-0.040876
-0.055635
-0.057426
-0.051967
-0.076254
-0.062567
-0.073573
-0.085871
-0.066853
-0.086087
-0.059304
-0.090343
-0.087144
-0.075427
-0.100699
-0.083915
-0.058989
-0.065133
-0.067793
-0.064469
-0.055049
-0.078342
-0.071731
-0.059261
-0.079184
-0.066845
-0.076495
-0.073554
-0.070044
-0.075622
-0.075931
-0.076704
-0.077928
-0.068434
-0.070314
-0.072316
-0.057854
-0.087597
-0.056059
-0.074622
-0.064021
-0.066181
-0.078173
-0.068982
-0.083624
-0.084441
-0.088381
-0.073155
-0.085597
-0.073034
-0.065393
-0.075615
-0.082716
-0.072645
-0.069686
-0.070031
-0.072161
-0.053468
-0.073316
-0.073120
-0.063637
-0.055313
-0.068428
-0.057049
-0.065782
-0.069579
-0.062201
-0.052670
-0.074765
-0.052981
-0.048485
-0.079015
-0.047247
-0.048211
-0.051109
-0.064949
-0.059688
-0.056766
-0.022912
-0.053238
-0.057189
-0.037439
-0.032122
-0.038167
-0.032691
-0.054795
-0.050962
-0.039483
-0.020091
-0.022489
-0.053861
-0.026511
-0.028164
-0.020675
-0.017813
-0.015761
-0.028287
-0.038245
-0.025691
-0.027664
-0.007571
-0.028586
-0.032842
-0.013832
-0.009813
-0.043587
-0.015538
-0.027466
-0.026858
-0.021167
-0.012983
-0.013216
-0.005332
-0.003633
0.001159
-0.004792
0.007223
0.003825
0.005061
-0.001237
0.010355
0.003361
0.003169
0.009658
0.003516
0.005140
0.008844
0.014030
0.004019
-0.008613
0.015261
-0.027636
0.012479
0.004790
0.026036
0.017149
0.019401
0.021869
0.008463
0.007766
0.007880
0.018038
0.019050
0.000541
0.019321
0.003399
-0.003091
0.015960
0.031682
0.035352
0.037017
0.032266
0.037330
0.046070
0.042235
0.046976
0.068129
0.038627
0.041951
0.078432
0.041300
0.045934
0.043613
0.074208
0.074652
0.069790
0.037931
0.060825
0.047753
0.066356
0.030514
0.044234
0.042821
0.050454
0.071296
0.048018
0.056677
0.041584
0.047407
0.056373
0.045511
0.041492
0.049156
0.049789
0.031764
0.034306
0.038410
0.046550
0.049711
0.057728
0.037342
0.046993
0.050046
0.048574
0.039866
0.052197
0.039373
0.046049
0.036316
0.065146
0.042269
0.046811
0.060759
0.052998
0.059854
0.055647
0.056169
0.057149
0.056634
0.062690
0.062044
0.048456
0.048415
0.051143
0.037176
0.032140
0.050685
0.022440
0.053402
0.036637
0.041578
0.046995
0.047145
0.050115
0.033383
0.039220
0.021519
0.015031
0.006489
0.026277
0.024495
0.046751
0.028123
0.023542
0.026117
0.016033
0.013670
0.023955
0.022177
0.016420
0.031999
0.027787
0.015145
-0.005063
0.003863
0.004945
-0.008189
0.012440
-0.012325
0.003439
-0.003400
0.002202
0.002009
0.013334
-0.008964
-0.005718
-0.000232
0.000927
-0.027663
-0.005989
-0.013716
-0.002319
-0.010275
0.004867
-0.000155
-0.015377
-0.026966
-0.024492
-0.021060
-0.020055
-0.014952
-0.018588
-0.024339
-0.021127
-0.024570
-0.022444
-0.031755
-0.040791
-0.028779
-0.034973
-0.035459
-0.027134
-0.034999
-0.027976
-0.025394
-0.034320
-0.025339
-0.044499
-0.026618
-0.034383
-0.035041
-0.029988
-0.068328
-0.049133
-0.050196
-0.048488
-0.044513
-0.046765
-0.057263
-0.059400
-0.049801
-0.045367
-0.050314
-0.063960
-0.061986
-0.080800
-0.055703
-0.069113
-0.071879
-0.071638
-0.081061
-0.075802
-0.075006
-0.079469
-0.053372
-0.094058
-0.091322
-0.067850
-0.063296
-0.057004
-0.064241
-0.080645
-0.064640
-0.064291
-0.063003
-0.057439
-0.069369
-0.046215
-0.089447
-0.070026
-0.086785
-0.075378
-0.071788
-0.071082
-0.071208
-0.065010
-0.080421
-0.055324
-0.065474
-0.073582
-0.065424
-0.062434
-0.066774
-0.064138
-0.067507
-0.074879
-0.068887
-0.067469
-0.073477
-0.086415
-0.087702
-0.051864
-0.076945
-0.074788
-0.071270
-0.071771
-0.061703
-0.083421
-0.080354
-0.062851
-0.067630
-0.074231
-0.074374
-0.086799
-0.044170
-0.063631
-0.059498
-0.060129
-0.057261
-0.050468
-0.051334
-0.064626
-0.049514
-0.060105
-0.059355
-0.051590
-0.045137
-0.043274
-0.036778
-0.046827
-0.051270
-0.040073
-0.032795
-0.038637
-0.040107
-0.045393
-0.049915
-0.031223
-0.027895
-0.035453
-0.048914
-0.011898
-0.012518
-0.031958
-0.024344
-0.031410
-0.010126
-0.026587
-0.022790
-0.002820
-0.025153
-0.004172
-0.011786
-0.018544
-0.005178
-0.025727
-0.018430
-0.013216
-0.013825
-0.012367
-0.014758
-0.010043
-0.003632
-0.007651
-0.002511
0.005294
0.003401
-0.001778
-0.005874
0.002704
0.010007
-0.014068
0.010898
0.003864
0.017967
0.009315
0.001855
0.016998
0.006413
0.006801
0.004752
0.006723
0.010432
0.014683
0.010972
0.006724
0.024192
0.014066
0.010202
0.028170
0.007497
0.007804
0.027744
0.027819
0.026465
0.023182
0.000039
0.020171
0.033954
0.018236
0.008735
0.038516
0.024374
0.031562
0.043860
0.061620
0.056004
0.043540
0.043576
0.067689
0.055736
0.075718
0.039900
0.055169
0.063056
0.067455
0.077839
0.033500
0.034505
0.049505
0.069153
0.027902
0.042726
0.062141
0.053522
0.039453
0.042381
0.047467
0.050568
0.048423
0.048906
0.057139
0.034959
0.057383
0.046884
0.047717
0.032182
0.052165
0.051554
0.060261
0.053011
0.047180
0.024189
0.031265
0.038981
0.037509
0.030872
0.024147
0.039611
0.053007
0.077891
0.060851
0.055444
0.058026
0.069285
0.063500
0.035271
0.034948
0.045754
0.054423
0.046594
0.044432
0.049765
0.043738
0.037050
0.039018
0.032036
0.046670
0.025859
0.037785
0.023727
0.023063
0.024417
0.031146
0.027248
0.028158
0.021639
0.028519
0.038859
0.038136
0.024698
0.041692
0.005410
0.027897
0.022956
0.007924
0.026504
0.032840
0.014528
0.028400
0.015388
0.000657
0.003709
0.008192
-0.001391
0.017457
0.016181
0.014103
0.001584
0.016619
-0.022140
-0.007074
-0.003593
-0.011398
-0.004405
-0.018127
-0.019593
-0.020671
0.007457
-0.030871
-0.018355
-0.015827
-0.008771
-0.008001
0.002589
-0.017770
-0.029914
-0.020555
-0.028901
-0.024926
-0.027355
-0.027772
-0.040307
-0.035085
-0.030226
-0.029367
-0.026282
-0.034848
-0.039792
-0.042652
-0.016964
-0.039328
-0.024001
-0.032891
-0.031917
-0.031684
-0.055724
-0.028743
-0.037977
-0.048533
-0.048091
-0.028402
-0.038760
-0.055938
-0.052787
-0.041962
-0.046487
-0.045523
-0.049147
-0.053553
-0.042074
-0.046824
-0.054556
-0.048727
-0.053297
-0.061579
-0.060058
-0.056066
-0.054107
-0.083872
-0.086812
-0.079257
-0.073009
-0.072504
-0.051427
-0.074659
-0.082051
-0.080049
-0.076512
-0.069191
-0.082176
-0.061798
-0.065949
-0.086106
-0.075350
-0.085059
-0.090729
-0.092306
-0.087243
-0.074785
-0.064756
-0.050500
-0.082764
-0.084078
-0.062902
-0.087907
-0.060557
-0.083539
-0.057211
-0.066889
-0.058555
-0.051694
-0.069385
-0.071806
-0.058927
-0.055686
-0.073311
-0.079718
-0.066776
-0.082402
-0.065125
-0.079003
-0.090085
-0.083918
-0.084560
-0.079695
-0.071895
-0.072422
-0.064180
-0.059579
-0.068667
-0.072208
-0.067925
-0.060437
-0.078149
-0.066803
-0.058801
-0.056756
-0.060048
-0.060776
-0.062906
-0.058174
-0.044036
-0.060333
-0.046590
-0.058192
-0.059392
-0.047059
-0.040320
-0.052006
-0.036970
-0.035588
-0.037722
-0.046005
-0.032955
-0.027503
-0.029898
-0.041041
-0.033251
-0.042262
-0.055252
-0.021785
-0.015879
-0.021247
-0.017345
-0.032147
-0.016420
-0.018622
-0.025498
-0.027356
-0.023034
-0.028284
-0.020531
-0.013489
-0.013212
-0.014377
-0.021946
-0.012945
-0.006762
-0.007073
-0.009159
-0.014300
-0.020056
-0.001198
-0.010931
-0.004019
-0.008500
-0.002627
0.009350
0.000580
-0.001159
0.000116
0.001546
0.008074
0.011357
-0.000734
0.007458
0.010548
0.002667
0.028669
-0.019201
-0.018394
-0.011127
0.010472
0.023656
0.021720
0.019669
0.019742
0.029593
0.001314
0.023884
0.014915
0.031100
0.030136
0.011978
0.019697
0.019629
0.016732
0.015185
0.022759
0.031937
0.026115
0.033306
0.036746
0.041492
0.037483
0.062265
0.042140
0.043429
0.045348
0.043620
0.034090
0.052813
0.058386
0.039523
0.053971
0.055732
0.054867
0.064170
0.047506
0.052154
0.045773
0.058111
0.054086
0.056017
0.057694
0.036353
0.053933
0.070006
0.050215
0.052498
0.058267
0.051158
0.065103
0.054007
0.062086
0.058954
0.047228
0.047862
0.062206
0.063211
0.036979
0.065588
0.054213
0.056919
0.056425
0.037924
0.033657
0.048830
0.047298
0.037824
0.049467
0.060485
0.042809
0.029990
0.037063
0.064907
0.043774
0.051809
0.061897
0.029254
0.029322
0.034121
0.040835
0.017777
0.047024
0.059234
0.038110
0.033221
0.020246
0.034542
0.031985
0.028365
0.033108
0.033383
0.021519
0.041649
0.032568
0.043978
0.033923
0.007572
0.018280
0.017699
0.016501
0.022837
0.017275
0.017238
0.015801
0.008191
0.020834
0.009501
0.026699
0.007689
0.017851
-0.006455
0.014105
0.014372
0.024421
0.009273
-0.000386
0.006723
0.006027
0.006602
0.000889
-0.025662
-0.011858
-0.008771
-0.017581
-0.018507
-0.007109
-0.005760
-0.010819
-0.027978
-0.037709
-0.030179
-0.023220
-0.014253
-0.024766
-0.040757
-0.020556
-0.029326
-0.024690
-0.024649
-0.036820
-0.033313
-0.034579
-0.031346
-0.039988
-0.039833
-0.038637
-0.047135
-0.020906
-0.028553
-0.042968
-0.060584
-0.051774
-0.051962
-0.035159
-0.048676
-0.022841
-0.040070
-0.045129
-0.043422
-0.041495
-0.043198
-0.037513
-0.065270
-0.041495
-0.061584
-0.042420
-0.061083
-0.050968
-0.034962
-0.048341
-0.045862
-0.051613
-0.071020
-0.043906
-0.071038
-0.086066
-0.086764
-0.082558
-0.051528
-0.060161
-0.070073
-0.083618
-0.086599
-0.062557
-0.067494
-0.080648
-0.057928
-0.068077
-0.072047
-0.067164
-0.066331
-0.083953
-0.079127
-0.081847
-0.084235
-0.068407
-0.086396
-0.085501
-0.059677
-0.083787
-0.067507
-0.067956
-0.060080
-0.080922
-0.077876
-0.063462
-0.065068
-0.061125
-0.060220
-0.077015
-0.068144
-0.076697
-0.074615
-0.074793
-0.071614
-0.086311
-0.064216
-0.079745
-0.077673
-0.068960
-0.078347
-0.078674
-0.074627
-0.085112
-0.060861
-0.060239
-0.087100
-0.058569
-0.079975
-0.070936
-0.058285
-0.052231
-0.043414
-0.073354
-0.064378
-0.065767
-0.064586
-0.052121
-0.065248
-0.062936
-0.048444
-0.056509
-0.058585
-0.021558
-0.051828
-0.042826
-0.038711
-0.050257
-0.045005
-0.037717
-0.030600
-0.035551
-0.039519
-0.041921
-0.034270
-0.033299
-0.041347
-0.049412
-0.029438
-0.032946
-0.016693
-0.034473
-0.030718
-0.014952
-0.000193
-0.010510
-0.022129
-0.025416
-0.017346
-0.001430
-0.005177
-0.014024
0.005682
-0.022555
-0.007652
-0.004018
-0.023726
-0.006222
-0.000155
-0.015998
-0.024033
0.003826
-0.012865
-0.013138
-0.016578
-0.015651
0.000850
0.006994
0.003439
-0.003554
0.021483
0.002047
-0.003709
0.006299
0.003052
-0.004832
0.007493
0.004444
0.005452
0.005332
0.020358
0.006297
0.008810
0.028237
0.022023
0.010048
0.008653
0.007841
0.013056
0.021564
0.031718
-0.003515
-0.008228
-0.007766
0.006879
0.022336
0.027244
0.021792
0.038097
0.041312
0.044859
0.031377
0.042898
0.040009
0.047715
0.035385
0.039722
0.051478
0.042580
0.047537
0.045150
0.052996
0.080436
0.042614
0.053915
0.056170
0.048265
0.032652
0.065598
0.054796
0.055705
0.056873
0.056522
0.057854
0.047184
0.050189
0.061413
0.053055
0.058884
0.033270
0.036735
0.042119
0.045983
0.065375
0.060666
0.048118
0.052840
0.048257
0.064011
0.046158
0.042703
0.033769
0.047515
0.041844
0.050043
0.026468
0.061420
0.058614
0.055623
0.062627
0.056540
0.060195
0.058855
0.051702
0.042848
0.058549
0.035124
0.054165
0.046209
0.055782
0.014256
0.053867
0.047809
0.043964
0.038865
0.053936
0.037513
0.041278
0.047768
0.038913
0.025270
0.021874
0.038415
0.016146
0.039679
0.025033
0.038067
0.016196
0.020210
0.022138
0.013328
0.023142
0.014957
0.018464
0.019781
0.007112
0.032382
0.020132
0.006259
0.011827
-0.002898
0.010123
0.003283
0.005332
0.004096
0.016377
0.009277
0.006878
0.002821
0.009930
0.006839
-0.015918
-0.006765
-0.016112
-0.011818
-0.004174
-0.021257
-0.002512
-0.015799
0.000927
-0.018588
-0.026126
-0.033514
-0.035822
-0.032960
-0.020902
-0.020549
-0.021328
-0.011129
-0.039289
-0.018476
-0.038408
-0.027512
-0.036321
-0.047224
-0.043969
-0.035160
-0.026086
-0.009736
-0.033451
-0.033346
-0.022136
-0.051776
-0.057602
-0.048445
-0.044936
-0.062259
-0.048052
-0.042571
-0.044795
-0.044670
-0.045294
-0.050738
-0.039215
-0.045455
-0.049289
-0.042111
-0.051612
-0.058224
-0.063405
-0.060961
-0.070976
-0.064025
-0.040263
-0.061590
-0.057117
-0.074659
-0.068376
-0.072751
-0.074065
-0.078420
-0.080264
-0.093374
-0.069095
-0.063821
-0.077764
-0.074433
-0.058158
-0.054872
-0.066377
-0.058314
-0.076462
-0.072597
-0.089349
-0.081714
-0.078952
-0.081204
-0.084230
-0.065184
-0.077562
-0.068670
-0.053359
-0.078470
-0.066193
-0.056271
-0.073716
-0.070045
-0.057146
-0.057465
-0.060621
-0.059870
-0.077777
-0.057359
-0.068894
-0.074886
-0.063506
-0.055329
-0.058898
-0.063439
-0.078027
-0.081096
-0.070733
-0.070850
-0.069007
-0.064063
-0.065026
-0.054963
-0.060382
-0.087047
-0.064420
-0.055252
-0.057868
-0.054125
-0.039722
-0.053167
-0.064005
-0.059505
-0.053037
-0.057694
-0.042935
-0.043439
-0.072804
-0.040615
-0.034077
-0.020366
-0.052787
-0.037747
-0.041536
-0.043815
-0.032647
-0.034125
-0.038863
-0.034540
-0.028751
-0.043176
-0.042259
-0.028894
-0.034116
-0.039343
-0.037281
-0.040414
-0.033157
-0.012171
-0.009118
-0.016618
-0.022489
-0.005178
-0.029290
0.001043
-0.028051
-0.018460
-0.028058
-0.025042
-0.021778
-0.027786
-0.017155
-0.019975
-0.012908
-0.011282
-0.014411
0.009737
-0.003824
0.008962
0.013599
-0.005796
-0.013876
0.022790
-0.008231
0.005333
0.000463
-0.006373
-0.010509
-0.013481
-0.014797
0.009039
0.018465
0.015613
-0.005137
0.005100
0.007381
0.022907
0.016959
0.014564
0.010970
0.039812
0.022793
0.023683
0.030054
0.029637
0.017537
0.030484
0.030292
0.004559
0.013444
0.039600
0.041222
0.012556
0.016619
0.035287
0.031184
0.037308
0.033889
0.038332
0.028403
0.046712
0.053854
0.056679
0.055621
0.051580
0.052190
0.051918
0.036131
0.046495
0.058961
0.026435
0.032691
0.046409
0.051998
0.049094
0.063021
0.052388
0.049004
0.053284
0.042301
0.052560
0.045898
0.047596
0.049726
0.030714
0.042970
0.060248
0.043587
0.049859
0.052131
0.044166
0.044311
0.040733
0.054520
0.033191
0.047084
0.049797
0.040556
0.035933
0.054255
0.044085
0.044766
0.066136
0.067494
0.053351
0.050538
0.050699
0.046375
0.049067
0.047078
0.037603
0.047292
0.049550
0.061236
0.076203
0.031762
0.042455
0.056600
0.051337
0.049130
0.042850
0.030287
0.044082
0.047187
0.046534
0.040147
0.053831
0.051478
0.039959
0.008655
0.033736
0.017811
0.014297
0.014485
0.004639
0.032037
0.002318
0.008076
-0.002434
0.022761
0.020751
0.020321
0.002512
0.019591
0.018161
0.038633
0.010508
0.017077
-0.012598
0.013909
0.009735
-0.001855
-0.018968
0.006646
0.002705
-0.001700
-0.007150
0.000155
-0.016118
-0.015457
-0.017462
-0.010818
-0.018005
-0.004173
-0.005986
-0.022528
-0.010937
-0.016225
-0.020749
-0.029258
-0.018160
-0.021249
-0.022021
-0.022400
-0.016458
-0.018704
-0.039142
-0.036397
-0.014487
-0.027594
-0.030909
-0.036571
-0.033159
-0.031950
-0.027941
-0.031066
-0.039297
-0.035972
-0.045549
-0.045280
-0.047916
-0.051658
-0.028710
-0.052197
-0.043285
-0.057187
-0.055221
-0.055528
-0.038794
-0.043701
-0.053568
-0.057744
-0.048383
-0.070702
-0.068537
-0.070680
-0.080296
-0.052050
-0.053573
-0.069382
-0.069576
-0.069219
-0.080740
-0.071495
-0.064535
-0.069797
-0.085552
-0.078719
-0.084123
-0.085586
-0.055842
-0.081039
-0.077664
-0.071356
-0.080827
-0.089705
-0.093597
-0.079379
-0.063032
-0.063021
-0.068234
-0.083101
-0.078521
-0.081051
-0.071051
-0.068067
-0.074652
-0.073858
-0.073859
-0.076669
-0.080655
-0.053703
-0.072311
-0.058019
-0.074561
-0.042458
-0.055756
-0.068994
-0.076790
-0.071219
-0.084030
-0.073311
-0.083036
-0.088690
-0.085242
-0.080359
-0.076647
-0.050738
-0.067881
-0.083868
-0.061027
-0.065632
-0.067753
-0.070724
-0.064879
-0.046534
-0.046518
-0.052486
-0.044853
-0.080039
-0.043429
-0.054499
-0.054661
-0.075284
-0.067985
-0.021944
-0.032333
-0.059867
-0.050339
-0.052583
-0.046223
-0.038521
-0.022531
-0.044338
-0.022067
-0.045970
-0.023414
-0.021403
-0.021798
-0.026810
-0.016646
-0.045498
-0.032803
-0.043426
-0.011091
-0.036166
-0.021554
-0.022261
-0.030869
-0.031640
-0.025504
-0.028330
-0.028012
-0.015384
-0.010584
0.003824
-0.000927
-0.002241
-0.018585
-0.003401
-0.018123
-0.012405
-0.037273
-0.014220
-0.014369
-0.014220
-0.011126
-0.003516
-0.002434
-0.000966
0.004367
-0.009040
-0.014294
0.001391
0.001043
-0.002898
0.004949
0.003749
0.001275
0.003439
0.009659
0.018163
-0.000077
0.005565
0.005331
0.006181
0.012249
0.016694
0.005411
0.025069
0.028911
0.022839
0.027628
0.028432
0.018782
0.035931
0.023404
0.043576
0.006338
0.014955
0.017189
0.029836
0.029988
0.030801
0.026893
0.039415
0.046508
0.041532
0.028663
0.047598
0.057753
0.051471
0.068349
0.065494
0.068829
0.063883
0.048306
0.045990
0.044698
0.045939
0.060930
0.042586
0.037676
0.053616
0.062157
0.057782
0.066878
0.059646
0.046679
0.044670
0.045989
0.054405
0.053548
0.044646
0.056406
0.055004
0.046175
0.034112
0.051257
0.055322
0.046918
0.052304
0.054492
0.058632
0.034391
0.034580
0.058535
0.064818
0.028752
0.040697
0.063308
0.054145
0.064214
0.057284
0.056521
0.063673
0.064727
0.062908
0.042356
0.058308
0.034040
0.061782
0.047406
0.062272
0.061831
0.052693
0.036089
0.038790
0.050962
0.048220
0.042966
0.033610
0.047873
0.037437
0.029490
0.037057
0.026014
0.033698
0.032461
0.035890
0.025271
0.037490
0.029356
0.025006
0.018862
0.014490
0.024383
0.032462
0.016656
0.023927
0.025618
0.024513
0.012251
0.014140
0.004289
-0.010159
-0.000039
0.022517
0.017774
0.013949
0.016151
0.013673
0.008772
0.000618
-0.010584
-0.014332
-0.001429
-0.013681
0.001043
-0.015802
-0.013328
-0.016155
-0.010584
-0.006762
-0.000232
-0.023188
-0.018393
-0.042446
0.001700
-0.012129
-0.007769
-0.017967
-0.042688
-0.013249
-0.024961
-0.025567
-0.026582
-0.027584
-0.027940
-0.018737
-0.047445
-0.052739
-0.026652
-0.044193
-0.036782
-0.040140
-0.054147
-0.052351
-0.051620
-0.033871
-0.039795
-0.046326
-0.045157
-0.041188
-0.041490
-0.050897
-0.050790
-0.033113
-0.057895
-0.038869
-0.042190
-0.049109
-0.063732
-0.055027
-0.043117
-0.033771
-0.045710
-0.065291
-0.072758
-0.052394
-0.066920
-0.066540
-0.066897
-0.073523
-0.087332
-0.102389
-0.073633
-0.067772
-0.083972
-0.076666
-0.081278
-0.058035
-0.093268
-0.067988
-0.068622
-0.070634
-0.077093
-0.094763
-0.062353
-0.092890
-0.075725
-0.062886
-0.090263
-0.075245
-0.074430
-0.064043
-0.064491
-0.090824
-0.064309
-0.062634
-0.065432
-0.080984
-0.072636
-0.069813
-0.078282
-0.070813
-0.064217
-0.072518
-0.060587
-0.057149
-0.066845
-0.064822
-0.086585
-0.082133
-0.079474
-0.077212
-0.081803
-0.055279
-0.057572
-0.087163
-0.064782
-0.060830
-0.067779
-0.072449
-0.070978
-0.065256
-0.049336
-0.058350
-0.064673
-0.062495
-0.057739
-0.060420
-0.056404
-0.063976
-0.038705
-0.052120
-0.062694
-0.048335
-0.042459
-0.062349
-0.007340
-0.064871
-0.052907
-0.038709
-0.041304
-0.045788
-0.042513
-0.022489
-0.023075
-0.025937
-0.048075
-0.048495
-0.043350
-0.011282
-0.034230
-0.012828
-0.027591
-0.020089
-0.019822
-0.028292
-0.042666
-0.024809
-0.028126
-0.030411
-0.028516
-0.029328
-0.040336
-0.027631
-0.010126
-0.003364
-0.014454
-0.015496
-0.002936
-0.004405
-0.004560
-0.013023
-0.019368
-0.019512
-0.001005
-0.005758
0.004869
0.000502
-0.015339
-0.000773
-0.001081
0.009427
0.010781
-0.000425
-0.002435
0.019395
0.019313
0.019088
0.005487
-0.002589
0.006763
0.008348
0.003090
-0.004560
0.025316
0.007072
0.025961
-0.000502
0.039608
0.006606
0.002588
-0.008538
0.000541
0.014144
0.032416
0.034095
0.036756
0.038942
0.031453
0.019011
0.051394
0.028365
0.034569
0.057913
0.056989
0.051306
0.048068
0.045741
0.043548
0.041450
0.044059
0.082160
0.072543
0.042032
0.059667
0.071687
0.052269
0.050730
0.049964
0.047155
0.057739
0.050558
0.058299
0.061607
0.056720
0.062131
0.056916
0.049223
0.058175
0.052223
0.056184
0.065983
0.070720
0.080446
0.051776
0.050774
0.053905
0.053694
0.057008
0.055131
0.044512
0.056529
0.059029
0.034319
0.031918
0.047988
0.044357
0.040228
0.041333
0.042399
0.048459
0.029066
0.048742
0.060985
0.041468
0.050046
0.055325
0.061366
0.056320
0.058379
0.062977
0.060399
0.055054
0.041146
0.040953
0.039762
0.030245
0.042552
0.040923
0.042756
0.050087
0.052161
0.038641
0.031528
0.036433
0.034231
0.031474
0.016538
0.037406
0.014720
0.027349
0.027135
0.019470
0.010548
0.028670
0.015152
0.007382
0.003749
0.005448
0.014801
0.000618
-0.012908
0.012055
0.011749
-0.006337
-0.006992
-0.003246
-0.003092
-0.020633
-0.016921
-0.015108
0.008695
-0.017043
0.001121
-0.024425
-0.035979
0.011086
-0.018850
-0.002163
-0.006994
-0.015996
-0.005331
-0.029022
-0.014605
-0.000464
-0.012173
-0.024122
-0.014176
-0.017468
-0.025777
-0.023529
-0.044135
-0.024294
-0.028698
-0.038941
-0.034933
-0.056813
-0.029482
-0.051435
-0.027199
-0.039567
-0.038441
-0.038153
-0.041688
-0.032509
-0.049942
-0.053506
-0.049521
-0.047145
-0.069084
-0.033234
-0.033359
-0.028625
-0.041112
-0.045640
-0.040811
-0.041997
-0.045865
-0.064814
-0.068393
-0.063207
-0.068629
-0.047405
-0.053608
-0.047238
-0.082121
-0.069669
-0.090354
-0.090145
-0.084792
-0.072744
-0.070841
-0.066314
-0.044664
-0.079092
-0.076711
-0.074751
-0.056555
-0.073892
-0.078392
-0.079728
-0.054140
-0.057061
-0.066398
-0.067856
-0.066649
-0.083020
-0.077200
-0.087598
-0.088091
-0.074414
-0.074191
-0.071484
-0.089676
-0.081500
-0.057074
-0.059547
-0.062985
-0.082732
-0.057688
-0.073489
-0.081169
-0.055805
-0.078245
-0.069076
-0.066694
-0.066437
-0.054292
-0.070320
-0.077442
-0.074016
-0.070057
-0.090646
-0.064574
-0.080191
-0.069792
-0.083071
-0.058267
-0.085519
-0.058546
-0.084949
-0.077589
-0.039246
-0.048722
-0.053136
-0.063558
-0.058727
-0.063688
-0.058104
-0.051148
-0.053239
-0.048870
-0.076123
-0.073664
-0.049842
-0.048739
-0.041794
-0.046342
-0.043651
-0.039415
-0.049386
-0.050557
-0.053484
-0.033932
-0.059236
-0.033273
-0.042808
-0.022922
-0.038414
-0.031642
-0.035083
-0.017269
-0.018860
-0.024575
-0.020475
-0.032347
-0.024344
-0.018429
-0.023304
-0.034044
-0.032809
-0.005718
-0.001236
-0.009579
-0.029246
-0.012286
-0.015844
-0.016223
-0.005602
-0.021559
-0.022564
-0.017319
0.002434
-0.006684
-0.016725
-0.004830
0.006105
-0.013831
-0.020289
0.005101
0.004250
-0.007884
0.014800
0.000425
-0.001624
0.007572
0.009817
0.005642
0.009969
0.015768
0.008231
0.005564
-0.002010
-0.005719
-0.006761
-0.009505
0.002009
0.011711
0.010045
0.032140
0.009852
0.020249
0.000580
0.001391
0.020361
0.035544
0.019203
0.014104
0.016815
0.045391
0.025079
0.050973
0.037168
0.047179
0.055834
0.054012
0.057649
0.052657
0.044753
0.059191
0.055992
0.048403
0.040182
0.045788
0.043376
0.034970
0.056871
0.044509
0.052884
0.048097
0.047903
0.068747
0.066899
0.034473
0.054824
0.066070
0.038904
0.040463
0.049964
0.052174
0.056729
0.066999
0.059185
0.062577
0.062361
0.051856
0.045602
0.043152
0.054183
0.043317
0.039719
0.049876
0.035712
0.042888
0.019554
0.035707
0.055147
0.057182
0.056517
0.072586
0.039069
0.065527
0.057029
0.054015
0.059087
0.074502
0.049544
0.062910
0.046763
0.060419
0.053665
0.055403
0.053558
0.042898
0.044727
0.022372
0.052557
0.017963
0.050680
0.027742
0.059396
0.016654
0.034733
0.032731
0.047765
0.039593
0.032889
0.026190
0.018430
0.017038
0.021090
0.005293
0.004946
0.010202
0.028345
0.019088
0.024612
0.010314
0.016815
-0.000618
-0.008154
0.006067
0.000039
0.014567
0.014215
0.016886
0.021796
0.019203
-0.006069
-0.012292
0.001622
-0.011168
-0.001700
-0.002629
-0.014417
-0.010084
-0.001430
-0.001816
-0.004250
-0.007382
-0.001275
0.000812
-0.002898
-0.045020
-0.010434
-0.027320
-0.022299
-0.020092
-0.034199
-0.025956
-0.033892
-0.030369
-0.039262
-0.050003
-0.047129
-0.043593
-0.051397
-0.017926
-0.022951
-0.014992
-0.060203
-0.032853
-0.052940
-0.033307
-0.018778
-0.041413
-0.041578
-0.041165
-0.037173
-0.036194
-0.045289
-0.029874
-0.063308
-0.038256
-0.053816
-0.043580
-0.032845
-0.053706
-0.059246
-0.048291
-0.072944
-0.079255
-0.084458
-0.081071
-0.047569
-0.067160
-0.090355
-0.087563
-0.064792
-0.083684
-0.070656
-0.083404
-0.065339
-0.075029
-0.067551
-0.061179
-0.063724
-0.063778
-0.084355
-0.057415
-0.065898
-0.088680
-0.087829
-0.085743
-0.068451
-0.080618
-0.071872
-0.087398
-0.070642
-0.071828
-0.074802
-0.076811
-0.056426
-0.068173
-0.077402
-0.075542
-0.068861
-0.059070
-0.094399
-0.069324
-0.080705
-0.059227
-0.061909
-0.082452
-0.084469
-0.077954
-0.052437
-0.061160
-0.089304
-0.068739
-0.063580
-0.071870
-0.056498
-0.061552
-0.071298
-0.065018
-0.079531
-0.072638
-0.078038
-0.084594
-0.069101
-0.047410
-0.074120
-0.055097
-0.069256
-0.068612
-0.074453
-0.050737
-0.054129
-0.045622
-0.047948
-0.069644
-0.064418
-0.043167
-0.049539
-0.052173
-0.065274
-0.047574
-0.048877
-0.056567
-0.058434
-0.058889
-0.024575
-0.043959
-0.031369
-0.040989
-0.032768
-0.030421
-0.047091
-0.033721
-0.015650
-0.029091
-0.023102
-0.016656
-0.014104
-0.025352
-0.000348
-0.003670
-0.021373
-0.019547
-0.024694
-0.009234
-0.008151
-0.003825
-0.029021
-0.016344
-0.011432
-0.016155
-0.013721
-0.008579
-0.016575
-0.002666
-0.000965
-0.001932
0.025731
-0.014529
-0.014994
0.006763
-0.014219
-0.002240
0.001044
-0.001739
-0.000889
0.015497
-0.006993
-0.004405
0.018115
0.021834
-0.000850
-0.006413
-0.012516
0.008810
0.008308
0.004057
0.001932
0.002589
0.006916
0.030879
0.021488
0.017269
0.008694
0.030492
0.029752
0.027249
0.015728
0.032304
0.021869
0.012092
0.027936
0.044521
0.037477
0.037590
0.041740
0.057361
0.024502
0.017660
0.018047
0.029861
0.048994
0.043664
0.059617
0.038658
0.050875
0.056860
0.040519
0.051542
0.042035
0.051170
0.053538
0.049126
0.043042
0.048106
0.049107
0.061754
0.073919
0.041013
0.051486
0.059045
0.049859
0.050962
0.055487
0.047386
0.057563
0.057857
0.053522
0.053162
0.050066
0.052988
0.046629
0.058497
0.057812
0.056722
0.042588
0.036740
0.043767
0.037421
0.050109
0.035819
0.037907
0.034542
0.043069
0.046783
0.054247
0.053767
0.039244
0.052501
0.020130
0.040477
0.060887
0.074283
0.057697
0.042465
0.043925
0.045872
0.045592
0.058157
0.056653
0.036003
0.054285
0.047326
0.034420
