-0.024644
-0.009810
-0.016348
-0.023996
-0.018235
-0.026930
0.003400
-0.025302
-0.026968
-0.008577
-0.026772
-0.021557
-0.017389
-0.010739
-0.027770
-0.029945
-0.041802
-0.045568
-0.046406
-0.042289
-0.039107
-0.041252
-0.061852
-0.046185
-0.047358
-0.031868
-0.036701
-0.042423
-0.038602
-0.036971
-0.026726
-0.049007
-0.041370
-0.064614
-0.044152
-0.043625
-0.034497
-0.063829
-0.054980
-0.061358
-0.067480
-0.067818
-0.054244
-0.045313
-0.053364
-0.034295
-0.012554
-0.014718
-0.003246
-0.012103
-0.020089
-0.019560
-0.002317
-0.016773
-0.016070
-0.015921
0.004018
-0.006724
-0.017579
0.010083
-0.014607
-0.022250
-0.010357
-0.011553
-0.021752
-0.010318
-0.001970
-0.017772
-0.015069
-0.011087
-0.006336
-0.017152
-0.009004
-0.009387
-0.012903
-0.006375
-0.004790
-0.009697
-0.031676
-0.010240
-0.014373
-0.018853
-0.021646
-0.021331
0.005370
-0.025847
-0.023534
-0.026270
-0.003515
-0.015989
-0.028633
-0.004520
-0.025690
-0.022259
-0.010509
0.026891
0.021749
0.009621
0.023793
0.009621
0.024729
0.002511
0.014340
0.025655
0.012830
-0.004443
0.018082
0.022919
0.022022
0.037168
0.039792
0.036687
0.029396
0.025846
0.011280
0.040147
0.002009
0.019785
-0.005872
-0.007799
-0.035229
-0.021636
-0.057640
-0.054079
-0.051546
-0.048257
-0.056303
-0.028513
-0.037829
-0.008030
0.012866
0.003903
0.002086
0.013365
-0.016230
-0.002203
-0.014953
-0.007107
-0.002050
0.000425
-0.000772
-0.009311
-0.015496
-0.000464
-0.007109
-0.004521
0.001739
0.025690
0.017617
-0.002549
0.009157
0.021172
0.021214
0.017030
0.035516
0.012286
0.018236
0.015263
0.036357
0.037794
0.032618
0.031958
0.008074
0.019936
-0.005291
-0.027431
-0.024493
-0.022988
-0.017350
-0.028754
-0.041466
-0.019666
-0.025117
-0.019555
-0.002396
-0.012367
-0.010737
-0.001623
0.002743
-0.020747
-0.016382
-0.016264
-0.019711
0.000386
-0.022834
-0.021055
-0.023371
-0.019905
-0.014492
-0.015800
0.003438
-0.011593
-0.011286
0.006377
0.013405
0.017769
-0.023109
-0.014915
0.003631
-0.014835
-0.010235
0.000464
-0.021982
-0.010820
-0.019357
-0.017005
-0.005835
-0.010160
-0.010587
-0.015762
0.001855
-0.007226
0.001854
-0.025204
-0.005835
-0.007881
-0.017884
-0.003825
-0.006762
0.000077
-0.019471
-0.019355
-0.020357
-0.019437
-0.021828
-0.006799
-0.010856
-0.015377
-0.011001
-0.018473
-0.019473
-0.027162
-0.005061
-0.003285
-0.015760
-0.037764
0.001004
-0.010162
-0.008040
0.000232
-0.001391
-0.008462
-0.004249
-0.000927
0.004174
-0.003284
-0.025499
-0.005332
-0.042871
-0.042161
-0.045089
-0.044166
-0.052486
-0.046985
-0.039422
-0.044669
-0.031798
-0.033263
-0.035953
-0.031016
-0.027901
-0.060702
-0.023719
-0.025843
-0.037984
-0.036830
-0.034687
-0.038251
-0.026039
-0.046854
0.001237
0.002550
0.004018
0.000270
0.007110
0.022520
-0.006452
-0.001005
-0.012673
-0.007418
-0.038438
-0.003401
-0.032915
0.001777
0.001005
-0.007496
-0.014485
-0.000193
-0.013214
-0.014528
-0.024149
-0.009504
-0.010743
-0.009043
-0.002742
-0.009577
-0.029590
-0.038665
-0.022484
-0.002666
-0.028743
-0.003748
-0.043853
-0.033251
-0.022489
-0.025425
-0.025239
-0.022949
-0.013099
-0.040991
-0.054161
-0.045057
-0.050153
-0.045945
-0.057327
-0.057140
-0.065957
-0.071091
-0.057999
-0.022636
-0.024342
-0.031180
-0.032646
-0.011670
0.018656
0.030287
0.040956
0.009351
0.015298
-0.004249
0.002938
0.002820
-0.018892
-0.026199
-0.019708
-0.011629
-0.027196
-0.007109
-0.014527
-0.000463
-0.018389
-0.025036
-0.016187
0.002047
-0.016073
-0.006997
-0.023960
-0.002318
-0.005137
-0.013369
-0.012788
-0.013602
-0.009234
-0.012786
-0.006568
0.008537
-0.022410
-0.007961
-0.021941
-0.014765
-0.010162
-0.003246
-0.004057
-0.008734
-0.011783
-0.015597
-0.020553
-0.015569
-0.005677
-0.012983
-0.019545
-0.003748
-0.010818
-0.006915
-0.011976
0.002203
0.002704
0.001816
-0.027663
0.003168
-0.009624
-0.011320
-0.001931
-0.006567
0.012942
-0.016807
-0.019630
-0.016961
-0.022446
-0.020560
-0.017735
-0.009195
-0.011437
0.008810
-0.005716
-0.019819
-0.000811
-0.013911
0.000811
-0.011900
0.007649
0.003864
0.007307
0.020940
0.022984
0.023375
-0.001699
0.028423
0.007804
0.035002
0.017350
0.035942
0.028395
0.032383
0.018312
0.011283
0.023466
0.019240
0.024430
0.029715
0.019427
0.021163
-0.002859
-0.031063
-0.042973
-0.045553
-0.065515
-0.082198
-0.066463
-0.078451
-0.059897
-0.036166
-0.040141
-0.015611
0.012008
0.011747
-0.005410
0.023645
0.001661
0.001854
-0.002087
0.004983
-0.010160
-0.005486
0.005024
-0.001854
0.014569
-0.002164
0.028203
0.007417
0.017395
0.012095
0.021319
0.020210
0.016343
0.024692
0.016844
0.023487
0.034604
0.005176
0.025228
0.033195
0.006993
0.033573
0.043378
0.024435
-0.030374
-0.027426
-0.023872
-0.028868
-0.042315
-0.047607
-0.031846
-0.042927
-0.020283
-0.016414
-0.018436
-0.006992
-0.020474
-0.003168
-0.016224
-0.014686
-0.009080
-0.030515
-0.015571
-0.024990
-0.015490
0.000966
-0.032452
-0.013718
-0.006221
-0.029099
-0.025614
-0.015262
-0.025381
-0.023333
-0.022599
-0.013871
0.000811
0.000348
-0.011398
-0.025189
-0.009119
-0.010702
-0.016969
-0.014448
-0.017312
-0.008579
-0.000734
-0.005331
-0.016769
-0.012211
-0.031760
-0.005797
-0.019896
0.006067
0.004212
-0.000618
-0.020326
-0.008422
-0.013560
-0.004945
-0.014293
-0.023642
-0.011823
-0.009968
-0.007495
-0.002859
-0.007653
0.004674
-0.003207
-0.014060
0.000696
-0.020249
-0.023723
-0.001855
-0.012979
-0.014609
-0.010081
-0.013483
-0.011242
0.002009
0.004791
-0.017656
-0.022414
-0.026115
-0.017579
-0.013950
-0.026687
-0.030263
-0.050473
-0.031479
-0.052429
-0.044025
-0.053972
-0.040254
-0.059025
-0.043414
-0.041430
-0.038639
-0.040227
-0.034811
-0.034070
-0.027540
-0.061943
-0.032606
-0.028131
-0.032834
-0.017002
-0.016733
-0.014991
0.008229
0.014142
0.016268
0.028673
0.025122
0.013022
0.006104
0.002976
-0.007494
-0.000309
-0.024032
0.007611
-0.044157
-0.018813
-0.000348
-0.005564
-0.011361
-0.004249
0.006338
-0.008654
-0.004058
-0.021862
-0.020436
-0.020174
-0.031602
-0.018201
-0.010392
-0.024919
-0.025816
-0.023762
-0.022835
-0.004945
-0.028665
-0.030684
0.003515
-0.006956
-0.017539
-0.044284
-0.066561
-0.045691
-0.051546
-0.054197
-0.059283
-0.061639
-0.066814
-0.056709
-0.061469
-0.043083
-0.036391
-0.024726
-0.025532
0.007573
0.039859
0.034322
0.036928
0.024923
-0.007342
-0.009858
-0.011476
-0.021402
-0.026768
-0.012053
-0.019784
-0.016963
-0.013597
-0.019090
-0.008730
0.000077
-0.000348
-0.019243
-0.016309
-0.019011
-0.019710
-0.003014
-0.020440
-0.017232
-0.009776
-0.015415
-0.016886
-0.014138
-0.030682
-0.014913
-0.007109
-0.026578
-0.023000
-0.007572
-0.009311
-0.010581
-0.019396
-0.007495
-0.005216
-0.004174
-0.007381
-0.016845
-0.010628
-0.021634
-0.001623
-0.019932
-0.001004
-0.010393
-0.018971
-0.013831
-0.015025
-0.020396
0.000812
-0.027820
-0.023723
-0.019551
-0.001236
-0.011822
-0.004598
-0.024612
-0.016774
-0.029512
0.009812
-0.017847
-0.011977
-0.016689
-0.027119
-0.026625
-0.027861
-0.024380
-0.013951
-0.010894
-0.021513
-0.011513
-0.019122
-0.008653
0.000386
0.001970
-0.011091
-0.013133
0.000850
0.028509
0.027590
0.021529
0.021643
0.035305
0.022945
0.031176
0.039714
0.043232
0.038181
0.029217
0.056395
0.033348
0.031874
0.026043
0.022745
0.018083
0.003130
-0.012093
-0.005487
-0.038180
-0.072153
-0.062295
-0.078945
-0.056553
-0.064786
-0.039435
-0.036495
-0.042888
0.000541
-0.017428
0.004520
-0.000039
0.002937
-0.000695
-0.011205
-0.010588
-0.008309
0.004056
-0.019359
0.003284
-0.003477
0.028006
0.014485
0.015295
0.014606
0.011398
0.024656
0.011978
0.019356
0.018652
0.020397
0.015493
0.012755
0.006644
0.020915
0.007034
0.034936
0.021988
0.041417
0.031223
0.030601
0.004676
-0.040106
-0.040915
-0.037251
-0.038091
-0.034651
-0.049839
-0.046454
-0.021603
-0.029359
-0.025122
-0.019391
-0.017193
-0.005567
0.012748
0.000888
-0.000928
0.004289
-0.015570
-0.000077
-0.007999
0.003015
-0.013831
-0.015998
-0.017000
-0.000386
-0.016030
-0.001933
-0.008156
-0.007185
-0.008656
-0.009700
-0.011593
-0.018546
-0.017076
-0.020632
-0.009002
-0.016578
0.000966
-0.023878
-0.013755
-0.026695
-0.005563
0.003787
0.004404
-0.001894
-0.001314
-0.004945
-0.014914
-0.014337
-0.029367
-0.014488
-0.009044
-0.030683
-0.014524
-0.000580
-0.011244
-0.004095
-0.001739
-0.006722
-0.022951
-0.024723
-0.004830
-0.000541
-0.001776
-0.007961
-0.013599
-0.008266
-0.009351
0.003632
-0.002356
-0.009468
-0.009197
-0.008115
-0.015457
-0.011281
-0.000811
-0.009894
0.001855
0.005565
-0.020827
-0.006223
-0.006184
-0.036701
-0.039561
-0.045365
-0.044546
-0.051159
-0.044665
-0.050541
-0.055635
-0.023110
-0.053331
-0.063682
-0.067160
-0.050273
-0.036789
-0.028125
-0.040496
-0.052161
-0.056368
-0.054091
-0.040829
-0.019089
-0.002434
0.012827
0.023577
0.025690
0.033876
0.042225
0.033890
0.010315
-0.012948
-0.013406
-0.025883
-0.034926
-0.047547
-0.033455
-0.018965
-0.029980
0.004096
0.002163
0.005756
0.005757
0.016190
0.019207
0.003477
-0.014222
-0.016380
-0.028597
-0.022220
-0.025001
-0.030095
-0.013016
-0.034652
-0.030337
-0.023874
-0.012865
-0.013713
-0.037521
-0.044024
-0.035044
-0.051112
-0.053943
-0.039496
-0.058792
-0.057650
-0.036747
-0.066154
-0.071998
-0.071047
-0.057906
-0.054750
-0.052813
-0.048732
-0.009891
0.005409
0.021984
0.033035
0.026734
0.012327
-0.004635
-0.019509
-0.024742
-0.025350
-0.027540
-0.010818
-0.031527
-0.031219
-0.031374
-0.022447
-0.007417
-0.027708
0.001932
-0.009934
-0.019936
-0.006338
-0.006606
-0.003323
-0.004946
-0.019827
-0.013017
0.001468
-0.015053
-0.008034
-0.029713
-0.006996
-0.026159
-0.016618
-0.011282
-0.025815
-0.021684
-0.023258
-0.023876
-0.014374
-0.005448
-0.032091
-0.020906
-0.023105
-0.021175
-0.007882
-0.028270
-0.017417
0.001893
-0.025078
-0.033237
-0.015108
-0.016814
-0.003670
-0.015416
-0.016848
-0.004136
-0.003285
-0.001352
-0.003207
-0.000889
0.003671
-0.005327
-0.016113
-0.012098
-0.006532
-0.012285
-0.024967
-0.006568
-0.008887
-0.000502
0.003632
0.003669
-0.007768
-0.006028
-0.008658
-0.013138
-0.004483
0.002473
-0.010894
0.000232
-0.009390
-0.015839
0.001739
0.010397
0.010510
0.014451
0.007729
0.027584
0.035195
0.021098
0.051490
0.039762
0.013796
0.043036
0.064380
0.047526
0.055298
0.021641
0.024033
0.030525
0.029556
-0.002627
-0.016846
-0.042622
-0.052369
-0.054702
-0.053410
-0.081490
-0.073649
-0.071349
-0.052427
-0.006144
-0.010816
-0.015721
-0.005525
0.001159
0.003168
-0.013367
-0.000618
-0.016931
-0.018892
0.013875
-0.028860
-0.000386
0.010742
0.009966
0.006492
0.005062
0.022873
0.020291
0.000695
0.012866
0.021406
0.010742
0.035624
0.032960
0.018898
0.022875
0.021130
0.037366
0.031113
0.029440
0.038384
0.023111
0.003594
-0.003748
-0.022171
-0.012437
-0.026587
-0.039289
-0.049597
-0.041298
-0.029642
-0.039950
-0.039364
-0.036408
-0.010359
-0.019709
0.005757
-0.007264
-0.005800
-0.003825
-0.009891
-0.021640
-0.018320
-0.010780
0.000618
-0.015879
-0.011901
-0.001198
-0.017465
-0.016224
-0.014679
-0.018309
-0.019470
-0.022179
-0.012481
-0.011668
-0.024872
0.007341
-0.012632
-0.014490
0.009508
-0.003901
0.001198
-0.022327
-0.021477
-0.027051
-0.030625
-0.030827
-0.021869
-0.019391
-0.011474
-0.003554
-0.011241
-0.024342
0.000966
0.022253
-0.012672
-0.010278
-0.000850
-0.014451
-0.015968
-0.012021
-0.004868
-0.019169
-0.003941
-0.013255
-0.009312
-0.024078
-0.009159
-0.005179
-0.024539
-0.018129
-0.019120
-0.012288
-0.015146
-0.013056
-0.010509
-0.000039
-0.011051
-0.005910
-0.017003
-0.002279
-0.019159
-0.002975
-0.012482
-0.034039
-0.041931
-0.034078
-0.048871
-0.047607
-0.041959
-0.044630
-0.056433
-0.039420
-0.038759
-0.052736
-0.043732
-0.052396
-0.039884
-0.046753
-0.060307
-0.037786
-0.031451
-0.029893
-0.023802
-0.025156
-0.010703
-0.009853
0.021433
0.010971
0.033615
0.043315
0.046282
0.013525
0.011015
-0.019485
-0.036010
-0.027255
-0.036202
-0.028370
-0.044159
-0.016268
-0.021288
0.017424
0.016028
0.008655
-0.014487
-0.010814
-0.008499
0.008614
0.007727
-0.011590
-0.010585
-0.004289
-0.021827
-0.019471
-0.032432
-0.024335
-0.016572
-0.010046
-0.027279
-0.015677
-0.031755
-0.032878
-0.031833
-0.036793
-0.037278
-0.043506
-0.036551
-0.045789
-0.055082
-0.077551
-0.070135
-0.064154
-0.061637
-0.081263
-0.037782
-0.054254
-0.027547
-0.033545
0.002899
0.024109
0.035014
0.017507
0.009350
-0.004520
-0.005447
-0.006877
-0.004753
-0.005679
-0.020982
-0.014024
-0.031148
-0.011244
0.007612
-0.012987
0.000464
-0.009505
-0.019628
-0.027349
-0.028442
-0.023991
-0.012132
-0.007534
-0.014681
-0.020360
-0.010511
-0.025654
-0.012362
-0.021371
-0.012443
-0.004521
-0.020055
-0.011710
-0.012986
-0.011087
-0.005796
0.007151
-0.011818
-0.009312
-0.018043
-0.011205
-0.013489
0.005217
-0.021249
-0.018857
0.000386
-0.015838
-0.022951
-0.028049
0.008764
-0.013792
0.005565
0.001815
-0.001661
-0.023918
-0.021289
-0.013677
0.000116
-0.023185
-0.008965
-0.021636
-0.019050
-0.018197
-0.001429
-0.012171
-0.011474
-0.014065
-0.021367
-0.022604
-0.032608
-0.015416
-0.010512
0.002048
-0.002702
-0.008384
-0.005525
0.000386
0.006568
0.003285
-0.004675
0.025580
0.004327
0.033537
0.042690
0.039332
0.026424
0.046107
0.058695
0.045051
0.048676
0.049377
0.039875
0.037667
0.058778
0.036704
0.027354
0.022408
-0.012943
-0.026779
-0.056132
-0.043008
-0.068812
-0.076029
-0.082148
-0.089899
-0.084326
-0.067747
-0.050374
-0.049086
0.000155
0.000116
-0.003749
-0.017651
0.008849
0.008153
0.006375
0.003980
-0.015679
-0.014527
-0.001275
-0.012289
-0.002897
0.001275
0.007264
0.009352
0.012597
0.028986
0.017774
0.018197
0.009740
0.001314
0.015804
0.007843
0.019203
0.020201
0.010893
0.026977
0.032379
0.022487
0.017962
0.019669
0.036853
0.031413
-0.001275
-0.009040
-0.024026
-0.030444
-0.028205
-0.032764
-0.056033
-0.058066
-0.013908
-0.013557
-0.013674
0.009388
-0.009776
-0.014335
-0.015380
-0.017694
-0.014218
-0.014450
-0.005832
-0.039946
-0.018308
-0.007111
-0.005796
-0.011051
-0.014138
-0.014798
-0.006374
-0.024301
-0.007185
0.019403
-0.011593
-0.020553
-0.007846
-0.000077
-0.004172
-0.026461
-0.005756
-0.012675
-0.011977
-0.013757
-0.009928
-0.001816
-0.009234
-0.004790
-0.004946
-0.009156
-0.015067
-0.002897
-0.021098
-0.011594
-0.009930
0.002434
0.000734
-0.017156
-0.001429
-0.012515
-0.013792
-0.010240
-0.013291
-0.018119
-0.023152
-0.018616
-0.005951
-0.010353
-0.014838
0.003053
-0.014681
0.001391
-0.010818
-0.016193
-0.019896
-0.006337
-0.004753
-0.001430
-0.008427
-0.012172
-0.012869
0.002782
-0.015146
-0.032642
-0.008112
-0.032808
-0.043932
-0.016428
-0.058862
-0.069287
-0.065923
-0.063294
-0.056826
-0.055516
-0.052162
-0.029782
-0.055327
-0.040113
-0.052307
-0.052726
-0.039632
-0.056267
-0.052271
-0.022984
-0.021362
-0.020825
0.010357
0.012211
0.006067
0.024651
0.034310
0.026549
0.037131
0.019630
0.017082
-0.008959
-0.012402
-0.034613
-0.031607
-0.028307
-0.025192
-0.019865
-0.018091
-0.012872
0.006104
0.017733
0.002240
0.001545
0.007304
-0.021214
-0.006877
-0.022104
-0.024260
-0.029441
-0.013947
-0.037989
-0.021679
-0.020903
-0.037528
-0.007922
-0.035469
-0.040458
-0.030863
-0.033772
-0.054716
-0.049224
-0.054020
-0.062495
-0.062805
-0.049494
-0.055204
-0.064931
-0.068904
-0.065297
-0.035694
-0.044703
-0.025698
-0.024613
0.022637
0.012326
0.004213
-0.002048
-0.006454
0.002164
0.001275
0.003014
0.010084
-0.016993
-0.003130
0.002590
-0.016150
-0.030964
-0.013097
0.000386
0.000271
-0.001932
-0.020166
-0.004636
-0.015878
-0.014609
-0.004097
-0.016810
-0.016460
-0.023188
-0.004638
-0.021090
-0.002280
-0.017848
-0.007304
-0.015423
-0.009236
-0.009079
-0.022832
-0.005061
-0.024541
-0.018001
-0.015531
-0.024198
-0.021408
0.001971
-0.008500
0.004715
-0.006453
-0.043430
-0.003901
-0.001314
-0.012441
-0.007184
0.004948
-0.000386
-0.011865
0.008075
-0.018971
-0.018468
-0.012795
-0.002125
-0.014753
-0.020404
-0.020330
-0.015109
0.003979
-0.002164
-0.018202
-0.008116
-0.003595
-0.014027
0.003516
-0.014797
-0.009348
-0.013909
-0.037792
-0.010469
-0.027985
-0.004714
-0.017079
-0.011592
-0.011439
-0.005023
-0.002009
-0.002203
0.021172
0.012670
0.040610
0.034188
0.050771
0.039445
0.043269
0.049264
0.047806
0.041176
0.050374
0.051443
0.052940
0.055806
0.035513
0.038983
0.027134
0.011743
0.021790
-0.023874
-0.034270
-0.039140
-0.058488
-0.063326
-0.078631
-0.079134
-0.055485
-0.058431
-0.037407
-0.017152
-0.009234
0.012402
0.016766
0.013951
-0.020127
-0.020017
-0.011976
-0.015723
-0.005910
-0.006531
-0.002087
-0.012441
0.008882
0.001352
0.019096
0.015304
0.012402
0.013101
0.006145
0.019782
0.011862
0.014910
-0.003285
0.006143
0.027755
0.022374
0.034643
0.031372
0.032204
0.035045
0.038297
0.045321
0.033836
0.029534
0.013992
0.012480
-0.035009
-0.024158
-0.045592
-0.036251
-0.041494
-0.046569
-0.047020
-0.028085
-0.027815
-0.022796
-0.006646
0.009157
-0.004133
0.003902
-0.016621
-0.010936
-0.025423
-0.012671
-0.021673
-0.016847
0.003400
-0.016542
-0.016770
-0.018710
-0.019437
-0.014801
-0.020947
-0.022797
-0.015651
-0.019550
-0.011400
-0.014298
-0.013716
-0.023144
-0.001314
-0.021829
-0.025932
-0.020938
0.006568
-0.006569
0.001894
-0.020705
-0.007108
0.003130
-0.013758
-0.018042
-0.004250
-0.018008
-0.009776
-0.004018
-0.012135
-0.017698
0.001623
-0.008346
-0.031262
0.002164
0.000541
-0.011285
-0.003787
-0.018838
-0.013564
-0.002318
-0.008848
0.003014
0.010432
0.014875
-0.013292
-0.010776
-0.004635
-0.014217
-0.006491
-0.015345
-0.019778
-0.008617
-0.005565
-0.001620
-0.003128
-0.024342
-0.017730
-0.006916
-0.044811
-0.045273
-0.043980
-0.046387
-0.061822
-0.050124
-0.051725
-0.054663
-0.043305
-0.039014
-0.068129
-0.046281
-0.047250
-0.057173
-0.048030
-0.063041
-0.038597
-0.048838
-0.033998
-0.019780
-0.023837
-0.005911
0.025459
0.026822
0.033200
0.033811
0.050220
0.033502
0.018625
-0.011091
-0.010548
-0.037937
-0.041611
-0.048045
-0.046171
-0.025535
-0.032448
-0.000580
-0.016967
0.000386
-0.003092
-0.001277
0.008849
0.006799
-0.018864
-0.025850
-0.015299
-0.019092
-0.025772
-0.021286
-0.011362
-0.029981
-0.021712
-0.026621
-0.021519
-0.027900
-0.016607
-0.038409
-0.024118
-0.038374
-0.045325
-0.034112
-0.026820
-0.059852
-0.054906
-0.063938
-0.069808
-0.067129
-0.063443
-0.066776
-0.047717
-0.039900
-0.029149
-0.007225
0.035812
0.033537
0.026509
0.029294
0.012827
0.011982
0.003981
0.012673
-0.010389
-0.022060
0.004328
-0.019165
-0.002588
-0.004752
0.005292
0.004403
0.000811
-0.008344
-0.024533
-0.005295
-0.026436
-0.031415
-0.007072
-0.015691
-0.012521
-0.002164
-0.006840
-0.031178
-0.009892
-0.011009
-0.010051
-0.008541
-0.026112
-0.018510
-0.010778
-0.003130
-0.011322
-0.019085
-0.022915
-0.005680
-0.020711
-0.025266
-0.014758
-0.006336
-0.021408
-0.007187
-0.019083
-0.013989
-0.034266
-0.022719
-0.021331
-0.013912
-0.002358
-0.022883
-0.006764
-0.016152
-0.022716
-0.002164
-0.004018
-0.013602
-0.010235
-0.005371
-0.015188
-0.025883
-0.025231
-0.011634
-0.030525
-0.011745
-0.010045
0.000154
-0.002550
-0.016926
-0.007380
-0.001391
-0.018814
0.002319
0.007418
0.010515
0.008734
0.015415
0.014879
0.009505
0.020982
0.047100
0.029709
0.047985
0.044593
0.044703
0.042775
0.040529
0.036947
0.049073
0.048888
0.048882
0.029521
0.037828
0.044685
0.014146
0.003246
-0.030908
-0.043656
-0.059782
-0.072104
-0.073458
-0.086790
-0.048289
-0.048638
-0.041408
-0.030572
-0.022801
0.005178
-0.002473
0.006527
0.004790
-0.018896
0.004830
-0.020289
-0.007149
-0.021329
-0.005293
-0.010741
-0.011049
-0.005987
0.017081
-0.010860
0.006530
-0.018623
0.030226
0.004096
0.037087
0.016884
0.019392
0.011824
0.036214
0.039943
0.034702
0.032138
0.054398
0.042413
0.047899
0.025884
0.059998
0.031259
0.024260
0.015884
-0.028944
-0.020360
-0.039244
-0.044628
-0.048826
-0.055489
-0.052079
-0.019548
-0.029485
-0.026156
-0.004520
-0.001275
0.005601
-0.003554
-0.011130
-0.017968
-0.025509
-0.028436
-0.029545
-0.003516
-0.005527
0.003168
-0.007112
-0.000039
-0.011440
-0.008078
-0.015608
-0.006760
0.002048
-0.008770
-0.005525
-0.003710
-0.018662
-0.020830
-0.004944
-0.036830
-0.002241
-0.010355
-0.006258
-0.001469
0.004945
-0.012784
-0.002163
-0.010239
-0.010895
0.001894
-0.016924
-0.015065
-0.008503
-0.018120
-0.011551
-0.016462
-0.009005
0.000425
-0.000850
-0.006644
-0.011396
-0.003555
-0.008270
-0.019590
-0.019399
-0.004444
-0.012251
-0.007686
-0.009738
-0.016377
-0.025967
-0.028511
-0.024766
0.001971
-0.018202
-0.013796
-0.000232
0.001159
-0.010588
-0.006299
-0.022298
-0.004640
-0.026708
-0.033264
-0.033343
-0.038714
-0.033157
-0.045976
-0.036174
-0.066064
-0.049526
-0.044010
-0.051011
-0.051170
-0.049868
-0.053879
-0.045331
-0.051894
-0.048906
-0.044058
-0.035390
-0.054764
-0.038632
-0.014839
-0.019437
0.009618
0.028058
0.021564
0.051438
0.063754
0.045675
0.040868
0.042150
0.012130
-0.003864
-0.012555
-0.029909
-0.024148
-0.022836
-0.025159
-0.027941
-0.021023
-0.004947
-0.004717
-0.005216
0.000270
-0.002087
0.010626
-0.000773
-0.008846
-0.031500
-0.021211
-0.020191
-0.028348
-0.028982
-0.022028
-0.039181
-0.030135
-0.023713
-0.037243
-0.019365
-0.030719
-0.030635
-0.034339
-0.037628
-0.034782
-0.065129
-0.067091
-0.070304
-0.063294
-0.067035
-0.063867
-0.073857
-0.066005
-0.078264
-0.037722
-0.042242
-0.014991
-0.008272
0.015878
0.023723
0.018278
0.015611
0.011053
0.012017
0.004057
0.000657
-0.012711
-0.008653
-0.014685
-0.005408
-0.007341
-0.006072
-0.007843
0.000773
0.001314
0.000927
0.001198
-0.012711
-0.002048
-0.010858
-0.031503
-0.003633
-0.015998
-0.002279
-0.007496
-0.028601
-0.011356
-0.007409
-0.009199
-0.005216
-0.006840
-0.017390
-0.020520
0.000193
-0.013176
-0.024126
-0.020289
-0.009967
-0.026391
-0.007455
-0.014797
-0.007454
-0.000927
0.002048
-0.018006
-0.004789
0.003285
-0.013682
-0.010275
0.007533
-0.013017
-0.028445
-0.006760
-0.008847
-0.005679
-0.015073
-0.010739
-0.006298
-0.007033
-0.014763
-0.013138
-0.011675
-0.010818
-0.007726
0.005372
-0.025849
-0.008769
-0.016184
-0.021947
-0.018924
-0.018468
-0.015608
-0.020443
-0.000579
-0.020941
-0.000966
0.001777
0.009503
0.033536
0.022523
0.017508
0.030174
0.049147
0.034412
0.037014
0.040066
0.033954
0.046442
0.042881
0.051284
0.035638
0.038522
0.039499
0.040724
0.030754
0.014721
-0.005871
-0.027822
-0.046285
-0.053941
-0.070053
-0.073868
-0.074844
-0.086164
-0.034619
-0.035550
-0.029719
-0.021724
-0.011129
-0.001855
0.000039
-0.003091
0.003399
-0.017003
-0.006335
-0.005796
0.006877
-0.028077
0.009351
0.022206
0.028480
0.008348
0.004095
0.019474
0.019838
0.024645
0.005100
0.006454
0.010202
0.013519
0.013408
0.014023
0.033159
0.034196
0.035227
0.023542
0.028745
0.028705
0.051621
0.051188
0.036320
0.011442
-0.003014
-0.014258
-0.037728
-0.040485
-0.035816
-0.043114
-0.044161
-0.027592
-0.036860
-0.038282
-0.007264
-0.010973
0.003438
-0.002628
-0.006569
0.015494
-0.008771
-0.020979
-0.014411
-0.014452
-0.009813
-0.013798
0.001314
-0.014912
-0.022075
-0.014989
-0.013288
-0.017811
0.003824
-0.008539
0.001429
-0.014911
-0.004172
-0.006607
-0.008110
-0.027119
0.001971
-0.023918
-0.007111
-0.012365
-0.005914
-0.005218
-0.009584
-0.001971
-0.011359
-0.018160
-0.031603
0.003014
-0.001932
-0.000618
-0.030332
-0.005334
0.006184
-0.005024
-0.002627
-0.007767
-0.018779
-0.014877
-0.020941
0.002512
-0.010513
-0.042339
-0.016464
-0.003748
-0.003709
-0.006723
-0.008115
-0.016888
-0.018209
-0.017812
-0.002010
-0.008309
-0.001623
-0.007611
-0.011707
-0.013908
0.004094
-0.001468
-0.002357
-0.035659
-0.021371
-0.042962
-0.047509
-0.049844
-0.043275
-0.055209
-0.055762
-0.045140
-0.041100
-0.049623
-0.051443
-0.062955
-0.040642
-0.034592
-0.034043
-0.032721
-0.034113
-0.035506
-0.033309
-0.055803
-0.017425
-0.020565
-0.004522
0.000850
0.027048
0.018934
0.029677
0.038335
0.053418
0.002898
-0.001970
-0.010354
-0.022025
-0.005718
-0.035511
-0.058910
-0.006802
-0.018271
-0.006258
-0.017385
0.001855
0.009468
0.008383
0.001043
0.000425
-0.007112
-0.017314
-0.023058
-0.014411
-0.032252
-0.008732
-0.035316
-0.006916
-0.016691
-0.009007
-0.021399
-0.002009
-0.018543
-0.024501
-0.022951
-0.037016
-0.055257
-0.047954
-0.037393
-0.049283
-0.061545
-0.052239
-0.064644
-0.053157
-0.047613
-0.041423
-0.058343
-0.055021
-0.059628
-0.056399
-0.042863
-0.053560
-0.024737
-0.030188
-0.022647
-0.007536
-0.004676
0.001314
-0.000696
0.007880
0.020027
0.027586
0.027011
0.002279
0.017733
-0.015686
0.007767
-0.007455
-0.022764
-0.016887
-0.006417
-0.009043
-0.019319
-0.007110
0.000618
-0.026543
-0.001623
-0.020893
-0.026430
-0.009738
-0.023606
-0.004326
-0.004407
-0.000927
-0.019590
-0.014605
-0.015229
-0.027943
-0.029023
0.009388
-0.031805
-0.005798
-0.014917
-0.022873
-0.011517
-0.021485
-0.021982
-0.020792
-0.012444
0.001391
-0.000618
-0.001584
-0.020210
-0.020984
-0.007149
-0.015382
-0.005140
-0.020125
-0.014524
-0.005563
-0.017582
-0.022487
-0.010044
-0.018511
-0.026660
-0.000541
-0.017197
-0.034095
-0.023678
-0.028599
-0.031497
-0.031179
-0.027053
-0.009926
-0.016493
-0.014294
0.012211
-0.003401
0.025154
0.034973
0.024340
0.023957
0.034964
0.023078
0.028011
0.041554
0.027849
0.035026
0.037855
0.041503
0.022719
0.030143
0.037225
0.030556
0.047603
0.038066
0.027208
0.021520
0.006839
-0.012824
-0.026893
-0.035467
-0.065074
-0.087739
-0.082827
-0.059222
-0.052055
-0.047025
-0.012367
-0.014026
-0.011285
-0.007920
-0.017198
-0.017545
-0.002782
-0.031645
-0.028327
-0.025690
-0.010198
-0.019197
-0.000039
-0.008077
0.013178
0.012556
0.009585
0.016462
0.014025
0.006928
0.000541
0.014258
0.003477
0.013909
0.009197
0.020866
0.014180
0.024102
0.044786
0.035975
0.027667
0.040381
0.044628
0.028901
0.028139
0.020405
0.011940
0.003981
-0.017157
-0.027170
-0.018818
-0.034619
-0.018520
-0.018697
-0.022374
-0.032766
-0.021911
-0.035516
-0.008038
-0.008114
0.007341
0.000734
-0.008308
0.003052
-0.005796
-0.025726
-0.024593
-0.015678
-0.013407
-0.026350
-0.024579
-0.026888
-0.027815
-0.001082
-0.014333
0.004482
-0.024812
-0.015300
-0.007724
0.005562
-0.008264
-0.009039
-0.008810
-0.003323
0.006064
0.006879
-0.006338
-0.004907
-0.014260
-0.010741
0.008620
0.006106
-0.004675
-0.013369
-0.010779
-0.013836
-0.008810
-0.035233
-0.008618
0.000386
-0.014720
-0.000116
-0.016423
-0.002048
-0.020864
-0.010276
-0.011047
0.002511
-0.016536
-0.014917
-0.009193
-0.003593
0.002859
-0.012287
-0.025824
-0.005989
0.005139
-0.008305
-0.017116
-0.018316
-0.005332
-0.014183
-0.026589
-0.014529
-0.003710
-0.020519
-0.038982
-0.042368
-0.041726
-0.039962
-0.045751
-0.048221
-0.031072
-0.050118
-0.047294
-0.050779
-0.034159
-0.029943
-0.030912
-0.027822
-0.039386
-0.032454
-0.057791
-0.032569
-0.050546
-0.050886
-0.043580
-0.007766
-0.029749
-0.010471
-0.002821
0.015578
0.053504
0.032885
0.019902
0.020786
0.008076
-0.031105
-0.024881
-0.015146
-0.037745
-0.020406
-0.025654
-0.014877
-0.024530
-0.009195
-0.009080
0.012553
-0.001043
-0.009118
-0.016768
-0.032951
-0.031485
-0.025574
-0.027267
-0.017459
-0.022183
-0.039988
-0.030446
-0.027236
-0.030569
-0.033348
-0.015382
-0.031765
-0.045516
-0.035465
-0.038473
-0.040569
-0.054948
-0.036868
-0.067181
-0.050705
-0.057924
-0.052547
-0.054125
-0.063153
-0.048451
-0.048691
-0.032229
0.003130
0.008423
0.009156
0.028601
0.027167
0.024109
0.022023
0.003168
0.006067
-0.003014
0.007420
-0.025117
-0.020096
-0.002126
-0.021597
-0.024726
-0.022103
-0.008997
-0.020548
-0.006375
-0.017545
-0.022213
-0.014447
-0.020401
-0.020984
-0.034428
-0.020516
-0.012095
-0.007884
-0.014770
0.003397
-0.005794
-0.011862
-0.002666
-0.001313
-0.011939
-0.011284
-0.011129
-0.032135
-0.009892
-0.001275
-0.013637
-0.013877
-0.014688
-0.020133
-0.010319
-0.008926
-0.016886
-0.008189
-0.011940
-0.016077
-0.017039
-0.014882
-0.019017
-0.005871
-0.023611
0.005796
-0.001624
-0.027326
-0.005989
-0.002280
-0.015571
-0.019087
-0.029490
-0.026539
-0.021603
-0.009390
-0.009700
-0.019863
-0.012713
-0.020676
-0.026352
-0.008260
-0.008498
-0.026858
-0.009505
-0.010666
-0.015148
-0.018079
-0.022028
-0.010975
0.013599
0.006568
0.016074
0.025039
0.036873
0.039492
0.028284
0.027278
0.053698
0.046215
0.045185
0.042892
0.045078
0.040497
0.054762
0.041123
0.052863
0.053198
0.041803
0.011901
-0.003709
-0.027612
-0.046514
-0.062739
-0.061874
-0.069924
-0.074039
-0.067277
-0.055413
-0.042995
-0.042506
-0.016884
0.004254
0.003206
0.007842
0.004675
-0.005254
-0.017854
-0.012870
-0.013178
-0.010005
0.002589
-0.009041
-0.011943
-0.007303
-0.016144
0.003980
-0.004713
0.007343
-0.005796
0.001314
0.001082
0.007380
0.005487
0.004559
0.008503
0.014686
0.027243
0.031260
0.026972
0.037590
0.041363
0.046371
0.050571
0.042305
0.035940
-0.015841
-0.012288
-0.007880
-0.022219
-0.030638
-0.033426
-0.068817
-0.036618
-0.034930
-0.028906
-0.025618
-0.009391
-0.023450
0.000618
-0.009350
-0.003400
0.002435
0.002937
-0.031646
-0.012212
-0.017310
-0.031304
-0.018902
-0.017348
-0.007071
-0.004984
-0.009696
-0.015262
-0.004870
-0.021370
-0.015806
0.009815
-0.003360
-0.007691
-0.021990
-0.000039
-0.000695
-0.003478
-0.009119
-0.013292
-0.012902
-0.010971
-0.004674
-0.015766
-0.021221
-0.011396
-0.012940
-0.014645
-0.018042
-0.019702
-0.023302
-0.023455
-0.006802
-0.000734
0.005602
0.012175
-0.010662
-0.007690
-0.010624
-0.006528
-0.009234
-0.007535
-0.014258
-0.001622
-0.001391
0.000580
-0.029292
-0.026697
-0.010240
0.003823
-0.026280
-0.016613
-0.007110
-0.005719
-0.011014
-0.015224
0.001004
-0.026784
-0.031571
-0.035286
-0.025391
-0.019896
-0.039106
-0.040749
-0.048344
-0.041968
-0.044043
-0.024723
-0.050696
-0.039297
-0.053826
-0.039183
-0.046636
-0.051968
-0.027401
-0.057661
-0.037049
-0.044397
-0.044018
-0.046057
-0.045415
-0.045560
-0.029985
-0.019010
-0.010547
0.002125
0.025352
0.029827
0.036431
0.049624
0.061690
0.029604
-0.039841
-0.035129
-0.025998
-0.042425
-0.048069
-0.011707
-0.037034
-0.016418
-0.011048
-0.000579
-0.011746
0.010818
0.008889
0.017228
-0.021374
-0.024419
-0.017890
-0.013021
-0.018859
-0.031106
-0.031358
-0.046616
-0.009042
-0.020639
-0.010702
-0.014374
-0.004020
-0.005100
-0.037528
-0.035205
-0.029826
-0.044504
-0.037064
-0.039830
-0.051620
-0.046915
-0.039643
-0.038723
-0.049489
-0.041913
-0.041905
-0.045164
-0.057534
-0.061711
-0.060352
-0.058520
-0.058373
-0.046133
-0.052530
-0.027579
-0.028008
-0.009389
0.002240
-0.016844
0.007842
0.000193
0.030718
0.031871
0.026781
-0.001159
-0.003707
-0.006724
-0.001313
-0.004984
-0.012710
-0.017423
