-0.002301
-0.002147
0.002032
0.006037
0.006953
0.004598
0.001437
-0.000666
-0.002129
-0.002364
0.000037
0.003015
0.004069
0.003361
0.002740
0.001397
-0.000130
-0.001643
-0.002264
-0.003074
-0.002870
-0.001399
0.000075
-0.000031
-0.001893
-0.003197
-0.003703
-0.004090
-0.001405
0.000975
0.001907
0.003725
0.005559
0.005622
0.002904
0.000749
0.001583
0.001912
0.000434
-0.001698
-0.002696
-0.001338
-0.001640
-0.002977
-0.002822
-0.001229
0.002237
0.004134
0.003038
0.001209
0.000203
-0.002069
-0.003589
-0.002365
-0.000250
0.001666
0.000485
-0.000508
-0.001230
-0.004556
-0.007802
-0.010048
-0.010941
-0.009216
-0.004663
-0.001939
-0.002188
-0.003250
-0.004538
-0.005465
-0.005329
-0.003442
-0.001728
-0.000255
0.000881
-0.000849
-0.003131
-0.005618
-0.006461
-0.006507
-0.005455
-0.005869
-0.009014
-0.011807
-0.011259
-0.006855
-0.003402
-0.001943
-0.002335
-0.004952
-0.007070
-0.007973
-0.007237
-0.004391
-0.003130
-0.003320
-0.002824
-0.002667
-0.003493
-0.005406
-0.007097
-0.007029
-0.006038
-0.004028
-0.002561
-0.003425
-0.004225
-0.005614
-0.006694
-0.006192
-0.005050
-0.004640
-0.003148
-0.000329
0.000568
-0.000042
-0.001996
-0.003817
-0.006113
-0.009641
-0.011093
-0.009823
-0.008582
-0.007859
-0.007309
-0.006859
-0.006214
-0.005026
-0.003910
-0.003007
-0.001799
-0.002249
-0.004914
-0.005764
-0.005065
-0.005161
-0.005309
-0.005260
-0.005969
-0.006496
-0.007606
-0.008344
-0.007600
-0.008072
-0.009543
-0.010167
-0.009813
-0.010592
-0.011279
-0.009898
-0.009888
-0.011137
-0.011197
-0.009706
-0.007882
-0.007312
-0.009453
-0.011921
-0.012061
-0.011003
-0.009697
-0.010726
-0.011781
-0.013379
-0.015805
-0.016369
-0.016096
-0.017378
-0.016287
-0.011207
-0.006278
-0.004787
-0.006594
-0.007461
-0.006973
-0.009137
-0.009345
-0.006719
-0.005785
-0.007085
-0.009140
-0.010845
-0.012447
-0.012964
-0.013875
-0.016142
-0.015525
-0.012924
-0.011651
-0.009114
-0.006884
-0.008985
-0.012109
-0.012497
-0.011058
-0.009177
-0.006780
-0.006687
-0.008008
-0.008078
-0.007920
-0.008925
-0.007670
-0.006183
-0.006700
-0.006884
-0.007818
-0.005896
-0.001728
0.001644
0.001913
0.001576
0.001235
0.000088
-0.001856
-0.004319
-0.005645
-0.006499
-0.006604
-0.004614
-0.002035
-0.000130
0.000340
-0.002527
-0.003888
-0.005510
-0.006769
-0.007841
-0.007377
-0.005250
-0.003950
-0.003434
-0.000943
0.003520
0.006781
0.005162
0.002704
0.002167
0.000959
-0.001540
-0.003503
-0.003183
-0.000105
0.004454
0.008411
0.008565
0.006369
0.005025
0.002215
0.000072
-0.001950
-0.003153
-0.001437
-0.000257
-0.002212
-0.003396
-0.004035
-0.006035
-0.008765
-0.008166
-0.005523
-0.003401
0.000500
0.003630
0.003537
0.003017
0.002266
0.001450
0.004303
0.006220
0.007998
0.011434
0.012693
0.011510
0.008295
0.004315
-0.000038
-0.003360
-0.003483
-0.001620
-0.000793
-0.003046
-0.002577
0.000699
0.001956
0.002022
0.001676
0.000946
0.000787
0.002390
0.003803
0.004351
0.005014
0.006013
0.008441
0.010712
0.008626
0.004001
0.003084
0.004102
0.002782
0.004619
0.005065
0.006462
0.009911
0.014157
0.016926
0.018672
0.017076
0.013431
0.010983
0.008959
0.008989
0.009001
0.010809
0.012895
0.012082
0.009731
0.009182
0.008802
0.006195
0.002898
0.002201
0.005279
0.008944
0.011556
0.012280
0.010714
0.009778
0.008997
0.004362
-0.000666
-0.001649
-0.000205
0.001096
0.001254
0.000018
0.000592
0.001250
0.002230
0.004974
0.004883
0.003675
0.006384
0.010306
0.011906
0.010045
0.006322
0.003461
0.002408
0.002990
0.002964
0.002346
0.002019
0.000966
0.001028
0.003864
0.004974
0.004334
0.003862
0.003276
0.003435
0.004771
0.006617
0.010329
0.015202
0.014812
0.011733
0.010227
0.007975
0.005069
0.004822
0.005399
0.005388
0.004360
0.004384
0.006755
0.009567
0.009781
0.007849
0.006034
0.004038
0.002692
0.005442
0.007371
0.006382
0.006262
0.006053
0.004242
0.002579
0.002310
0.002747
0.002649
-0.001114
-0.004324
-0.003305
-0.002235
-0.003323
-0.004905
-0.005777
-0.003743
-0.001139
-0.001538
-0.003630
-0.005675
-0.007308
-0.007061
-0.007374
-0.008384
-0.006324
-0.003990
-0.004371
-0.006593
-0.007887
-0.006549
-0.005340
-0.008120
-0.010784
-0.010686
-0.010104
-0.008486
-0.006148
-0.005219
-0.007988
-0.012107
-0.013163
-0.011085
-0.007991
-0.002841
-0.000018
-0.001366
-0.002594
-0.003233
-0.004641
-0.007464
-0.010514
-0.011797
-0.011955
-0.011703
-0.011488
-0.011131
-0.008370
-0.005170
-0.005800
-0.007925
-0.008071
-0.008798
-0.007970
-0.002850
0.000524
-0.000076
-0.002701
-0.005835
-0.007557
-0.006030
-0.006634
-0.010204
-0.012016
-0.013074
-0.012280
-0.012150
-0.012088
-0.011758
-0.010493
-0.011338
-0.014263
-0.014091
-0.011841
-0.011210
-0.010550
-0.008825
-0.006248
-0.002257
0.001011
0.002989
0.003755
0.001585
-0.001683
-0.005073
-0.006029
-0.006475
-0.008682
-0.011256
-0.011590
-0.009589
-0.006927
-0.005404
-0.004995
-0.003438
-0.002221
-0.001966
-0.000870
0.000247
-0.001438
-0.002852
-0.002256
-0.001198
-0.002529
-0.006921
-0.009070
-0.007539
-0.004543
-0.002587
-0.000512
0.001097
0.000338
0.001019
0.000279
-0.002172
-0.003151
-0.002790
-0.004557
-0.007232
-0.005838
0.000147
0.006035
0.009467
0.010738
0.009629
0.006636
0.003401
0.003190
0.002169
0.002737
0.005625
0.007043
0.004230
-0.000899
-0.005184
-0.005942
-0.003448
-0.000086
0.003375
0.004065
0.000995
-0.004330
-0.005250
-0.003946
-0.005027
-0.004803
-0.005829
-0.004979
-0.001813
0.001467
0.004590
0.005985
0.004283
0.003142
0.002837
0.003689
0.004750
0.004427
0.003005
0.000785
-0.000728
-0.000618
0.002264
0.004253
0.003480
0.002595
0.003187
0.002678
0.001277
0.000983
0.001589
0.000951
0.002127
0.005025
0.004590
0.001084
-0.001163
-0.003374
-0.007448
-0.012716
-0.013489
-0.010977
-0.005520
-0.000501
0.003946
0.009022
0.010989
0.008510
0.006322
0.007197
0.008223
0.009050
0.010338
0.010739
0.007616
0.003081
0.000958
0.001532
0.003617
0.005767
0.003422
-0.001654
-0.001659
0.002627
0.006090
0.006774
0.005619
0.000655
-0.000262
-0.000173
0.002491
0.005888
0.007907
0.008745
0.009614
0.008835
0.006233
0.004666
0.004307
0.004091
0.004354
0.006150
0.008461
0.007698
0.006041
0.004950
0.002161
-0.000061
-0.002119
-0.003001
-0.002554
-0.002469
-0.002123
-0.001165
0.000127
0.002073
0.003258
0.001796
-0.000072
-0.001617
-0.003402
-0.004083
-0.004971
-0.005915
-0.003417
-0.000834
0.001707
0.002270
-0.000249
-0.002369
-0.003900
-0.003872
0.000110
0.002600
0.002796
0.002485
0.002083
0.002161
0.002382
0.003069
0.001387
-0.001745
-0.004771
-0.006291
-0.006287
-0.007181
-0.006622
-0.001567
0.003297
0.005132
0.005080
0.003445
0.001965
0.001567
0.002900
0.002812
0.000665
0.000069
0.002812
0.004690
0.003791
0.000564
-0.003292
-0.006195
-0.008040
-0.008562
-0.008266
-0.007856
-0.006954
-0.007263
-0.008113
-0.008606
-0.008612
-0.006808
-0.006051
-0.007768
-0.010133
-0.012807
-0.015028
-0.015001
-0.012433
-0.008863
-0.007450
-0.007649
-0.007312
-0.006666
-0.006881
-0.006415
-0.006128
-0.007560
-0.008053
-0.006862
-0.005551
-0.003994
-0.003689
-0.004736
-0.006977
-0.006101
-0.003822
-0.000968
0.000250
-0.001844
-0.004651
-0.005044
-0.004957
-0.006825
-0.010789
-0.014053
-0.015200
-0.015094
-0.013559
-0.010619
-0.006075
-0.001055
0.001542
0.000254
-0.003557
-0.006311
-0.009288
-0.011093
-0.013516
-0.017911
-0.020023
-0.022289
-0.024242
-0.024577
-0.024397
-0.023689
-0.021706
-0.020968
-0.022046
-0.022186
-0.021760
-0.019069
-0.015192
-0.012938
-0.013354
-0.011464
-0.008090
-0.008007
-0.010008
-0.011848
-0.010952
-0.009562
-0.009686
-0.011122
-0.010538
-0.010674
-0.011921
-0.011938
-0.012988
-0.013342
-0.014010
-0.014503
-0.013207
-0.010420
-0.009752
-0.010618
-0.010715
-0.010011
-0.009072
-0.006711
-0.004401
-0.004906
-0.007362
-0.008624
-0.007381
-0.004678
-0.002475
-0.001969
-0.001504
-0.001291
-0.000696
-0.001997
-0.002658
-0.001181
-0.000201
-0.001573
-0.002157
-0.002960
-0.007276
-0.010391
-0.010094
-0.007897
-0.004647
-0.001937
-0.002440
-0.004079
-0.005897
-0.008260
-0.011242
-0.013119
-0.012374
-0.009548
-0.007261
-0.007950
-0.010154
-0.010612
-0.008302
-0.005589
-0.003880
-0.003026
-0.003646
-0.005531
-0.005331
-0.003832
-0.003088
-0.001889
-0.003900
-0.007222
-0.008665
-0.009236
-0.009273
-0.009286
-0.007536
-0.006203
-0.005959
-0.005493
-0.005648
-0.008896
-0.009488
-0.006792
-0.003662
-0.001791
-0.002163
-0.003533
-0.005956
-0.007590
-0.007593
-0.008001
-0.007236
-0.005253
-0.003723
-0.002954
-0.003164
-0.005086
-0.008287
-0.007816
-0.002884
0.003223
0.006671
0.007659
0.006429
0.004523
0.002341
0.000000
-0.001781
-0.003698
-0.005322
-0.005968
-0.005562
-0.003738
-0.001298
0.000004
0.001584
0.003167
0.002717
0.002467
0.002897
0.002217
0.002133
0.003839
0.007305
0.007252
0.003058
0.000554
0.000906
0.001057
-0.000160
0.000846
0.005195
0.007788
0.006335
0.003272
0.000801
-0.000399
-0.000991
0.003175
0.009748
0.012245
0.012163
0.011715
0.009695
0.005071
0.000540
-0.000238
0.003165
0.012316
0.015555
0.015563
0.012531
0.010800
0.009806
0.008335
0.008476
0.008164
0.007464
0.008448
0.009108
0.009961
0.009453
0.006649
0.003585
0.000241
-0.000530
0.002272
0.006631
0.011386
0.014093
0.012722
0.009284
0.005040
0.003771
0.004250
0.004331
0.003626
0.001733
0.002328
0.004993
0.006008
0.005706
0.005037
0.004239
0.003975
0.004870
0.006156
0.007850
0.011364
0.013412
0.012940
0.012153
0.011487
0.008620
0.005112
0.002608
0.000481
-0.000706
-0.001738
-0.001477
0.000991
0.005729
0.008680
0.007900
0.006339
0.005201
0.004641
0.003446
0.000567
-0.000323
0.001021
0.001357
-0.000489
-0.001258
-0.001892
-0.001490
0.000441
0.001392
0.002827
0.003002
0.003008
0.004864
0.007443
0.009054
0.008479
0.006989
0.006408
0.004343
0.002622
0.002370
0.002311
0.002984
0.004010
0.006353
0.005733
0.003098
0.000277
-0.002107
-0.001042
0.001891
0.004610
0.005565
0.005705
0.006014
0.003060
-0.002851
-0.007593
-0.010453
-0.009937
-0.008222
-0.008069
-0.009016
-0.008027
-0.004129
0.000623
0.002563
0.002764
0.003007
0.002865
0.003259
0.001254
0.000461
0.004587
0.007105
0.005316
0.003276
0.001231
-0.001038
-0.002345
-0.001844
-0.001674
0.000056
0.004218
0.006929
0.007516
0.006698
0.003996
0.001513
-0.000332
-0.001757
-0.002000
-0.002168
-0.004313
-0.006303
-0.008942
-0.011185
-0.011241
-0.010161
-0.009370
-0.010350
-0.010376
-0.009295
-0.006511
-0.004401
-0.003219
-0.002074
-0.002363
-0.003146
-0.002412
-0.002694
-0.005922
-0.008828
-0.008865
-0.006804
-0.006107
-0.009381
-0.013499
-0.012160
-0.009599
-0.010252
-0.012092
-0.013603
-0.012640
-0.010046
-0.007873
-0.006484
-0.005073
-0.002623
-0.001841
-0.003148
-0.004653
-0.005384
-0.004946
-0.003856
-0.002759
-0.003075
-0.004603
-0.005911
-0.006714
-0.006055
-0.006253
-0.006996
-0.006178
-0.004350
-0.003795
-0.002781
0.000117
0.003931
0.007610
0.007673
0.004655
0.002844
0.000826
-0.001345
-0.000206
0.000240
-0.000985
-0.002262
-0.002212
-0.002012
-0.001663
0.000485
0.003194
0.004735
0.004758
0.003995
0.002240
0.000871
0.000342
-0.000826
-0.001193
-0.001481
-0.002272
-0.003430
-0.004935
-0.005988
-0.003936
0.001265
0.004236
0.003240
0.000987
-0.001642
-0.004358
-0.006209
-0.003517
-0.001610
-0.000911
0.000897
0.003363
0.003710
0.000363
-0.003546
-0.005506
-0.004933
-0.004059
-0.003537
-0.002751
-0.002733
-0.002722
-0.002659
-0.001853
-0.001751
-0.000816
-0.000860
-0.000455
0.002935
0.007265
0.008060
0.007632
0.008862
0.011648
0.015345
0.015402
0.012799
0.010124
0.004448
0.001133
0.004154
0.005782
0.004363
0.003345
0.003393
0.002931
0.003483
0.005548
0.006581
0.004352
0.001805
-0.000286
0.000357
0.002309
0.003748
0.006295
0.006027
0.004058
0.003360
0.002974
0.001297
0.000094
0.002050
0.005173
0.009905
0.012980
0.012078
0.007936
0.002697
-0.000279
0.000793
0.003404
0.006398
0.009175
0.011387
0.013705
0.013586
0.012422
0.011716
0.010299
0.009979
0.007783
0.012552
0.015496
0.015472
0.011405
0.007502
0.006484
0.006397
0.006509
0.009429
0.011995
0.010900
0.009124
0.005286
0.001735
0.000862
0.000380
-0.000048
0.000750
0.001399
0.000555
-0.000348
-0.001101
-0.002144
-0.003739
-0.003957
-0.000641
0.002821
0.003409
0.002546
0.002408
0.002877
0.004068
0.005435
0.007400
0.006892
0.004375
0.003927
0.003893
0.000627
0.000145
0.002079
0.002785
0.001897
-0.001288
-0.003705
-0.005767
-0.005618
-0.006720
-0.007368
-0.004048
-0.001677
-0.001100
0.001290
0.004550
0.006494
0.006330
0.005265
0.004931
0.001853
-0.001044
-0.002186
-0.002759
-0.002297
-0.000796
-0.000431
0.001439
0.004448
0.005825
0.005116
0.001449
-0.003903
-0.008044
-0.008123
-0.006925
-0.006998
-0.006938
-0.005982
-0.006920
-0.008825
-0.008930
-0.007725
-0.004519
-0.002311
-0.004949
-0.010875
-0.016843
-0.020572
-0.021079
-0.017240
-0.012457
-0.009209
-0.004619
-0.001313
-0.000361
-0.000442
-0.001437
-0.001883
-0.002636
-0.003540
-0.003418
-0.005052
-0.005763
-0.005634
-0.005186
-0.004000
-0.002660
-0.000557
-0.000666
-0.002530
-0.001962
-0.004180
-0.007798
-0.008563
-0.006023
-0.004361
-0.004453
-0.003485
-0.003056
-0.003011
-0.002293
-0.000804
-0.000756
-0.004316
-0.009726
-0.012631
-0.009992
-0.007591
-0.008875
-0.008095
-0.007484
-0.010643
-0.014812
-0.017790
-0.018978
-0.018815
-0.017103
-0.013820
-0.010313
-0.010208
-0.012900
-0.014788
-0.015942
-0.017375
-0.019063
-0.019824
-0.017371
-0.012312
-0.007597
-0.005204
-0.005727
-0.007744
-0.009856
-0.010863
-0.012834
-0.012275
-0.010052
-0.009364
-0.013050
-0.015972
-0.015376
-0.012811
-0.009131
-0.006149
-0.004635
-0.005246
-0.006797
-0.008110
-0.008655
-0.008238
-0.006326
-0.006759
-0.007585
-0.006898
-0.006888
-0.007543
-0.009107
-0.012371
-0.013548
-0.011405
-0.009558
-0.007710
-0.005263
-0.002062
0.000434
0.001117
-0.001707
-0.006868
-0.011599
-0.014052
-0.014064
-0.012905
-0.010239
-0.006509
-0.005047
-0.004646
-0.003453
-0.003633
-0.004439
-0.003591
-0.002161
-0.001520
-0.002167
-0.001445
-0.001600
-0.004414
-0.007823
-0.009972
-0.011411
-0.012583
-0.012104
-0.009599
-0.005449
-0.001778
0.000910
-0.000914
-0.003592
-0.005519
-0.008908
-0.009110
-0.007958
-0.010010
-0.010640
-0.008782
-0.008916
-0.010942
-0.012303
-0.012410
-0.010093
-0.006396
-0.003704
-0.002927
-0.003267
-0.002394
-0.000521
-0.000841
-0.000723
-0.002065
-0.005025
-0.006506
-0.005858
-0.007356
-0.009602
-0.011207
-0.009913
-0.004585
-0.000459
0.001630
0.004721
0.006652
0.004345
0.000681
-0.001897
-0.003741
-0.005388
-0.003757
-0.001394
0.001068
0.002816
0.003320
0.002671
-0.000317
-0.003611
-0.002704
0.000804
0.003697
0.004657
0.003768
0.001752
0.001125
0.003210
0.001236
-0.004259
-0.006528
-0.008044
-0.008053
-0.004755
-0.003419
-0.005044
-0.003346
0.001213
0.005206
0.008650
0.008828
0.005299
0.002535
-0.000102
-0.003038
-0.005407
-0.005596
-0.002203
0.001910
0.001598
-0.000135
-0.000085
0.000633
0.001352
0.002387
0.002825
0.004172
0.010398
0.009826
0.008021
0.005983
0.004755
0.005090
0.007327
0.010860
0.014199
0.016242
0.017244
0.016237
0.013657
0.011656
0.012887
0.012655
0.013252
0.014825
0.013445
0.010413
0.008740
0.008444
0.011271
0.016064
0.018761
0.018068
0.015724
0.015381
0.014324
0.010843
0.008506
0.007387
0.002959
-0.001640
-0.002964
-0.001319
0.003404
0.009720
0.015190
0.016958
0.016096
0.012977
0.009378
0.005758
0.000400
-0.003105
-0.002944
0.000516
0.004519
0.008258
0.011202
0.012056
0.009067
0.005544
0.003697
0.002535
0.003918
0.004216
0.001772
-0.001152
-0.001403
-0.000052
0.003480
0.007052
0.007826
0.007064
0.004873
0.000271
-0.000608
0.000079
0.000776
0.000996
-0.000279
-0.001567
-0.003199
-0.002170
-0.000594
-0.002688
-0.002938
0.001901
0.008928
0.011143
0.011382
0.012977
0.011548
0.007287
0.002964
-0.000061
-0.000720
-0.001967
-0.003947
-0.002587
-0.002017
-0.003335
-0.002850
-0.000862
-0.000669
0.000061
0.001403
0.003927
0.007963
0.011940
0.010614
0.006749
0.001915
-0.002442
-0.004757
-0.005149
-0.004282
-0.001124
0.002748
0.005474
0.008232
0.008321
0.004642
0.000479
-0.002838
-0.006572
-0.007805
-0.007779
-0.007986
-0.006211
-0.004518
-0.004243
-0.004058
-0.002911
-0.003931
-0.005606
-0.006015
-0.005686
-0.005435
-0.006112
-0.006646
-0.005869
-0.003373
-0.000515
-0.000017
-0.001432
-0.000741
-0.001320
-0.004764
-0.005618
-0.004826
-0.005460
-0.005271
-0.001428
0.001588
-0.000730
-0.006353
-0.011800
-0.014719
-0.013382
-0.008107
-0.003898
-0.004136
-0.006904
-0.010425
-0.012933
-0.013888
-0.013863
-0.012137
-0.009909
-0.009331
-0.009936
-0.010285
-0.010690
-0.009134
-0.007758
-0.006635
-0.003609
-0.002895
-0.002476
-0.002376
-0.003294
-0.003885
-0.002194
0.001354
0.004347
0.005742
0.002230
-0.001856
-0.003305
-0.003183
-0.004735
-0.005810
-0.003648
-0.000934
0.001674
0.001922
-0.000050
0.000441
0.003659
0.006355
0.007102
0.006424
0.003325
0.001524
0.001626
0.000574
-0.001434
-0.003455
-0.003980
-0.004256
-0.003694
0.000344
0.005858
0.009280
0.008248
0.004898
0.004256
0.004948
0.001975
-0.000412
0.000228
0.003056
0.004677
0.004993
0.002818
0.000166
0.000792
0.004501
0.008590
0.008845
0.007199
0.005903
0.002559
0.000493
-0.000042
-0.002390
-0.003127
-0.003097
-0.002740
-0.002686
-0.003543
-0.004704
-0.005083
-0.003373
-0.000274
0.002614
0.002770
0.001299
0.000968
0.000262
0.000313
-0.000029
-0.001418
-0.001982
-0.001713
-0.001144
0.001662
0.008062
0.012147
0.011920
0.007450
0.001556
-0.000442
0.003833
0.008761
0.010784
0.011065
0.009080
0.005817
0.003371
0.003675
0.003999
0.003820
0.004092
0.002415
0.000892
0.003232
0.005921
0.009332
0.010242
0.007998
0.004309
0.000127
-0.001268
0.000411
0.002277
0.002995
0.002637
0.002268
0.002321
0.002940
0.003502
0.004197
0.003528
0.005658
0.009795
0.012093
0.012942
0.012342
0.012163
0.012266
0.011876
0.010820
0.008874
0.006628
0.005576
0.008084
0.005171
0.007806
0.008719
0.008588
0.005013
0.002539
0.001294
0.002339
0.006570
0.009225
0.009316
0.008085
0.005955
0.002246
-0.001887
-0.004271
-0.004338
-0.005175
-0.004753
-0.003070
-0.001270
-0.000406
0.000600
0.001160
0.000744
0.001213
0.002582
0.004552
0.004779
0.003350
0.004476
0.003666
0.001994
0.002058
-0.000040
-0.000924
-0.002215
-0.001620
0.002884
0.007168
0.010985
0.012459
0.010225
0.005805
0.000727
-0.000717
-0.000406
-0.001797
-0.004102
-0.004726
-0.002254
0.001588
0.002314
-0.000380
-0.002047
-0.002669
-0.000595
-0.000243
-0.002067
-0.003410
-0.004806
-0.008107
-0.009132
-0.007291
-0.004435
-0.002508
-0.001343
0.000399
-0.000946
-0.002546
-0.003847
-0.003763
-0.002140
-0.000702
0.000548
-0.002106
-0.007000
-0.010037
-0.011438
-0.011161
-0.008238
-0.007357
-0.008605
-0.005783
-0.002238
-0.001924
-0.000294
0.003874
0.007425
0.006770
0.003558
-0.000834
-0.003834
-0.005480
-0.007013
-0.005729
-0.005107
-0.006298
-0.006082
-0.005506
-0.006228
-0.008217
-0.010075
-0.011226
-0.010113
-0.007528
-0.005690
-0.005660
-0.007383
-0.007302
-0.006957
-0.008232
-0.008440
-0.006757
-0.004764
-0.003669
-0.004220
-0.006160
-0.010060
-0.011594
-0.010358
-0.009096
-0.009617
-0.010753
-0.011390
-0.010019
-0.006968
-0.006021
-0.006204
-0.005137
-0.003103
-0.001854
-0.005684
-0.011423
-0.015451
-0.017579
-0.017383
-0.014261
-0.011071
-0.011161
-0.013084
-0.015942
-0.017154
-0.015926
-0.014190
-0.012840
-0.010748
-0.011390
-0.012280
-0.010381
-0.008858
-0.008782
-0.009477
-0.012150
-0.016000
-0.017662
-0.016676
-0.015107
-0.014570
-0.013120
-0.011440
-0.012618
-0.015639
-0.017168
-0.018539
-0.018426
-0.016858
-0.017470
-0.015599
-0.011753
-0.012084
-0.015894
-0.019336
-0.020789
-0.018629
-0.012942
-0.010183
-0.010486
-0.008860
-0.007162
-0.006106
-0.006554
-0.008576
-0.011711
-0.011612
-0.007476
-0.003698
-0.003393
-0.006265
-0.011290
-0.015044
-0.013577
-0.011108
-0.012541
-0.013379
-0.011330
-0.010981
-0.012136
-0.011283
-0.009661
-0.007208
-0.005988
-0.008175
-0.012603
-0.015101
-0.012173
-0.005658
0.001324
0.003180
-0.000211
-0.003525
-0.005694
-0.006848
-0.007506
-0.008981
-0.009831
-0.008934
-0.007422
-0.006548
-0.005995
-0.005642
-0.005538
-0.005904
-0.004344
-0.000766
0.001251
-0.000086
-0.001559
-0.000912
0.000373
0.000371
-0.000301
-0.001868
-0.003957
-0.005758
-0.007095
-0.008784
-0.007793
-0.007097
-0.006092
-0.004111
-0.002015
-0.001020
-0.001431
-0.004036
-0.007491
-0.008393
-0.009049
-0.010221
-0.010194
-0.007454
-0.004838
-0.001077
0.000423
-0.001092
0.000462
0.005279
0.006878
0.007237
0.005638
0.001640
-0.000839
-0.001010
-0.000219
0.000465
-0.000377
-0.002215
-0.002726
-0.004502
-0.006738
-0.006948
-0.005444
-0.002327
-0.000742
-0.000493
0.000157
0.000520
0.000482
0.000787
0.001941
0.004112
0.004945
0.005641
0.007300
0.008303
0.010512
0.008918
0.003760
0.000237
-0.004413
-0.008126
-0.006707
-0.000451
0.004000
0.004066
0.003019
0.002861
0.003355
0.004256
0.005016
0.014400
0.014154
0.010640
0.008188
0.008257
0.009714
0.012951
0.015241
0.014815
0.012718
0.009918
0.007063
0.003974
0.003370
0.004632
0.004572
0.002325
0.002790
0.002823
0.001408
0.002027
0.003060
0.005787
0.008870
0.010641
0.012315
0.014177
0.013684
0.011466
0.010973
0.009366
0.008880
0.010219
0.010067
0.007880
0.006646
0.006636
0.006408
0.005353
0.003458
0.002185
0.003662
0.003849
0.004862
0.007460
0.010161
0.011134
0.009557
0.007181
0.003551
-0.000033
-0.001275
0.000143
0.001959
0.003520
0.005475
0.010151
0.014323
0.014443
0.013025
0.011057
0.008084
0.006989
0.006856
0.006468
0.005153
0.002395
-0.000462
-0.001179
-0.000669
0.000199
0.003089
0.003110
-0.001446
-0.006211
-0.008903
-0.010464
-0.010388
-0.009298
-0.008084
-0.005665
-0.002168
0.001913
0.004533
0.002904
-0.001315
-0.002682
-0.002568
-0.003158
-0.000396
0.002744
0.002594
0.000933
0.000184
0.000527
0.001352
0.002799
0.004658
0.006682
0.006219
0.003352
0.003531
0.004930
0.003760
0.002243
0.000187
0.000254
0.004120
0.008618
0.012237
0.014386
0.012214
0.007987
0.004495
0.001181
-0.001934
-0.002221
0.000898
0.001923
0.000487
0.000068
0.000039
-0.001623
-0.004607
-0.006245
-0.006316
-0.005119
-0.002495
-0.001697
-0.003070
-0.005087
-0.006939
-0.007030
-0.009220
-0.011907
-0.012747
-0.012748
-0.009994
-0.005939
-0.004820
-0.007431
-0.008718
-0.008077
-0.008522
-0.009782
-0.011147
-0.013961
-0.015562
-0.014307
-0.011932
-0.011099
-0.010028
-0.011012
-0.011323
-0.011502
-0.013152
-0.013388
-0.011234
-0.007578
-0.004340
-0.002750
-0.002406
-0.001678
-0.001985
-0.002763
-0.001888
-0.001356
-0.003735
-0.007099
-0.008854
-0.006428
-0.002452
-0.000715
-0.001124
-0.003467
-0.009304
-0.011794
-0.011196
-0.008709
-0.005085
-0.000575
0.001893
0.000502
-0.003359
-0.006921
-0.008090
-0.007982
-0.008084
-0.007371
-0.005781
-0.003721
-0.002147
-0.000810
-0.000028
-0.000072
-0.001122
-0.002584
-0.002484
-0.003528
-0.004547
-0.003353
-0.000680
-0.000585
-0.000693
0.000209
-0.001096
-0.003041
-0.004005
-0.003788
-0.003228
-0.004124
-0.004455
-0.003940
-0.003951
-0.003126
-0.002881
-0.001704
0.000183
-0.000351
-0.001766
-0.002197
-0.002652
-0.004080
-0.003422
-0.002031
-0.000824
0.000656
-0.001701
-0.005219
-0.007467
-0.007023
-0.004160
-0.000770
0.002429
0.005536
0.008010
0.008667
0.008388
0.004576
0.002082
0.001764
0.001939
0.003450
0.004944
0.005302
0.004361
0.003032
0.000537
0.000819
0.005315
0.010290
0.011443
0.010597
0.008735
0.007879
0.009148
0.009918
0.009266
0.006567
0.006503
0.007835
0.006759
0.005954
0.006074
0.004689
0.003422
0.003240
0.005210
0.007680
0.009616
0.011378
0.012206
0.012828
0.014051
0.013202
0.011847
0.012555
0.014509
0.017015
0.016756
0.014787
0.012705
0.008605
0.003864
0.000115
-0.000162
0.003628
0.004267
0.003207
0.004294
0.006778
0.010393
0.015068
0.019364
0.018445
0.014262
0.011511
0.012148
0.011624
0.009994
0.002561
0.000246
-0.001864
-0.002182
-0.001155
-0.000532
-0.001691
-0.001888
0.000297
0.004778
0.006435
0.005527
0.006076
0.006645
0.005673
0.007509
0.011561
0.012631
0.010229
0.006867
0.004134
0.002518
0.000988
0.001045
0.001092
-0.000357
-0.000407
-0.001400
-0.002534
-0.000972
0.002182
0.002077
0.001500
0.004213
0.008014
0.008309
0.006306
0.005337
0.002468
0.000126
-0.000331
0.000875
0.003481
0.004862
0.003072
0.000924
-0.001473
-0.004998
-0.005758
-0.004077
-0.003276
-0.002319
-0.002010
-0.004135
-0.006965
-0.008378
-0.009300
-0.009453
-0.007919
-0.006439
-0.005775
-0.006643
-0.005967
-0.006783
-0.009244
-0.009631
-0.008869
-0.007905
-0.006855
-0.005038
-0.003840
-0.004521
-0.006924
-0.008736
-0.007940
-0.008052
-0.009204
-0.008770
-0.007519
-0.006377
-0.005945
-0.005203
-0.003775
-0.002736
-0.004290
-0.006497
-0.006078
-0.005359
-0.003685
-0.002095
-0.002422
-0.000975
0.001416
-0.000347
-0.005356
-0.010805
-0.015248
-0.016996
-0.013826
-0.010519
-0.009360
-0.007913
-0.005228
-0.002924
-0.001983
-0.003760
-0.004407
-0.003500
-0.003967
-0.004994
-0.005864
-0.007459
-0.007399
-0.006409
-0.005479
-0.004510
-0.003258
-0.004768
-0.008031
-0.007434
-0.005952
-0.005842
-0.004294
-0.003394
-0.002637
-0.001599
-0.003882
-0.009107
-0.013486
-0.015026
-0.014444
-0.013327
-0.013159
-0.013316
-0.013224
-0.013720
-0.012802
-0.012046
-0.013101
-0.015249
-0.014555
-0.013300
-0.013453
-0.013703
-0.012460
-0.010288
-0.010262
-0.012100
-0.013838
-0.014702
-0.015933
-0.015249
-0.014886
-0.015711
-0.014929
-0.013664
-0.014915
-0.015662
-0.014061
-0.011310
-0.008601
-0.008234
-0.008820
-0.009209
-0.008977
-0.010274
-0.011731
-0.012083
-0.014726
-0.017970
-0.017385
-0.015965
-0.014063
-0.010905
-0.008512
-0.006123
-0.005296
-0.006352
-0.009103
-0.009488
-0.010331
-0.011246
-0.011538
-0.013395
-0.014101
-0.011652
-0.006267
0.000492
0.006012
0.005795
0.002398
-0.003970
-0.010522
-0.014788
-0.015698
-0.015617
-0.014148
-0.010871
-0.009902
-0.011906
-0.014005
-0.014608
-0.013073
-0.010878
-0.009190
-0.006461
-0.003656
-0.002820
-0.002132
-0.003100
-0.005813
-0.009023
-0.011035
-0.011280
-0.009104
-0.004896
-0.000843
0.001685
0.001041
-0.000519
-0.001202
-0.001596
-0.002303
-0.005030
-0.008486
-0.010767
-0.011498
-0.010883
-0.010378
-0.009189
-0.005748
-0.003413
-0.004490
-0.007313
-0.009696
-0.009357
-0.008092
-0.006742
-0.006050
-0.007069
-0.008796
-0.008474
-0.008882
-0.011460
-0.013572
-0.013225
-0.013956
-0.013901
-0.012584
-0.012498
-0.010182
-0.005027
-0.001913
-0.001190
-0.001724
-0.000458
0.002713
0.005065
0.005349
0.005400
0.006712
0.005389
0.001766
-0.001117
-0.000756
-0.000828
-0.000162
0.000759
0.002677
0.004096
0.003217
0.000591
-0.002383
-0.005600
-0.008194
-0.007600
-0.006337
-0.003516
0.001264
0.004430
0.005882
0.006311
0.004679
0.000389
-0.002620
-0.002172
0.000716
0.003132
0.004451
0.005632
0.003325
0.000697
0.001288
0.004471
0.005303
0.002700
-0.001007
-0.002372
-0.001596
-0.000691
0.007343
0.010423
0.012278
0.012718
0.016244
0.020859
0.023929
0.025607
0.025385
0.021180
0.018062
0.017081
0.013437
0.008878
0.006510
0.004757
0.003773
0.004610
0.006095
0.006952
0.006986
0.007320
0.008761
0.010023
0.010930
0.010061
0.005603
0.001622
0.001493
0.001979
0.004228
0.008125
0.010619
0.010572
0.009130
0.007986
0.008053
0.007285
0.005161
0.001491
0.000818
0.001148
-0.001254
-0.001529
0.000013
0.002503
0.004383
0.002572
-0.001094
0.000349
0.002660
0.003988
0.006453
0.008785
0.008555
0.005884
0.003114
0.001236
-0.002673
-0.005950
-0.004886
-0.002458
-0.000029
0.003251
0.005114
0.006262
0.004874
0.002679
0.002918
0.004189
0.005031
0.002873
-0.000316
-0.001742
-0.002699
-0.001496
0.001470
0.001774
0.000186
-0.002134
-0.002930
-0.000537
0.001495
0.001750
0.001122
0.000476
0.000000
0.000401
0.003663
0.007152
0.006439
0.005374
0.005267
0.005006
0.005047
0.005200
0.002423
-0.002137
-0.004101
-0.005077
-0.005685
-0.006879
-0.008743
-0.009384
-0.004530
0.003216
0.010695
0.014915
0.015967
0.015239
0.012680
0.010343
0.009317
0.005934
-0.000157
-0.002915
-0.002864
-0.002090
-0.000543
-0.002827
-0.004799
-0.002647
-0.000843
-0.000471
0.001091
0.003372
0.004771
0.005602
0.004166
-0.000734
-0.004541
-0.005999
-0.006121
-0.004164
-0.004025
-0.007661
-0.011223
-0.014311
-0.014385
-0.010524
-0.006071
-0.004628
-0.006208
-0.009801
-0.012978
-0.014398
-0.013702
-0.012668
-0.013120
-0.012603
-0.009884
-0.008395
-0.009852
-0.012586
-0.015605
-0.017712
-0.016079
-0.013953
-0.011065
-0.008524
-0.006904
-0.007543
-0.009158
-0.008820
-0.007086
-0.002001
0.001455
0.000097
-0.003305
-0.005401
-0.003423
-0.000630
-0.000380
-0.000714
-0.000388
-0.002347
-0.004479
-0.005810
-0.005733
-0.006509
-0.008269
-0.009112
-0.009131
-0.011376
-0.011466
-0.008917
-0.007416
-0.004643
-0.003869
-0.004561
-0.004367
-0.003842
-0.003211
-0.003537
-0.005562
-0.007957
-0.010437
-0.011738
-0.009088
-0.003254
0.002351
0.003530
0.001861
0.001164
0.001928
0.002589
0.001193
0.000720
-0.001184
-0.003281
-0.001844
0.001387
0.003983
0.004864
0.004729
0.004427
0.003965
0.003128
0.001587
-0.000215
-0.001409
-0.000530
0.001436
0.002983
0.004955
0.006510
0.005577
0.002588
0.001609
0.000915
-0.001517
-0.003443
-0.003874
-0.004740
-0.005091
-0.004679
-0.001910
0.001582
0.000300
-0.002089
-0.002449
-0.001620
0.001528
0.003744
0.003399
0.002607
0.003342
0.005349
0.006121
0.006875
0.007588
0.008021
0.007716
0.006430
0.005266
0.005810
0.007507
0.009604
0.011711
0.012415
0.013978
0.017104
0.020491
0.021541
0.019588
0.017523
0.018320
0.015480
0.012223
0.011410
0.010341
0.010377
0.010580
0.010941
0.012305
0.012996
0.011451
0.010646
0.009459
0.006890
0.005498
0.002671
-0.000263
-0.000192
0.001644
0.005190
0.011129
0.014828
0.013895
0.008815
0.003637
0.002230
0.004016
0.006607
0.007738
0.006761
0.005003
0.003977
0.002543
0.002061
-0.003608
-0.001986
-0.000475
0.001532
0.002904
0.004755
0.005995
0.005384
0.004250
0.004100
0.004781
0.002703
-0.001317
-0.000919
-0.000864
-0.000318
0.003040
0.004458
0.004313
0.005269
0.005159
0.002714
-0.000795
-0.001418
0.001200
0.001898
0.000004
-0.001767
-0.001558
-0.000572
0.001327
0.003827
0.002847
0.002228
0.002676
0.002379
0.002148
0.001451
0.001871
0.002486
0.001756
0.000897
-0.000466
-0.002998
