-0.013181
-0.025484
-0.013843
0.020748
0.060583
0.086924
0.095151
0.091329
0.079115
0.065551
0.065736
0.082971
0.106229
0.125419
0.141036
0.148900
0.147919
0.138110
0.124549
0.106173
0.088840
0.079857
0.079155
0.077649
0.065330
0.045514
0.022860
-0.001994
-0.011492
-0.007381
0.002115
0.021974
0.052162
0.082346
0.096606
0.098374
0.104980
0.113366
0.112977
0.100032
0.080968
0.069282
0.055684
0.034585
0.014602
0.004084
0.014158
0.036001
0.052438
0.059029
0.060038
0.047900
0.027053
0.013258
0.011481
0.020557
0.023049
0.020179
0.013205
-0.012636
-0.056927
-0.114389
-0.177295
-0.230450
-0.257718
-0.269501
-0.282488
-0.301407
-0.327770
-0.359489
-0.390317
-0.410313
-0.420510
-0.422205
-0.417367
-0.422382
-0.440297
-0.472346
-0.509610
-0.547548
-0.579563
-0.614039
-0.666698
-0.735541
-0.800920
-0.840814
-0.861125
-0.873427
-0.887950
-0.917203
-0.958680
-1.005291
-1.047647
-1.073881
-1.092877
-1.112094
-1.127109
-1.140288
-1.157599
-1.185628
-1.223247
-1.260640
-1.292664
-1.313153
-1.325165
-1.342462
-1.364621
-1.394604
-1.430476
-1.462987
-1.488344
-1.510876
-1.524703
-1.522526
-1.515693
-1.512622
-1.521082
-1.540412
-1.573414
-1.627315
-1.690460
-1.747181
-1.797683
-1.844964
-1.889691
-1.932077
-1.970825
-2.002494
-2.027310
-2.046316
-2.057467
-2.070357
-2.098021
-2.130261
-2.158530
-2.187552
-2.217654
-2.247654
-2.281771
-2.318872
-2.362277
-2.409913
-2.453358
-2.499550
-2.554169
-2.612367
-2.668518
-2.729076
-2.793527
-2.850102
-2.906681
-2.970469
-3.034672
-3.090421
-3.135831
-3.178089
-3.232693
-3.301502
-3.371220
-3.435071
-3.491648
-3.554282
-3.622981
-3.700757
-3.792268
-3.886626
-3.978941
-4.078211
-4.171001
-4.234539
-4.269591
-4.295952
-4.332670
-4.374430
-4.413662
-4.465620
-4.518979
-4.557510
-4.590982
-4.631932
-4.684402
-4.746366
-4.817246
-4.891109
-4.970234
-5.062169
-5.150329
-5.223388
-5.289133
-5.340438
-5.379360
-5.430735
-5.500167
-5.572108
-5.636406
-5.690687
-5.731247
-5.770596
-5.817128
-5.863815
-5.909307
-5.960583
-6.004546
-6.039740
-6.077639
-6.116318
-6.160387
-6.193682
-6.203290
-6.193591
-6.182560
-6.173780
-6.167289
-6.167218
-6.177939
-6.202691
-6.234845
-6.271842
-6.309617
-6.336317
-6.348244
-6.348811
-6.346148
-6.359473
-6.380272
-6.410457
-6.448248
-6.492438
-6.534126
-6.563610
-6.585416
-6.603816
-6.607870
-6.586864
-6.547554
-6.517053
-6.500425
-6.487219
-6.481284
-6.490151
-6.510779
-6.529786
-6.531159
-6.506473
-6.459339
-6.411481
-6.375693
-6.347032
-6.333543
-6.330900
-6.338530
-6.352099
-6.355123
-6.350931
-6.357974
-6.372035
-6.390216
-6.420464
-6.466791
-6.510015
-6.538433
-6.554349
-6.547629
-6.523299
-6.499732
-6.479127
-6.462786
-6.451048
-6.423083
-6.384083
-6.335401
-6.268314
-6.195331
-6.130061
-6.083816
-6.061038
-6.063395
-6.084459
-6.105652
-6.115590
-6.119918
-6.136602
-6.150268
-6.145207
-6.133489
-6.121854
-6.112330
-6.107072
-6.102734
-6.089053
-6.066964
-6.041543
-6.012343
-5.977530
-5.929009
-5.867630
-5.818039
-5.794484
-5.775834
-5.751447
-5.715597
-2.449232
-2.400685
-2.343911
-2.267284
-2.166362
-2.049639
-1.922990
-1.805618
-1.709151
-1.626548
-1.555389
-1.483985
-1.412527
-1.330745
-1.237054
-1.148068
-1.072602
-1.000378
-0.930485
-0.875690
-0.839879
-0.808115
-0.758741
-0.688346
-0.602856
-0.512985
-0.431861
-0.355965
-0.284533
-0.239735
-0.223819
-0.213677
-0.195510
-0.170130
-0.143964
-0.124962
-0.102669
-0.076515
-0.044585
0.003179
0.050337
0.090438
0.146138
0.224429
0.311963
0.388781
0.444252
0.483468
0.516724
0.553282
0.589617
0.622380
0.653262
0.678160
0.703713
0.745614
0.793761
0.838012
0.879307
0.917170
0.956098
1.002960
1.060589
1.139503
1.246198
1.350368
1.436638
1.514295
1.579174
1.627375
1.674232
1.724562
1.774975
1.819575
1.864489
1.923345
1.998634
2.074918
2.139855
2.194337
2.237250
2.272451
2.323502
2.385962
2.442892
2.498761
2.552949
2.596304
2.629769
2.661526
2.695913
2.730008
2.743089
2.738296
2.739349
2.746447
2.747225
2.738946
2.725687
2.724240
2.738035
2.749861
2.750153
2.739286
2.719534
2.701171
2.680933
2.654850
2.640676
2.640049
2.637453
2.622370
2.600038
2.585316
2.577157
2.552745
2.512891
2.473532
2.437601
2.410985
2.397700
2.389397
2.364366
2.314543
2.257556
2.211481
2.182178
2.181761
2.197242
2.205060
2.206358
2.204680
2.195670
2.171376
2.130429
2.082567
2.034051
1.987068
1.941222
1.897270
1.869013
1.858964
1.845186
1.819188
1.792341
1.761347
1.735093
1.738182
1.760587
1.779508
1.783320
1.769100
1.744938
1.729437
1.710377
1.670770
1.620688
1.564420
1.512617
1.461498
1.410616
1.361549
1.319647
1.272694
1.208778
1.146007
1.096615
1.051349
1.010290
0.979522
0.963945
0.971499
0.997908
1.035591
1.077352
1.106335
1.116224
1.106440
1.090978
1.072827
1.042050
0.996528
0.949284
0.913756
0.893671
0.882408
0.873216
0.872852
0.879557
0.887584
0.901930
0.922977
0.934525
0.938064
0.945148
0.958380
0.963886
0.943737
0.910565
0.885736
0.878246
0.882248
0.898226
0.923539
0.944636
0.969759
0.990614
0.997078
0.997512
0.999940
0.992419
0.970097
0.956095
0.976455
1.030201
1.102837
1.182119
1.255078
1.311237
1.349183
1.386060
1.417174
1.451902
1.503459
1.563120
1.606439
1.619987
1.608660
1.592597
1.590469
1.607695
1.644872
1.686307
1.710841
1.705156
1.694142
1.690617
1.680873
1.672383
1.657989
1.648157
1.655876
1.682234
1.726967
1.780453
1.824753
1.862662
1.898948
1.940450
1.988784
2.035920
2.075473
2.102809
2.121903
2.141789
2.178345
2.226380
2.269755
2.307673
2.348616
2.386295
2.415612
2.442875
2.473812
2.501401
2.535564
2.586031
2.633525
2.660306
2.673668
2.673602
2.649200
2.593699
2.532933
2.485921
2.470014
2.483182
2.522381
2.591339
2.672118
2.739291
2.794216
2.854567
2.921288
2.992729
3.071264
3.151888
3.214465
3.250845
3.274950
3.302362
3.341889
3.393990
3.432860
3.442846
3.452902
3.487450
3.541770
-2.151444
3.631191
-0.985477
-0.987922
-0.989921
-0.976652
-0.943978
-0.899836
-0.850938
-0.797034
-0.747528
-0.712915
-0.687337
-0.663910
-0.641831
-0.618374
-0.584762
-0.538049
-0.495838
-0.463208
-0.436851
-0.426419
-0.428632
-0.442460
-0.460946
-0.476364
-0.490830
-0.503001
-0.509705
-0.509328
-0.498219
-0.480753
-0.472097
-0.474413
-0.485686
-0.507219
-0.532611
-0.563049
-0.598812
-0.620031
-0.626145
-0.617630
-0.606057
-0.609160
-0.624662
-0.648953
-0.673058
-0.674429
-0.661523
-0.647447
-0.635177
-0.625239
-0.615067
-0.603833
-0.588551
-0.582884
-0.595331
-0.625078
-0.663284
-0.701213
-0.744230
-0.784029
-0.794694
-0.777259
-0.749147
-0.721422
-0.703252
-0.693847
-0.686785
-0.672092
-0.657807
-0.655619
-0.656913
-0.642670
-0.617806
-0.598287
-0.597141
-0.618085
-0.655989
-0.704724
-0.756271
-0.805743
-0.852511
-0.894103
-0.937722
-0.986621
-1.038228
-1.089536
-1.130407
-1.166968
-1.213665
-1.274368
-1.350808
-1.440217
-1.529371
-1.603418
-1.656729
-1.701743
-1.747788
-1.791777
-1.831698
-1.872349
-1.910091
-1.946294
-1.990737
-2.037437
-2.076361
-2.107020
-2.128356
-2.147589
-2.172625
-2.210442
-2.243061
-2.262316
-2.264991
-2.260734
-2.268366
-2.292012
-2.318126
-2.344125
-2.381278
-2.441605
-2.521197
-2.608127
-2.695143
-2.774135
-2.837480
-2.875954
-2.886558
-2.882687
-2.886189
-2.911155
-2.951285
-3.007933
-3.074253
-3.153818
-3.258055
-3.374014
-3.502733
-3.642553
-3.784353
-3.925248
-4.062186
-4.187769
-4.309154
-4.436720
-4.565066
-4.690903
-4.801269
-4.889423
-4.964699
-5.042408
-5.109345
-5.157021
-5.204293
-5.263112
-5.332564
-5.396956
-5.453446
-5.510668
-5.576157
-5.638339
-5.701419
-5.771825
-5.842568
-5.919591
-5.998827
-6.081865
-6.167220
-6.244294
-6.304588
-6.360448
-6.420908
-6.481637
-6.538048
-6.589088
-6.626837
-6.651603
-6.679541
-6.721833
-6.771718
-6.815104
-6.843624
-6.859861
-6.873391
-6.884125
-6.893413
-6.899125
-6.912261
-6.929103
-6.937167
-6.939238
-6.949098
-6.962337
-6.980285
-7.023147
-7.083969
-7.143130
-7.189666
-7.217463
-7.229446
-7.243953
-7.267506
-7.301390
-7.348875
-7.413786
-7.489590
-7.560972
-7.615813
-7.657440
-7.703551
-7.763118
-7.825934
-7.875818
-7.910177
-7.934339
-7.952995
-7.974333
-8.005794
-8.036041
-8.057516
-8.074539
-8.085124
-8.107807
-8.150002
-8.200940
-8.255448
-8.309848
-8.363523
-8.406796
-8.442762
-8.477915
-8.510777
-8.544489
-8.596632
-8.652036
-8.692201
-8.714804
-8.726767
-8.740674
-8.762222
-8.797337
-8.841501
-8.885759
-8.932552
-8.975267
-9.007174
-9.030285
-9.048608
-9.067960
-9.097593
-9.144230
-9.186747
-9.199844
-9.177072
-9.134035
-9.085100
-9.042948
-9.012143
-8.994314
-8.989571
-8.994234
-9.009414
-9.034248
-9.063782
-9.091873
-9.109696
-9.113139
-9.108587
-9.094852
-9.072761
-9.054757
-9.040188
-9.025269
-9.016047
-9.008676
-8.992641
-8.957388
-8.922142
-8.909567
-8.909598
-8.905962
-8.899975
-8.899622
-8.892678
-8.860841
-8.814512
-8.777306
-8.758746
-8.755292
-8.759392
-8.767408
-8.752014
-8.699073
-8.631415
-8.563553
-8.497484
-8.442368
-8.413390
-8.410147
-13.783248
-8.368553
-2.199481
-2.086036
-1.972726
-1.877057
-1.791338
-1.711079
-1.639027
-1.565969
-1.494487
-1.426960
-1.353790
-1.276812
-1.195067
-1.116334
-1.053640
-1.008460
-0.982479
-0.961046
-0.923718
-0.861576
-0.772420
-0.668039
-0.571762
-0.495327
-0.443217
-0.398284
-0.350492
-0.302182
-0.257944
-0.224640
-0.188040
-0.136234
-0.078656
-0.022881
0.028977
0.076219
0.122017
0.173012
0.231491
0.299841
0.388378
0.488668
0.586318
0.679548
0.769043
0.842072
0.894880
0.933359
0.959690
0.979210
0.992659
1.007476
1.036321
1.092201
1.165009
1.233329
1.292605
1.345265
1.394614
1.437131
1.463384
1.484585
1.513355
1.543946
1.563886
1.579551
1.591641
1.605995
1.631660
1.662936
1.702179
1.742207
1.782270
1.833193
1.899143
1.974387
2.046459
2.110235
2.170942
2.220005
2.259341
2.297379
2.335129
2.376517
2.423456
2.483631
2.540158
2.581353
2.606261
2.617601
2.635279
2.670120
2.720900
2.777270
2.834357
2.893050
2.934580
2.942101
2.922538
2.886652
2.853767
2.830717
2.808393
2.780594
2.758696
2.759481
2.787832
2.827511
2.868580
2.911432
2.953735
2.998609
3.032324
3.061419
3.114015
3.181259
3.238520
3.284244
3.318073
3.338439
3.350910
3.365992
3.381657
3.406624
3.454667
3.517426
3.582901
3.643297
3.687896
3.718033
3.737535
3.749041
3.759651
3.769899
3.768274
3.755497
3.727747
3.687232
3.646385
3.611681
3.581449
3.545550
3.509483
3.479599
3.465654
3.463762
3.468570
3.479843
3.489370
3.494282
3.503224
3.510448
3.499139
3.471091
3.442741
3.426016
3.412991
3.381000
3.325300
3.277207
3.243642
3.206117
3.157872
3.100779
3.049089
3.012453
2.988729
2.973644
2.967297
2.975529
2.988852
2.995399
2.993929
2.988489
2.985580
2.988960
2.998631
3.006137
3.004316
2.994219
2.978750
2.966597
2.953039
2.935175
2.922313
2.920405
2.921943
2.929122
2.952716
2.998159
3.064512
3.131171
3.180752
3.220191
3.248293
3.264210
3.286915
3.312225
3.330310
3.341071
3.351736
3.363020
3.376203
3.401309
3.441437
3.490064
3.539086
3.584552
3.620910
3.650356
3.677538
3.698322
3.716833
3.733160
3.744087
3.747631
3.742474
3.731147
3.730524
3.758961
3.804559
3.844648
3.872158
3.885181
3.883118
3.870518
3.873447
3.887273
3.904980
3.932999
3.975420
4.020076
4.045365
4.048318
4.040389
4.036035
4.036735
4.040309
4.048233
4.056038
4.063426
4.070777
4.082564
4.095055
4.112975
4.130811
4.151057
4.190690
4.255716
4.326533
4.396037
4.473578
4.567963
4.683996
4.800508
4.902400
4.989060
5.042868
5.077550
5.129551
5.190961
5.244194
5.291445
5.339204
5.384379
5.432195
5.491082
5.555077
5.605611
5.640825
5.663275
5.688200
5.723002
5.764778
5.819753
5.871957
5.912604
5.949950
5.986566
6.015631
6.039602
6.076030
6.131023
6.213532
6.313604
6.408041
6.477733
6.516075
6.536402
6.562704
6.604325
6.663510
6.738698
6.826388
6.927364
7.027879
7.121902
7.212108
-5.089593
7.343271
-0.151255
-0.087105
-0.006257
0.074337
0.131563
0.166441
0.195583
0.224306
0.253720
0.299889
0.360777
0.415364
0.459722
0.482075
0.484121
0.481184
0.475405
0.467031
0.463089
0.462710
0.457335
0.446657
0.431574
0.410470
0.380262
0.348942
0.336789
0.344582
0.355761
0.361929
0.367205
0.375070
0.389697
0.412056
0.445565
0.476014
0.491938
0.505402
0.518817
0.513644
0.505793
0.508960
0.515950
0.517559
0.500687
0.469912
0.427474
0.386053
0.338359
0.286972
0.254533
0.235605
0.219938
0.217954
0.234792
0.262853
0.289973
0.311007
0.330151
0.331752
0.317031
0.295953
0.271568
0.249648
0.236123
0.224565
0.223849
0.240433
0.264718
0.284941
0.284212
0.252662
0.197037
0.141026
0.092172
0.043240
-0.004930
-0.047368
-0.095362
-0.154760
-0.215135
-0.268595
-0.303681
-0.326149
-0.363794
-0.435531
-0.541561
-0.668809
-0.798728
-0.906520
-0.986885
-1.048766
-1.084583
-1.101790
-1.113720
-1.125980
-1.143536
-1.163192
-1.186899
-1.215687
-1.243690
-1.280885
-1.321991
-1.362350
-1.399960
-1.430565
-1.453213
-1.463320
-1.473598
-1.494391
-1.511854
-1.541796
-1.592294
-1.647136
-1.687447
-1.718361
-1.750028
-1.776229
-1.800047
-1.823851
-1.843876
-1.855891
-1.868307
-1.901871
-1.967038
-2.049286
-2.116767
-2.170722
-2.232164
-2.289143
-2.342453
-2.413527
-2.508115
-2.619365
-2.737082
-2.853673
-2.960394
-3.048293
-3.116116
-3.183377
-3.266106
-3.359670
-3.459817
-3.568137
-3.686108
-3.808431
-3.916741
-3.996164
-4.048712
-4.087708
-4.129949
-4.183999
-4.250331
-4.322493
-4.405866
-4.485959
-4.553296
-4.616763
-4.701529
-4.803185
-4.901609
-4.985681
-5.048959
-5.095248
-5.132849
-5.174117
-5.224582
-5.282474
-5.342864
-5.399902
-5.444874
-5.491373
-5.541902
-5.587687
-5.632441
-5.680751
-5.738712
-5.816286
-5.901757
-5.975899
-6.039753
-6.092884
-6.131651
-6.151750
-6.157352
-6.159098
-6.176636
-6.223160
-6.296832
-6.385056
-6.473823
-6.556154
-6.623176
-6.668864
-6.705986
-6.740642
-6.769233
-6.799592
-6.834346
-6.863796
-6.885046
-6.902845
-6.924000
-6.940618
-6.957999
-6.991412
-7.044267
-7.109435
-7.183168
-7.263957
-7.342228
-7.406357
-7.446757
-7.465847
-7.469383
-7.483056
-7.511664
-7.551210
-7.610579
-7.671819
-7.726582
-7.793034
-7.862990
-7.921938
-7.981336
-8.052101
-8.130336
-8.208648
-8.273237
-8.316790
-8.345402
-8.369863
-8.396816
-8.419144
-8.431032
-8.444952
-8.457884
-8.477842
-8.514430
-8.559721
-8.601820
-8.652874
-8.716751
-8.789515
-8.854952
-8.889909
-8.900392
-8.898252
-8.877821
-8.845114
-8.824989
-8.825029
-8.838007
-8.859658
-8.889459
-8.909430
-8.916014
-8.908995
-8.893135
-8.875313
-8.861711
-8.865432
-8.887806
-8.904989
-8.901987
-8.882101
-8.857246
-8.838840
-8.833369
-8.833318
-8.823473
-8.826550
-8.862414
-8.912689
-8.972685
-9.033448
-9.075465
-9.109324
-9.151199
-9.181530
-9.183640
-9.160919
-9.117197
-9.071933
-9.046981
-9.038298
-9.045334
-9.070152
-9.109915
-9.151794
-9.174615
-9.173987
-9.174690
-9.184633
-9.193602
-9.197735
-9.197102
-9.190296
-18.945377
-9.133575
-2.093172
-2.014262
-1.945862
-1.889271
-1.839489
-1.787571
-1.722744
-1.637388
-1.532509
-1.415621
-1.292704
-1.175320
-1.072742
-0.981809
-0.883922
-0.787346
-0.687330
-0.578587
-0.478198
-0.395678
-0.323252
-0.253230
-0.167749
-0.055231
0.072638
0.196638
0.307333
0.416148
0.518960
0.601832
0.671393
0.734627
0.772530
0.784125
0.788207
0.801753
0.842348
0.919121
1.027241
1.145500
1.258827
1.354287
1.429114
1.483196
1.506581
1.509865
1.514023
1.537994
1.584899
1.653255
1.738516
1.828686
1.901747
1.954626
1.996949
2.032574
2.076096
2.121285
2.152385
2.166683
2.179484
2.199950
2.240749
2.302218
2.368359
2.430326
2.479532
2.502135
2.519746
2.541379
2.567067
2.594172
2.614167
2.626825
2.630196
2.639414
2.657418
2.663215
2.667556
2.699656
2.771926
2.856738
2.942825
3.038207
3.125686
3.188838
3.227201
3.248269
3.265556
3.275759
3.274642
3.281243
3.291017
3.292940
3.297413
3.313158
3.330057
3.351276
3.380289
3.423872
3.490705
3.580476
3.662782
3.723189
3.756187
3.764602
3.760154
3.753840
3.752748
3.769840
3.809141
3.864046
3.934652
4.005661
4.055529
4.081502
4.088439
4.073857
4.052018
4.030094
4.006694
3.993214
3.989113
3.986187
3.983972
3.988044
3.986076
3.974401
3.960347
3.948257
3.937744
3.923510
3.906365
3.893784
3.895546
3.913640
3.934491
3.947160
3.963798
3.977174
3.970883
3.959728
3.953089
3.942759
3.933463
3.946099
3.975876
3.992169
3.975996
3.928400
3.863930
3.807057
3.780322
3.777601
3.773424
3.753446
3.713430
3.658917
3.598593
3.537962
3.486748
3.447922
3.412100
3.372534
3.330631
3.286185
3.250640
3.223274
3.202847
3.200830
3.204289
3.211529
3.220489
3.224922
3.226494
3.238130
3.270055
3.318708
3.374796
3.409966
3.420543
3.421794
3.423066
3.415321
3.401736
3.401162
3.416714
3.447611
3.480203
3.501177
3.524556
3.566324
3.623707
3.685642
3.743852
3.784447
3.814946
3.846111
3.871243
3.884715
3.886349
3.884769
3.881685
3.881655
3.904638
3.959598
4.034612
4.103350
4.152098
4.196425
4.244561
4.275878
4.293346
4.314400
4.352056
4.399234
4.448414
4.485323
4.506900
4.531904
4.578328
4.648067
4.718940
4.780825
4.835524
4.870553
4.893382
4.912971
4.919288
4.921825
4.924584
4.929220
4.933764
4.932593
4.923737
4.912504
4.911744
4.929402
4.964237
5.000389
5.028414
5.055010
5.077777
5.100609
5.120966
5.132827
5.141599
5.152521
5.166961
5.198278
5.267807
5.362174
5.456272
5.525768
5.562234
5.587519
5.637388
5.715252
5.804073
5.894494
5.973766
6.034220
6.080670
6.128861
6.179068
6.228123
6.278332
6.318351
6.348579
6.391092
6.447860
6.522347
6.599927
6.662829
6.703280
6.718700
6.725546
6.742339
6.771225
6.806101
6.841008
6.875854
6.912640
6.954038
6.998815
7.047177
7.090754
7.145501
7.223083
7.313115
7.407557
7.498173
7.587450
7.677486
7.765954
7.848980
7.921223
7.980875
-8.054401
8.068563
0.534369
0.567134
0.605158
0.642422
0.659198
0.661727
0.657152
0.658623
0.684405
0.725566
0.767341
0.801972
0.824432
0.825808
0.803671
0.768045
0.732121
0.691375
0.652949
0.623964
0.604987
0.590624
0.581652
0.575440
0.566453
0.559962
0.561277
0.573954
0.588037
0.594028
0.606544
0.614455
0.612790
0.611471
0.598106
0.579650
0.553800
0.531400
0.534879
0.562981
0.612962
0.671287
0.716695
0.736648
0.727298
0.709574
0.693645
0.669785
0.632844
0.592487
0.566238
0.561888
0.561679
0.546073
0.520974
0.492247
0.475260
0.460253
0.434903
0.401987
0.361065
0.301086
0.235186
0.179819
0.140671
0.112462
0.091015
0.079618
0.060585
0.032423
-0.003215
-0.038558
-0.064848
-0.083017
-0.093982
-0.119890
-0.173662
-0.244732
-0.323755
-0.401269
-0.462018
-0.517533
-0.580099
-0.626490
-0.652540
-0.676805
-0.691937
-0.683477
-0.654788
-0.629949
-0.623528
-0.642112
-0.677594
-0.722194
-0.775483
-0.821432
-0.863773
-0.912978
-0.960958
-1.005453
-1.053828
-1.113378
-1.183384
-1.259841
-1.329871
-1.385050
-1.429434
-1.473367
-1.526944
-1.579862
-1.630713
-1.688882
-1.748332
-1.798281
-1.836908
-1.869300
-1.904886
-1.951725
-2.021097
-2.099379
-2.170757
-2.235185
-2.302971
-2.377659
-2.456311
-2.527304
-2.580877
-2.628976
-2.677973
-2.720674
-2.751565
-2.775188
-2.820692
-2.899097
-3.000664
-3.114545
-3.227424
-3.322448
-3.399195
-3.476396
-3.564525
-3.668912
-3.780172
-3.884392
-3.978676
-4.065272
-4.140123
-4.218855
-4.302801
-4.375810
-4.440246
-4.504565
-4.573327
-4.657892
-4.764785
-4.881258
-4.992266
-5.094756
-5.194664
-5.286600
-5.369380
-5.459416
-5.567145
-5.683650
-5.808141
-5.932099
-6.046765
-6.164338
-6.269831
-6.351532
-6.433414
-6.535498
-6.655947
-6.783606
-6.898087
-6.980145
-7.047190
-7.116751
-7.178064
-7.230978
-7.279136
-7.330749
-7.394128
-7.475024
-7.554444
-7.609067
-7.641059
-7.671198
-7.718525
-7.795716
-7.895264
-7.986941
-8.064604
-8.150288
-8.240314
-8.318207
-8.394266
-8.477215
-8.555380
-8.624376
-8.679037
-8.725939
-8.784983
-8.868711
-8.966414
-9.047730
-9.092248
-9.097436
-9.092844
-9.108025
-9.142174
-9.188589
-9.241247
-9.297642
-9.362341
-9.431387
-9.494972
-9.549608
-9.599020
-9.645128
-9.689255
-9.733355
-9.780361
-9.818906
-9.836877
-9.843127
-9.856921
-9.878646
-9.895860
-9.905468
-9.915243
-9.929127
-9.952271
-9.987322
-10.032057
-10.083431
-10.143600
-10.198410
-10.249966
-10.296137
-10.331631
-10.356113
-10.375420
-10.397131
-10.433211
-10.488599
-10.548528
-10.610997
-10.678861
-10.745378
-10.795403
-10.829762
-10.842134
-10.844995
-10.855490
-10.856777
-10.830475
-10.794992
-10.757462
-10.729019
-10.723570
-10.732464
-10.742432
-10.748137
-10.750561
-10.758077
-10.776229
-10.798362
-10.832250
-10.881045
-10.933920
-10.980818
-11.012403
-11.037689
-11.063419
-11.085918
-11.106039
-11.125071
-11.139956
-11.145451
-11.135693
-11.118889
-11.096779
-11.064560
-11.026348
-10.975584
-10.934680
-10.924388
-10.935201
-10.973369
-11.033303
-11.085615
-11.102423
-11.093546
-11.083382
-11.078129
-11.073093
-11.064766
-23.207253
-10.994184
-2.547152
-2.438313
-2.349681
-2.275138
-2.200344
-2.117404
-2.015975
-1.901371
-1.789047
-1.688599
-1.603738
-1.534475
-1.482218
-1.433051
-1.376554
-1.320473
-1.277325
-1.231616
-1.185783
-1.148438
-1.108235
-1.062976
-1.003057
-0.926455
-0.840621
-0.745807
-0.640573
-0.538151
-0.448306
-0.361079
-0.282829
-0.207092
-0.123450
-0.040513
0.029967
0.093386
0.156724
0.218741
0.274697
0.319769
0.357543
0.403792
0.451139
0.504320
0.572398
0.655955
0.745075
0.825145
0.891610
0.937296
0.962431
0.980421
1.006532
1.043070
1.088591
1.145355
1.228908
1.336298
1.444365
1.544338
1.632979
1.704499
1.769711
1.834117
1.896310
1.951021
1.990005
2.012737
2.031518
2.053263
2.079946
2.123246
2.166686
2.183958
2.173986
2.148631
2.114159
2.079971
2.052013
2.031070
2.024012
2.036987
2.073371
2.124816
2.166926
2.184809
2.194828
2.205483
2.212784
2.236038
2.277286
2.317591
2.348313
2.374628
2.402803
2.435643
2.476769
2.528549
2.592029
2.652938
2.697510
2.743271
2.797235
2.844804
2.883970
2.911493
2.939467
2.989716
3.065832
3.162685
3.271827
3.368458
3.440823
3.493150
3.526471
3.541888
3.555553
3.586986
3.624206
3.653096
3.679449
3.705455
3.721723
3.720698
3.710155
3.699132
3.694960
3.705876
3.721468
3.729322
3.725710
3.711525
3.696805
3.669478
3.626648
3.578863
3.530950
3.498706
3.489666
3.487083
3.469570
3.444617
3.423380
3.399607
3.368352
3.328830
3.272828
3.207546
3.149381
3.104667
3.064513
3.030411
2.990781
2.949479
2.907164
2.855320
2.801997
2.760659
2.739693
2.736709
2.742511
2.750153
2.761885
2.771478
2.775931
2.784934
2.797216
2.796827
2.778537
2.751900
2.740913
2.754011
2.777911
2.800057
2.808851
2.783988
2.744757
2.708384
2.685241
2.681676
2.702904
2.737705
2.763906
2.767644
2.751471
2.729409
2.708603
2.687501
2.670567
2.662441
2.665834
2.678496
2.699189
2.724543
2.749776
2.768613
2.778483
2.788376
2.792104
2.790092
2.794943
2.815151
2.836486
2.857490
2.883847
2.902895
2.910743
2.912869
2.915888
2.921861
2.922420
2.920960
2.922842
2.925693
2.933620
2.942351
2.957029
2.982667
3.005660
3.020098
3.031439
3.039819
3.039945
3.044343
3.057440
3.078182
3.107392
3.122691
3.118578
3.102571
3.088986
3.090991
3.111616
3.150085
3.206405
3.277373
3.352648
3.426307
3.477731
3.514351
3.548763
3.584176
3.628550
3.681380
3.735797
3.784488
3.826325
3.855181
3.887186
3.946773
4.036492
4.133781
4.226840
4.309808
4.388007
4.473045
4.562089
4.647332
4.717553
4.787560
4.864564
4.934482
4.998929
5.063427
5.119663
5.168481
5.216771
5.276470
5.349584
5.432548
5.524036
5.618225
5.713986
5.815224
5.910275
5.996168
6.086028
6.188567
6.307470
6.426973
6.536595
6.635424
6.712439
6.763011
6.791707
6.818009
6.865292
6.915512
6.958735
7.007359
7.069786
7.152890
7.263038
7.398378
7.529215
7.636645
7.728814
7.824810
-11.839415
7.966227
0.451121
0.443406
0.423450
0.401493
0.385296
0.372809
0.353908
0.334182
0.327486
0.346947
0.376061
0.399987
0.427150
0.457636
0.482596
0.518048
0.576533
0.640865
0.691250
0.722298
0.737664
0.743735
0.740911
0.738260
0.735640
0.724444
0.712716
0.695056
0.670681
0.655083
0.657460
0.659177
0.657552
0.671455
0.707159
0.744626
0.770688
0.791239
0.795360
0.786051
0.774071
0.768920
0.778654
0.796286
0.803644
0.798679
0.780032
0.741181
0.697962
0.664344
0.635201
0.611470
0.589457
0.555294
0.505030
0.446826
0.383386
0.318998
0.263306
0.215937
0.172154
0.123454
0.078705
0.029305
-0.034112
-0.099772
-0.161097
-0.216933
-0.266828
-0.306390
-0.339078
-0.375475
-0.425358
-0.485401
-0.540874
-0.597186
-0.660227
-0.720833
-0.774244
-0.821117
-0.865573
-0.905747
-0.937723
-0.963831
-0.998882
-1.046584
-1.091975
-1.133207
-1.164760
-1.187297
-1.211871
-1.228278
-1.231106
-1.244121
-1.285854
-1.358662
-1.456719
-1.564623
-1.654091
-1.724355
-1.787707
-1.842417
-1.881496
-1.907278
-1.927617
-1.958152
-1.992451
-2.021564
-2.053371
-2.091098
-2.133847
-2.185765
-2.237425
-2.283542
-2.324422
-2.359814
-2.388067
-2.424995
-2.480678
-2.533031
-2.576997
-2.620442
-2.655107
-2.684659
-2.709851
-2.728978
-2.760983
-2.822719
-2.909412
-3.004863
-3.097033
-3.182966
-3.268133
-3.354387
-3.440221
-3.528897
-3.612326
-3.691339
-3.776184
-3.873122
-3.966029
-4.051781
-4.138588
-4.227069
-4.308772
-4.378458
-4.448360
-4.529093
-4.620019
-4.715980
-4.818884
-4.917805
-5.014637
-5.116254
-5.213500
-5.303732
-5.401419
-5.503710
-5.597503
-5.676305
-5.740023
-5.801952
-5.867664
-5.935809
-6.002513
-6.076304
-6.157866
-6.240671
-6.337480
-6.451383
-6.560658
-6.660740
-6.749327
-6.819779
-6.876649
-6.919737
-6.957956
-7.001986
-7.061908
-7.124761
-7.193584
-7.268820
-7.346284
-7.434667
-7.527196
-7.604988
-7.650679
-7.656730
-7.630855
-7.605973
-7.600161
-7.630447
-7.697888
-7.790195
-7.888556
-7.987537
-8.078617
-8.150664
-8.217046
-8.295444
-8.386415
-8.480932
-8.566518
-8.639504
-8.703271
-8.752216
-8.785423
-8.813638
-8.837264
-8.865649
-8.909613
-8.972727
-9.047856
-9.124068
-9.187101
-9.225267
-9.239723
-9.238688
-9.240623
-9.252033
-9.268000
-9.286854
-9.310063
-9.349063
-9.407627
-9.478758
-9.553837
-9.625806
-9.695159
-9.757402
-9.799700
-9.828814
-9.864797
-9.917348
-9.982845
-10.045721
-10.101748
-10.150632
-10.195409
-10.245308
-10.304779
-10.362387
-10.421739
-10.495265
-10.581148
-10.665270
-10.752652
-10.837972
-10.914042
-10.988430
-11.048731
-11.078807
-11.091104
-11.099415
-11.110561
-11.114117
-11.099690
-11.072705
-11.045170
-11.018274
-10.984158
-10.957515
-10.950681
-10.959534
-10.965811
-10.971811
-10.973672
-10.971515
-10.960075
-10.942070
-10.930956
-10.937167
-10.963925
-11.012438
-11.077272
-11.138707
-11.191930
-11.226314
-11.229929
-11.213068
-11.186128
-11.155709
-11.134410
-11.138044
-11.159388
-11.178807
-11.182569
-11.173829
-11.158791
-11.137379
-11.128755
-11.133975
-11.134332
-11.115440
-11.091299
-11.082128
-11.094573
-11.114751
-27.856627
-11.101813
-3.358330
-3.267278
-3.165903
-3.062306
-2.938177
-2.787130
-2.618209
-2.439476
-2.261621
-2.107681
-1.971274
-1.840090
-1.729599
-1.645204
-1.574484
-1.513815
-1.458896
-1.399514
-1.332228
-1.261302
-1.191857
-1.121951
-1.045012
-0.961820
-0.873956
-0.791195
-0.733633
-0.698297
-0.663088
-0.624668
-0.572858
-0.498130
-0.408873
-0.319778
-0.238777
-0.164195
-0.089272
-0.018838
0.039298
0.076307
0.109472
0.144555
0.165893
0.185693
0.214425
0.257470
0.311231
0.354490
0.376647
0.406960
0.450429
0.501495
0.566680
0.645225
0.722462
0.784428
0.830544
0.865951
0.878994
0.873242
0.873571
0.887804
0.915957
0.962909
1.020534
1.084734
1.140978
1.184648
1.229688
1.282011
1.339154
1.383926
1.410416
1.428742
1.441583
1.461336
1.498122
1.536654
1.566074
1.582209
1.593787
1.619054
1.655914
1.694178
1.728806
1.759742
1.787998
1.818579
1.867869
1.937150
2.002319
2.061385
2.119861
2.176849
2.234074
2.292184
2.334398
2.350477
2.355298
2.354524
2.350282
2.339213
2.317462
2.292030
2.294384
2.341086
2.430587
2.544214
2.663813
2.779177
2.879810
2.966997
3.048239
3.110044
3.136886
3.147852
3.159035
3.174543
3.198833
3.210045
3.210101
3.222745
3.246084
3.271983
3.307252
3.355983
3.413084
3.475226
3.529272
3.555166
3.559048
3.554244
3.548160
3.552622
3.557284
3.540687
3.503517
3.448819
3.394011
3.361595
3.354851
3.356286
3.348506
3.320108
3.273503
3.218814
3.168008
3.122925
3.074957
3.029731
2.999973
2.978642
2.948783
2.903038
2.839834
2.764403
2.698070
2.643373
2.604441
2.579381
2.562976
2.542223
2.511488
2.481950
2.461851
2.470829
2.500796
2.525058
2.531637
2.527693
2.536473
2.562418
2.591379
2.619719
2.650222
2.669149
2.675146
2.672398
2.669120
2.660400
2.640635
2.615359
2.589319
2.549799
2.510224
2.486226
2.471516
2.473568
2.480729
2.484048
2.488047
2.494229
2.503341
2.510387
2.505686
2.487411
2.455385
2.415514
2.389988
2.397464
2.437454
2.484516
2.521718
2.554529
2.591612
2.632830
2.666602
2.698087
2.718676
2.727290
2.744634
2.780853
2.831971
2.888141
2.943691
2.997820
3.049773
3.097455
3.136162
3.163559
3.182696
3.205228
3.238289
3.280507
3.334699
3.398428
3.457243
3.499160
3.535732
3.568296
3.586461
3.592990
3.597497
3.598471
3.598292
3.600030
3.617405
3.655173
3.685557
3.701728
3.715412
3.733832
3.770017
3.819117
3.867438
3.912753
3.963346
4.025604
4.092503
4.164454
4.241547
4.321984
4.401111
4.472442
4.536812
4.604414
4.682166
4.772237
4.874453
4.980992
5.096181
5.229183
5.381625
5.539899
5.686914
5.822161
5.962079
6.085776
6.190371
6.289114
6.380036
6.469162
6.556942
6.644137
6.736861
6.831533
6.915442
6.993997
7.068147
7.131832
7.191121
7.236873
7.267866
7.299717
7.341708
7.403347
7.497911
7.612324
7.720384
7.798408
7.845785
7.884231
7.933024
7.997801
8.070213
8.137687
8.195429
8.247751
-16.930363
8.295773
0.725300
0.705832
0.694395
0.693875
0.700681
0.717594
0.741799
0.763237
0.778794
0.794042
0.813592
0.821418
0.806422
0.793906
0.781672
0.772342
0.782108
0.799906
0.816747
0.838969
0.860643
0.868552
0.856588
0.841175
0.840758
0.844147
0.836415
0.818102
0.800429
0.787786
0.785353
0.796811
0.802359
0.804132
0.808176
0.810145
0.810552
0.807021
0.806175
0.809162
0.808175
0.802384
0.788869
0.760927
