-0.011269
-0.033250
-0.059656
-0.095884
-0.141648
-0.197587
-0.244033
-0.279602
-0.323359
-0.368646
-0.415524
-0.469736
-0.525911
-0.574203
-0.621307
-0.681173
-0.766159
-0.884201
-1.032840
-1.200729
-1.373696
-1.544395
-1.726524
-1.922680
-2.122682
-2.310695
-2.478280
-2.633941
-2.784583
-2.931072
-3.066475
-3.201375
-3.346877
-3.517644
-3.711102
-3.908860
-4.095260
-4.283079
-4.486817
-4.708255
-4.951560
-5.216478
-5.487697
-5.743357
-5.979348
-6.189479
-6.351534
-6.458254
-6.513552
-6.532340
-6.540751
-6.556242
-6.571402
-6.584366
-6.602293
-6.626394
-6.640997
-6.638968
-6.635348
-6.622564
-6.602701
-6.597469
-6.607664
-6.624066
-6.649353
-6.679606
-6.699610
-6.712621
-6.728423
-6.745984
-6.758791
-6.770639
-6.783321
-6.793204
-6.802255
-6.808660
-6.807636
-6.801800
-6.812139
-6.839615
-6.871579
-6.907160
-6.949551
-6.999638
-7.036194
-7.062024
-7.096385
-7.145821
-7.194113
-7.231494
-7.272706
-7.312208
-7.350396
-7.396806
-7.442859
-7.451438
-7.400033
-7.306226
-7.184400
-7.050257
-6.910168
-6.776223
-6.655385
-6.532489
-6.404989
-6.292561
-6.192498
-6.084724
-5.960870
-5.811017
-5.627522
-5.416642
-5.194958
-4.978596
-4.785436
-4.603916
-4.438273
-4.294097
-4.177248
-4.098559
-4.073788
-4.100816
-4.184353
-4.328993
-4.517282
-4.727046
-4.947665
-5.156149
-5.337703
-5.476383
-5.545005
-5.545229
-5.501348
-5.427489
-5.352514
-5.294592
-5.258592
-5.242196
-5.231467
-5.214627
-5.187903
-5.159016
-5.140879
-5.128613
-5.115310
-5.099998
-5.076814
-5.024590
-4.934705
-4.832229
-4.733255
-4.628371
-4.508560
-4.376931
-4.226633
-4.066424
-3.910794
-3.763449
-3.610073
-3.433762
-3.236411
-3.027523
-2.831663
-2.660043
-2.523069
-2.446082
-2.434191
-2.470208
-2.529824
-2.602160
-2.694951
-2.797254
-2.894087
-2.979484
-3.038384
-3.069145
-3.082519
-3.079962
-3.058040
-3.035042
-3.028479
-3.038913
-3.064656
-3.088371
-3.109397
-3.139523
-3.181855
-3.233291
-3.284521
-3.329845
-3.355144
-3.360083
-3.357689
-3.342151
-3.299606
-3.224238
-3.149323
-3.104860
-3.077506
-3.060780
-3.056034
-3.050453
-3.049670
-3.058861
-3.077800
-3.106949
-3.134420
-3.152645
-3.163556
-3.173814
-3.176383
-3.167335
-3.146234
-3.130817
-3.127724
-3.127521
-3.134049
-3.142326
-3.144440
-3.135343
-3.126219
-3.132239
-3.156461
-3.195526
-3.245423
-3.292121
-3.325422
-3.349953
-3.369193
-3.388959
-3.416259
-3.458393
-3.502838
-3.530414
-3.545543
-3.575978
-3.613230
-3.639215
-3.653751
-3.652382
-3.634035
-3.608633
-3.582973
-3.555373
-3.520156
-3.479448
-3.455650
-3.451139
-3.478377
-3.554461
-3.675787
-3.830165
-4.009749
-4.205532
-4.401223
-4.589777
-4.763577
-4.917293
-5.056559
-5.185204
-5.302529
-5.433322
-5.575501
-5.706762
-5.830503
-5.955877
-6.083971
-6.215857
-6.344160
-6.475282
-6.587626
-6.649923
-6.660139
-6.632652
-6.579963
-6.498817
-6.408064
-6.329831
-6.275433
-6.246129
-6.255897
-6.291929
-6.344669
-6.396725
-6.422590
-6.425022
-6.420877
-6.412168
-6.402511
-6.401760
-6.419501
-6.449579
-6.479170
-6.502477
-6.513212
-6.513626
-6.525652
-6.573007
-6.649686
-6.722349
-6.763845
-2.236116
-2.247456
-2.283710
-2.333280
-2.384246
-2.432683
-2.475724
-2.505076
-2.535812
-2.598711
-2.698795
-2.827458
-2.973509
-3.133744
-3.309320
-3.503198
-3.720430
-3.950465
-4.152769
-4.299484
-4.399067
-4.471931
-4.519069
-4.513929
-4.433726
-4.274022
-4.070363
-3.861488
-3.675771
-3.524570
-3.399950
-3.307700
-3.259095
-3.246911
-3.249490
-3.260972
-3.270501
-3.268549
-3.247893
-3.215793
-3.192759
-3.182080
-3.163981
-3.135410
-3.100962
-3.071317
-3.043147
-3.005012
-2.962272
-2.922387
-2.887935
-2.855836
-2.824430
-2.790132
-2.737828
-2.680176
-2.630073
-2.593215
-2.571013
-2.553140
-2.526598
-2.484956
-2.433305
-2.381052
-2.336649
-2.307296
-2.291232
-2.274426
-2.251153
-2.229417
-2.204217
-2.170897
-2.130586
-2.087004
-2.034905
-1.966174
-1.882042
-1.808939
-1.748680
-1.691283
-1.640116
-1.588992
-1.533525
-1.461334
-1.382591
-1.321527
-1.283216
-1.266520
-1.267080
-1.275563
-1.278315
-1.268090
-1.231619
-1.169641
-1.107145
-1.048491
-0.993667
-0.938139
-0.881449
-0.816397
-0.734232
-0.635258
-0.512043
-0.358707
-0.179074
0.000496
0.177352
0.352554
0.535494
0.730072
0.938859
1.163885
1.400668
1.636396
1.853275
2.053767
2.246589
2.438757
2.640054
2.847542
3.054088
3.240463
3.370234
3.418712
3.387983
3.283234
3.102460
2.866553
2.598166
2.321899
2.077390
1.882989
1.749290
1.698817
1.734537
1.823180
1.949285
2.096566
2.240963
2.370511
2.487021
2.587335
2.669504
2.747607
2.829158
2.924666
3.031727
3.159387
3.307596
3.466999
3.632469
3.804193
3.984892
4.170000
4.360426
4.554015
4.749651
4.958003
5.165010
5.363688
5.569974
5.773839
5.976771
6.201356
6.443016
6.645329
6.767252
6.816477
6.812935
6.765831
6.678868
6.572203
6.459769
6.359360
6.290428
6.253586
6.248140
6.262252
6.291162
6.329102
6.365490
6.401197
6.424100
6.431674
6.428060
6.419608
6.427432
6.440753
6.448999
6.464871
6.479086
6.478112
6.469855
6.457661
6.439720
6.418421
6.402493
6.409689
6.449109
6.507234
6.557275
6.594569
6.627913
6.656371
6.679236
6.696921
6.715858
6.748973
6.798840
6.851198
6.896481
6.921039
6.932704
6.941751
6.964271
7.016253
7.092262
7.167023
7.228437
7.277596
7.321488
7.362101
7.389231
7.405740
7.423198
7.448835
7.488529
7.540154
7.606087
7.684716
7.759886
7.830508
7.890039
7.924574
7.948687
7.974855
8.000494
8.027015
8.054725
8.083233
8.123091
8.184985
8.252893
8.302969
8.324525
8.324600
8.318909
8.308104
8.284143
8.230426
8.150604
8.047838
7.924165
7.783031
7.634711
7.478992
7.318749
7.166328
7.027940
6.903040
6.791128
6.692183
6.607979
6.513941
6.405112
6.302430
6.212048
6.142483
6.100695
6.083689
6.101658
6.166853
6.277114
6.430235
6.618468
6.818885
7.007223
7.170259
7.299741
7.400464
7.468098
7.519449
7.545382
7.538797
7.532099
7.544874
7.573267
7.613975
7.674078
7.746400
7.819963
7.879604
7.914004
7.925802
7.913622
7.886337
7.864533
7.849105
1.107939
7.772545
0.296937
0.214429
0.139801
0.054895
-0.021437
-0.072407
-0.110851
-0.170566
-0.291025
-0.470143
-0.685055
-0.922190
-1.175366
-1.442489
-1.724187
-2.012406
-2.300131
-2.573764
-2.816333
-3.016541
-3.174846
-3.278444
-3.294321
-3.217654
-3.071156
-2.889358
-2.725624
-2.616897
-2.567045
-2.570786
-2.621632
-2.697135
-2.779224
-2.860830
-2.935173
-3.003384
-3.062857
-3.102761
-3.119004
-3.129963
-3.152817
-3.191984
-3.247186
-3.302475
-3.354819
-3.410785
-3.464948
-3.515472
-3.566547
-3.618488
-3.681837
-3.755683
-3.822818
-3.887720
-3.960719
-4.030850
-4.087098
-4.130240
-4.171104
-4.210945
-4.242346
-4.262445
-4.274748
-4.291234
-4.316253
-4.354022
-4.394524
-4.435246
-4.471359
-4.498491
-4.528464
-4.566428
-4.610550
-4.663089
-4.710392
-4.757328
-4.818563
-4.891313
-4.955912
-5.003818
-5.036255
-5.068357
-5.111736
-5.173341
-5.229784
-5.271412
-5.308684
-5.347118
-5.398825
-5.470810
-5.561468
-5.663554
-5.761657
-5.842423
-5.910786
-5.970452
-6.025251
-6.074481
-6.106849
-6.115919
-6.113622
-6.116373
-6.120685
-6.096928
-6.025552
-5.915554
-5.783672
-5.632427
-5.469243
-5.301016
-5.121224
-4.922837
-4.709476
-4.495453
-4.271897
-4.039615
-3.814816
-3.607409
-3.422659
-3.262063
-3.133424
-3.051138
-3.012958
-3.026896
-3.125417
-3.311715
-3.571347
-3.872525
-4.185305
-4.480223
-4.733614
-4.949197
-5.109982
-5.212305
-5.263303
-5.270555
-5.248448
-5.211153
-5.178270
-5.162297
-5.162202
-5.163235
-5.169046
-5.176237
-5.175730
-5.146494
-5.079861
-4.988449
-4.884021
-4.777172
-4.664845
-4.549137
-4.433297
-4.315331
-4.194094
-4.072559
-3.956776
-3.853591
-3.755733
-3.661251
-3.555532
-3.429601
-3.277903
-3.101490
-2.913085
-2.740205
-2.636910
-2.632904
-2.713065
-2.848224
-3.009984
-3.188813
-3.382691
-3.567029
-3.725922
-3.860469
-3.970867
-4.058748
-4.120657
-4.141910
-4.125692
-4.090777
-4.046762
-4.011485
-3.989496
-3.977081
-3.966734
-3.960925
-3.970323
-3.997430
-4.027343
-4.055553
-4.078691
-4.093561
-4.103631
-4.111994
-4.122049
-4.136899
-4.162805
-4.202380
-4.254935
-4.310174
-4.362424
-4.401670
-4.435584
-4.474796
-4.526171
-4.581000
-4.616674
-4.623402
-4.608664
-4.583757
-4.558688
-4.547305
-4.556582
-4.594673
-4.654961
-4.717208
-4.785306
-4.859281
-4.919030
-4.959881
-4.985387
-4.995440
-4.996079
-5.006878
-5.043342
-5.091713
-5.129447
-5.148512
-5.155526
-5.163764
-5.177657
-5.195643
-5.207183
-5.206860
-5.204082
-5.207128
-5.216903
-5.236697
-5.266377
-5.293693
-5.314762
-5.326080
-5.319757
-5.314361
-5.321149
-5.333464
-5.369498
-5.449503
-5.576341
-5.741805
-5.937032
-6.149725
-6.371188
-6.602485
-6.820526
-7.023614
-7.238927
-7.482614
-7.743992
-7.994979
-8.212657
-8.400621
-8.583426
-8.781973
-9.001488
-9.227466
-9.429226
-9.576708
-9.650972
-9.646313
-9.573433
-9.447177
-9.276688
-9.078832
-8.889725
-8.752041
-8.683140
-8.681877
-8.744333
-8.866877
-9.029499
-9.195101
-9.347456
-9.464718
-9.529757
-9.547428
-9.529263
-9.481051
-9.405214
-9.320082
-9.256655
-9.233217
-9.257728
-9.323376
-9.415079
-9.525057
-13.062229
-9.713045
-2.106453
-2.160694
-2.202976
-2.224720
-2.245477
-2.291417
-2.363871
-2.463211
-2.593683
-2.740357
-2.899198
-3.075099
-3.249733
-3.425418
-3.622995
-3.848217
-4.086407
-4.318598
-4.535145
-4.732151
-4.882825
-4.956025
-4.938161
-4.829448
-4.651655
-4.445516
-4.255385
-4.115190
-4.037910
-4.016344
-4.035476
-4.067707
-4.104089
-4.150972
-4.208232
-4.266598
-4.306095
-4.329734
-4.332422
-4.309711
-4.279921
-4.247931
-4.208951
-4.160536
-4.103569
-4.052320
-4.014386
-3.975188
-3.933155
-3.892461
-3.866543
-3.852314
-3.847168
-3.850899
-3.852009
-3.854220
-3.863472
-3.879421
-3.901783
-3.922054
-3.925559
-3.924976
-3.932683
-3.947100
-3.965741
-3.975693
-3.981554
-3.989658
-3.982040
-3.964177
-3.961675
-3.972143
-3.982458
-3.978768
-3.960211
-3.937677
-3.908117
-3.864355
-3.805135
-3.734509
-3.656174
-3.568841
-3.478479
-3.401207
-3.343411
-3.296671
-3.255680
-3.228809
-3.209463
-3.184621
-3.145419
-3.084259
-3.001274
-2.910235
-2.823827
-2.747206
-2.684766
-2.630902
-2.571244
-2.507101
-2.439272
-2.370244
-2.311260
-2.255124
-2.182267
-2.083955
-1.960131
-1.819722
-1.659973
-1.468441
-1.253952
-1.011487
-0.738299
-0.466432
-0.201408
0.087823
0.407183
0.747874
1.080583
1.378599
1.645803
1.894388
2.110150
2.267785
2.345083
2.332133
2.240939
2.096126
1.901766
1.662508
1.398005
1.138172
0.938182
0.827373
0.789025
0.802243
0.855747
0.940016
1.032373
1.121569
1.198696
1.252917
1.308229
1.360932
1.407874
1.472903
1.566831
1.683998
1.813276
1.959111
2.126751
2.296906
2.458828
2.623302
2.791377
2.974613
3.185700
3.411013
3.636552
3.857239
4.082941
4.320765
4.565773
4.819870
5.075511
5.306488
5.492048
5.617950
5.690801
5.721747
5.709205
5.649087
5.552254
5.445884
5.342564
5.241489
5.144164
5.070674
5.030608
5.032767
5.074307
5.138063
5.213647
5.290381
5.351530
5.390308
5.416927
5.450898
5.492522
5.533892
5.581800
5.631424
5.672313
5.703903
5.726613
5.740028
5.743758
5.745832
5.755722
5.765965
5.789728
5.831966
5.877595
5.935975
6.011207
6.096997
6.173473
6.222525
6.240218
6.227269
6.189732
6.143076
6.102393
6.079092
6.083580
6.111820
6.142523
6.177451
6.245433
6.336306
6.422815
6.502896
6.572598
6.624345
6.661430
6.696236
6.727980
6.760528
6.796755
6.834517
6.863868
6.885668
6.913336
6.939150
6.954276
6.960482
6.965213
6.973570
6.986670
7.006519
7.041243
7.088240
7.141040
7.190170
7.237194
7.278916
7.318083
7.358400
7.380096
7.362286
7.307488
7.220102
7.103613
6.971564
6.834282
6.686915
6.535870
6.394557
6.256259
6.116219
5.971807
5.827412
5.686564
5.536078
5.381793
5.244262
5.132421
5.048639
4.989131
4.955979
4.951750
4.993187
5.085041
5.227183
5.426055
5.677232
5.943326
6.185041
6.368732
6.466737
6.486732
6.450038
6.380914
6.290313
6.199695
6.129731
6.109178
6.157307
6.258479
6.371714
6.467129
6.540666
6.609985
6.692086
6.776161
6.847446
6.908175
6.952891
-3.239875
6.940892
0.334834
0.240358
0.157746
0.082428
0.009596
-0.068743
-0.164081
-0.276732
-0.405287
-0.548064
-0.705702
-0.873140
-1.048418
-1.240633
-1.470786
-1.744712
-2.045299
-2.353348
-2.671708
-2.978115
-3.254770
-3.491288
-3.683440
-3.817736
-3.867900
-3.824660
-3.714730
-3.582032
-3.465127
-3.384136
-3.339982
-3.322616
-3.320283
-3.335976
-3.369738
-3.425448
-3.494112
-3.544487
-3.572850
-3.584480
-3.585567
-3.594218
-3.627248
-3.690368
-3.775663
-3.863186
-3.934156
-3.987819
-4.036376
-4.082171
-4.132517
-4.187489
-4.245147
-4.302499
-4.347723
-4.386053
-4.423801
-4.460063
-4.494140
-4.521313
-4.529150
-4.524150
-4.520895
-4.529912
-4.552180
-4.582480
-4.604251
-4.622034
-4.651534
-4.680880
-4.706273
-4.741177
-4.796396
-4.847214
-4.880791
-4.894053
-4.883001
-4.856898
-4.841446
-4.854734
-4.890090
-4.925040
-4.959767
-4.996518
-5.036913
-5.085722
-5.140891
-5.187431
-5.219959
-5.244867
-5.268355
-5.300159
-5.347059
-5.416027
-5.497118
-5.570105
-5.616856
-5.633170
-5.631706
-5.623178
-5.607986
-5.580163
-5.539722
-5.497622
-5.440883
-5.366466
-5.267874
-5.126061
-4.941804
-4.737447
-4.520292
-4.276749
-4.010742
-3.734388
-3.452901
-3.176284
-2.914291
-2.652770
-2.390326
-2.145429
-1.930027
-1.769937
-1.691080
-1.712737
-1.823731
-2.008192
-2.260096
-2.567837
-2.921518
-3.305402
-3.689677
-4.040013
-4.340429
-4.560915
-4.682756
-4.725913
-4.730628
-4.711468
-4.666920
-4.604679
-4.534898
-4.479500
-4.453887
-4.446402
-4.448394
-4.453084
-4.448542
-4.425400
-4.379734
-4.312079
-4.214771
-4.091300
-3.955376
-3.822191
-3.708006
-3.608738
-3.516968
-3.423903
-3.319042
-3.207047
-3.085291
-2.942617
-2.784025
-2.624394
-2.471109
-2.312111
-2.138398
-1.976667
-1.858434
-1.800882
-1.808316
-1.868025
-1.963528
-2.098128
-2.277585
-2.461764
-2.608340
-2.709280
-2.756004
-2.760419
-2.752342
-2.750099
-2.762208
-2.787274
-2.819572
-2.849082
-2.892774
-2.957153
-3.019268
-3.062856
-3.089088
-3.107975
-3.127947
-3.146379
-3.170897
-3.200719
-3.205524
-3.187024
-3.175951
-3.178748
-3.181711
-3.178062
-3.184977
-3.203908
-3.226349
-3.251377
-3.278864
-3.306171
-3.324146
-3.332445
-3.334333
-3.330340
-3.325066
-3.327613
-3.334349
-3.349578
-3.375815
-3.404726
-3.422607
-3.421591
-3.417208
-3.414681
-3.414965
-3.424824
-3.443163
-3.467818
-3.501235
-3.548757
-3.608181
-3.663734
-3.706455
-3.741221
-3.761553
-3.771979
-3.774648
-3.772142
-3.777872
-3.801015
-3.832829
-3.858855
-3.871247
-3.873859
-3.877705
-3.889615
-3.899153
-3.907522
-3.938029
-3.985958
-4.049637
-4.146024
-4.259643
-4.395723
-4.581578
-4.819075
-5.092096
-5.379071
-5.662955
-5.934144
-6.174193
-6.389948
-6.592947
-6.791598
-6.997417
-7.204139
-7.414159
-7.634131
-7.840202
-8.008229
-8.136551
-8.211895
-8.224425
-8.189861
-8.116499
-8.000747
-7.852619
-7.681169
-7.502848
-7.337660
-7.211037
-7.140527
-7.137030
-7.197814
-7.301631
-7.424635
-7.546427
-7.654693
-7.743122
-7.798174
-7.803570
-7.769802
-7.720373
-7.665066
-7.626619
-7.615726
-7.633353
-7.682358
-7.760921
-7.852310
-16.006813
-8.039699
-2.251344
-2.307715
-2.357581
-2.402199
-2.461653
-2.535905
-2.618215
-2.720711
-2.851136
-3.006257
-3.186892
-3.391626
-3.604186
-3.812955
-4.024149
-4.247585
-4.483533
-4.705529
-4.896642
-5.048863
-5.157292
-5.196380
-5.155360
-5.061576
-4.948860
-4.842654
-4.747961
-4.659880
-4.573752
-4.480804
-4.395142
-4.325223
-4.258852
-4.200701
-4.171684
-4.167523
-4.160693
-4.133594
-4.085595
-4.036077
-3.992288
-3.955403
-3.929201
-3.904343
-3.880072
-3.862260
-3.856179
-3.851418
-3.845016
-3.831551
-3.811693
-3.788185
-3.763055
-3.737274
-3.708003
-3.684758
-3.664566
-3.649888
-3.646158
-3.647547
-3.655101
-3.670640
-3.674450
-3.655833
-3.612068
-3.549187
-3.507602
-3.490086
-3.468173
-3.437864
-3.402071
-3.351727
-3.283926
-3.213074
-3.137736
-3.067316
-3.018425
-2.987945
-2.958988
-2.927491
-2.903594
-2.892409
-2.889075
-2.872845
-2.832566
-2.784654
-2.738911
-2.689853
-2.641054
-2.586867
-2.530309
-2.479406
-2.436388
-2.420200
-2.424665
-2.439815
-2.451328
-2.450442
-2.439416
-2.418392
-2.385144
-2.336359
-2.273365
-2.183785
-2.062515
-1.899527
-1.690907
-1.437748
-1.150604
-0.845981
-0.528893
-0.202163
0.124940
0.451299
0.782402
1.121024
1.469309
1.812569
2.137345
2.435988
2.694453
2.916005
3.083704
3.171991
3.181443
3.115663
2.981371
2.785039
2.535985
2.268496
2.012434
1.791202
1.631961
1.546999
1.542631
1.616012
1.746568
1.885101
1.990439
2.059487
2.102034
2.134114
2.169634
2.216132
2.268972
2.334505
2.418471
2.527533
2.665215
2.821610
2.986646
3.149272
3.311732
3.476383
3.641515
3.794734
3.930509
4.072104
4.235680
4.428012
4.649082
4.890550
5.146016
5.413024
5.694563
5.983680
6.266481
6.525032
6.748434
6.905984
6.983601
6.985814
6.928774
6.835681
6.719119
6.587446
6.461361
6.358407
6.283731
6.246649
6.261722
6.320480
6.406849
6.497131
6.573400
6.623870
6.651524
6.663773
6.665910
6.680127
6.709458
6.740333
6.765005
6.780246
6.789890
6.794818
6.792438
6.787540
6.783260
6.784213
6.793719
6.809985
6.823869
6.843030
6.866097
6.877198
6.874296
6.882858
6.915797
6.971446
7.031656
7.085063
7.143475
7.203963
7.252481
7.293988
7.329739
7.359738
7.393809
7.432309
7.465982
7.503024
7.549460
7.583042
7.609776
7.651162
7.702934
7.759756
7.811163
7.849883
7.887094
7.929108
7.982308
8.058248
8.163239
8.274027
8.365869
8.439127
8.494808
8.538486
8.573700
8.595471
8.610931
8.633131
8.670207
8.722989
8.771709
8.802551
8.825889
8.825828
8.780241
8.692171
8.573064
8.423106
8.250158
8.068252
7.882380
7.702420
7.540382
7.377374
7.205762
7.035995
6.864055
6.690006
6.508684
6.329347
6.161049
6.010391
5.894241
5.815059
5.774940
5.797894
5.896214
6.060828
6.274848
6.530913
6.812016
7.084743
7.307726
7.460485
7.532422
7.521983
7.442803
7.315981
7.178499
7.054635
6.970685
6.932869
6.935391
6.972898
7.033978
7.115963
7.216209
7.309158
7.366808
7.390427
7.392378
7.376356
-6.952613
7.291578
0.682350
0.589466
0.491656
0.391456
0.288698
0.188299
0.082047
-0.033364
-0.159655
-0.307496
-0.471359
-0.633397
-0.806902
-1.008719
-1.242472
-1.510928
-1.807540
-2.118105
-2.433823
-2.737722
-3.009586
-3.237428
-3.405923
-3.480351
-3.448255
-3.337929
-3.182777
-3.018524
-2.871900
-2.755622
-2.665307
-2.604714
-2.589095
-2.600828
-2.627856
-2.661702
-2.689972
-2.702897
-2.695400
-2.673557
-2.651899
-2.653246
-2.676218
-2.719656
-2.792926
-2.877436
-2.955721
-3.024329
-3.074451
-3.104925
-3.140577
-3.187939
-3.235906
-3.279491
-3.316412
-3.359255
-3.415542
-3.475102
-3.523349
-3.559155
-3.595315
-3.643809
-3.696060
-3.749264
-3.813817
-3.885788
-3.949579
-4.006817
-4.057775
-4.105306
-4.154027
-4.217150
-4.299327
-4.390556
-4.478113
-4.545069
-4.598341
-4.643578
-4.683043
-4.729011
-4.773617
-4.804050
-4.826726
-4.849187
-4.868967
-4.890203
-4.927436
-4.987850
-5.058081
-5.136499
-5.217057
-5.285166
-5.329582
-5.348170
-5.358592
-5.370808
-5.378724
-5.390696
-5.403326
-5.399594
-5.371442
-5.321339
-5.252061
-5.166470
-5.074101
-4.975049
-4.845732
-4.682379
-4.488163
-4.264713
-4.021830
-3.770195
-3.519048
-3.275787
-3.034479
-2.785542
-2.527073
-2.275070
-2.039156
-1.809469
-1.598627
-1.431752
-1.338604
-1.340395
-1.440410
-1.632554
-1.898899
-2.223883
-2.565069
-2.879772
-3.151965
-3.373803
-3.543293
-3.648561
-3.691343
-3.685530
-3.645515
-3.604151
-3.570948
-3.553624
-3.555405
-3.575619
-3.605498
-3.634062
-3.659984
-3.679657
-3.673823
-3.649251
-3.616321
-3.590199
-3.553225
-3.493095
-3.400836
-3.277770
-3.141667
-3.007266
-2.866520
-2.701696
-2.513284
-2.312086
-2.091504
-1.850346
-1.595894
-1.347456
-1.099069
-0.850779
-0.622860
-0.428054
-0.300392
-0.254894
-0.285942
-0.385870
-0.539648
-0.734423
-0.955723
-1.165408
-1.340738
-1.484068
-1.586314
-1.640249
-1.648670
-1.627124
-1.600083
-1.588282
-1.606161
-1.658711
-1.741441
-1.826524
-1.888410
-1.917394
-1.920931
-1.908857
-1.893190
-1.883400
-1.886747
-1.901128
-1.910795
-1.913218
-1.912840
-1.909225
-1.913215
-1.937620
-1.971930
-2.023952
-2.084442
-2.134555
-2.171018
-2.190261
-2.187772
-2.176785
-2.166373
-2.160022
-2.162998
-2.166740
-2.174208
-2.194492
-2.222550
-2.257514
-2.297543
-2.340715
-2.382724
-2.411095
-2.420228
-2.417971
-2.417547
-2.421010
-2.427254
-2.445501
-2.482626
-2.525596
-2.564909
-2.597979
-2.624437
-2.652194
-2.694806
-2.761281
-2.848181
-2.927531
-2.989819
-3.043400
-3.081440
-3.096262
-3.098688
-3.099936
-3.114170
-3.139946
-3.180286
-3.249465
-3.349700
-3.478159
-3.625694
-3.789655
-3.964411
-4.161395
-4.383968
-4.614139
-4.844825
-5.076691
-5.309126
-5.544420
-5.778668
-6.010643
-6.241928
-6.467965
-6.679490
-6.885749
-7.091008
-7.270608
-7.410740
-7.497298
-7.509173
-7.451540
-7.326071
-7.125386
-6.872283
-6.603350
-6.339492
-6.108827
-5.942819
-5.853720
-5.844429
-5.901391
-5.998258
-6.114930
-6.241247
-6.366519
-6.470745
-6.541985
-6.583939
-6.602277
-6.603929
-6.587576
-6.558928
-6.536085
-6.546023
-6.596586
-6.674317
-6.771624
-17.972492
-6.978420
-1.311881
-1.399533
-1.486251
-1.573836
-1.657355
-1.734062
-1.810205
-1.891363
-1.983383
-2.085506
-2.215353
-2.391288
-2.612733
-2.864002
-3.129446
-3.399278
-3.674438
-3.952940
-4.237384
-4.505270
-4.732845
-4.903231
-5.004250
-5.027128
-4.969404
-4.850407
-4.698629
-4.538492
-4.384045
-4.244637
-4.127350
-4.041208
-3.986435
-3.957552
-3.942002
-3.926995
-3.906998
-3.881890
-3.847771
-3.800051
-3.739983
-3.671404
-3.608048
-3.553748
-3.508416
-3.489430
-3.488238
-3.490666
-3.486726
-3.470029
-3.459477
-3.460328
-3.459348
-3.450454
-3.431018
-3.401788
-3.374467
-3.361228
-3.350060
-3.334043
-3.326793
-3.334625
-3.346551
-3.363117
-3.378063
-3.384220
-3.380151
-3.359369
-3.317562
-3.271255
-3.229745
-3.182439
-3.134109
-3.093403
-3.046888
-2.995937
-2.964626
-2.950689
-2.938330
-2.919209
-2.896671
-2.875029
-2.850410
-2.820292
-2.790657
-2.766630
-2.746516
-2.727757
-2.706645
-2.670895
-2.634572
-2.607544
-2.587861
-2.581299
-2.587655
-2.601540
-2.616435
-2.631316
-2.634133
-2.626484
-2.607684
-2.567880
-2.501260
-2.390418
-2.234359
-2.053487
-1.855912
-1.628592
-1.374469
-1.107892
-0.834117
-0.559865
-0.282392
0.002778
0.299920
0.601098
0.895187
1.181904
1.464422
1.738307
1.987013
2.186777
2.313052
2.348590
2.293331
2.154579
1.945671
1.687686
1.392789
1.106754
0.873963
0.703011
0.590857
0.533744
0.529174
0.568810
0.636106
0.720426
0.801817
0.869376
0.927888
0.991563
1.046475
1.096871
1.175485
1.300469
1.456820
1.615848
1.773997
1.938800
2.114810
2.289871
2.449640
2.595271
2.735058
2.875495
3.020123
3.183463
3.377458
3.600602
3.837321
4.075197
4.311379
4.561929
4.842005
5.139035
5.417347
5.642696
5.798021
5.871036
5.862933
5.797239
5.695898
5.572206
5.448766
5.337263
5.232870
5.153166
5.114116
5.120453
5.165522
5.230617
5.317025
5.414284
5.493006
5.543365
5.571995
5.590856
5.607096
5.633021
5.667676
5.694328
5.709441
5.719109
5.724743
5.741755
5.776278
5.826507
5.881613
5.933784
5.985015
6.034716
6.067799
6.092857
6.112669
6.127848
6.144614
6.166622
6.198160
6.236381
6.281984
6.330582
6.368628
6.379662
6.381509
6.399154
6.437281
6.471550
6.495049
6.530192
6.581263
6.641357
6.703000
6.751868
6.782093
6.793994
6.806030
6.828454
6.832091
6.811260
6.793444
6.795944
6.818389
6.852916
6.886258
6.907786
6.915789
6.924264
6.942705
6.973766
7.014534
7.055552
7.088934
7.124994
7.172849
7.229363
7.266547
7.270210
7.234573
7.151758
7.026351
6.874956
6.706424
6.521794
6.332822
6.154333
5.986082
5.818806
5.638940
5.453914
5.285001
5.140138
5.017827
4.912093
4.814801
4.721247
4.612863
4.500731
4.408695
4.351413
4.338686
4.385383
4.491343
4.644270
4.839247
5.079484
5.325593
5.528274
5.669547
5.744712
5.774278
5.765666
5.698474
5.604318
5.522350
5.467783
5.439242
5.437590
5.471808
5.540085
5.627420
5.718342
5.799782
5.857033
5.880406
5.877631
5.850116
5.812202
-9.820230
5.697482
0.519338
0.455755
0.399291
0.352237
0.311417
0.260319
0.192307
0.099994
-0.033957
-0.210807
-0.408516
-0.615592
-0.840301
-1.081230
-1.337701
-1.604107
-1.864806
-2.106792
-2.338674
-2.573574
-2.817565
-3.070970
-3.319950
-3.560436
-3.777453
-3.959125
-4.107570
-4.216805
-4.283896
-4.312680
-4.312903
-4.290724
-4.240851
-4.156139
-4.038803
-3.916224
-3.802973
-3.718395
-3.664340
-3.631879
-3.631355
-3.663148
-3.708364
-3.752124
-3.797687
-3.842427
-3.872832
-3.902506
-3.933980
-3.968194
-4.019030
-4.079082
-4.143784
-4.203491
-4.245224
-4.265530
-4.279819
-4.302806
-4.336118
-4.387022
-4.461576
-4.528876
-4.587220
-4.641561
-4.686927
-4.734616
-4.785185
-4.838807
-4.900277
-4.969054
-5.036392
-5.084036
-5.103151
-5.099232
-5.095045
-5.110656
-5.139673
-5.174217
-5.205984
-5.238386
-5.276889
-5.312509
-5.346280
-5.388953
-5.436421
-5.484789
-5.542689
-5.597249
-5.641848
-5.697193
-5.770788
-5.859097
-5.961452
-6.075264
-6.192938
-6.295721
-6.375293
-6.435791
-6.463209
-6.456649
-6.412362
-6.315660
-6.176356
-6.015584
-5.839587
-5.657513
-5.477505
-5.290024
-5.095366
-4.897337
-4.692438
-4.476885
-4.263031
-4.060857
-3.862941
-3.666223
-3.460151
-3.240047
-3.020681
-2.818100
-2.648355
-2.531537
-2.483037
-2.505799
-2.609080
-2.809245
-3.097414
-3.427662
-3.751413
-4.042271
-4.269411
-4.418211
-4.501588
-4.537998
-4.552225
-4.565654
-4.577407
-4.600053
-4.648759
-4.719527
-4.792840
-4.857964
-4.903046
-4.923546
-4.913369
-4.867073
-4.793806
-4.700621
-4.593527
-4.484644
-4.387790
-4.298952
-4.214569
-4.130638
-4.043390
-3.946256
-3.837089
-3.714322
-3.561110
-3.373781
-3.170206
-2.956604
-2.728349
-2.496457
-2.275012
-2.073766
-1.901886
-1.765887
-1.679293
-1.653983
-1.678988
-1.743692
-1.829931
-1.915973
-1.995806
-2.077585
-2.162260
-2.253576
-2.338766
-2.399000
-2.422030
-2.408378
-2.377965
-2.339797
-2.299454
-2.280405
-2.297565
-2.340463
-2.391296
-2.448752
-2.516334
-2.593674
-2.680385
-2.755035
-2.806955
-2.830326
-2.840530
-2.857104
-2.876381
-2.882572
-2.875292
-2.865891
-2.860055
-2.854909
-2.838989
-2.804454
-2.762493
-2.725483
-2.703542
-2.699861
-2.695480
-2.673960
-2.641919
-2.617040
-2.608157
-2.616031
-2.634512
-2.674838
-2.730871
-2.774957
-2.805125
-2.821692
-2.831724
-2.838027
-2.849438
-2.871637
-2.898870
-2.917209
-2.929685
-2.948540
-2.972083
-2.991540
-2.996307
-2.992835
-3.004150
-3.029726
-3.046968
-3.051814
-3.059625
-3.082327
-3.111900
-3.141953
-3.184223
-3.239037
-3.288470
-3.333235
-3.397519
-3.498508
-3.635609
-3.798040
-3.978052
-4.172946
-4.366969
-4.558213
-4.754662
-4.958983
-5.159771
-5.340933
-5.499088
-5.637280
-5.769180
-5.903503
-6.058592
-6.232023
-6.417259
-6.618246
-6.827026
-7.008880
-7.153682
-7.264462
-7.334500
-7.353778
-7.294410
-7.159228
-6.989773
-6.818625
-6.668499
-6.579445
-6.569496
-6.615570
-6.704884
-6.820446
-6.943155
-7.058540
-7.163291
-7.252401
-7.319303
-7.351178
-7.349399
-7.336894
-7.336011
-7.368979
-7.444199
-7.549162
-7.669774
-7.790417
-7.901625
-8.017288
-21.322855
-8.249342
-2.531457
-2.608711
-2.677514
-2.737786
-2.811015
-2.902960
-3.007851
-3.123207
-3.256584
-3.400762
-3.561969
-3.743260
-3.936961
-4.136394
-4.335772
-4.539928
-4.743771
-4.936880
-5.105771
-5.217267
-5.249589
-5.210475
-5.107227
-4.949011
-4.756664
-4.551037
-4.358739
-4.195670
-4.066571
-3.961713
-3.888707
-3.856490
-3.842600
-3.837517
-3.847839
-3.872150
-3.894980
-3.911366
-3.916264
-3.911299
-3.908798
-3.910334
-3.915670
-3.927843
-3.955907
-3.996367
-4.031247
-4.047244
-4.046459
-4.024204
-3.980444
-3.929689
-3.876150
-3.816361
-3.757110
-3.706037
-3.663901
-3.644576
-3.643387
-3.635363
-3.615884
-3.592744
-3.570468
-3.554519
-3.541626
-3.523427
-3.503117
-3.480877
-3.455326
-3.431985
-3.415565
-3.404429
-3.397679
-3.386775
-3.374909
-3.351915
-3.305962
-3.260375
-3.223093
-3.181304
-3.138671
-3.106644
-3.096621
-3.111351
-3.140661
-3.164980
-3.169750
-3.161561
-3.147046
-3.132239
-3.128367
-3.126875
-3.113857
-3.099916
-3.087005
-3.066879
-3.041360
-3.017007
-3.000863
-2.987731
-2.951561
-2.879707
-2.773041
-2.627985
-2.439138
-2.207072
-1.949908
-1.689219
-1.415854
-1.119802
-0.807535
-0.488218
-0.167224
0.150889
0.472600
0.798152
1.127767
1.467064
1.807831
2.117817
2.364182
2.524209
2.583493
2.540071
2.411771
2.222488
1.990291
1.735279
1.483757
1.262312
1.081847
0.954671
0.901714
0.923543
1.004236
1.122186
1.249899
1.358910
1.438599
1.494466
1.537047
1.585593
1.644641
1.704626
1.763985
1.818802
1.878375
1.949454
2.035929
2.132525
2.232749
2.336553
2.447134
2.566275
2.690966
2.820366
2.959479
3.120955
3.314279
3.534105
3.776411
4.043192
4.334797
4.650618
4.980121
5.305902
5.581223
5.774439
5.898340
5.966931
5.985846
5.964510
5.889827
5.773463
5.649786
5.539946
5.454673
5.406182
5.388823
5.402479
5.445202
5.507694
5.588889
5.686812
5.770458
5.826217
5.862466
5.874677
5.868812
5.860011
5.863025
5.887643
5.929936
5.977033
6.027638
6.074333
6.109302
6.153681
6.218456
6.293127
6.357793
6.414550
6.478050
6.550512
6.625012
6.690956
6.743941
6.787118
6.829942
6.871748
6.902230
6.924646
6.946608
6.968410
6.986814
6.998403
6.999626
6.989341
6.982344
6.996911
7.042569
7.124229
7.222078
7.313599
7.390182
7.453043
7.506286
7.554512
7.597139
7.640429
7.693902
7.760513
7.817243
7.842785
7.849398
7.865817
7.887207
7.900063
7.913768
7.939160
7.973986
8.009102
8.050280
8.086604
8.096144
8.071356
8.022491
7.969660
7.911674
7.836910
7.737751
7.618383
7.488361
7.367618
7.253160
7.135799
7.008247
6.872985
6.735598
6.590850
6.452592
6.316035
6.177623
6.042608
5.908110
5.771070
5.630322
5.486985
5.353202
5.248015
5.184709
5.171720
5.222730
5.342888
5.524124
5.760626
6.051350
6.365888
6.618413
6.754817
6.791105
6.751640
6.652493
6.538584
6.433960
6.347537
6.293107
6.279147
6.296484
6.343714
6.423477
6.533340
6.641161
6.711133
6.741134
6.747432
6.740853
6.716465
-12.909691
6.566170
0.460708
0.338234
0.239519
0.163662
0.110139
0.077791
0.036335
-0.040329
-0.148784
-0.287161
-0.449667
-0.625593
-0.817365
-1.025183
-1.237141
-1.442198
-1.644405
-1.846593
-2.045775
-2.244061
-2.453189
-2.684819
-2.939293
-3.209030
-3.486160
-3.756829
-4.015063
-4.246469
-4.438698
-4.582665
-4.668191
-4.714443
-4.732611
-4.726411
-4.684794
-4.594449
-4.465420
-4.334863
-4.236007
-4.178343
-4.152437
-4.146084
-4.157046
-4.187139
