-0.015798
0.015415
0.012958
0.009450
-0.001642
-0.005386
-0.002924
-0.000731
-0.004677
0.002336
0.011270
0.005236
0.000109
-0.000832
0.004259
-0.005858
0.000178
-0.006402
0.001964
-0.009222
0.005235
0.000584
0.003044
-0.007076
-0.007237
-0.001540
-0.004204
-0.004543
0.015789
-0.005586
0.005506
0.009045
0.007157
-0.000431
-0.008686
0.004527
0.009787
-0.004678
-0.004239
-0.006499
0.001120
0.006617
-0.013241
-0.001270
0.000615
0.005102
0.013292
-0.002889
-0.003532
-0.001482
0.001527
-0.013522
0.002540
0.004560
0.003483
0.004088
-0.013714
0.007663
-0.008756
-0.016374
-0.008524
-0.013439
-0.007243
0.000683
0.009720
-0.009705
-0.005587
-0.006228
-0.006836
-0.005519
-0.001844
0.004629
-0.003095
0.004528
-0.000226
-0.013410
-0.002181
-0.014420
0.002269
-0.010918
0.004156
-0.018499
-0.016826
-0.013380
0.001088
0.008169
-0.006939
-0.000563
-0.009830
-0.013569
-0.005589
-0.008351
-0.000057
0.004830
-0.010747
-0.002317
-0.000125
-0.005183
-0.006899
-0.011726
-0.006836
-0.002011
-0.004176
0.003549
-0.005355
-0.010579
-0.001104
-0.013822
-0.002924
-0.002992
-0.002181
-0.007637
0.006685
0.004595
-0.005889
-0.001340
-0.010746
-0.002387
-0.015465
-0.016796
-0.004203
-0.003396
-0.009733
-0.006293
-0.007309
-0.005790
-0.004511
-0.001171
-0.003633
-0.001097
0.001290
-0.010650
-0.012973
0.002876
-0.005017
-0.007747
-0.003970
-0.005549
-0.010054
-0.004509
-0.014105
-0.004644
-0.003904
-0.015734
-0.011084
-0.008490
-0.007209
-0.018127
-0.007441
-0.002718
-0.019141
-0.011557
-0.007680
-0.003424
-0.006131
-0.010476
-0.021266
-0.011457
-0.006195
-0.008794
-0.006704
-0.022721
-0.006059
-0.024030
-0.017513
-0.011488
-0.016543
-0.025345
-0.000262
0.003481
-0.002826
-0.012669
-0.015538
-0.000701
-0.006701
-0.023433
0.006315
-0.002453
-0.010984
-0.013476
-0.012702
-0.012328
-0.015879
-0.008860
-0.020828
-0.021635
-0.001338
-0.010045
-0.013752
0.003719
-0.010640
-0.024847
-0.012574
-0.005524
-0.006733
-0.005484
-0.000835
-0.017425
-0.007980
-0.004744
-0.009290
-0.014249
0.006550
-0.011693
-0.009836
-0.004141
-0.014829
0.013293
0.002875
0.006112
-0.009465
0.007359
-0.004138
-0.001648
-0.008691
-0.008115
-0.003562
-0.009296
-0.002690
0.004428
0.000650
0.001696
-0.003697
-0.017662
0.007629
-0.019780
0.001156
-0.016478
0.004867
-0.003264
-0.003869
-0.004172
0.012754
0.012350
0.006584
-0.013475
0.006854
0.002909
-0.005156
-0.008182
-0.002925
0.003853
0.011776
0.013529
0.011845
-0.004373
0.002740
0.006112
-0.011263
0.005606
-0.011859
0.002976
0.007460
-0.004881
-0.013586
0.003751
-0.009769
-0.011655
-0.014873
0.007697
-0.003601
0.000076
0.014742
0.000213
-0.003364
0.005403
-0.002450
0.002335
0.022699
-0.004438
0.020951
0.016832
0.006247
0.005809
-0.002926
-0.001472
-0.009904
-0.003062
0.005033
0.003280
-0.004912
-0.015541
0.015956
0.004696
-0.002992
0.002538
-0.000933
-0.000397
0.002943
0.010630
0.001358
0.005370
0.006584
0.008809
0.017741
0.010157
-0.009664
-0.003494
0.016496
0.002638
-0.006766
0.003111
0.007292
0.005809
0.020746
0.015216
0.014375
0.017036
-0.001947
0.004932
0.007461
0.000784
0.015148
-0.001543
0.023372
0.004662
0.001627
0.000178
0.013901
-0.001304
-0.006364
-0.005521
0.007899
0.015149
0.008371
0.010967
0.003617
0.000042
0.010832
0.000382
-0.020064
-0.004575
0.003921
0.000986
-0.002184
-0.004981
-0.008923
0.008270
-0.008184
0.007259
0.008607
-0.012094
0.003651
0.019828
0.009618
0.004728
-0.005962
-0.004138
-0.000798
0.001661
0.004055
-0.005556
-0.000732
-0.001742
-0.007375
0.004730
0.011641
-0.008322
0.001460
-0.000837
-0.001205
0.003481
0.006213
0.006651
0.020912
0.019387
-0.010408
0.007764
0.007225
-0.004612
-0.002045
0.011069
-0.001103
0.002640
-0.005485
0.008911
0.011304
0.009989
-0.003194
-0.000293
0.001086
-0.004711
0.001124
0.020676
-0.006463
-0.000463
0.007595
-0.001744
-0.005856
-0.000364
0.001762
0.000583
-0.003465
-0.024237
-0.001033
0.003448
-0.009831
-0.012974
-0.009767
-0.008655
0.006921
-0.005554
-0.013897
-0.011420
-0.011788
-0.012398
-0.003054
-0.018828
-0.010744
0.004494
-0.010175
-0.014529
-0.016847
-0.007378
-0.001305
-0.011895
-0.028874
-0.008858
-0.009879
-0.013480
-0.004032
-0.006289
-0.012229
-0.027536
-0.019654
-0.007881
-0.005754
-0.005658
0.010900
-0.014326
-0.012503
-0.003532
-0.008689
-0.012907
-0.019730
-0.017088
-0.011625
-0.015264
-0.013205
-0.015734
-0.012372
0.001831
-0.007811
-0.022542
-0.011966
-0.005755
-0.020295
0.001661
0.011709
-0.011081
-0.010418
-0.014559
-0.013773
-0.008692
0.002774
-0.027036
-0.020050
-0.011013
-0.020782
-0.004741
-0.025209
-0.008221
-0.018805
-0.004643
-0.030192
-0.020802
-0.005759
-0.011282
-0.020248
-0.007614
-0.008693
-0.002049
0.004762
-0.002351
0.001898
-0.002481
-0.014564
-0.008484
-0.016474
0.000650
-0.017282
-0.018171
-0.018873
-0.006427
-0.006667
-0.005112
-0.011315
-0.008419
0.001190
-0.008895
-0.004847
0.001087
-0.003699
-0.017457
-0.000260
-0.002585
-0.002350
-0.018400
-0.022916
-0.003095
-0.002824
-0.000766
-0.008388
0.004527
-0.005055
-0.010002
0.009012
-0.017898
-0.006734
-0.004407
-0.002857
-0.021809
-0.010882
0.006786
0.015923
0.005808
0.007090
0.004292
-0.001577
-0.005283
-0.004036
0.010832
-0.014856
0.015821
0.005235
0.001526
-0.018095
-0.012165
-0.013182
0.001898
0.001559
0.002877
0.005977
-0.009603
-0.014658
-0.021008
0.011101
-0.011831
-0.015090
0.001223
-0.022916
0.009821
-0.002655
0.006415
0.003953
-0.000158
-0.010982
0.006820
-0.004369
0.009046
-0.001376
-0.001809
-0.005655
-0.007617
-0.002890
0.000044
0.012450
-0.005820
-0.005086
0.000110
0.005134
-0.009364
-0.002382
0.000079
0.000750
-0.009801
0.012991
0.004629
-0.011828
-0.011863
-0.000564
-0.016309
-0.021269
-0.027576
0.002200
-0.011697
0.013969
-0.007103
0.014778
0.012112
-0.000158
-0.009195
0.007899
0.011472
0.002640
0.009247
0.009484
0.004156
-0.012832
-0.005219
0.001729
0.004459
0.006112
0.004662
-0.021544
-0.011958
0.014576
0.009719
0.002976
-0.002657
-0.001947
-0.001138
0.000043
0.003010
0.015756
0.008573
0.008337
0.007865
0.013261
-0.000664
0.000579
0.007393
0.004896
0.003683
0.007089
0.014171
0.011169
-0.005116
0.008371
0.001797
-0.008453
0.003071
-0.009938
0.003821
-0.002254
-0.003191
0.000480
0.001795
0.003041
0.007899
0.000583
-0.007876
0.000650
-0.005623
-0.006196
-0.000630
-0.010548
-0.004473
0.013124
-0.004909
0.012586
-0.009537
-0.007512
-0.001915
-0.006905
0.003178
0.018385
-0.007545
0.004730
-0.001071
0.003550
0.002942
0.003145
0.006179
-0.012496
-0.004650
-0.011150
-0.001541
-0.005210
-0.012972
0.003819
0.018957
0.002334
0.003042
0.001392
-0.002961
0.003010
0.002943
0.011101
-0.007374
-0.003767
0.006280
0.016226
-0.001876
-0.001641
-0.011461
-0.007443
-0.008858
-0.008320
-0.005890
-0.006767
-0.007139
-0.003093
-0.014261
-0.006697
-0.009866
-0.006024
0.002133
-0.013172
-0.014385
-0.013886
-0.018673
-0.015771
-0.007682
-0.002653
-0.002280
-0.013981
-0.007676
-0.004474
-0.005686
-0.010440
-0.000127
-0.010202
-0.013452
-0.002181
-0.002588
-0.004176
0.000648
-0.009528
-0.007102
-0.015093
0.011776
-0.006059
0.011237
-0.009605
-0.009933
-0.008827
0.004055
-0.009871
-0.014073
-0.023021
-0.012471
-0.013545
-0.012166
-0.006771
-0.002556
0.006449
0.006348
-0.002787
-0.011183
-0.013403
-0.003964
-0.020390
-0.004610
-0.027172
-0.026287
-0.013349
-0.034288
-0.019980
-0.023898
-0.022619
-0.021105
-0.013743
-0.027981
-0.024942
-0.017490
-0.022103
-0.003967
-0.011145
-0.013514
-0.021503
0.007191
-0.007376
-0.017388
-0.014680
-0.013171
0.000818
-0.012507
-0.011888
-0.017270
0.001861
-0.022150
-0.009975
-0.009667
-0.020529
-0.006499
-0.021776
-0.009398
-0.007745
-0.001577
-0.020116
-0.009563
-0.009330
-0.006367
-0.008020
0.003955
-0.005289
-0.013506
-0.013613
-0.004077
0.000381
0.002101
-0.002050
-0.005320
0.002572
-0.004141
0.004594
-0.015007
0.007191
0.002267
-0.000969
-0.011559
0.006079
-0.011901
-0.023336
-0.004068
-0.003937
-0.000195
0.002672
-0.000497
-0.013914
-0.003396
-0.012128
-0.011997
-0.018933
-0.009601
-0.005015
-0.000327
-0.008520
-0.017291
-0.013848
-0.003977
0.001864
-0.003597
-0.002789
-0.003432
-0.009130
-0.010442
0.005167
-0.003196
-0.003191
0.003381
-0.022785
-0.006564
-0.007884
-0.008790
-0.007915
-0.010001
0.003583
-0.011425
-0.004132
-0.004546
-0.008318
-0.025236
0.008809
-0.002724
0.004258
-0.005389
-0.006703
-0.006838
-0.013514
-0.004339
-0.005116
-0.011966
0.001660
-0.002185
-0.002419
-0.003501
-0.005897
-0.013442
-0.015061
0.009416
0.012080
0.014070
0.001661
0.007663
-0.003328
0.004425
-0.004681
-0.001982
-0.003803
-0.008085
-0.005826
-0.004474
-0.002184
0.003549
0.002639
-0.001980
0.008910
0.002739
-0.003832
0.007461
0.002671
-0.002552
0.007427
0.010394
0.018150
-0.010779
-0.007616
0.006078
0.006247
-0.002789
-0.004573
0.013799
0.018415
0.000987
-0.004206
-0.002384
-0.000461
0.000818
-0.001677
0.030089
0.016563
0.003346
0.011506
0.010091
0.000615
-0.009232
-0.001878
0.010191
0.017810
0.016060
0.010697
0.002774
-0.002956
0.013631
-0.000466
0.002976
0.010259
-0.002656
0.005100
0.010732
0.001218
0.011743
-0.004544
-0.005119
-0.004845
-0.011586
0.006078
0.008708
0.012148
0.015485
0.006112
-0.004306
-0.001474
-0.009261
0.011878
-0.002651
0.001359
-0.005764
-0.007580
0.010932
0.005235
-0.003059
0.000582
-0.001441
-0.000934
0.001325
0.005606
0.003347
0.008978
0.019059
0.002402
0.005337
0.007326
0.006179
-0.009573
-0.000933
-0.004814
-0.006555
-0.003596
-0.009500
0.001558
0.005201
0.016094
-0.002520
-0.003939
0.001018
-0.000294
0.001459
-0.006836
-0.012468
0.005166
0.000075
-0.007038
-0.013244
0.001796
-0.012963
0.003720
-0.000531
-0.005050
0.006111
-0.009770
0.004863
0.007090
0.008371
0.003212
-0.002355
0.000749
0.004662
-0.012062
0.003448
-0.002083
-0.001230
0.002504
0.001220
0.012014
-0.016071
-0.001511
-0.012568
-0.005689
0.007427
0.002470
0.004528
-0.003770
0.003549
0.001794
-0.019246
-0.019657
-0.013240
-0.016746
-0.001305
-0.013346
-0.015465
-0.016722
-0.001006
0.003414
0.004493
-0.009738
0.000381
-0.001608
-0.002453
0.002708
-0.018471
0.009045
0.017372
-0.006703
-0.009264
0.000075
-0.009806
-0.007510
-0.005960
0.000279
-0.010948
0.009416
0.009450
-0.000196
0.001325
-0.002388
-0.009972
-0.002144
-0.008595
-0.005924
-0.003499
-0.008585
-0.018866
-0.008218
-0.024576
-0.012362
-0.011554
-0.010682
-0.014668
-0.021635
-0.006536
-0.013004
0.002272
-0.013784
-0.002517
-0.006500
-0.011253
-0.007510
0.000141
-0.015602
-0.021638
-0.012164
-0.005555
-0.004341
-0.016987
-0.029670
-0.020392
0.005337
-0.018741
-0.021782
-0.019647
-0.018817
-0.006030
-0.009771
-0.009975
-0.010202
-0.005212
0.000581
-0.013880
-0.011281
-0.010913
-0.007952
-0.005621
-0.005451
-0.005491
-0.013251
-0.012302
-0.010714
-0.011354
-0.003674
-0.018331
-0.008994
-0.005017
-0.004075
-0.013208
0.001392
0.003853
0.008000
0.008034
-0.010006
-0.007237
0.002472
-0.012831
-0.005350
0.008405
-0.014087
-0.005959
-0.009795
0.000110
-0.009968
-0.001475
0.004695
0.002573
-0.000732
-0.002652
-0.002248
-0.008457
-0.001403
-0.004406
-0.009870
-0.000494
-0.009903
-0.007035
-0.011653
-0.011557
-0.010172
0.006989
0.010495
-0.007308
-0.009672
-0.006972
-0.011941
-0.012339
-0.010609
0.013599
-0.018165
0.002908
-0.000598
0.006550
-0.010919
-0.016554
-0.011526
-0.007146
-0.002011
-0.010007
-0.005757
-0.005214
-0.010275
-0.004309
-0.008387
-0.000259
-0.011896
0.004730
-0.015192
0.005539
0.009922
0.010529
-0.009301
0.008607
0.009315
0.016903
0.017913
-0.003971
0.004627
0.000715
-0.021440
0.009989
0.017440
-0.010478
-0.003669
0.000177
0.001695
-0.005891
0.007393
0.005910
-0.000767
-0.013413
-0.000733
-0.010647
0.010595
-0.002990
0.003347
0.010192
-0.012970
0.000244
0.000479
-0.002391
-0.010680
-0.000468
0.010124
0.004627
0.021924
0.001290
-0.000462
-0.011655
-0.008819
-0.001441
0.009180
0.002135
0.010225
0.006820
0.010967
0.014068
-0.001237
0.009787
0.005606
0.001325
0.011610
0.025933
0.019765
0.016362
0.008877
-0.004872
0.010967
0.011608
0.007528
0.009147
0.026844
0.008270
0.002538
0.010664
-0.010742
0.006415
0.004931
-0.000431
0.002001
0.007697
0.000314
-0.002858
0.001897
-0.002050
-0.002827
-0.007038
0.004358
0.015791
0.003954
-0.001272
0.001898
0.007123
0.005066
0.010663
0.007697
0.015923
-0.005490
0.002908
0.012147
0.001389
-0.013979
0.020138
0.002403
0.003753
-0.003466
-0.010845
0.000919
-0.011858
0.008270
-0.021432
0.005572
0.010158
-0.005282
0.000816
0.014812
0.009315
0.007629
0.001558
0.005639
0.008303
-0.015198
0.006077
-0.003392
0.000616
0.002100
0.005977
-0.005053
0.017409
0.007393
0.005707
-0.000295
-0.011417
-0.012635
-0.007981
0.005743
-0.007474
-0.007851
-0.003157
-0.000801
-0.016446
-0.007611
-0.002452
-0.002626
0.009619
-0.006501
-0.020996
-0.023529
-0.022918
-0.018325
-0.012534
0.002909
-0.007848
-0.004644
0.012215
-0.005014
0.001156
-0.002185
-0.003160
0.002206
-0.006262
-0.001407
0.000852
-0.015601
0.005201
-0.008488
0.001796
-0.000969
0.002133
0.006955
-0.010342
-0.003327
0.009855
-0.025079
-0.004476
-0.002653
0.009214
-0.010680
-0.002418
0.003515
-0.005959
0.000785
0.001527
0.005606
-0.006938
-0.018127
-0.018404
-0.005183
0.010764
-0.013985
-0.015879
0.007966
-0.015574
-0.022273
-0.018983
-0.017686
-0.014963
-0.014902
-0.007875
-0.003769
-0.004038
-0.021703
-0.017798
-0.011951
-0.016883
-0.019205
-0.020935
-0.015498
-0.001474
0.001054
-0.001780
-0.006365
-0.012169
-0.010680
-0.011724
-0.006773
-0.022016
0.006078
-0.009767
-0.009297
-0.034101
-0.004271
-0.009741
-0.001104
-0.001036
-0.002618
-0.004309
-0.010811
-0.007409
-0.008354
-0.005351
-0.004135
0.003212
-0.019311
0.000785
-0.004208
-0.008216
-0.007845
-0.013605
-0.021124
-0.002013
-0.001543
-0.009635
0.000514
0.000246
0.008202
0.000852
0.000281
-0.017015
-0.015055
-0.015946
-0.009131
-0.008253
-0.007843
0.000886
0.002033
-0.010914
0.000516
0.001119
-0.008929
-0.002114
0.004526
0.000310
-0.001103
-0.005518
0.009719
-0.010346
-0.011353
-0.012031
-0.007137
-0.013275
-0.011387
-0.004271
0.000446
0.006820
0.001325
0.006483
-0.020865
0.003413
-0.011861
-0.015973
0.007224
-0.010276
-0.021018
0.002337
-0.003226
-0.016582
-0.014118
-0.009565
-0.008629
0.003551
0.001053
-0.001439
-0.005151
-0.003230
0.006247
0.004088
-0.008926
0.009518
-0.015364
-0.006028
-0.003432
0.002436
-0.021620
-0.005252
-0.014899
0.007595
0.012451
-0.001608
0.005573
0.016532
0.002909
-0.009304
-0.001437
-0.002420
-0.004248
-0.006837
0.014169
-0.003024
0.012586
0.000011
0.005977
-0.001982
-0.009935
-0.004641
0.015349
0.007865
0.007966
0.001427
0.000820
-0.002756
0.009147
0.013800
-0.021643
-0.011152
0.003549
-0.015438
0.004325
0.007933
-0.011898
-0.009457
0.017137
0.010360
0.011372
0.015448
-0.002453
-0.004884
0.006583
-0.008158
-0.004137
-0.007543
0.004225
0.013461
0.007224
-0.013346
0.004359
0.004358
0.003955
0.003617
0.007292
0.001356
0.014509
0.001897
0.003447
-0.002757
0.000650
0.000750
0.006955
0.011507
0.015486
0.013665
0.012519
0.013498
0.003685
0.004190
0.007764
0.022124
-0.005726
0.024589
0.007258
-0.000058
0.000075
0.008708
0.004899
0.024758
0.019435
0.011810
0.004931
0.007191
0.019837
-0.000835
-0.001812
0.007596
0.001559
-0.022061
-0.003868
-0.002559
0.005202
0.014947
0.018085
0.016428
0.004224
0.008944
-0.004103
0.003346
-0.007312
-0.017528
-0.001576
0.000243
0.011373
0.003416
0.013024
0.007663
0.004729
-0.012003
0.002571
-0.001474
-0.001743
0.011945
-0.010583
-0.008922
-0.009937
0.005436
-0.003128
0.016059
0.001931
-0.000567
0.000076
-0.007173
-0.018057
0.014474
-0.011286
0.004832
-0.009338
-0.007242
-0.006874
-0.011724
0.008303
-0.008723
-0.019965
0.007899
0.016291
0.018994
-0.010011
0.015722
0.011809
-0.007105
-0.006265
-0.006705
-0.004852
0.001019
-0.015301
-0.008622
0.007933
-0.017018
-0.008052
0.000684
0.000174
-0.012569
0.006112
-0.003937
0.012317
0.011574
0.014474
-0.016990
0.001931
-0.018427
-0.005589
-0.010171
-0.003397
-0.005991
0.009618
0.001830
0.004526
0.010764
-0.007507
-0.011934
-0.007647
-0.010954
-0.019551
-0.001272
-0.015611
-0.010001
-0.000294
-0.010677
-0.009431
-0.006465
-0.001507
-0.020828
-0.006466
-0.009602
-0.006499
-0.010885
-0.013313
-0.009058
-0.004576
0.001493
-0.001102
-0.011391
-0.009227
0.006584
-0.018768
-0.016846
0.001629
-0.009772
-0.014324
-0.002317
0.011775
-0.008150
-0.022226
-0.023229
-0.021704
-0.015506
-0.003232
0.004831
-0.010512
-0.019169
-0.017798
-0.021638
-0.015816
-0.016785
-0.015424
-0.007509
-0.011814
-0.017457
-0.015641
-0.012938
-0.016674
-0.000973
-0.016825
-0.003768
0.002200
-0.018276
0.002875
-0.013585
-0.007172
-0.008424
0.006213
0.004460
0.002876
-0.000092
-0.024572
-0.002351
-0.006393
-0.002620
-0.021211
-0.001948
0.002605
-0.002451
0.003786
-0.012232
-0.008320
0.008540
0.008472
0.002805
-0.000127
-0.000870
-0.014057
0.006210
-0.002758
-0.009195
-0.009503
-0.010143
-0.002890
-0.011793
-0.000564
0.013496
0.010260
0.003752
-0.010004
-0.004747
0.010665
-0.000562
-0.019911
0.003853
0.000985
0.010663
-0.006161
0.003751
-0.016514
-0.001306
0.006516
0.013598
0.008607
-0.007916
0.002773
-0.000295
-0.015321
0.004695
-0.007041
-0.016001
0.002840
-0.011893
-0.000732
-0.011493
-0.008724
-0.011791
-0.005286
0.001292
0.002944
0.001729
-0.010478
-0.004446
0.000921
-0.009501
0.003346
-0.011054
-0.006931
-0.003801
-0.003764
-0.003632
0.011776
0.023439
-0.000229
0.001630
-0.017019
-0.008559
0.005607
0.023474
0.004191
0.005438
0.004364
-0.004946
-0.003767
-0.001102
0.009180
-0.005686
0.002504
0.000582
-0.012161
0.001055
0.014574
-0.000058
0.019564
-0.008391
-0.000398
-0.011255
-0.008835
0.002571
0.004763
-0.001409
-0.001947
-0.004407
-0.000193
-0.001074
0.002369
-0.001136
0.003550
-0.008490
0.022469
0.008809
0.007933
0.007899
0.003583
0.012787
0.006313
0.007157
0.002673
-0.000027
-0.000936
0.004865
0.019737
0.006854
0.017103
0.003516
0.013024
-0.014998
0.017100
-0.005960
0.021357
0.018083
0.008034
0.007090
0.006179
0.002301
-0.006803
-0.004886
-0.000327
0.003011
-0.011489
0.008742
-0.000598
0.006551
-0.002411
0.009450
-0.001136
0.002335
0.007865
0.008202
0.011911
-0.001107
0.002638
0.019599
-0.011716
0.009922
0.005167
-0.010950
0.011944
-0.013004
0.017540
0.017168
0.012687
0.020946
0.006685
0.001154
-0.003063
-0.005926
0.014171
-0.001713
-0.005962
-0.006634
0.003987
0.011405
0.010765
-0.007337
-0.007114
0.004796
-0.002787
0.017341
-0.013609
0.000143
-0.003837
-0.004946
-0.019483
0.006685
-0.001509
0.006651
-0.003733
0.004831
0.006584
-0.014523
0.005977
-0.009401
0.008506
0.001863
0.004021
0.004156
-0.020029
-0.010823
-0.007145
-0.009266
-0.003260
0.006112
-0.017355
-0.007040
0.017067
-0.002690
-0.005929
0.015282
0.015924
0.011272
-0.006162
0.000178
-0.011014
0.002608
-0.007508
-0.005894
0.009248
-0.012433
-0.005654
0.001997
-0.004880
-0.008666
-0.012101
-0.008486
-0.009976
0.002672
-0.001206
-0.003093
-0.008756
-0.011353
0.004965
-0.010443
-0.010175
-0.000665
0.001794
-0.000362
-0.002312
-0.007680
-0.009467
-0.021032
0.002641
-0.005492
-0.004950
-0.015466
-0.007644
-0.010312
0.002942
0.001222
-0.011381
-0.002046
0.002437
0.004022
-0.001748
-0.027883
-0.013650
-0.017160
-0.013403
-0.009393
0.001424
-0.009096
-0.018339
-0.014831
-0.022010
-0.007677
-0.008454
-0.009194
-0.009698
-0.000768
-0.024680
-0.001812
-0.000632
-0.008730
-0.008861
-0.009801
-0.021704
-0.019913
-0.009602
-0.008290
-0.011080
-0.014999
-0.001911
-0.010206
-0.021327
-0.019574
-0.010677
-0.023185
-0.006466
-0.013036
-0.024478
0.006280
-0.007003
-0.024629
-0.023999
-0.018698
-0.016077
-0.001440
0.005303
-0.019956
-0.008891
0.004258
-0.007751
-0.000394
-0.012563
-0.010752
-0.018808
0.007123
0.006382
0.000214
-0.011386
-0.014091
-0.022818
-0.010214
0.006011
-0.011561
-0.023739
-0.001912
-0.001608
-0.018139
-0.010644
-0.000193
-0.006975
0.004460
-0.010650
-0.017076
-0.021780
-0.006361
0.009484
0.011911
0.014476
-0.011755
-0.010302
-0.001842
-0.006330
-0.003059
-0.007007
-0.012231
-0.004270
-0.001511
-0.002755
-0.005317
-0.002251
-0.004041
-0.003228
-0.006167
0.009955
0.008978
-0.000497
-0.008457
0.003785
0.006988
0.004055
-0.002151
0.001562
-0.006635
-0.004269
-0.006230
-0.005553
-0.012129
0.009248
-0.014696
0.007427
-0.001575
0.006651
-0.003735
-0.000734
-0.014763
-0.008399
0.000748
-0.013274
-0.008150
-0.004340
0.008067
-0.005014
0.017578
-0.011554
-0.001372
0.018015
0.019871
-0.004479
0.017202
-0.008325
-0.002893
0.003313
0.005842
0.003683
0.003212
-0.005414
-0.002923
0.003953
-0.014560
-0.003360
-0.000431
0.003009
0.009248
-0.005083
0.003616
0.004090
0.001763
0.002202
0.005303
0.008371
0.012654
0.001155
0.014103
0.012620
0.009383
0.023715
-0.012708
-0.001853
0.002369
-0.019345
-0.001578
0.011204
0.022697
-0.001136
-0.000466
0.003988
0.008101
0.006684
0.009551
0.006853
0.023444
-0.009465
0.000518
0.003482
0.011272
0.007899
0.021249
0.005337
0.005303
0.000850
0.000449
-0.002522
-0.006739
0.008742
0.001830
-0.005183
-0.011282
0.014205
-0.014766
-0.001714
0.004121
-0.002115
0.014814
0.004527
0.007595
0.011473
0.013058
-0.001578
0.003380
0.012552
-0.007746
0.015519
0.006584
0.000176
-0.005013
0.007393
0.001621
0.000953
-0.004003
-0.005555
-0.001035
0.010461
-0.012263
0.014442
0.004729
0.012756
-0.000701
-0.001510
-0.001878
-0.012098
-0.006908
-0.001101
0.003959
-0.002186
0.002706
0.005201
0.024322
0.006955
0.000882
0.006618
0.000442
-0.003702
0.009955
-0.000936
0.002505
-0.006396
-0.009290
-0.008523
0.000885
-0.005083
-0.000764
0.010394
-0.018376
-0.020047
-0.015159
-0.012326
-0.017295
-0.008283
-0.012600
-0.009498
-0.001781
0.000651
0.005876
-0.002589
-0.016687
-0.014660
0.003412
-0.010477
-0.008922
0.013902
-0.005319
-0.009092
-0.007539
-0.001037
-0.002313
-0.000564
0.002471
0.003785
0.006011
-0.009667
-0.008150
0.013461
-0.002720
-0.009263
-0.001474
-0.012675
0.008236
0.012720
0.009651
0.011979
0.008978
-0.010507
-0.001508
-0.004743
-0.009301
-0.010822
0.003718
0.007663
-0.013916
-0.006902
-0.000666
-0.006292
-0.014459
-0.015668
-0.006972
-0.009433
-0.003463
0.000346
-0.014524
-0.011691
-0.014458
-0.012943
-0.005696
-0.030713
-0.013242
-0.016927
-0.015131
0.000045
-0.005421
-0.018093
-0.023898
-0.004408
-0.011777
-0.018098
-0.016636
-0.018337
-0.029098
-0.013509
-0.011827
-0.011333
-0.021327
-0.006365
-0.030481
-0.003668
-0.025304
-0.019887
-0.012936
-0.006165
-0.003970
-0.006359
-0.009036
-0.008116
-0.002013
-0.013512
-0.005721
-0.000227
-0.009879
-0.020729
-0.015233
-0.011377
0.006786
-0.003835
-0.008722
-0.010375
-0.017023
-0.034629
0.001292
-0.018301
0.001594
-0.006529
0.008742
-0.011356
-0.012670
-0.020087
-0.012196
-0.008756
-0.011424
-0.014319
-0.006132
-0.007312
-0.002923
-0.007283
-0.001507
-0.006630
-0.005520
-0.010979
-0.008690
-0.001069
-0.018902
-0.003935
-0.001812
0.002540
-0.017959
0.003515
-0.005252
-0.015137
-0.008118
-0.008224
-0.004514
-0.007918
-0.015369
-0.003329
-0.008724
-0.009801
-0.001779
-0.012705
0.003954
-0.004240
-0.013452
-0.006637
-0.004950
-0.009937
-0.013615
0.003751
-0.009029
-0.000362
-0.002353
-0.025392
-0.009310
-0.015473
0.000075
-0.001845
0.001324
0.002065
0.007022
0.004660
0.000076
0.003413
-0.021172
0.009686
-0.006598
0.002234
0.003685
0.001327
-0.002048
-0.004578
-0.003294
-0.013483
0.012181
0.014472
0.011911
-0.005083
0.006820
-0.004848
0.010428
0.009214
0.002874
0.000613
-0.008829
0.017440
-0.000263
-0.005185
0.005337
0.001628
-0.008352
0.001795
-0.000903
0.012484
0.003210
0.009383
0.008472
0.006314
0.010630
0.013193
-0.002522
0.010191
0.013900
0.015047
0.017845
-0.000430
0.008944
0.002571
-0.009833
-0.006368
-0.008618
0.007528
0.012990
-0.017698
0.003717
0.005404
0.009517
0.014576
0.021155
0.018792
-0.006662
0.003246
0.007629
0.018722
-0.006094
0.007292
0.000515
-0.005392
-0.000427
0.003886
0.004224
-0.000836
-0.007039
0.007258
0.009821
0.020713
-0.005552
0.007461
0.013428
0.005909
0.001897
0.026879
0.018590
0.005100
0.001729
0.003347
0.003312
0.004427
-0.001815
0.010833
-0.003131
-0.002828
0.008270
-0.010583
0.003515
0.009888
0.011102
-0.011214
0.011374
0.017373
0.015722
-0.003564
0.005606
0.008877
-0.011255
0.007831
0.000884
0.011339
0.010496
0.003278
-0.007173
0.004088
-0.008791
-0.010375
0.006854
0.001496
-0.004544
0.004965
-0.005385
-0.011956
-0.008664
-0.004339
-0.010714
-0.003667
0.000175
-0.005187
-0.004040
-0.011926
0.007427
-0.020537
-0.008053
-0.002790
-0.005423
-0.004005
-0.003361
0.003009
-0.005017
-0.008050
-0.013442
-0.004645
0.001829
-0.015304
-0.007209
-0.001443
-0.003905
-0.002955
-0.006225
0.001123
0.000750
-0.001104
-0.014587
-0.004309
0.004021
-0.006899
0.008236
-0.003470
-0.004843
0.013261
0.003649
-0.016174
-0.014866
-0.018391
-0.017111
-0.010205
0.007663
-0.013248
-0.006938
-0.001544
0.004628
-0.001442
-0.001137
-0.014500
0.007899
-0.002558
-0.006999
-0.004415
-0.005484
-0.011627
0.003617
-0.006029
-0.000130
-0.002484
0.002807
-0.018743
-0.009403
0.009382
-0.008556
-0.004472
0.006449
-0.007577
0.005370
-0.000665
-0.017937
-0.019730
-0.013348
-0.008691
-0.008390
-0.009972
-0.014866
-0.010441
-0.011393
-0.015269
-0.001845
-0.015434
-0.015911
-0.019745
0.001999
-0.017314
-0.011926
-0.012876
-0.002083
-0.005856
-0.016621
-0.015201
-0.013478
-0.012096
-0.019649
-0.001947
-0.021671
-0.013511
-0.006635
-0.011692
-0.024335
-0.006427
-0.006466
-0.002420
-0.004207
-0.014087
-0.005926
-0.008994
-0.003671
-0.019519
-0.006668
-0.010789
-0.027204
-0.017127
-0.002352
-0.017558
-0.002763
-0.003260
-0.006197
0.002335
-0.010582
-0.007952
-0.018035
0.005775
-0.022616
-0.002016
-0.014561
-0.018194
-0.006365
0.001932
0.011172
0.014740
0.011473
-0.012297
-0.000364
-0.026590
-0.010879
-0.017893
-0.003564
-0.018639
-0.000499
-0.003059
-0.016401
-0.018562
-0.012625
-0.010204
-0.002656
-0.007175
-0.005313
0.004830
-0.000431
-0.005319
0.004392
-0.012634
-0.008832
-0.014865
-0.006329
-0.007510
0.004527
0.006381
0.005505
0.003213
-0.008087
0.001998
0.000346
-0.000128
-0.003432
-0.015168
-0.010410
-0.009868
-0.006966
-0.005587
-0.010139
-0.000836
0.007798
-0.006666
-0.012028
-0.012163
-0.009003
0.001897
-0.007072
-0.000191
-0.007746
-0.010749
-0.010274
0.002435
-0.017362
-0.016076
-0.012167
-0.003230
-0.023726
-0.001176
-0.011555
-0.013518
0.006921
0.008809
-0.005693
0.000008
-0.004813
0.013800
0.010023
0.007359
0.001593
0.010698
0.013296
-0.008049
-0.002653
-0.001406
0.012789
-0.009432
0.013394
-0.002890
0.017036
-0.000800
0.000683
-0.007416
-0.003361
-0.012267
-0.006265
0.004831
-0.006938
0.012889
0.011978
0.004358
0.008438
0.005774
-0.002722
-0.011592
0.003921
0.007123
0.012417
0.003315
0.008169
0.009011
-0.013107
0.007157
0.010394
0.017642
-0.005751
-0.003663
-0.007581
0.008101
0.001998
0.002707
0.005808
0.017206
0.000445
0.010023
0.028838
0.019597
0.020877
0.020138
0.014542
-0.003601
0.021451
0.008809
-0.007815
-0.000429
0.003718
-0.005559
0.001863
0.004898
0.003346
0.000952
0.000380
0.005269
0.008944
0.004324
0.008067
-0.004341
-0.016142
-0.001611
0.005639
-0.006771
0.013733
0.008607
0.004930
-0.001407
0.000920
0.002672
0.006821
-0.005348
-0.004510
-0.015607
0.011270
-0.011686
-0.015535
0.005538
-0.004307
0.007090
-0.003971
-0.016011
-0.012380
0.018847
-0.010607
0.006280
0.006550
0.006517
-0.006599
-0.006635
-0.005017
-0.004655
-0.024707
-0.006397
0.002168
-0.005392
0.000647
0.006213
-0.004377
0.005943
-0.015166
-0.000090
0.003785
0.001457
-0.000463
-0.016928
-0.006909
-0.004944
-0.010716
0.005437
0.001388
-0.013688
-0.007273
-0.014493
-0.000598
0.005168
-0.006537
-0.005384
-0.006805
-0.004443
-0.006130
-0.000161
0.013227
0.002300
-0.012906
0.006787
-0.002247
0.000547
0.000515
0.000514
-0.019652
-0.013306
-0.003129
-0.014797
-0.008048
-0.019244
-0.015874
-0.011356
0.018389
0.008809
0.019464
0.002942
0.010225
0.003414
-0.000264
0.004763
0.005270
-0.016819
-0.018070
0.002806
-0.007849
-0.002822
-0.001980
-0.028418
0.000447
0.002803
-0.009329
-0.005932
0.004427
0.000950
-0.000565
0.001626
-0.012503
-0.021767
-0.006028
-0.011454
-0.007456
-0.000192
-0.020621
-0.025820
-0.017017
-0.026803
-0.005524
-0.003162
-0.005316
-0.018269
-0.018232
-0.026234
-0.017931
-0.018829
-0.011119
-0.019373
-0.022556
-0.010074
-0.006161
-0.019047
-0.023526
-0.023088
-0.026527
-0.022152
-0.006030
-0.022519
-0.002622
-0.017022
-0.007138
-0.024587
-0.012907
-0.008284
-0.007138
0.014070
-0.013647
-0.015267
-0.016743
-0.006804
0.006348
-0.006062
-0.011658
-0.003798
-0.004072
-0.020868
-0.006398
-0.014966
-0.003496
-0.021812
-0.013782
-0.013779
-0.012201
-0.031055
0.000278
-0.011357
-0.012905
0.002604
-0.021516
-0.006465
-0.008692
-0.006936
-0.007541
-0.012871
-0.018374
-0.015504
-0.021374
-0.012975
0.002237
0.006078
0.002773
-0.014692
-0.006499
-0.000769
0.000986
-0.003869
-0.012900
0.003617
-0.022038
-0.003398
0.003783
0.003179
-0.000191
-0.003094
-0.001474
-0.001170
-0.002555
-0.004443
-0.008256
-0.007887
-0.006396
0.002907
-0.000967
-0.000600
0.005943
0.000415
-0.008622
-0.010514
0.005336
-0.012021
-0.012978
-0.008089
-0.006298
-0.015635
-0.005387
-0.009894
0.008202
-0.002250
-0.023159
-0.003736
-0.005388
-0.002385
0.009348
-0.006941
-0.005792
-0.003029
0.005268
0.004730
-0.003465
0.007427
0.000345
0.005100
-0.001979
-0.001844
-0.000565
0.007831
0.005538
0.009686
0.009180
0.003583
0.018894
0.018455
0.021587
0.008371
0.006145
0.012181
0.024022
-0.016584
0.016363
0.003954
0.003111
0.010192
0.002941
0.009349
0.011607
0.004830
-0.002322
0.011777
-0.004916
-0.002893
0.003112
-0.017019
-0.003532
0.002167
0.001590
0.011944
0.021956
0.002640
-0.001846
-0.015399
-0.002995
0.004831
0.007696
0.005100
-0.000733
-0.004711
-0.002792
-0.000059
-0.008783
0.002940
0.002537
0.002603
0.003583
0.009214
0.002738
0.015080
0.003514
0.003380
0.004089
0.009820
0.008169
-0.010711
-0.005689
0.019399
-0.013647
0.015554
0.012551
-0.000664
0.006516
0.012889
-0.000666
-0.003701
-0.006364
0.012348
0.011270
-0.005757
-0.004110
-0.000427
0.006955
0.001493
0.011371
0.008809
-0.010507
0.014644
0.001020
0.003853
0.003784
0.000043
0.010629
0.001592
-0.000360
0.002774
-0.004171
-0.007946
