-0.000857
-0.001149
-0.000140
0.001563
0.003471
0.004901
0.007237
0.009929
0.011915
0.011704
0.014763
0.023229
0.032343
0.039205
0.045603
0.050397
0.054097
0.057872
0.060118
0.058812
0.055254
0.053768
0.053808
0.057197
0.061960
0.061416
0.056398
0.051401
0.048154
0.047107
0.046392
0.045262
0.043348
0.042279
0.043756
0.046117
0.047028
0.045269
0.041774
0.037030
0.032827
0.031640
0.031281
0.032416
0.036274
0.039100
0.037398
0.033084
0.030026
0.026825
0.024457
0.024084
0.028112
0.031918
0.031166
0.028062
0.025191
0.022232
0.022718
0.024046
0.024150
0.026106
0.029972
0.030348
0.030119
0.029546
0.025693
0.021416
0.017735
0.013839
0.009527
0.006565
0.006773
0.008431
0.008470
0.006204
0.006125
0.006681
0.005499
0.003411
0.002103
0.001435
0.000870
0.000613
-0.001284
-0.003956
-0.004761
-0.004288
-0.005245
-0.006392
-0.007420
-0.009532
-0.011712
-0.014767
-0.018353
-0.020850
-0.022597
-0.023197
-0.023489
-0.022650
-0.021966
-0.021785
-0.021384
-0.022503
-0.019855
-0.017735
-0.019644
-0.022011
-0.025201
-0.028051
-0.028370
-0.025552
-0.021857
-0.023067
-0.025989
-0.028276
-0.031497
-0.033095
-0.031768
-0.031657
-0.034168
-0.035997
-0.037984
-0.039988
-0.041645
-0.044570
-0.047827
-0.048911
-0.047505
-0.047774
-0.049704
-0.053488
-0.058159
-0.059815
-0.061083
-0.062506
-0.061309
-0.058989
-0.057474
-0.056086
-0.053448
-0.055007
-0.057647
-0.056632
-0.055282
-0.058053
-0.061498
-0.059803
-0.058036
-0.057690
-0.057228
-0.058697
-0.061239
-0.062554
-0.062044
-0.060291
-0.058389
-0.058174
-0.058560
-0.057439
-0.053494
-0.047725
-0.044275
-0.043783
-0.043368
-0.043678
-0.045417
-0.047634
-0.050489
-0.052973
-0.054512
-0.055226
-0.057501
-0.061191
-0.063690
-0.065882
-0.066803
-0.064839
-0.060991
-0.055887
-0.051080
-0.048484
-0.048036
-0.048039
-0.046663
-0.044733
-0.046429
-0.049438
-0.049590
-0.046422
-0.041992
-0.038624
-0.036288
-0.035835
-0.036978
-0.037211
-0.038061
-0.039214
-0.041028
-0.041146
-0.040082
-0.039125
-0.034608
-0.030692
-0.027351
-0.023493
-0.021354
-0.022411
-0.023792
-0.025081
-0.025318
-0.024573
-0.025333
-0.024986
-0.023064
-0.020434
-0.016783
-0.014898
-0.012092
-0.008969
-0.007843
-0.008714
-0.010864
-0.010911
-0.011284
-0.011122
-0.009985
-0.009657
-0.009029
-0.008870
-0.010078
-0.009048
-0.005364
-0.002191
-0.000608
-0.001412
-0.000964
0.002828
0.005573
0.005406
0.004908
0.004557
0.005768
0.009681
0.014598
0.017081
0.015890
0.012844
0.010556
0.009978
0.010244
0.009283
0.009176
0.011615
0.015727
0.019386
0.021863
0.023625
0.024105
0.023014
0.021053
0.019331
0.019787
0.022461
0.023366
0.023980
0.022768
0.019341
0.017387
0.017379
0.020357
0.025491
0.029940
0.033545
0.033767
0.034052
0.038524
0.043888
0.044915
0.045566
0.047907
0.049357
0.051044
0.052337
0.051522
0.050881
0.050767
0.049981
0.047974
0.046910
0.047316
0.048220
0.048443
0.047725
0.047474
0.049595
0.053530
0.058042
0.061551
0.061684
0.058415
0.057920
0.055922
0.055834
0.057157
0.059245
0.059826
0.057818
0.054218
0.052716
0.054122
0.054495
0.055172
0.054909
0.051842
0.049236
0.048981
0.048751
0.049299
0.050157
0.049536
0.047133
0.046912
0.052230
0.058903
0.062928
0.065353
0.065305
0.061768
0.057459
0.055496
0.054236
0.053103
0.051270
0.048683
0.047305
0.045745
0.043866
0.043179
0.043239
0.046419
0.049444
0.049306
0.050865
0.053316
0.053853
0.050173
0.044829
0.041987
0.041909
0.043080
0.042673
0.041052
0.039579
0.035027
0.031128
0.029854
0.027911
0.025487
0.023973
0.025808
0.026807
0.025328
0.025167
0.024959
0.023722
0.022564
0.022171
0.022510
0.022519
0.021296
0.019803
0.018715
0.017383
0.013352
0.007192
0.001301
-0.003459
-0.005012
-0.003535
0.000412
0.005452
0.006218
0.002654
-0.001520
-0.003917
-0.002611
-0.002872
-0.003251
-0.003536
-0.005596
-0.008133
-0.010928
-0.015079
-0.017704
-0.019336
-0.019560
-0.019784
-0.018805
-0.016869
-0.015081
-0.013418
-0.011543
-0.011276
-0.013526
-0.016589
-0.017886
-0.018522
-0.020560
-0.021460
-0.021528
-0.021526
-0.018964
-0.016878
-0.019587
-0.025036
-0.030195
-0.031988
-0.030999
-0.029937
-0.027046
-0.024568
-0.023849
-0.025397
-0.029125
-0.032283
-0.036968
-0.041665
-0.045267
-0.050107
-0.052983
-0.054944
-0.054455
-0.054468
-0.057235
-0.058645
-0.061230
-0.063917
-0.061196
-0.055333
-0.050583
-0.047335
-0.044024
-0.043594
-0.045845
-0.046421
-0.047501
-0.048842
-0.050003
-0.051337
-0.051678
-0.051895
-0.052575
-0.053401
-0.054308
-0.053926
-0.052443
-0.051313
-0.048971
-0.049126
-0.049100
-0.048363
-0.047938
-0.047017
-0.047853
-0.049180
-0.051358
-0.054831
-0.058536
-0.059833
-0.059933
-0.059099
-0.055922
-0.053155
-0.053138
-0.053663
-0.052943
-0.051653
-0.050758
-0.048083
-0.046093
-0.046759
-0.047133
-0.045330
-0.043958
-0.042916
-0.042304
-0.043339
-0.044218
-0.042894
-0.042895
-0.042780
-0.040001
-0.040276
-0.040618
-0.037999
-0.035278
-0.035243
-0.036980
-0.038137
-0.034179
-0.029738
-0.029618
-0.029186
-0.026179
-0.023132
-0.020724
-0.021482
-0.024978
-0.026894
-0.024111
-0.018546
-0.017459
-0.018018
-0.016723
-0.014195
-0.010723
-0.007210
-0.005972
-0.008450
-0.011192
-0.012399
-0.010298
-0.008117
-0.009000
-0.008918
-0.006137
-0.006853
-0.008489
-0.008935
-0.009832
-0.009906
-0.008039
-0.005092
-0.001469
0.002479
0.006326
0.008852
0.011146
0.013472
0.015053
0.015239
0.015672
0.016313
0.016186
0.016580
0.016926
0.016786
0.017106
0.018546
0.019306
0.017031
0.015909
0.012372
0.009749
0.011014
0.015538
0.021154
0.025234
0.028164
0.028403
0.026100
0.023278
0.022260
0.023346
0.022772
0.022280
0.021713
0.018917
0.017713
0.021287
0.027896
0.034641
0.039280
0.042054
0.044941
0.047485
0.049475
0.053868
0.056404
0.055137
0.057568
0.059668
0.058150
0.055664
0.057076
0.062715
0.068095
0.067486
0.064425
0.061644
0.060807
0.058207
0.053868
0.051040
0.050395
0.054194
0.057896
0.059498
0.058727
0.056473
0.049929
0.049638
0.048006
0.046825
0.046941
0.045336
0.042033
0.039630
0.039638
0.041821
0.045669
0.047400
0.047098
0.047337
0.047842
0.047083
0.046730
0.046181
0.045317
0.043941
0.045441
0.047589
0.047857
0.049483
0.051599
0.053512
0.054972
0.055537
0.055762
0.055816
0.056506
0.057779
0.057181
0.054660
0.052327
0.049151
0.044464
0.042222
0.039741
0.039039
0.040070
0.040590
0.041923
0.043790
0.045794
0.045500
0.043478
0.039560
0.033344
0.026055
0.021879
0.021715
0.025915
0.030608
0.031954
0.031460
0.029292
0.025722
0.023562
0.023290
0.022969
0.024142
0.026583
0.026921
0.022529
0.016505
0.012325
0.008409
0.006970
0.005743
0.004562
0.004332
0.004616
0.005549
0.007935
0.008561
0.006586
0.005042
0.004740
0.001507
-0.002086
-0.003831
-0.003653
-0.002649
-0.000390
0.002616
0.002755
-0.001254
-0.006750
-0.010791
-0.012746
-0.012593
-0.011581
-0.011547
-0.012067
-0.012816
-0.013527
-0.015022
-0.018496
-0.021239
-0.022625
-0.023746
-0.023459
-0.022869
-0.022160
-0.020585
-0.019941
-0.019555
-0.020955
-0.022290
-0.022543
-0.023106
-0.023074
-0.027195
-0.033199
-0.036763
-0.038291
-0.037917
-0.036758
-0.037117
-0.039285
-0.040634
-0.039824
-0.038530
-0.039571
-0.042362
-0.047372
-0.050628
-0.051642
-0.053096
-0.054595
-0.056905
-0.059192
-0.060285
-0.061096
-0.058691
-0.058252
-0.062265
-0.063859
-0.061231
-0.056287
-0.051964
-0.051772
-0.052870
-0.052656
-0.051755
-0.049970
-0.049258
-0.047366
-0.048757
-0.052802
-0.057199
-0.060768
-0.061542
-0.060528
-0.058979
-0.056828
-0.056343
-0.054950
-0.052437
-0.052095
-0.052476
-0.051904
-0.051349
-0.051020
-0.051046
-0.052471
-0.054052
-0.054546
-0.055091
-0.057735
-0.061970
-0.061356
-0.058662
-0.057905
-0.057492
-0.057055
-0.055489
-0.055654
-0.058173
-0.058510
-0.056798
-0.055965
-0.056356
-0.058748
-0.057126
-0.052667
-0.049494
-0.047350
-0.045875
-0.043916
-0.041719
-0.041754
-0.042051
-0.042289
-0.043354
-0.043433
-0.041523
-0.038424
-0.034619
-0.032148
-0.032381
-0.032676
-0.030932
-0.028835
-0.027869
-0.028430
-0.030559
-0.030851
-0.028105
-0.025441
-0.025921
-0.024159
-0.018472
-0.015134
-0.014504
-0.015331
-0.014519
-0.013300
-0.013308
-0.010922
-0.009089
-0.007412
-0.005197
-0.004906
-0.004433
-0.005343
-0.007624
-0.008536
-0.008228
-0.007366
-0.006658
-0.005823
-0.003885
-0.001883
-0.000093
0.002633
0.005556
0.006978
0.006401
0.005843
0.007179
0.006596
0.006247
0.007566
0.010364
0.013305
0.013786
0.014337
0.014874
0.014309
0.013208
0.012221
0.012191
0.013459
0.014876
0.015100
0.016588
0.018597
0.018856
0.020238
0.020817
0.018987
0.019187
0.022086
0.025201
0.027066
0.024684
0.021502
0.022468
0.024222
0.023153
0.024065
0.026604
0.028739
0.032409
0.039209
0.046552
0.050132
0.050057
0.051552
0.054095
0.057826
0.058450
0.056157
0.055694
0.057417
0.061347
0.060546
0.053892
0.048508
0.048946
0.048317
0.045361
0.046072
0.048876
0.049225
0.047500
0.046279
0.046456
0.051724
0.052360
0.053885
0.053356
0.052847
0.053277
0.053094
0.050807
0.049292
0.050307
0.053161
0.055958
0.056589
0.052683
0.046601
0.042820
0.041504
0.040561
0.038528
0.037885
0.041156
0.049656
0.058363
0.062628
0.063779
0.065020
0.066321
0.063176
0.056260
0.050884
0.049646
0.050271
0.050488
0.050954
0.051145
0.049751
0.047667
0.045128
0.044242
0.043016
0.041495
0.039589
0.036585
0.034000
0.033232
0.033557
0.033998
0.033633
0.033280
0.034992
0.038015
0.039037
0.039848
0.037372
0.033568
0.031694
0.028717
0.026972
0.028755
0.029824
0.030344
0.030171
0.026644
0.021610
0.018093
0.015310
0.015023
0.017477
0.020057
0.020243
0.020109
0.016380
0.010336
0.006748
0.004431
0.003378
0.002039
-0.000570
-0.003318
-0.001951
-0.001420
-0.003428
-0.004465
-0.003698
-0.001609
0.001916
0.003560
0.000523
-0.003649
-0.007398
-0.010306
-0.012056
-0.013163
-0.015354
-0.017967
-0.018974
-0.018487
-0.017031
-0.016338
-0.017582
-0.020147
-0.019614
-0.018329
-0.017240
-0.016181
-0.016126
-0.016379
-0.019729
-0.022369
-0.022648
-0.024096
-0.026610
-0.026381
-0.024515
-0.025614
-0.028898
-0.030576
-0.030705
-0.030467
-0.030506
-0.031555
-0.031717
-0.030980
-0.031492
-0.032388
-0.033241
-0.035345
-0.038029
-0.039616
-0.039716
-0.042769
-0.049477
-0.055312
-0.057785
-0.057576
-0.053580
-0.049977
-0.050607
-0.053280
-0.055480
-0.055657
-0.055902
-0.054760
-0.051921
-0.052058
-0.053946
-0.056290
-0.059871
-0.063792
-0.066363
-0.065654
-0.061305
-0.053787
-0.049612
-0.051126
-0.052048
-0.053652
-0.054034
-0.054129
-0.052923
-0.050208
-0.047421
-0.043649
-0.042024
-0.043695
-0.044902
-0.043970
-0.044321
-0.047605
-0.050236
-0.052679
-0.053713
-0.054019
-0.056675
-0.059899
-0.062033
-0.062614
-0.060949
-0.058100
-0.054489
-0.050112
-0.047249
-0.047059
-0.047818
-0.047419
-0.048178
-0.049470
-0.048555
-0.045938
-0.043504
-0.042172
-0.041977
-0.041904
-0.039653
-0.037797
-0.036383
-0.035679
-0.036705
-0.036734
-0.034312
-0.032334
-0.030246
-0.027036
-0.024319
-0.023754
-0.023355
-0.021192
-0.018634
-0.018207
-0.018844
-0.020163
-0.023938
-0.024753
-0.020197
-0.014694
-0.010214
-0.008809
-0.008449
-0.007396
-0.007407
-0.008748
-0.009926
-0.010992
-0.011255
-0.009485
-0.006617
-0.004145
-0.003541
-0.003441
-0.001934
0.000323
0.002020
0.002202
0.000487
0.000272
0.001291
0.002515
0.003600
0.004672
0.007545
0.010460
0.011594
0.011697
0.011649
0.012516
0.014581
0.015392
0.015367
0.016174
0.016414
0.018910
0.018100
0.011669
0.005546
0.004546
0.009658
0.017011
0.022977
0.026661
0.029720
0.029084
0.027253
0.026403
0.027378
0.030280
0.030844
0.029546
0.028532
0.027521
0.026295
0.026108
0.028287
0.031026
0.033659
0.036699
0.040065
0.042650
0.047021
0.050821
0.051664
0.051433
0.050778
0.048738
0.048116
0.050731
0.052156
0.052764
0.054479
0.056273
0.058742
0.059632
0.058643
0.056759
0.055944
0.056443
0.057222
0.058315
0.056709
0.054594
0.056523
0.055758
0.055835
0.055991
0.055786
0.056579
0.057501
0.058213
0.059026
0.057887
0.055192
0.054422
0.056139
0.055213
0.054564
0.055474
0.056060
0.056557
0.054492
0.049587
0.046276
0.045718
0.045095
0.045182
0.048049
0.050141
0.048068
0.044474
0.045375
0.047877
0.049415
0.052208
0.051623
0.046686
0.041818
0.039529
0.036601
0.035676
0.040153
0.044209
0.044424
0.040877
0.037255
0.035560
0.034393
0.034000
0.034515
0.033794
0.034172
0.035672
0.037842
0.039544
0.036313
0.030711
0.026499
0.023727
0.022951
0.023097
0.023053
0.022756
0.021325
0.020671
0.020270
0.021181
0.021627
0.021247
0.018501
0.015771
0.015735
0.018128
0.019950
0.018402
0.015834
0.014086
0.013129
0.012074
0.007328
0.001487
-0.001614
-0.003614
-0.005605
-0.005724
-0.003781
-0.001991
-0.003383
-0.008610
-0.014066
-0.016626
-0.015531
-0.013681
-0.015022
-0.016301
-0.016419
-0.016271
-0.015605
-0.016435
-0.018388
-0.020136
-0.021064
-0.022205
-0.023947
-0.025329
-0.027174
-0.026218
-0.022818
-0.021831
-0.025706
-0.031169
-0.035084
-0.035242
-0.033920
-0.030324
-0.026432
-0.025690
-0.026709
-0.027792
-0.028658
-0.028653
-0.031275
-0.033939
-0.036232
-0.037264
-0.038057
-0.039041
-0.036856
-0.034089
-0.032745
-0.032828
-0.036496
-0.039118
-0.041505
-0.047679
-0.055371
-0.061265
-0.060568
-0.055459
-0.051902
-0.052559
-0.056466
-0.057954
-0.056398
-0.056117
-0.054802
-0.052520
-0.051889
-0.051860
-0.051518
-0.053294
-0.056559
-0.059497
-0.062114
-0.062146
-0.061878
-0.063152
-0.061374
-0.059389
-0.058050
-0.055827
-0.052845
-0.052208
-0.054301
-0.054873
-0.053500
-0.051321
-0.048873
-0.048985
-0.050602
-0.052674
-0.054956
-0.056568
-0.057106
-0.058625
-0.058756
-0.058148
-0.058603
-0.058079
-0.057645
-0.058295
-0.058746
-0.059946
-0.059067
-0.055163
-0.054352
-0.053962
-0.053851
-0.054772
-0.053419
-0.049494
-0.043804
-0.041798
-0.043540
-0.045715
-0.047497
-0.046967
-0.046093
-0.046256
-0.044745
-0.042570
-0.041706
-0.037097
-0.032431
-0.030668
-0.029177
-0.029255
-0.030396
-0.030260
-0.028032
-0.025454
-0.024364
-0.024852
-0.025126
-0.024390
-0.024353
-0.026406
-0.027033
-0.025452
-0.021628
-0.018559
-0.017800
-0.015832
-0.010487
-0.005009
-0.003330
-0.005178
-0.007305
-0.006216
-0.003031
-0.001269
0.001116
0.001439
0.000031
0.000144
-0.001299
-0.002673
-0.001229
-0.000422
-0.002612
-0.002713
-0.001391
-0.001438
-0.002505
-0.003933
-0.002961
0.001110
0.005562
0.007812
0.011091
0.013875
0.013163
0.011907
0.011284
0.009772
0.009092
0.009716
0.010560
0.011361
0.013838
0.016023
0.016511
0.018879
0.022483
0.023568
0.022015
0.019528
0.017872
0.018560
0.022145
0.022508
0.017489
0.011127
0.007732
0.009792
0.015685
0.021440
0.027226
0.033512
0.039160
0.041730
0.042549
0.043163
0.044240
0.044401
0.043519
0.044335
0.045637
0.046591
0.047326
0.048553
0.053906
0.057412
0.057095
0.056635
0.055444
0.051515
0.050153
0.051966
0.053721
0.055239
0.056340
0.057123
0.056345
0.057727
0.057604
0.058239
0.058971
0.056858
0.052104
0.048480
0.047251
0.050161
0.055294
0.057999
0.058413
0.057639
0.058135
0.058262
0.056066
0.052000
0.049092
0.047992
0.048424
0.047166
0.047726
0.051867
0.055792
0.059232
0.061489
0.062565
0.063055
0.062140
0.059070
0.057040
0.054476
0.052534
0.052146
0.052960
0.049700
0.046661
0.047489
0.048644
0.048627
0.049558
0.049992
0.049026
0.048907
0.048663
0.045852
0.040962
0.038235
0.035843
0.035071
0.035546
0.036679
0.036259
0.033728
0.031595
0.029233
0.027787
0.026983
0.026317
0.026379
0.025242
0.025903
0.027990
0.027208
0.024822
0.021037
0.017889
0.016178
0.015107
0.014613
0.015927
0.017923
0.018712
0.018057
0.017486
0.017379
0.014306
0.009783
0.005493
0.002048
0.001212
0.000228
0.000188
0.000647
0.002056
0.002612
-0.000142
-0.005225
-0.010975
-0.015394
-0.016330
-0.014390
-0.011817
-0.008415
-0.008143
-0.009274
-0.011251
-0.013588
-0.015562
-0.019105
-0.023022
-0.024667
-0.022959
-0.017353
-0.013016
-0.012554
-0.012382
-0.015074
-0.021831
-0.027943
-0.030913
-0.033691
-0.035526
-0.034452
-0.032207
-0.030244
-0.028965
-0.029047
-0.028726
-0.028016
-0.028407
-0.028607
-0.029202
-0.031553
-0.035322
-0.038901
-0.042531
-0.045326
-0.043383
-0.040416
-0.039243
-0.040917
-0.044215
-0.047306
-0.050107
-0.052752
-0.055308
-0.059018
-0.060424
-0.057535
-0.054870
-0.053880
-0.051453
-0.047080
-0.044164
-0.042665
-0.043674
-0.046704
-0.051560
-0.056562
-0.059272
-0.060364
-0.061107
-0.059382
-0.056834
-0.054641
-0.050363
-0.048042
-0.047955
-0.046387
-0.045876
-0.047128
-0.046804
-0.044721
-0.042871
-0.041793
-0.043515
-0.045069
-0.045679
-0.047603
-0.048705
-0.047064
-0.044378
-0.042859
-0.044497
-0.048807
-0.052102
-0.053165
-0.052809
-0.051151
-0.049027
-0.046063
-0.043237
-0.045092
-0.048080
-0.047457
-0.044954
-0.042083
-0.037604
-0.033936
-0.034196
-0.036479
-0.037770
-0.038295
-0.036938
-0.033804
-0.034512
-0.035337
-0.032106
-0.025650
-0.022317
-0.022302
-0.022717
-0.023856
-0.023802
-0.022391
-0.021521
-0.020997
-0.019604
-0.019487
-0.021185
-0.021419
-0.020376
-0.020232
-0.020732
-0.021574
-0.021719
-0.018181
-0.011630
-0.006161
-0.003993
-0.002106
-0.002233
-0.001602
-0.001628
-0.003471
-0.005904
-0.008493
-0.009785
-0.010663
-0.010367
-0.009005
-0.006919
-0.004184
-0.002119
0.001912
0.006308
0.010069
0.014415
0.015874
0.012891
0.012715
0.013297
0.012815
0.012688
0.011407
0.008798
0.005531
0.002373
0.002969
0.008436
0.015067
0.017583
0.017077
0.016710
0.018686
0.021851
0.023833
0.024135
0.026986
0.030751
0.032430
0.033709
0.035051
0.034499
0.033796
0.034418
0.032141
0.027923
0.028143
0.032844
0.034718
0.032729
0.032404
0.034107
0.036606
0.038946
0.040864
0.041279
0.042347
0.046064
0.050972
0.055258
0.057581
0.058190
0.057957
0.055402
0.052348
0.052437
0.050859
0.046691
0.044849
0.046457
0.049249
0.053315
0.056848
0.057818
0.057700
0.056172
0.054706
0.048920
0.048023
0.047804
0.045708
0.043115
0.044339
0.046362
0.047412
0.048677
0.048912
0.047922
0.046233
0.046097
0.045242
0.044041
0.044670
0.044981
0.043615
0.043789
0.045009
0.045471
0.048281
0.053556
0.056842
0.056763
0.055060
0.052583
0.050347
0.048783
0.046504
0.044837
0.045059
0.047707
0.053701
0.055334
0.051870
0.049990
0.049924
0.049845
0.048773
0.045368
0.042419
0.042119
0.043206
0.043718
0.044992
0.047261
0.047677
0.042144
0.035760
0.031013
0.026191
0.022256
0.018458
0.018228
0.018369
0.016530
0.013550
0.013058
0.015866
0.019082
0.019343
0.018788
0.019479
0.022977
0.025123
0.024318
0.019350
0.014463
0.012848
0.011131
0.006531
0.003532
0.003900
0.004635
0.004223
0.003850
0.002215
-0.000991
-0.004225
-0.005993
-0.006983
-0.006325
-0.004065
-0.003991
-0.004943
-0.005648
-0.007149
-0.010109
-0.012321
-0.012995
-0.013251
-0.013391
-0.012728
-0.011620
-0.013421
-0.017567
-0.018583
-0.017623
-0.017757
-0.019345
-0.021237
-0.022295
-0.022113
-0.021479
-0.022162
-0.023578
-0.025839
-0.028751
-0.031501
-0.034210
-0.033652
-0.032681
-0.032889
-0.034452
-0.037252
-0.039704
-0.039290
-0.036823
-0.035854
-0.037223
-0.038421
-0.041188
-0.045751
-0.049962
-0.054381
-0.055087
-0.051577
-0.049367
-0.049788
-0.051167
-0.054022
-0.056683
-0.056822
-0.055886
-0.057244
-0.059841
-0.062325
-0.064831
-0.063067
-0.060352
-0.059903
-0.059386
-0.059575
-0.062039
-0.066159
-0.068479
-0.066032
-0.060673
-0.056132
-0.055473
-0.057425
-0.059849
-0.060821
-0.059612
-0.058359
-0.057932
-0.057882
-0.058358
-0.059705
-0.058025
-0.055315
-0.052825
-0.051801
-0.049141
-0.045114
-0.044494
-0.047696
-0.051702
-0.056118
-0.059438
-0.061672
-0.064531
-0.067022
-0.067776
-0.066681
-0.061453
-0.055554
-0.054542
-0.054435
-0.053141
-0.052393
-0.052640
-0.052778
-0.049948
-0.044859
-0.040886
-0.037986
-0.040015
-0.042268
-0.041962
-0.041747
-0.044261
-0.048302
-0.045401
-0.037298
-0.033588
-0.034056
-0.035516
-0.036421
-0.035280
-0.030817
-0.027361
-0.024450
-0.023423
-0.022848
-0.020205
-0.017235
-0.015561
-0.014037
-0.015661
-0.019312
-0.023014
-0.022697
-0.020901
-0.019481
-0.017276
-0.016469
-0.017364
-0.018032
-0.018209
-0.018367
-0.016842
-0.013194
-0.007308
-0.001225
0.002772
0.002683
0.001295
-0.000703
-0.003120
-0.007711
-0.011472
-0.011756
-0.010520
-0.008561
-0.005539
-0.001985
0.001175
0.004183
0.005167
0.003116
0.001822
0.002621
0.003550
0.004918
0.006715
0.007803
0.008360
0.009550
0.012374
0.013646
0.012933
0.012084
0.011482
0.011986
0.013965
0.015039
0.016890
0.020950
0.024487
0.026936
0.028869
0.028945
0.029492
0.030136
0.032028
0.031142
0.026881
0.023409
0.022968
0.025121
0.027919
0.029852
0.032153
0.036115
0.039799
0.040320
0.040578
0.043754
0.047500
0.052075
0.057072
0.061124
0.063441
0.061997
0.057584
0.052679
0.048854
0.048475
0.048717
0.046785
0.046001
0.048497
0.051973
0.055711
0.058552
0.057961
0.054607
0.050938
0.054331
0.054607
0.054408
0.054709
0.056082
0.056295
0.053599
0.051413
0.052145
0.053219
0.054046
0.055351
0.057256
0.056238
0.051984
0.050533
0.053693
0.053975
0.051077
0.051609
0.054415
0.057858
0.060765
0.061953
0.062962
0.064454
0.065636
0.063603
0.060825
0.056881
0.054672
0.054560
0.055867
0.058789
0.060433
0.058148
0.053578
0.051029
0.050777
0.050613
0.048839
0.047770
0.047298
0.045190
0.043146
0.040966
0.039210
0.038651
0.039049
0.038720
0.038715
0.038975
0.037952
0.035462
0.031858
0.029550
0.030336
0.030966
0.030790
0.031232
0.031837
0.030694
0.028188
0.024684
0.018884
0.013521
0.013534
0.017318
0.020765
0.023110
0.024295
0.023839
0.021315
0.016377
0.010152
0.006262
0.004003
0.003700
0.003547
0.002206
0.000590
-0.000290
0.000376
0.002707
0.002839
0.000450
-0.004977
-0.006961
-0.004567
-0.001728
-0.000310
-0.003954
-0.007382
-0.008533
-0.009638
-0.010630
-0.011546
-0.012337
-0.011740
-0.013491
-0.019176
-0.022234
-0.023168
-0.023712
-0.023676
-0.025509
-0.028756
-0.031498
-0.031007
-0.028363
-0.026894
-0.026759
-0.026596
-0.026124
-0.026868
-0.028809
-0.028495
-0.028793
-0.029209
-0.028180
-0.028009
-0.030754
-0.034295
-0.034922
-0.031860
-0.028675
-0.029874
-0.035401
-0.039436
-0.041734
-0.044059
-0.045813
-0.047759
-0.051675
-0.058639
-0.062872
-0.061412
-0.059463
-0.058421
-0.057912
-0.055239
-0.054614
-0.055138
-0.053681
-0.052088
-0.051857
-0.055110
-0.056544
-0.057652
-0.059070
-0.056988
-0.056243
-0.056939
-0.056523
-0.054353
-0.051077
-0.051566
-0.052629
-0.050923
-0.048698
-0.049068
-0.050840
-0.051588
-0.052528
-0.053166
-0.051967
-0.050738
-0.049084
-0.046102
-0.044234
-0.043969
-0.047010
-0.052154
-0.056098
-0.057999
-0.058936
-0.056302
-0.050623
-0.049107
-0.049677
-0.048333
-0.047045
-0.047363
-0.048524
-0.048872
-0.046226
-0.042642
-0.041244
-0.041433
-0.041421
-0.041217
-0.040729
-0.040829
-0.038656
-0.035392
-0.035129
-0.035359
-0.033621
-0.033478
-0.028936
-0.025801
-0.028004
-0.028916
-0.028040
-0.027461
-0.027164
-0.024203
-0.019059
-0.014740
-0.014949
-0.019143
-0.023309
-0.021836
-0.018264
-0.014195
-0.010795
-0.008991
-0.007560
-0.007700
-0.011088
-0.014060
-0.014823
-0.015083
-0.015044
-0.014813
-0.016039
-0.016989
-0.014149
-0.007935
-0.002670
-0.000327
0.001703
0.004096
0.005871
0.005846
0.003469
0.000100
-0.000484
0.001394
0.004712
0.008239
0.008526
0.007739
0.008054
0.010052
0.013412
0.015186
0.014527
0.015611
0.019208
0.022896
0.023932
0.021283
0.018200
0.016814
0.015968
0.014088
0.015327
0.018069
0.021401
0.022563
0.025107
0.027201
0.024923
0.019615
0.014497
0.013354
0.017769
0.025316
0.032739
0.038751
0.041902
0.040770
0.041081
0.042067
0.041678
0.044376
0.049771
0.054100
0.055933
0.055659
0.054080
0.051888
0.050131
0.054092
0.061822
0.064352
0.063418
0.064492
0.064801
0.062670
0.059826
0.056981
0.055937
0.056002
0.056810
0.058878
0.060635
0.062039
0.062790
0.056667
0.055386
0.054488
0.053914
0.055243
0.058557
0.063538
0.065224
0.062257
0.058418
0.055467
0.054037
0.053679
0.052328
0.051426
0.052402
0.051006
0.046324
0.043285
0.042771
0.042564
0.042284
0.042287
0.043277
0.042537
0.041923
0.044945
0.047392
0.048209
0.049629
0.052208
0.054544
0.055966
0.057427
0.058642
0.058521
0.055601
0.050914
0.046519
0.042042
0.039329
0.039003
0.039828
0.042027
0.045197
0.046441
0.044379
0.041417
0.039023
0.036915
0.033302
0.031214
0.029395
0.027596
0.027438
0.027007
0.024709
0.023676
0.023437
0.021315
0.017750
0.014365
0.013268
0.012486
0.008966
0.007091
0.008714
0.009046
0.006954
0.004802
0.003550
0.000776
-0.003121
-0.005907
-0.004326
-0.002341
-0.000835
-0.001429
-0.006643
-0.007564
-0.005794
-0.004088
-0.001868
-0.001604
-0.001721
-0.003960
-0.006934
-0.006284
-0.004440
-0.005202
-0.006725
-0.007648
-0.009455
-0.011675
-0.015905
-0.019331
-0.020222
-0.021556
-0.023199
-0.026951
-0.029232
-0.030509
-0.030055
-0.028263
-0.027407
-0.027013
-0.027334
-0.027038
-0.027904
-0.031144
-0.034376
-0.036100
-0.039322
-0.039877
-0.035787
-0.030223
-0.026601
-0.026471
-0.027640
-0.028741
-0.030138
-0.034078
-0.040328
-0.045625
-0.049374
-0.049345
-0.046523
-0.043044
-0.044004
-0.048299
-0.054327
-0.061481
-0.066580
-0.067486
-0.065035
-0.061058
-0.054280
-0.050380
-0.051642
-0.054248
-0.054248
-0.053639
-0.055155
-0.057764
-0.057037
-0.053047
-0.050185
-0.049593
-0.050079
-0.052855
-0.056691
-0.060758
-0.064937
-0.066407
-0.065048
-0.062498
-0.062156
-0.063511
-0.061342
-0.056252
-0.051920
-0.051843
-0.052247
-0.052371
-0.054829
-0.055135
-0.054909
-0.055490
-0.055083
-0.054110
-0.051582
-0.049934
-0.051502
-0.054246
-0.055951
-0.059029
-0.060540
-0.060519
-0.060033
-0.060175
-0.058654
-0.057932
-0.056892
-0.056773
-0.058644
-0.055290
-0.048179
-0.042782
-0.041216
-0.042016
-0.043765
-0.045223
-0.044775
-0.043253
-0.041318
-0.042751
-0.047499
-0.049150
-0.046689
-0.042161
-0.037846
-0.034810
-0.032282
-0.031474
-0.032682
-0.034903
-0.034772
-0.035053
-0.034543
-0.032574
-0.028883
-0.025493
-0.023706
-0.022831
-0.020622
-0.016928
-0.014436
-0.013102
-0.013705
-0.015072
-0.014893
-0.014176
-0.015247
-0.017652
-0.016438
-0.010883
-0.005576
-0.005017
-0.006288
-0.006830
-0.007320
-0.006349
-0.006036
-0.007723
-0.009239
-0.007288
-0.003674
-0.002436
-0.001942
0.000640
0.001937
-0.000348
-0.000924
0.001664
0.003282
0.005813
0.008411
0.008746
0.009031
0.010383
0.011516
0.012423
0.014153
0.015379
0.015026
0.012893
0.009372
0.005686
0.002423
0.001369
0.003828
0.007830
0.014102
0.018989
0.021256
0.020349
0.016588
0.015088
0.018644
0.022760
0.023856
0.023279
0.026046
0.029633
0.034004
0.038297
0.041423
0.045321
0.049139
0.052240
0.053965
0.053201
0.052682
0.053363
0.053101
0.050747
0.048054
0.046134
0.043726
0.043711
0.045208
0.046837
0.048295
0.048830
0.051477
0.056075
0.056015
0.053536
0.054053
0.053299
0.055800
0.053435
0.053319
0.054954
0.058638
0.062219
0.064531
0.066024
0.065441
0.062351
0.058102
0.055622
0.054177
0.052038
0.051104
0.050075
0.048832
0.045534
0.042056
0.043397
0.048505
0.053983
0.060198
0.062406
0.062562
0.063265
0.062824
0.062379
0.064487
0.065413
0.064935
0.063217
0.061621
0.060923
0.060354
0.059914
0.058109
0.055416
0.050373
0.047348
0.044408
0.043116
0.043037
0.045320
0.045582
0.043169
0.041727
0.042775
0.044981
0.045477
0.043646
0.039694
0.034952
0.031474
0.027783
0.023397
0.020474
0.021709
0.024904
0.027919
0.028801
0.028038
0.025191
0.019587
0.015357
0.013362
0.014075
0.017067
0.020549
0.024225
0.027183
0.025632
0.019408
0.014008
0.010024
0.007628
0.007284
0.006292
0.004713
0.004804
0.006340
0.007738
0.008093
0.008402
0.009461
0.010288
0.005102
-0.000872
-0.004504
-0.007209
-0.008083
-0.009556
-0.011199
-0.012717
-0.014105
-0.015880
-0.019574
-0.023782
-0.026407
-0.028363
-0.026032
-0.019969
-0.013369
-0.013216
-0.016604
-0.020546
-0.023132
-0.020781
-0.018474
-0.018950
-0.020421
-0.021384
-0.021386
-0.022052
-0.021731
-0.023863
-0.026469
-0.028200
-0.029308
-0.027536
-0.026651
-0.029049
-0.031332
-0.035077
-0.041623
-0.048925
-0.054747
-0.053891
-0.049784
-0.050187
-0.054212
-0.055554
-0.055674
-0.055400
-0.055412
-0.054458
-0.052857
-0.051368
-0.048783
-0.046119
-0.044350
-0.046022
-0.047231
-0.046454
-0.048754
-0.053804
-0.058363
-0.059161
-0.058096
-0.056576
-0.056395
-0.056164
-0.054527
-0.053215
-0.052909
-0.050701
-0.047817
-0.047679
-0.049357
-0.050335
-0.048893
-0.050372
-0.052863
-0.054198
-0.053068
-0.049499
-0.048694
-0.051452
-0.054350
-0.052704
-0.048273
-0.048222
-0.050066
-0.049614
-0.048886
-0.047066
-0.044434
-0.043857
-0.044408
-0.046533
-0.049275
-0.051605
-0.054518
-0.055586
-0.051385
-0.047398
-0.044641
-0.043084
-0.043688
-0.045715
-0.045359
-0.042278
-0.038093
-0.034002
-0.033971
-0.037033
-0.037400
-0.035342
-0.033744
-0.034659
-0.035382
-0.034321
-0.033892
-0.034804
-0.036275
-0.033286
-0.028405
-0.024228
-0.021431
-0.019789
-0.017965
-0.018424
-0.019601
-0.017207
-0.013929
-0.011638
-0.008951
-0.005846
-0.004545
-0.002216
0.001903
0.003150
0.001435
-0.001553
-0.002832
-0.001467
0.001299
0.001152
-0.000954
-0.001504
-0.001402
-0.001196
-0.000113
0.000530
0.001834
0.004620
0.007350
0.012784
0.015474
0.012448
0.010543
0.008993
0.007510
0.007990
0.009121
0.010077
0.012880
0.014437
0.013269
0.014376
0.018761
0.020860
0.018610
0.013824
0.011335
0.012398
0.014076
0.014907
0.015056
0.015497
0.019404
0.024841
0.028097
0.028129
0.028768
0.031478
0.033968
0.034030
0.034079
0.034362
0.032434
0.031163
0.034104
0.038727
0.042213
0.044879
0.048905
0.049781
0.045130
0.038769
0.034857
0.036513
0.041202
0.047473
0.051659
0.053471
0.055761
0.056158
0.055515
0.054445
0.053726
0.054507
0.055376
0.054866
0.053979
0.053771
0.055600
0.060557
0.062527
0.060953
0.054132
0.053543
0.052409
0.052018
0.051436
0.051445
0.052703
0.053636
0.053738
0.053042
0.052268
0.051129
0.051032
0.052435
0.053898
0.053114
0.049509
0.045989
0.043262
0.042568
0.042285
0.041150
0.039722
0.039299
0.040685
0.043770
0.047423
0.048491
0.048516
0.045250
0.040956
0.041859
0.048334
0.054638
0.055750
0.053162
0.050084
0.047737
0.047861
0.049983
0.049626
0.048690
0.048607
0.046597
