-0.005888
0.003349
0.003245
0.006145
0.006382
0.005674
0.016295
0.012281
0.014136
0.003145
0.039724
0.045489
0.045026
0.044001
0.060008
0.049507
0.062820
0.062944
0.058747
0.045780
0.047860
0.060718
0.053076
0.077512
0.065036
0.042349
0.042792
0.046572
0.046947
0.051119
0.042176
0.043825
0.036416
0.046648
0.052193
0.049442
0.043161
0.035244
0.033794
0.025129
0.030597
0.038316
0.027555
0.042891
0.047825
0.036041
0.021652
0.024417
0.030863
0.016133
0.027689
0.026216
0.051211
0.025471
0.020743
0.019803
0.023375
0.014408
0.039861
0.017608
0.025805
0.036046
0.039633
0.014305
0.039727
0.019635
0.012147
0.017440
0.011304
0.006281
0.000988
0.007865
0.015453
0.011068
0.001999
-0.002351
0.018518
0.000886
0.001325
-0.002352
0.004696
-0.000698
0.001051
0.000581
-0.011656
-0.006464
0.000008
-0.002788
-0.013336
-0.004335
-0.011726
-0.015768
-0.013812
-0.024913
-0.023088
-0.021738
-0.025071
-0.019884
-0.025977
-0.015030
-0.026056
-0.019606
-0.021176
-0.030371
0.004763
-0.031282
-0.026729
-0.025155
-0.034819
-0.028481
-0.021803
-0.013029
-0.017586
-0.043887
-0.024092
-0.034791
-0.038999
-0.027679
-0.023488
-0.040986
-0.042227
-0.033539
-0.046279
-0.039867
-0.045749
-0.053938
-0.051587
-0.043180
-0.040456
-0.058642
-0.052117
-0.068388
-0.063618
-0.052137
-0.069560
-0.060890
-0.051447
-0.056174
-0.057299
-0.052387
-0.044702
-0.078212
-0.051317
-0.047895
-0.056803
-0.077014
-0.059615
-0.041457
-0.066237
-0.054555
-0.057847
-0.068168
-0.064872
-0.060309
-0.056989
-0.055248
-0.055994
-0.064130
-0.056973
-0.050949
-0.038407
-0.036412
-0.048943
-0.047226
-0.039756
-0.049384
-0.050459
-0.051913
-0.057723
-0.053990
-0.055705
-0.054141
-0.069627
-0.067276
-0.063281
-0.071930
-0.061432
-0.054720
-0.051582
-0.043955
-0.046351
-0.050490
-0.051294
-0.046896
-0.039440
-0.042739
-0.063366
-0.049575
-0.041809
-0.033230
-0.034910
-0.036785
-0.033553
-0.041881
-0.040445
-0.032721
-0.045754
-0.037793
-0.049448
-0.030367
-0.041578
-0.035420
-0.013610
-0.036310
-0.014692
-0.019858
-0.022517
-0.033838
-0.020323
-0.031310
-0.018366
-0.024741
-0.031784
-0.015951
-0.019549
-0.013104
-0.008349
-0.020557
0.003245
-0.010131
-0.009262
-0.015970
-0.015562
-0.001543
-0.020354
-0.002316
-0.010375
-0.010679
-0.005508
-0.012370
-0.014995
0.004123
0.003448
-0.000666
-0.001506
-0.009963
0.010359
0.015317
0.001523
-0.000361
0.006786
0.002504
0.015416
0.021956
0.023108
0.011270
0.006179
0.005640
0.011205
0.012620
0.011473
0.001964
0.016769
0.020543
0.026213
0.021286
0.024555
0.024891
0.020955
0.017606
0.016701
0.018082
0.028294
0.030485
0.015048
0.031237
0.008472
0.013395
0.020137
0.020843
0.035251
0.035980
0.033555
0.039319
0.020477
0.045047
0.055710
0.049753
0.031265
0.056687
0.051455
0.048540
0.057424
0.050341
0.044551
0.054665
0.049090
0.046950
0.040705
0.051834
0.049035
0.051086
0.045029
0.045436
0.049760
0.061042
0.062004
0.066955
0.062614
0.051668
0.046366
0.046334
0.058609
0.052115
0.061076
0.057905
0.051410
0.043806
0.042428
0.056111
0.057220
0.043475
0.059455
0.041350
0.037868
0.046266
0.050250
0.040300
0.052612
0.044271
0.040976
0.034333
0.055167
0.070994
0.061964
0.058366
0.064646
0.051768
0.044408
0.048380
0.056168
0.045050
0.050041
0.039158
0.040913
0.045526
0.034969
0.038479
0.041649
0.039812
0.060593
0.040637
0.039589
0.060804
0.048932
0.046423
0.025739
0.035378
0.040730
0.043606
0.042018
0.030863
0.034669
0.033452
0.010225
0.032913
0.025263
0.016700
0.018315
0.020480
0.036626
0.012451
0.017677
0.027290
0.015720
0.017096
0.017372
0.020170
0.020234
0.016430
0.011775
0.014778
0.013462
0.009719
-0.007643
-0.008627
-0.010743
-0.012468
-0.000699
-0.000563
0.010260
0.009517
-0.013571
-0.012497
-0.011386
-0.005588
0.006246
-0.021635
0.002437
-0.015271
-0.014963
-0.017017
-0.020325
-0.031318
-0.015998
-0.029592
-0.015427
-0.030442
-0.011318
-0.020793
-0.014048
-0.016410
-0.009915
-0.023152
-0.025474
-0.026087
-0.016535
-0.026455
-0.031646
-0.019511
-0.027710
-0.023567
-0.009295
-0.026060
-0.041424
-0.039816
-0.040750
-0.026794
-0.030861
-0.033510
-0.017311
-0.032441
-0.027671
-0.040550
-0.042114
-0.037349
-0.058544
-0.046600
-0.056204
-0.066937
-0.050340
-0.067125
-0.043752
-0.070839
-0.068048
-0.057823
-0.079876
-0.065230
-0.043478
-0.048839
-0.051161
-0.048260
-0.040039
-0.060367
-0.054597
-0.043715
-0.061101
-0.050333
-0.058755
-0.056188
-0.053125
-0.057992
-0.058262
-0.058937
-0.060005
-0.051720
-0.053360
-0.055108
-0.042487
-0.068443
-0.040920
-0.057120
-0.047869
-0.049754
-0.060219
-0.052198
-0.064976
-0.065688
-0.069127
-0.055840
-0.066697
-0.055734
-0.049066
-0.057986
-0.064184
-0.055394
-0.052813
-0.053114
-0.054973
-0.038659
-0.055980
-0.055809
-0.047534
-0.040270
-0.051715
-0.041785
-0.049406
-0.052719
-0.046280
-0.037963
-0.057245
-0.038235
-0.034311
-0.060953
-0.033231
-0.034072
-0.036601
-0.048678
-0.044088
-0.041538
-0.011995
-0.038459
-0.041907
-0.024672
-0.020032
-0.025307
-0.020529
-0.039817
-0.036473
-0.026455
-0.009533
-0.011625
-0.039002
-0.015135
-0.016577
-0.010043
-0.007545
-0.005754
-0.016685
-0.025375
-0.014420
-0.016141
0.001393
-0.016946
-0.020660
-0.004071
-0.000563
-0.030037
-0.005559
-0.015968
-0.015438
-0.010472
-0.003330
-0.003533
0.003347
0.004829
0.009011
0.003818
0.014303
0.011338
0.012417
0.006921
0.017036
0.010933
0.010765
0.016428
0.011068
0.012485
0.015718
0.020243
0.011507
0.000483
0.021318
-0.016117
0.018890
0.012180
0.030721
0.022966
0.024930
0.027085
0.015385
0.014777
0.014877
0.023741
0.024625
0.008472
0.024860
0.010966
0.005302
0.021928
0.035648
0.038850
0.040303
0.036157
0.040576
0.048204
0.044857
0.048994
0.067454
0.041708
0.044609
0.076445
0.044041
0.048085
0.046059
0.072758
0.073146
0.068903
0.041101
0.061080
0.049672
0.065906
0.034629
0.046601
0.045368
0.052030
0.070218
0.049904
0.057460
0.044289
0.049371
0.057195
0.047716
0.044208
0.050897
0.051449
0.035719
0.037938
0.041519
0.048623
0.051381
0.058377
0.040587
0.049009
0.051673
0.050389
0.042790
0.053550
0.042360
0.048185
0.039692
0.064851
0.044887
0.048851
0.061022
0.054249
0.060233
0.056561
0.057017
0.057872
0.057422
0.062708
0.062144
0.050286
0.050250
0.052631
0.040442
0.036048
0.052231
0.027582
0.054602
0.039972
0.044283
0.049011
0.049142
0.051734
0.037132
0.042226
0.026779
0.021117
0.013663
0.030931
0.029376
0.048798
0.032542
0.028544
0.030792
0.021991
0.019930
0.028905
0.027353
0.022329
0.035924
0.032249
0.021216
0.003582
0.011371
0.012315
0.000854
0.018856
-0.002756
0.011001
0.005033
0.009921
0.009753
0.019636
0.000177
0.003010
0.007798
0.008809
-0.016140
0.002774
-0.003970
0.005976
-0.000967
0.012247
0.007865
-0.005419
-0.015532
-0.013374
-0.010379
-0.009501
-0.005048
-0.008221
-0.013239
-0.010436
-0.013442
-0.011586
-0.019712
-0.027597
-0.017115
-0.022520
-0.022944
-0.015679
-0.022542
-0.016414
-0.014160
-0.021950
-0.014113
-0.030833
-0.015228
-0.022005
-0.022579
-0.018170
-0.051627
-0.034877
-0.035804
-0.034314
-0.030845
-0.032810
-0.041971
-0.043836
-0.035460
-0.031591
-0.035907
-0.047816
-0.046093
-0.062511
-0.040610
-0.052312
-0.054726
-0.054516
-0.062739
-0.058150
-0.057455
-0.061350
-0.038576
-0.074081
-0.071694
-0.051210
-0.047236
-0.041745
-0.048061
-0.062376
-0.048409
-0.048104
-0.046981
-0.042125
-0.052536
-0.032330
-0.070057
-0.053109
-0.067734
-0.057780
-0.054647
-0.054031
-0.054141
-0.048732
-0.062180
-0.040279
-0.049137
-0.056212
-0.049094
-0.046484
-0.050271
-0.047971
-0.050911
-0.057345
-0.052116
-0.050878
-0.056121
-0.067411
-0.068534
-0.037260
-0.059147
-0.057265
-0.054194
-0.054632
-0.045846
-0.064799
-0.062122
-0.046847
-0.051019
-0.056778
-0.056903
-0.067746
-0.030546
-0.047528
-0.043922
-0.044473
-0.041969
-0.036042
-0.036797
-0.048397
-0.035209
-0.044452
-0.043797
-0.037021
-0.031389
-0.029764
-0.024095
-0.032864
-0.036741
-0.026970
-0.020619
-0.025718
-0.027000
-0.031613
-0.035559
-0.019247
-0.016343
-0.022939
-0.034685
-0.002383
-0.002924
-0.019888
-0.013244
-0.019410
-0.000837
-0.015201
-0.011888
0.005539
-0.013950
0.004359
-0.002286
-0.008183
0.003482
-0.014451
-0.008083
-0.003534
-0.004065
-0.002792
-0.004879
-0.000764
0.004830
0.001323
0.005809
0.012620
0.010968
0.006449
0.002874
0.010360
0.016733
-0.004276
0.017510
0.011372
0.023679
0.016129
0.009619
0.022834
0.013597
0.013935
0.012147
0.013867
0.017104
0.020813
0.017575
0.013868
0.029112
0.020275
0.016903
0.032583
0.014542
0.014810
0.032211
0.032277
0.031095
0.028230
0.008034
0.025603
0.037631
0.023914
0.015623
0.041612
0.029270
0.035543
0.046275
0.061774
0.056873
0.045996
0.046028
0.067070
0.056639
0.074076
0.042819
0.056144
0.063027
0.066865
0.075927
0.037234
0.038111
0.051201
0.068347
0.032349
0.045286
0.062228
0.054707
0.042429
0.044984
0.049423
0.052129
0.050257
0.050679
0.057863
0.038507
0.058076
0.048914
0.049641
0.036084
0.053523
0.052989
0.060588
0.054260
0.049172
0.029109
0.035284
0.042017
0.040733
0.034941
0.029072
0.042567
0.054258
0.075973
0.061103
0.056384
0.058638
0.068462
0.063415
0.038780
0.038498
0.047928
0.055493
0.048661
0.046774
0.051428
0.046168
0.040333
0.042049
0.035957
0.048727
0.030566
0.040974
0.028706
0.028127
0.029308
0.035180
0.031779
0.032573
0.026884
0.032888
0.041910
0.041280
0.029553
0.044383
0.012721
0.032345
0.028033
0.014915
0.031129
0.036658
0.020678
0.032784
0.021429
0.008573
0.011237
0.015149
0.006786
0.023234
0.022121
0.020307
0.009383
0.022503
-0.011321
0.001827
0.004865
-0.001947
0.004156
-0.007819
-0.009098
-0.010039
0.014507
-0.018940
-0.008018
-0.005812
0.000346
0.001018
0.010260
-0.007508
-0.018105
-0.009938
-0.017221
-0.013752
-0.015872
-0.016236
-0.027174
-0.022617
-0.018377
-0.017628
-0.014935
-0.022410
-0.026725
-0.029221
-0.006804
-0.026320
-0.012945
-0.020703
-0.019852
-0.019649
-0.040628
-0.017083
-0.025141
-0.034353
-0.033967
-0.016785
-0.025824
-0.040815
-0.038065
-0.028618
-0.032568
-0.031727
-0.034889
-0.038734
-0.028717
-0.032862
-0.039609
-0.034522
-0.038510
-0.045737
-0.044410
-0.040926
-0.039217
-0.065192
-0.067758
-0.061164
-0.055712
-0.055271
-0.036879
-0.057152
-0.063603
-0.061856
-0.058769
-0.052381
-0.063712
-0.045929
-0.049551
-0.067141
-0.057755
-0.066228
-0.071176
-0.072553
-0.068134
-0.057263
-0.048511
-0.036070
-0.064225
-0.065372
-0.046892
-0.068713
-0.044846
-0.064902
-0.041926
-0.050371
-0.043099
-0.037111
-0.052550
-0.054663
-0.043423
-0.040595
-0.055976
-0.061567
-0.050273
-0.063910
-0.048832
-0.060943
-0.070614
-0.065232
-0.065793
-0.061547
-0.054740
-0.055200
-0.048007
-0.043992
-0.051923
-0.055013
-0.051275
-0.044741
-0.060198
-0.050297
-0.043313
-0.041529
-0.044402
-0.045037
-0.046896
-0.042766
-0.030429
-0.044651
-0.032657
-0.042782
-0.043830
-0.033067
-0.027186
-0.037384
-0.024262
-0.023056
-0.024919
-0.032147
-0.020759
-0.016001
-0.018091
-0.027815
-0.021017
-0.028880
-0.040216
-0.011011
-0.005857
-0.010541
-0.007136
-0.020054
-0.006329
-0.008250
-0.014252
-0.015873
-0.012101
-0.016683
-0.009916
-0.003772
-0.003530
-0.004546
-0.011152
-0.003297
0.002099
0.001828
0.000008
-0.004479
-0.009502
0.006954
-0.001539
0.004493
0.000582
0.005708
0.016160
0.008506
0.006988
0.008101
0.009349
0.015046
0.017911
0.007359
0.014508
0.017205
0.010327
0.033018
-0.008756
-0.008052
-0.001710
0.017138
0.028643
0.026954
0.025165
0.025228
0.033824
0.009146
0.028843
0.021015
0.035140
0.034299
0.018452
0.025189
0.025130
0.022601
0.021252
0.027861
0.035870
0.030790
0.037065
0.040067
0.044208
0.040710
0.062337
0.044774
0.045899
0.047573
0.046065
0.037749
0.054088
0.058951
0.042490
0.055098
0.056636
0.055880
0.063999
0.049457
0.053513
0.047945
0.058711
0.055199
0.056884
0.058347
0.039724
0.055065
0.069092
0.051821
0.053813
0.058848
0.052643
0.064813
0.055130
0.062180
0.059447
0.049214
0.049768
0.062285
0.063162
0.040270
0.065237
0.055309
0.057671
0.057240
0.041095
0.037371
0.050612
0.049275
0.041008
0.051168
0.060783
0.045358
0.034171
0.040344
0.064642
0.046200
0.053212
0.062016
0.033529
0.033588
0.037776
0.043636
0.023513
0.049036
0.059691
0.041257
0.036991
0.025668
0.038144
0.035912
0.032753
0.036892
0.037132
0.026779
0.044345
0.036421
0.046378
0.037603
0.014607
0.023952
0.023445
0.022399
0.027929
0.023075
0.023043
0.021789
0.015148
0.026181
0.016291
0.031299
0.014710
0.023578
0.002367
0.020309
0.020542
0.029311
0.016092
0.007663
0.013867
0.013260
0.013761
0.008775
-0.014394
-0.002348
0.000346
-0.007342
-0.008150
0.001796
0.002974
-0.001442
-0.016415
-0.024907
-0.018336
-0.012263
-0.004438
-0.013613
-0.027567
-0.009939
-0.017592
-0.013547
-0.013510
-0.024131
-0.021071
-0.022176
-0.019354
-0.026896
-0.026761
-0.025718
-0.033133
-0.010244
-0.016917
-0.029496
-0.044869
-0.037182
-0.037345
-0.022682
-0.034478
-0.011932
-0.026968
-0.031382
-0.029893
-0.028212
-0.029697
-0.024736
-0.048959
-0.028212
-0.045742
-0.029018
-0.045305
-0.036478
-0.022510
-0.034185
-0.032022
-0.037041
-0.053977
-0.030315
-0.053992
-0.067106
-0.067716
-0.064045
-0.036967
-0.044501
-0.053150
-0.064970
-0.067572
-0.046591
-0.050900
-0.062378
-0.042551
-0.051409
-0.054873
-0.050612
-0.049885
-0.065263
-0.061051
-0.063425
-0.065509
-0.051697
-0.067395
-0.066614
-0.044078
-0.065118
-0.050911
-0.051303
-0.044430
-0.062618
-0.059960
-0.047381
-0.048782
-0.045341
-0.044552
-0.059208
-0.051467
-0.058930
-0.057114
-0.057269
-0.054495
-0.067320
-0.048039
-0.061591
-0.059783
-0.052179
-0.060371
-0.060656
-0.057124
-0.066274
-0.045111
-0.044568
-0.068009
-0.043111
-0.061791
-0.053904
-0.042863
-0.037581
-0.029886
-0.056014
-0.048180
-0.049393
-0.048362
-0.037484
-0.048939
-0.046922
-0.034275
-0.041313
-0.043125
-0.010813
-0.037229
-0.029373
-0.025782
-0.035858
-0.031274
-0.024914
-0.018703
-0.023024
-0.026487
-0.028583
-0.021906
-0.021059
-0.028082
-0.035120
-0.017690
-0.020751
-0.006567
-0.022084
-0.018807
-0.005048
0.007831
-0.001172
-0.011312
-0.014179
-0.007137
0.006752
0.003482
-0.004238
0.012958
-0.011683
0.001322
0.004494
-0.012705
0.002571
0.007865
-0.005961
-0.012972
0.011339
-0.003227
-0.003465
-0.006467
-0.005658
0.008742
0.014104
0.011001
0.004898
0.026748
0.009787
0.004764
0.013497
0.010664
0.003784
0.014539
0.011878
0.012757
0.012653
0.025766
0.013495
0.015688
0.032641
0.027218
0.016768
0.015552
0.014843
0.019394
0.026818
0.035679
0.004932
0.000820
0.001223
0.014003
0.027492
0.031775
0.027017
0.041246
0.044051
0.047147
0.035381
0.045436
0.042914
0.049639
0.038880
0.042664
0.052923
0.045158
0.049484
0.047400
0.054248
0.078193
0.045188
0.055049
0.057018
0.050119
0.036494
0.065245
0.055819
0.056612
0.057631
0.057325
0.058487
0.049176
0.051798
0.061593
0.054299
0.059386
0.037034
0.040057
0.044756
0.048128
0.065050
0.060941
0.049991
0.054111
0.050113
0.063861
0.048281
0.045265
0.037469
0.049465
0.044516
0.051670
0.031098
0.061599
0.059150
0.056540
0.062652
0.057340
0.060530
0.059361
0.053118
0.045392
0.059094
0.038652
0.055268
0.048325
0.056679
0.020440
0.055008
0.049721
0.046366
0.041916
0.055068
0.040736
0.044021
0.049685
0.041958
0.030052
0.027089
0.041524
0.022090
0.042626
0.029846
0.041220
0.022134
0.025637
0.027319
0.019631
0.028195
0.021052
0.024113
0.025262
0.014207
0.036259
0.025568
0.013462
0.018321
0.005471
0.016834
0.010865
0.012653
0.011574
0.022292
0.016095
0.014002
0.010462
0.016665
0.013968
-0.005891
0.002097
-0.006060
-0.002313
0.004358
-0.010550
0.005808
-0.005787
0.008809
-0.008221
-0.014799
-0.021246
-0.023261
-0.020763
-0.010240
-0.009933
-0.010612
-0.001712
-0.026286
-0.008123
-0.025517
-0.016008
-0.023696
-0.033211
-0.030371
-0.022683
-0.014764
-0.000496
-0.021191
-0.021100
-0.011317
-0.037183
-0.042267
-0.034277
-0.031214
-0.046332
-0.033933
-0.029150
-0.031091
-0.030982
-0.031527
-0.036277
-0.026222
-0.031667
-0.035013
-0.028749
-0.037040
-0.042810
-0.047331
-0.045198
-0.053938
-0.047873
-0.027136
-0.045747
-0.041844
-0.057152
-0.051669
-0.055487
-0.056634
-0.060434
-0.062043
-0.073484
-0.052296
-0.047695
-0.059862
-0.056955
-0.042752
-0.039885
-0.049925
-0.042888
-0.058726
-0.055353
-0.069972
-0.063309
-0.060899
-0.062864
-0.065504
-0.048884
-0.059686
-0.051926
-0.038565
-0.060478
-0.049764
-0.041106
-0.056329
-0.053126
-0.041869
-0.042148
-0.044902
-0.044246
-0.059873
-0.042055
-0.052121
-0.057351
-0.047419
-0.040284
-0.043398
-0.047361
-0.060092
-0.062770
-0.053726
-0.053828
-0.052220
-0.047905
-0.048746
-0.039965
-0.044693
-0.067962
-0.048217
-0.040216
-0.042500
-0.039233
-0.026664
-0.038397
-0.047855
-0.043928
-0.038283
-0.042347
-0.029468
-0.029908
-0.055534
-0.027443
-0.021738
-0.009773
-0.038065
-0.024941
-0.028247
-0.030236
-0.020490
-0.021780
-0.025915
-0.022142
-0.017090
-0.029678
-0.028878
-0.017215
-0.021772
-0.026333
-0.024534
-0.027267
-0.020935
-0.002622
0.000043
-0.006502
-0.011625
0.003481
-0.017560
0.008911
-0.016479
-0.008109
-0.016485
-0.013853
-0.011005
-0.016248
-0.006971
-0.009431
-0.003264
-0.001846
-0.004576
0.016497
0.004663
0.015821
0.019867
0.002942
-0.004109
0.027888
0.000817
0.012654
0.008404
0.002439
-0.001171
-0.003764
-0.004913
0.015888
0.024114
0.021625
0.003517
0.012451
0.014442
0.027991
0.022799
0.020709
0.017573
0.042743
0.027890
0.028667
0.034227
0.033863
0.023304
0.034602
0.034435
0.011978
0.019732
0.042558
0.043973
0.018957
0.022503
0.038794
0.035213
0.040557
0.037574
0.041451
0.032787
0.048764
0.054996
0.057461
0.056538
0.053012
0.053545
0.053307
0.039530
0.048574
0.059453
0.031069
0.036528
0.048499
0.053377
0.050843
0.062996
0.053717
0.050764
0.054499
0.044914
0.053867
0.048054
0.049535
0.051394
0.034803
0.045499
0.060577
0.046037
0.051510
0.053493
0.046542
0.046669
0.043546
0.055578
0.036965
0.049088
0.051456
0.043391
0.039357
0.055347
0.046471
0.047066
0.065714
0.066900
0.054557
0.052103
0.052243
0.048470
0.050819
0.049083
0.040815
0.049270
0.051240
0.061438
0.074499
0.035718
0.045049
0.057392
0.052800
0.050874
0.045393
0.034430
0.046469
0.049179
0.048609
0.043035
0.054977
0.052923
0.042870
0.015553
0.037440
0.023543
0.020476
0.020641
0.012048
0.035957
0.010023
0.015048
0.005876
0.027862
0.026109
0.025733
0.010192
0.025096
0.023848
0.041713
0.017170
0.022902
-0.002994
0.020138
0.016495
0.006381
-0.008553
0.013799
0.010361
0.006516
0.001760
0.008135
-0.006065
-0.005489
-0.007238
-0.001441
-0.007712
0.004358
0.002776
-0.011659
-0.001544
-0.006159
-0.010107
-0.017532
-0.007848
-0.010543
-0.011217
-0.011548
-0.006362
-0.008322
-0.026157
-0.023762
-0.004642
-0.016080
-0.018973
-0.023915
-0.020937
-0.019881
-0.016383
-0.019111
-0.026293
-0.023392
-0.031749
-0.031515
-0.033815
-0.037080
-0.017054
-0.037550
-0.029773
-0.041905
-0.040189
-0.040457
-0.025855
-0.030136
-0.038747
-0.042391
-0.034222
-0.053699
-0.051809
-0.053680
-0.062072
-0.037422
-0.038751
-0.052547
-0.052717
-0.052405
-0.062459
-0.054391
-0.048317
-0.052909
-0.066658
-0.060695
-0.065411
-0.066688
-0.040732
-0.062720
-0.059774
-0.054270
-0.062535
-0.070283
-0.073679
-0.061271
-0.047006
-0.046996
-0.051545
-0.064520
-0.060523
-0.062731
-0.054004
-0.051399
-0.057146
-0.056453
-0.056454
-0.058906
-0.062385
-0.038865
-0.055104
-0.042631
-0.057067
-0.029052
-0.040657
-0.052208
-0.059012
-0.054150
-0.065330
-0.055976
-0.064462
-0.069396
-0.066388
-0.062126
-0.058887
-0.036277
-0.051237
-0.065188
-0.045256
-0.049275
-0.051126
-0.053718
-0.048618
-0.032609
-0.032595
-0.037803
-0.031142
-0.061847
-0.029899
-0.039559
-0.039701
-0.057698
-0.051328
-0.011150
-0.020216
-0.044244
-0.035929
-0.037887
-0.032337
-0.025616
-0.011662
-0.030692
-0.011257
-0.032116
-0.012433
-0.010677
-0.011023
-0.015396
-0.006527
-0.031705
-0.020626
-0.029896
-0.001679
-0.023561
-0.010810
-0.011427
-0.018938
-0.019611
-0.014256
-0.016723
-0.016445
-0.005425
-0.001236
0.011337
0.007191
0.006044
-0.008219
0.005032
-0.007815
-0.002826
-0.024527
-0.004410
-0.004539
-0.004409
-0.001709
0.004932
0.005876
0.007157
0.011811
0.000111
-0.004474
0.009214
0.008911
0.005471
0.012319
0.011272
0.009113
0.011001
0.016429
0.023850
0.007933
0.012857
0.012653
0.013394
0.018689
0.022569
0.012722
0.029877
0.033229
0.027931
0.032110
0.032812
0.024391
0.039355
0.028424
0.046028
0.013531
0.021051
0.023000
0.034036
0.034170
0.034879
0.031468
0.042396
0.048586
0.044244
0.033013
0.049537
0.058399
0.052917
0.067645
0.065154
0.068065
0.063748
0.050155
0.048134
0.047006
0.048090
0.061172
0.045164
0.040878
0.054788
0.062242
0.058424
0.066362
0.060051
0.048736
0.046982
0.048133
0.055477
0.054730
0.046961
0.057223
0.056000
0.048296
0.037768
0.052730
0.056278
0.048943
0.053644
0.055554
0.059166
0.038011
0.038177
0.059081
0.064564
0.033091
0.043515
0.063246
0.055251
0.064037
0.057990
0.057323
0.063565
0.064485
0.062897
0.044962
0.058884
0.037706
0.061915
0.049370
0.062343
0.061958
0.053984
0.039493
0.041851
0.052473
0.050080
0.045495
0.037331
0.049777
0.040670
0.033735
0.040339
0.030701
0.037407
0.036327
0.039320
0.030053
0.040716
0.033618
0.029822
0.024460
0.020645
0.029278
0.036328
0.022535
0.028881
0.030356
0.029391
0.018691
0.020339
0.011743
-0.000865
0.007966
0.027650
0.023511
0.020173
0.022095
0.019932
0.015655
0.008540
-0.001237
-0.004507
0.006753
-0.003939
0.008910
-0.005789
-0.003631
-0.006098
-0.001236
0.002099
0.007798
-0.012236
-0.008051
-0.029041
0.009484
-0.002585
0.001221
-0.007679
-0.029253
-0.003562
-0.013782
-0.014311
-0.015197
-0.016071
-0.016382
-0.008351
-0.033404
-0.038024
-0.015259
-0.030566
-0.024098
-0.027029
-0.039252
-0.037685
-0.037047
-0.021558
-0.026728
-0.032427
-0.031407
-0.027943
-0.028207
-0.036416
-0.036323
-0.020896
-0.042523
-0.025920
-0.028817
-0.034856
-0.047617
-0.040020
-0.029626
-0.021471
-0.031890
-0.048977
-0.055493
-0.037722
-0.050399
-0.050067
-0.050379
-0.056161
-0.068211
-0.081352
-0.056257
-0.051142
-0.065279
-0.058904
-0.062929
-0.042645
-0.073392
-0.051331
-0.051884
-0.053640
-0.059276
-0.074696
-0.046413
-0.073062
-0.058082
-0.046879
-0.070769
-0.057663
-0.056952
-0.047888
-0.048279
-0.071259
-0.048120
-0.046659
-0.049100
-0.062672
-0.055387
-0.052923
-0.060314
-0.053796
-0.048040
-0.055284
-0.044872
-0.041872
-0.050334
-0.048568
-0.067560
-0.063675
-0.061354
-0.059380
-0.063387
-0.040240
-0.042241
-0.068064
-0.048533
-0.045085
-0.051148
-0.055223
-0.053940
-0.048946
-0.035054
-0.042920
-0.048438
-0.046537
-0.042387
-0.044726
-0.041222
-0.047829
-0.025777
-0.037483
-0.046711
-0.034180
-0.029053
-0.046410
0.001594
-0.048611
-0.038170
-0.025780
-0.028045
-0.031957
-0.029100
-0.011625
-0.012137
-0.014634
-0.033954
-0.034320
-0.029830
-0.001846
-0.021871
-0.003195
-0.016077
-0.009531
-0.009298
-0.016690
-0.029233
-0.013650
-0.016545
-0.018539
-0.016885
-0.017594
-0.027200
-0.016112
-0.000837
0.005064
-0.004613
-0.005523
0.005438
0.004156
0.004021
-0.003365
-0.008902
-0.009027
0.007123
0.002975
0.012249
0.008438
-0.005386
0.007326
0.007056
0.016227
0.017409
0.007629
0.005875
0.024925
0.024854
0.024657
0.012788
0.005741
0.013901
0.015285
0.010697
0.004020
0.030092
0.014172
0.030655
0.007562
0.042564
0.013765
0.010259
0.000549
0.008472
0.020343
0.036289
0.037754
0.040076
0.041983
0.035448
0.024591
0.052850
0.032753
0.038167
0.058539
0.057733
0.052773
0.049947
0.047917
0.046003
0.044172
0.046449
0.079698
0.071306
0.044680
0.060070
0.070559
0.053614
0.052270
0.051602
0.049151
0.058387
0.052121
0.058876
0.061762
0.057497
0.062220
0.057668
0.050955
0.058768
0.053573
0.057030
0.065581
0.069715
0.078202
0.053183
0.052309
0.055041
0.054857
0.057749
0.056111
0.046844
0.057331
0.059512
0.037949
0.035853
0.049877
0.046709
0.043106
0.044070
0.045000
0.050288
0.033365
0.050536
0.061219
0.044187
0.051673
0.056281
0.061552
0.057148
0.058945
0.062958
0.060708
0.056044
0.043906
0.043738
0.042699
0.034394
0.045134
0.043712
0.045311
0.051709
0.053519
0.041721
0.035514
0.039794
0.037872
0.035467
0.022432
0.040643
0.020845
0.031866
0.031680
0.024991
0.017205
0.033019
0.021222
0.014442
0.011271
0.012754
0.020916
0.008540
-0.003264
0.018520
0.018253
0.002470
0.001898
0.005167
0.005302
-0.010006
-0.006766
-0.005185
0.015588
-0.006872
0.008978
-0.013315
-0.023397
0.017674
-0.008450
0.006112
0.001896
-0.005959
0.003348
-0.017326
-0.004745
0.007596
-0.002623
-0.013050
-0.004371
-0.007244
-0.014495
-0.012533
-0.030515
-0.013201
-0.017044
-0.025982
-0.022484
-0.041579
-0.017728
-0.036886
-0.015736
-0.026529
-0.025546
-0.025295
-0.028380
-0.020369
-0.035583
-0.038693
-0.035215
-0.033142
-0.052287
-0.021002
-0.021111
-0.016980
-0.027877
-0.031828
-0.027615
-0.028649
-0.032025
-0.048561
-0.051684
-0.047159
-0.051890
-0.033368
-0.038781
-0.033223
-0.063664
-0.052797
-0.070849
-0.070667
-0.065995
-0.055481
-0.053821
-0.049870
-0.030976
-0.061021
-0.058943
-0.057232
-0.041353
-0.056483
-0.060410
-0.061575
-0.039246
-0.041795
-0.049943
-0.051215
-0.050162
-0.064448
-0.059370
-0.068444
-0.068874
-0.056938
-0.056744
-0.054381
-0.070257
-0.063122
-0.041806
-0.043964
-0.046965
-0.064197
-0.042343
-0.056131
-0.062833
-0.040699
-0.060281
-0.052280
-0.050202
-0.049978
-0.039378
-0.053366
-0.059581
-0.056591
-0.053137
-0.071104
-0.048352
-0.061980
-0.052905
-0.064493
-0.042848
-0.066630
-0.043091
-0.066132
-0.059709
-0.026249
-0.034518
-0.038370
-0.047465
-0.043249
-0.047579
-0.042705
-0.036635
-0.038460
-0.034647
-0.058430
-0.056284
-0.035496
-0.034533
-0.028472
-0.032441
-0.030093
-0.026396
-0.035098
-0.036119
-0.038674
-0.021611
-0.043693
-0.021036
-0.029357
-0.012003
-0.025523
-0.019613
-0.022616
-0.007070
-0.008459
-0.013446
-0.009868
-0.020228
-0.013244
-0.008083
-0.012336
-0.021709
-0.020631
0.003010
0.006921
-0.000359
-0.017522
-0.002722
-0.005827
-0.006157
0.003111
-0.010814
-0.011691
-0.007114
0.010124
0.002167
-0.006595
0.003785
0.013328
-0.004070
-0.009706
0.012452
0.011709
0.001120
0.020916
0.008371
0.006583
0.014608
0.016567
0.012923
0.016699
0.021760
0.015183
0.012855
0.006246
0.003009
0.002100
-0.000295
0.009754
0.018220
0.016766
0.036048
0.016597
0.025671
0.008506
0.009214
0.025768
0.039018
0.024758
0.020308
0.022674
0.047611
0.029886
0.052482
0.040435
0.049171
0.056724
0.055134
0.058308
0.053952
0.047055
0.059654
0.056862
0.050240
0.043065
0.047957
0.045853
0.038517
0.057629
0.046841
0.054150
0.049973
0.049803
0.067993
0.066381
0.038084
0.055843
0.065657
0.041950
0.043310
0.051602
0.053530
0.057505
0.066468
0.059649
0.062609
0.062420
0.053253
0.047795
0.045657
0.055284
0.045801
0.042662
0.051525
0.039165
0.045427
0.025064
0.039160
0.056125
0.057900
0.057320
0.071343
0.042094
0.065183
0.057767
0.055137
0.059563
0.073016
0.051235
0.062899
0.048808
0.060726
0.054832
0.056348
0.054738
0.045435
0.047032
0.027523
0.053864
0.023676
0.052227
0.032209
0.059833
0.022533
0.038311
0.036563
0.049683
0.042551
0.036701
0.030855
0.024083
0.022869
0.026405
0.012619
0.012316
0.016903
0.032736
0.024657
0.029478
0.017001
0.022674
0.007460
0.000885
0.013295
0.008034
0.020713
0.020405
0.022736
0.027021
0.024757
0.002704
-0.002726
0.009416
-0.001746
0.006516
0.005706
-0.004581
-0.000800
0.006752
0.006415
0.004291
0.001558
0.006888
0.008708
0.005471
-0.031288
-0.001105
-0.015841
-0.011460
-0.009534
-0.021844
-0.014651
-0.021576
-0.018502
-0.026262
-0.035636
-0.033128
-0.030042
-0.036853
-0.007644
-0.012028
-0.005083
-0.044537
-0.020670
-0.038199
-0.021065
-0.008387
-0.028140
-0.028283
-0.027923
-0.024439
-0.023585
-0.031522
-0.018070
-0.047246
-0.025385
-0.038963
-0.030031
-0.020663
-0.038867
-0.043702
-0.034142
-0.055656
-0.061163
-0.065704
-0.062748
-0.033512
-0.050608
-0.070850
-0.068413
-0.048542
-0.065028
-0.053659
-0.064784
-0.049019
-0.057475
-0.050949
-0.045389
-0.047610
-0.047657
-0.065613
-0.042104
-0.049507
-0.069388
-0.068645
-0.066825
-0.051735
-0.062352
-0.054720
-0.068269
-0.053647
-0.054682
-0.057277
-0.059031
-0.041241
-0.051493
-0.059546
-0.057923
-0.052092
-0.043549
-0.074379
-0.052497
-0.062428
-0.043685
-0.046026
-0.063953
-0.065713
-0.060027
-0.037760
-0.045372
-0.069932
-0.051986
-0.047484
-0.054719
-0.041304
-0.045715
-0.054219
-0.048739
-0.061404
-0.055389
-0.060101
-0.065823
-0.052302
-0.033373
-0.056682
-0.040081
-0.052437
-0.051876
-0.056973
-0.036276
-0.039236
-0.031812
-0.033843
-0.052776
-0.048215
-0.029670
-0.035231
-0.037529
-0.048962
-0.033516
-0.034653
-0.041364
-0.042994
-0.043390
-0.013446
-0.030361
-0.019374
-0.027769
-0.020595
-0.018548
-0.033095
-0.021427
-0.005657
-0.017387
-0.012160
-0.006535
-0.004308
-0.014124
0.007696
0.004797
-0.010652
-0.009058
-0.013550
-0.000058
0.000887
0.004662
-0.017325
-0.006263
-0.001977
-0.006098
-0.003974
0.000514
-0.006464
0.005673
0.007158
0.006314
0.030455
-0.004679
-0.005084
0.013902
-0.004408
0.006045
0.008911
0.006482
0.007224
0.021524
0.001898
0.004156
0.023808
0.027054
0.007258
0.002403
-0.002922
0.015688
0.015250
0.011541
0.009686
0.010259
0.014036
0.034947
0.026752
0.023070
0.015587
0.034609
0.033963
0.031779
0.021725
0.036191
0.027084
0.018552
0.032379
0.046852
0.040705
0.040804
0.044425
0.058057
0.029382
0.023411
0.023749
0.034058
0.050755
0.046104
0.060025
0.041735
0.052397
0.057620
0.043359
0.052979
0.044682
0.052654
0.054721
0.050870
0.045561
0.049980
0.050854
0.061891
0.072507
0.043790
0.052930
0.059527
0.051510
0.052473
0.056421
0.049352
0.058233
0.058490
0.054707
0.054393
0.051691
0.054240
0.048691
0.059048
0.058451
0.057499
0.045165
0.040062
0.046194
0.040656
0.051728
0.039258
0.041081
0.038144
0.045585
0.048826
0.055339
0.054921
0.042246
0.053816
0.025567
0.043323
0.061134
0.072824
0.058350
0.045057
0.046332
0.048031
0.047787
0.058752
0.057439
0.039419
0.055372
0.049300
0.038037
