-0.001967
-0.003837
-0.004609
-0.006323
-0.007987
-0.009764
-0.008108
-0.006210
-0.007639
-0.007905
-0.008183
-0.009465
-0.009810
-0.008436
-0.008232
-0.010461
-0.014847
-0.020617
-0.025956
-0.029314
-0.030198
-0.029800
-0.031794
-0.034243
-0.034914
-0.032819
-0.029251
-0.027168
-0.026290
-0.025565
-0.023631
-0.023544
-0.025396
-0.029807
-0.033769
-0.034520
-0.032538
-0.032786
-0.035564
-0.038651
-0.042465
-0.046236
-0.047334
-0.044618
-0.041184
-0.036670
-0.028280
-0.018625
-0.009652
-0.003281
-0.001470
-0.002705
-0.002647
-0.002263
-0.003129
-0.004206
-0.002549
0.000353
0.000631
0.002231
0.003468
0.000917
-0.001771
-0.002851
-0.004399
-0.005265
-0.003478
-0.002259
-0.002747
-0.003056
-0.002228
-0.002063
-0.002208
-0.001718
-0.001573
-0.001113
0.000183
0.001024
-0.001799
-0.004791
-0.005575
-0.006207
-0.007396
-0.008739
-0.006380
-0.004513
-0.006002
-0.008632
-0.008434
-0.006533
-0.007203
-0.006909
-0.006684
-0.008125
-0.008070
-0.001537
0.008926
0.016323
0.021210
0.023360
0.024398
0.023325
0.021038
0.021394
0.022202
0.019577
0.017414
0.018753
0.021550
0.026079
0.031947
0.036732
0.038626
0.037694
0.033638
0.031601
0.028822
0.025071
0.020305
0.013643
0.004224
-0.004825
-0.014696
-0.025369
-0.032995
-0.036756
-0.038665
-0.036554
-0.031852
-0.024372
-0.012154
-0.000232
0.007447
0.012669
0.012856
0.009872
0.006047
0.002632
0.001645
0.002714
0.004446
0.004813
0.002921
0.001896
0.002078
0.002411
0.003763
0.008833
0.015408
0.017602
0.016987
0.018005
0.020590
0.022639
0.025895
0.027630
0.026836
0.025385
0.026428
0.030431
0.034121
0.036165
0.033907
0.029674
0.023623
0.013144
0.001764
-0.006621
-0.010768
-0.013013
-0.016599
-0.018268
-0.017333
-0.015369
-0.010768
-0.005879
-0.002858
-0.000067
0.003339
0.003564
0.000730
-0.002220
-0.004893
-0.004546
-0.004071
-0.005649
-0.007801
-0.009424
-0.009395
-0.008340
-0.004808
-0.001226
0.000071
0.002365
0.007062
0.012784
0.012693
0.007365
0.004358
0.002499
0.000416
0.000569
-0.000225
-0.001926
-0.003594
-0.005336
-0.005022
-0.003422
-0.002161
-0.002061
-0.000722
0.001314
0.003409
0.002421
0.000291
-0.000185
-0.001321
-0.001607
-0.000502
0.001488
0.001505
-0.001147
-0.004346
-0.006937
-0.008831
-0.008272
-0.005922
-0.004389
-0.003459
-0.003550
-0.004879
-0.007455
-0.007816
-0.004836
-0.002646
-0.005326
-0.006510
-0.004501
-0.002473
0.000300
0.003257
0.004484
0.004543
0.004925
0.006309
0.007294
0.004329
0.000930
-0.004635
-0.013164
-0.021054
-0.026832
-0.031230
-0.034030
-0.033968
-0.032682
-0.030080
-0.026555
-0.024027
-0.022185
-0.020231
-0.022600
-0.024581
-0.022646
-0.021325
-0.021604
-0.022093
-0.022794
-0.022192
-0.022685
-0.019377
-0.010590
-0.001457
0.005157
0.009554
0.014520
0.016243
0.014117
0.009970
0.005599
-0.001193
-0.005760
-0.008656
-0.008522
-0.003962
0.000120
0.001266
0.002053
0.002196
0.000630
-0.002594
-0.004740
-0.004655
-0.003568
-0.001380
0.000438
-0.001553
-0.007676
-0.012761
-0.012061
-0.010568
-0.004476
-0.005334
-0.009687
-0.012003
-0.012233
-0.011795
-0.010883
-0.008537
-0.008801
-0.014408
-0.020901
-0.025888
-0.028930
-0.031437
-0.034143
-0.037346
-0.041429
-0.043664
-0.038822
-0.029128
-0.020923
-0.016262
-0.011732
-0.002560
0.010566
0.024452
0.032116
0.032994
0.028915
0.022873
0.018224
0.012566
0.004936
-0.001439
-0.004026
-0.005591
-0.005264
-0.003265
-0.000001
0.002017
0.000453
-0.001706
-0.000403
0.001438
0.002461
0.001592
0.001296
0.003015
0.003817
0.003325
0.002373
0.001951
0.001820
0.002295
0.005413
0.006337
0.005006
0.002678
0.000111
-0.000634
0.000883
0.003509
0.005253
0.005355
0.003974
0.001338
-0.000986
-0.000857
0.000269
-0.000007
0.000589
0.001999
0.003212
0.003761
0.005216
0.008090
0.010754
0.008823
0.006589
0.006107
0.005043
0.005039
0.005780
0.008680
0.009813
0.006734
0.002763
-0.001010
-0.004022
-0.005413
-0.004423
-0.002169
0.002394
0.006834
0.006917
0.006245
0.005576
0.005702
0.005912
0.007378
0.010371
0.013312
0.017543
0.022789
0.027364
0.027346
0.026868
0.026569
0.027914
0.029943
0.032423
0.035268
0.037328
0.037130
0.033813
0.030925
0.029575
0.029463
0.031059
0.032152
0.032000
0.028483
0.018594
0.004384
-0.009462
-0.022411
-0.035712
-0.045358
-0.051058
-0.052452
-0.046923
-0.038177
-0.027585
-0.013081
0.001948
0.011161
0.017675
0.021381
0.020912
0.018347
0.016089
0.013283
0.010117
0.009388
0.009982
0.012406
0.014409
0.017992
0.021568
0.023520
0.024576
0.025661
0.027217
0.027976
0.028904
0.029463
0.029824
0.032055
0.031813
0.030353
0.031682
0.031257
0.031097
0.034863
0.037825
0.030931
0.016861
0.004131
-0.005097
-0.012707
-0.019660
-0.023070
-0.024050
-0.021950
-0.016459
-0.010850
-0.005358
-0.001938
0.000668
0.002260
0.001979
0.001852
-0.000370
-0.003036
-0.004981
-0.005822
-0.002994
-0.002046
-0.002919
-0.001589
-0.001878
-0.004499
-0.005773
-0.006464
-0.007441
-0.007999
-0.007062
-0.003046
0.002561
0.005865
0.004500
0.002276
0.001591
0.000771
-0.000172
-0.001049
-0.000839
0.001597
0.004498
0.004963
0.003788
0.000183
-0.002074
-0.002517
-0.000138
0.005042
0.009274
0.009070
0.006715
0.004548
0.003617
0.003067
0.000738
-0.001124
-0.000957
0.000499
0.002945
0.005009
0.007500
0.009705
0.009101
0.008327
0.006423
0.002100
0.000323
0.000723
0.000658
0.000836
0.001069
0.001226
0.003209
0.007060
0.008116
0.005003
0.000030
-0.003715
-0.004723
-0.005613
-0.007893
-0.013079
-0.017658
-0.021674
-0.025360
-0.028434
-0.029675
-0.030919
-0.031651
-0.030245
-0.027767
-0.025412
-0.023171
-0.020938
-0.018376
-0.020082
-0.022669
-0.021602
-0.019463
-0.015859
-0.011025
-0.006664
-0.000494
0.007816
0.015731
0.023245
0.029408
0.031565
0.029480
0.025111
0.019279
0.014242
0.008487
0.005662
0.001207
-0.004498
-0.004508
-0.001059
0.001713
0.003850
0.007202
0.009306
0.009514
0.007058
0.002608
-0.001366
-0.005558
-0.008157
-0.007165
-0.006040
-0.006643
-0.007633
-0.014114
-0.012021
-0.010661
-0.012466
-0.010971
-0.006562
-0.004410
-0.008148
-0.018754
-0.028976
-0.035192
-0.039057
-0.041862
-0.044296
-0.046838
-0.047986
-0.047906
-0.045454
-0.040042
-0.032661
-0.025336
-0.015769
-0.000455
0.015712
0.027920
0.034097
0.030958
0.021362
0.011087
0.001733
-0.006484
-0.010778
-0.011931
-0.011867
-0.010616
-0.009571
-0.008083
-0.004685
-0.000576
0.000340
-0.001728
-0.004570
-0.007357
-0.007355
-0.006821
-0.007455
-0.007159
-0.006558
-0.006709
-0.006923
-0.008950
-0.010784
-0.009578
-0.009149
-0.010550
-0.010053
-0.007646
-0.005388
-0.005008
-0.004830
-0.003359
-0.001377
0.000004
-0.000724
-0.002253
-0.004531
-0.005044
-0.005116
-0.004325
-0.002768
-0.003274
-0.004670
-0.005742
-0.007203
-0.006270
-0.006200
-0.008712
-0.010734
-0.009314
-0.006429
-0.003761
-0.003719
-0.005685
-0.008857
-0.007935
-0.005323
-0.004561
-0.004801
-0.007169
-0.010747
-0.014026
-0.016020
-0.015317
-0.012293
-0.010136
-0.008626
-0.007786
-0.006831
-0.003926
0.000109
0.002077
0.001182
0.000911
0.005814
0.014130
0.020886
0.024712
0.028094
0.030161
0.031026
0.033040
0.036278
0.038891
0.038960
0.040557
0.042039
0.040714
0.037682
0.033739
0.029517
0.023910
0.015799
0.008105
-0.000981
-0.015761
-0.031118
-0.043981
-0.051273
-0.053311
-0.050213
-0.042986
-0.036421
-0.026892
-0.016710
-0.007771
-0.000116
0.005002
0.007585
0.006778
0.003848
0.001132
0.000985
0.000142
-0.000126
0.001209
0.006226
0.012772
0.017099
0.019395
0.019789
0.020674
0.021188
0.021148
0.021501
0.022082
0.022152
0.021178
0.018982
0.018070
0.017517
0.019479
0.022995
0.027496
0.031813
0.033905
0.031188
0.019008
0.001641
-0.013066
-0.022681
-0.027379
-0.030442
-0.033063
-0.031353
-0.026902
-0.022648
-0.018427
-0.014470
-0.009944
-0.002900
0.003630
0.006924
0.008527
0.006993
0.004627
0.002986
0.002710
0.001978
-0.000636
-0.003698
-0.004150
-0.003811
-0.002928
-0.001493
-0.000664
-0.000391
-0.000692
-0.001494
-0.003363
-0.005674
-0.007891
-0.008366
-0.007852
-0.005551
-0.004582
-0.005491
-0.007627
-0.008276
-0.004942
0.000163
0.003961
0.005723
0.005787
0.003516
-0.000019
-0.005034
-0.008925
-0.009251
-0.010247
-0.011273
-0.008740
-0.005404
-0.002691
0.000052
0.001700
-0.000063
-0.004561
-0.006689
-0.004853
-0.001589
0.000532
0.000333
-0.000636
-0.001307
-0.000138
0.001972
0.002460
0.001510
0.000367
-0.001393
-0.003131
-0.002687
-0.001610
0.000084
0.003192
0.003095
0.001036
0.000083
-0.004042
-0.011702
-0.019886
-0.026651
-0.031868
-0.034917
-0.036419
-0.038104
-0.035787
-0.033145
-0.035233
-0.040178
-0.043235
-0.041408
-0.035636
-0.030445
-0.029478
-0.032154
-0.035770
-0.036954
-0.032801
-0.023307
-0.010491
0.003258
0.015183
0.024556
0.032323
0.037182
0.035807
0.026996
0.015072
0.003266
-0.007822
-0.018253
-0.025164
-0.025673
-0.023417
-0.017306
-0.008156
0.000198
0.006435
0.011532
0.016234
0.017863
0.014056
0.007004
-0.001354
-0.008479
-0.013024
-0.016253
-0.016428
-0.016415
-0.011874
-0.012299
-0.010187
-0.006621
-0.006466
-0.010858
-0.015496
-0.020241
-0.025711
-0.028523
-0.030592
-0.033518
-0.033290
-0.033558
-0.037506
-0.042410
-0.044701
-0.043672
-0.040983
-0.037586
-0.029437
-0.015750
0.000310
0.016246
0.028323
0.033292
0.030521
0.021740
0.010622
0.000791
-0.006338
-0.008614
-0.009337
-0.011165
-0.012975
-0.013197
-0.009944
-0.007226
-0.003588
0.000820
0.002023
0.002366
0.003526
0.005121
0.006596
0.005600
0.003282
0.003495
0.003983
0.003780
0.001255
-0.000767
-0.002337
-0.003932
-0.003545
-0.003773
-0.005057
-0.006258
-0.007348
-0.006965
-0.004030
-0.003320
-0.004828
-0.006088
-0.006887
-0.005419
-0.004710
-0.005058
-0.002268
-0.000477
-0.003161
-0.005490
-0.005570
-0.003188
-0.000634
0.000041
0.001245
0.003678
0.006329
0.008343
0.009698
0.011235
0.011746
0.009474
0.006111
0.004240
0.003264
0.000749
-0.000634
0.000262
0.002721
0.006524
0.010315
0.011685
0.010834
0.009111
0.006645
0.005172
0.006194
0.006954
0.007553
0.007770
0.006037
0.005556
0.008492
0.012934
0.017383
0.020221
0.023552
0.029096
0.033079
0.037920
0.043287
0.043089
0.041877
0.046049
0.051281
0.055004
0.053616
0.047560
0.042164
0.038911
0.033194
0.023039
0.009002
-0.006763
-0.020453
-0.029854
-0.038526
-0.046364
-0.050821
-0.050117
-0.039768
-0.024243
-0.011593
-0.002529
0.004559
0.009913
0.011275
0.010680
0.008565
0.004557
0.004761
0.004349
0.003337
0.006459
0.011460
0.015453
0.017497
0.020339
0.024157
0.024670
0.023363
0.023879
0.024476
0.027102
0.031931
0.034403
0.034434
0.033602
0.034521
0.036684
0.038003
0.039614
0.039846
0.035513
0.027599
0.017175
0.007849
0.000482
-0.007158
-0.015483
-0.021899
-0.023618
-0.023151
-0.022803
-0.022161
-0.017970
-0.012082
-0.004644
0.002312
0.006242
0.008308
0.008490
0.005774
0.001852
-0.000297
0.001002
0.002390
0.002395
0.003565
0.003872
0.002351
0.000775
-0.000737
-0.002331
-0.004007
-0.004317
-0.002953
-0.002844
-0.000446
0.002818
0.003474
0.005752
0.008705
0.010556
0.008975
0.004241
-0.001222
-0.006581
-0.010897
-0.012563
-0.011537
-0.008414
-0.003456
0.000776
0.001233
0.001977
0.007765
0.011759
0.010971
0.009826
0.007994
0.004856
0.002333
0.001992
0.001507
0.001659
0.002303
0.002601
0.001179
-0.000104
0.000923
0.000565
-0.001304
-0.002840
-0.003072
-0.002418
-0.001568
-0.000332
0.002323
0.004487
0.005502
0.004861
0.004512
0.003629
0.003199
0.003400
0.000166
-0.006724
-0.013128
-0.018833
-0.024041
-0.026879
-0.027813
-0.029473
-0.029974
-0.028162
-0.027566
-0.027812
-0.028589
-0.028623
-0.028021
-0.029686
-0.030295
-0.027362
-0.022906
-0.018031
-0.013816
-0.009241
-0.004197
0.003812
0.012661
0.021485
0.031440
0.040629
0.043279
0.039105
0.029049
0.014110
0.000492
-0.009414
-0.015114
-0.018878
-0.018839
-0.015215
-0.006586
0.005429
0.014719
0.016868
0.013773
0.009934
0.009160
0.011371
0.011717
0.009491
0.007660
0.004831
0.000937
-0.003829
-0.013250
-0.014294
-0.012228
-0.010967
-0.010527
-0.011479
-0.014439
-0.017452
-0.020250
-0.022780
-0.025393
-0.027083
-0.028471
-0.031442
-0.038052
-0.045685
-0.050331
-0.051666
-0.053542
-0.051508
-0.046323
-0.039327
-0.031581
-0.021437
-0.006717
0.009556
0.021142
0.025130
0.022411
0.016164
0.009776
0.005090
0.002388
-0.000836
-0.004027
-0.007906
-0.010183
-0.006925
-0.003023
-0.000099
0.001687
0.000311
-0.003970
-0.009241
-0.013117
-0.013497
-0.010617
-0.007589
-0.006672
-0.006154
-0.006921
-0.007776
-0.008331
-0.008343
-0.006269
-0.005079
-0.004977
-0.004719
-0.004344
-0.003161
0.000204
0.002439
0.002148
0.000014
-0.002305
-0.003748
-0.002301
-0.001606
-0.003616
-0.003562
-0.002896
-0.004594
-0.008165
-0.007411
-0.004417
-0.000943
0.003211
0.005790
0.003899
-0.001148
-0.005001
-0.004901
-0.004834
-0.005209
-0.005928
-0.007485
-0.008638
-0.007118
-0.004645
-0.003340
-0.003116
-0.004571
-0.007205
-0.011045
-0.013176
-0.011795
-0.007246
-0.001949
0.001133
0.002335
0.003475
0.005646
0.007863
0.008211
0.010782
0.013799
0.017922
0.025397
0.032803
0.036334
0.038631
0.043304
0.047238
0.049024
0.049899
0.049032
0.046479
0.046349
0.046461
0.043356
0.038189
0.028519
0.014321
-0.003186
-0.018732
-0.031536
-0.043314
-0.053132
-0.061203
-0.066524
-0.066711
-0.060935
-0.052340
-0.038384
-0.021077
-0.007283
-0.000594
0.003488
0.007884
0.010997
0.012313
0.009821
0.004659
0.001499
-0.000164
-0.000638
0.000926
0.004096
0.007960
0.011738
0.016910
0.021479
0.023620
0.023174
0.019893
0.017311
0.016044
0.016331
0.018398
0.019589
0.021271
0.024946
0.027768
0.028002
0.026888
0.027845
0.030363
0.028214
0.020578
0.009968
-0.001415
-0.010547
-0.016784
-0.023624
-0.031444
-0.032262
-0.025718
-0.017769
-0.008342
-0.000944
0.001325
0.000322
-0.002177
-0.004437
-0.005722
-0.005202
-0.007581
-0.011053
-0.010613
-0.007428
-0.004459
-0.003228
-0.003410
-0.003123
-0.004191
-0.005081
-0.000662
0.003426
0.002245
-0.000058
-0.000042
0.001149
-0.000697
-0.002823
-0.003433
-0.003827
-0.004192
-0.004135
-0.002521
-0.000844
0.000291
0.001316
0.001483
0.000101
-0.000588
-0.001969
-0.003810
-0.004256
-0.002281
0.001157
0.001890
0.001610
0.001070
-0.000658
-0.002110
-0.003126
-0.004606
-0.007002
-0.009070
-0.008433
-0.006191
-0.004843
-0.002363
-0.000595
0.000781
0.001623
0.000183
-0.002818
-0.004332
-0.003352
-0.001013
0.000720
0.000619
-0.000663
-0.000185
0.000113
-0.003670
-0.006731
-0.009515
-0.015240
-0.018290
-0.022228
-0.030896
-0.039883
-0.046058
-0.048423
-0.047822
-0.045594
-0.040094
-0.035755
-0.033500
-0.032785
-0.034106
-0.034310
-0.034867
-0.036503
-0.034069
-0.027572
-0.020822
-0.011673
-0.000655
0.007728
0.014659
0.022219
0.028048
0.032280
0.033555
0.031288
0.024579
0.014819
0.003129
-0.008116
-0.015607
-0.018922
-0.018688
-0.016309
-0.012814
-0.006837
0.001930
0.008760
0.011483
0.012476
0.009421
0.004573
-0.000354
-0.005782
-0.010899
-0.013108
-0.015129
-0.016773
-0.011189
-0.011871
-0.010723
-0.009791
-0.012443
-0.015161
-0.016670
-0.020233
-0.025035
-0.029215
-0.033606
-0.037812
-0.039208
-0.038541
-0.038968
-0.041171
-0.043470
-0.041117
-0.035761
-0.028966
-0.021358
-0.009242
0.004844
0.014148
0.017530
0.016439
0.014446
0.013293
0.012920
0.014029
0.012702
0.009887
0.009218
0.007773
0.002708
-0.001709
-0.001317
0.002238
0.005909
0.006166
0.005179
0.003977
0.002084
0.001842
0.001733
0.000540
-0.001620
-0.001914
-0.001684
-0.000471
0.000653
0.001312
0.001581
0.001635
0.002194
0.001087
0.000520
-0.000462
-0.002389
-0.003281
-0.004383
-0.005762
-0.003667
0.000229
0.004563
0.007813
0.004024
-0.000217
0.000527
0.001981
0.002969
0.005553
0.008618
0.009136
0.009906
0.009047
0.005219
0.001904
0.001542
0.001908
0.000562
-0.001679
-0.003050
-0.000789
0.003440
0.004785
0.004346
0.004813
0.004642
0.005487
0.005880
0.004934
0.003614
-0.000995
-0.004595
-0.006485
-0.005894
-0.003781
-0.002054
-0.000386
0.001663
0.004342
0.006862
0.011626
0.017253
0.024545
0.032514
0.040231
0.046016
0.048934
0.051046
0.052671
0.052699
0.052595
0.053474
0.054829
0.056543
0.055664
0.052441
0.047893
0.040869
0.034419
0.025003
0.011087
-0.002759
-0.015972
-0.028013
-0.038907
-0.048072
-0.051227
-0.049209
-0.043168
-0.032422
-0.019526
-0.005521
0.007991
0.017915
0.019225
0.013397
0.007126
0.002558
0.000750
0.001402
0.003415
0.004586
0.006834
0.010030
0.014342
0.019226
0.022374
0.023812
0.023358
0.023305
0.023723
0.023865
0.021833
0.018883
0.019948
0.023780
0.028831
0.033853
0.037378
0.039825
0.041885
0.044462
0.045806
0.044657
0.040381
0.034226
0.022681
0.008698
-0.004424
-0.014701
-0.020957
-0.025096
-0.027843
-0.026950
-0.022937
-0.017989
-0.011383
-0.002227
0.005471
0.010358
0.010993
0.008470
0.003980
0.000060
-0.002556
-0.004208
-0.002007
0.000625
0.000837
-0.000276
-0.001933
-0.002873
-0.003616
-0.004908
-0.005367
-0.005179
-0.004105
-0.002531
-0.001351
-0.001778
-0.000887
-0.000204
-0.002257
-0.004676
-0.002662
0.001629
0.005594
0.006350
0.005157
0.006056
0.006422
0.004322
0.003078
0.002071
0.001155
0.002026
0.002932
0.002143
0.002778
0.004413
0.002186
0.000990
0.003503
0.005256
0.006075
0.005099
0.002864
0.002608
0.003478
0.005480
0.009513
0.014633
0.015742
0.012543
0.009393
0.006432
0.004373
0.002823
0.000473
-0.000614
0.000550
0.003143
0.005852
0.005080
0.001882
0.000495
-0.003573
-0.011384
-0.018637
-0.023994
-0.029390
-0.033412
-0.034928
-0.035545
-0.034468
-0.031337
-0.031442
-0.032858
-0.032500
-0.032851
-0.033190
-0.034474
-0.034146
-0.032207
-0.029183
-0.023260
-0.016804
-0.009881
0.001166
0.014269
0.025828
0.034487
0.041881
0.046305
0.044888
0.036216
0.023984
0.009963
-0.004304
-0.016206
-0.024470
-0.026319
-0.023951
-0.017045
-0.009064
-0.002025
0.004040
0.008056
0.011659
0.014876
0.013657
0.007578
0.001708
-0.002059
-0.005203
-0.007355
-0.006858
-0.012460
-0.013333
-0.014202
-0.014667
-0.015171
-0.014735
-0.015716
-0.017294
-0.019169
-0.022930
-0.025752
-0.025472
-0.027480
-0.032442
-0.038042
-0.044086
-0.048993
-0.051455
-0.052348
-0.050259
-0.044657
-0.036914
-0.026446
-0.009958
0.008635
0.022256
0.030030
0.031571
0.028460
0.023114
0.018545
0.013360
0.005561
0.000907
-0.001731
-0.002991
-0.002055
0.000624
0.004187
0.006667
0.006562
0.002482
-0.001304
-0.004859
-0.010057
-0.011994
-0.010863
-0.009164
-0.006045
-0.002740
-0.003738
-0.005877
-0.006061
-0.005372
-0.004213
-0.005244
-0.007626
-0.008257
-0.006292
-0.004064
-0.004061
-0.006207
-0.006872
-0.007024
-0.008933
-0.010183
-0.008771
-0.007728
-0.006731
-0.006165
-0.006408
-0.009015
-0.012403
-0.013975
-0.013319
-0.009731
-0.007350
-0.005981
-0.005039
-0.006243
-0.006042
-0.003589
-0.002222
-0.002137
-0.001668
-0.001942
-0.004750
-0.008828
-0.010604
-0.012079
-0.012466
-0.010298
-0.006166
-0.001644
-0.000196
-0.000548
0.000114
-0.000617
-0.000713
0.002140
0.006368
0.010157
0.013479
0.016329
0.017523
0.018674
0.023924
0.029815
0.035137
0.040176
0.043506
0.045045
0.044979
0.043595
0.043218
0.044484
0.046092
0.044971
0.042215
0.041147
0.037821
0.030115
0.017176
0.000491
-0.016760
-0.032954
-0.045929
-0.056087
-0.058866
-0.054256
-0.046870
-0.038148
-0.029074
-0.017871
-0.006946
0.001495
0.007393
0.007558
0.006063
0.003327
0.000052
-0.003164
-0.004848
-0.004633
-0.004244
-0.003267
0.001118
0.004445
0.006036
0.004960
0.006866
0.010853
0.016392
0.021737
0.024037
0.023764
0.024872
0.029067
0.033163
0.035349
0.038772
0.042431
0.044813
0.043783
0.043839
0.043927
0.040381
0.034499
0.022654
0.008174
-0.005292
-0.017389
-0.026884
-0.034127
-0.038792
-0.036741
-0.030593
-0.024834
-0.017637
-0.009205
-0.001226
0.004025
0.004972
0.002302
-0.002797
-0.008694
-0.013840
-0.014162
-0.010178
-0.004510
-0.000065
0.002660
0.003203
0.002043
-0.000163
-0.001835
-0.000897
0.000348
0.000786
0.001317
0.000024
-0.003395
-0.005013
-0.008011
-0.009458
-0.007631
-0.005164
-0.002060
0.001787
0.003321
0.003166
0.002336
0.000584
0.000459
-0.000133
-0.002323
-0.003607
-0.004786
-0.005702
-0.006274
-0.006078
-0.003704
-0.000297
0.001814
0.001693
0.001223
0.000874
-0.001223
-0.004565
-0.005652
-0.005097
-0.004164
-0.003139
-0.003375
-0.005925
-0.010022
-0.013483
-0.012044
-0.008958
-0.007335
-0.004590
-0.000609
0.001509
0.001741
-0.000492
-0.002458
-0.004936
-0.009930
-0.015328
-0.020210
-0.023439
-0.026260
-0.028168
-0.032077
-0.036564
-0.037872
-0.037893
-0.038062
-0.038099
-0.038457
-0.038153
-0.037672
-0.037485
-0.036567
-0.034017
-0.033076
-0.032837
-0.028390
-0.021650
-0.012421
0.000599
0.012805
0.024743
0.037938
0.047168
0.050071
0.049316
0.043542
0.032267
0.018956
0.005157
-0.006249
-0.013042
-0.016361
-0.017970
-0.017844
-0.014330
-0.008746
-0.003767
0.000343
0.003267
0.006347
0.008468
0.007540
0.001937
-0.005028
-0.009674
-0.013115
-0.016036
-0.017174
-0.014154
-0.016053
-0.015903
-0.016050
-0.015298
-0.014107
-0.014106
-0.015062
-0.016943
-0.018679
-0.023498
-0.031507
-0.039395
-0.044637
-0.047256
-0.048072
-0.048902
-0.049478
-0.050613
-0.047706
-0.040577
-0.030481
-0.018277
-0.004599
0.009503
0.020243
0.025996
0.027382
0.026293
0.023534
0.019596
0.014149
0.008707
0.004272
0.001990
0.001820
0.002546
0.003354
0.004917
0.007284
0.009384
0.010836
0.009908
0.008259
0.006628
0.001956
-0.001209
-0.001863
-0.000741
0.001474
0.000400
-0.001583
-0.001294
0.000012
0.001742
0.003381
0.003069
0.000626
0.000255
0.001110
-0.000407
-0.003077
-0.003868
-0.004783
-0.004673
-0.003297
-0.001511
0.001517
0.005290
0.006144
0.005342
0.006340
0.006444
0.004968
0.005800
0.006462
0.002967
-0.000075
-0.000355
0.000786
0.001334
0.001152
0.001691
0.002722
0.002641
0.001590
0.000746
0.000450
0.000932
0.003572
0.003715
0.001983
0.000599
-0.001727
-0.004015
-0.005359
-0.005563
-0.005583
-0.003459
-0.001682
0.000098
0.003675
0.008331
0.016037
0.023934
0.028213
0.031033
0.036148
0.040844
0.043099
0.044402
0.044493
0.045063
0.046422
0.048492
0.049140
0.047912
0.046616
0.045871
0.044393
0.040002
0.031378
0.018445
0.002582
-0.013185
-0.027673
-0.039959
-0.048690
-0.055253
-0.053773
-0.044545
-0.033802
-0.023596
-0.014104
-0.005139
0.002447
0.007312
0.010336
0.009851
0.007447
0.005945
0.006860
0.005310
0.004560
0.009531
0.017628
0.023000
0.023415
0.023219
0.024329
0.026343
0.026194
0.023496
0.021034
0.020075
0.020286
0.020995
0.024221
0.029623
0.034781
0.037137
0.037279
0.036958
0.039435
0.044567
0.047563
0.044334
0.035139
0.023006
0.008693
-0.005464
-0.015619
-0.022011
-0.026041
-0.026059
-0.024010
-0.022687
-0.018197
-0.011055
-0.003154
0.003651
0.007189
0.010900
0.012754
0.009504
0.004637
0.000960
-0.000702
-0.001170
0.000519
0.002047
0.000666
-0.001352
-0.002230
-0.002824
-0.000830
0.002218
0.005017
0.005872
0.005512
0.005452
0.005110
0.002179
0.000807
-0.000088
-0.000887
-0.000510
0.000578
0.002387
0.003545
0.004690
0.005070
0.003278
-0.001315
-0.002779
0.000093
0.003729
0.003104
0.001220
0.003136
0.005813
0.007361
0.007622
0.005394
0.002148
-0.001092
-0.001102
0.000809
-0.002255
-0.006344
-0.005737
-0.002121
0.001442
0.003612
0.003404
0.001260
-0.001217
-0.001154
0.000649
0.002965
0.004779
0.004833
0.003473
0.003951
0.006077
0.007702
0.004389
-0.001483
-0.008304
-0.016415
-0.023724
-0.028227
-0.031310
-0.034225
-0.035030
-0.033232
-0.031509
-0.031300
-0.033407
-0.034200
-0.031351
-0.027073
-0.023071
-0.020254
-0.018956
-0.018471
-0.021097
-0.021609
-0.017858
-0.011556
-0.003590
0.006877
0.017179
0.025380
0.032745
0.040628
0.041733
0.034318
0.023728
0.012238
0.004263
-0.002458
-0.012755
-0.017519
-0.015272
-0.010253
-0.005635
-0.000972
0.005320
0.011272
0.014531
0.015065
0.013317
0.009053
0.003131
-0.001419
-0.005684
-0.007455
-0.008879
-0.008718
-0.010664
-0.008088
-0.006871
-0.005244
-0.004116
-0.005814
-0.008622
-0.012814
-0.020170
-0.027773
-0.031505
-0.033186
-0.036278
-0.039153
-0.041896
-0.043606
-0.042655
-0.039528
-0.037855
-0.038401
-0.039996
-0.041649
-0.040878
-0.039368
-0.035291
-0.029138
-0.023251
-0.016336
-0.008953
-0.002224
0.002835
0.006811
0.011686
0.017808
0.023535
0.024442
0.022728
0.017587
0.012134
0.008239
0.002587
-0.003065
-0.005386
-0.005073
-0.005302
-0.005124
-0.002679
-0.002631
-0.003010
-0.003545
-0.006547
-0.008213
-0.009074
-0.008252
-0.005116
-0.001385
-0.000397
-0.001943
-0.003750
-0.006880
-0.011109
-0.009939
-0.008405
-0.007728
-0.006261
-0.006720
-0.007175
-0.007698
-0.009128
-0.010466
-0.010251
-0.006894
-0.002027
0.001913
0.002005
-0.001393
-0.003689
-0.004672
-0.004342
-0.004482
-0.005494
-0.004940
-0.004551
-0.006097
-0.006937
-0.007163
-0.008917
-0.008315
-0.006520
-0.008419
-0.011653
-0.014249
-0.016757
-0.018825
-0.019629
-0.017135
-0.013112
-0.009825
-0.004103
0.001710
0.008223
0.017334
0.024785
0.028589
0.031274
0.032347
0.031975
0.033288
0.034514
0.034998
0.036094
0.037898
0.037496
0.035437
0.034822
0.034788
0.036537
0.038989
0.038822
0.035854
0.030073
0.020702
0.008568
-0.004049
-0.018232
-0.035151
-0.050428
-0.057666
-0.056568
-0.050971
-0.040050
-0.026614
-0.015367
-0.007203
-0.003257
-0.002993
-0.002480
-0.004257
-0.008857
-0.012805
-0.013258
-0.011815
-0.008374
-0.004179
0.001196
0.007635
0.012440
0.015933
0.018338
0.018545
0.016300
0.014746
0.013809
0.013667
0.014284
0.016094
0.018198
0.020514
0.025900
0.032037
0.035028
0.036776
0.039315
0.039940
0.038018
0.034474
0.029348
0.023054
0.014435
0.003762
-0.004936
-0.011813
-0.015640
-0.015718
-0.014705
-0.015169
-0.015736
-0.016897
-0.015813
-0.011467
-0.004918
0.001508
0.004468
0.005819
0.006117
0.002526
-0.003517
-0.007796
-0.009116
-0.010302
-0.012137
-0.013899
-0.015519
-0.013358
-0.009319
-0.004400
-0.002301
-0.003485
-0.003862
-0.001399
0.001124
0.001613
0.001090
0.000999
0.002826
0.005980
0.007279
0.006402
0.003793
0.000687
0.000962
0.004092
0.006000
0.004784
0.002084
-0.000687
-0.002433
-0.006189
-0.008955
-0.006927
-0.004491
-0.002088
-0.000993
-0.000444
-0.001285
-0.002934
-0.003588
-0.002013
-0.001044
-0.002182
-0.003021
-0.002267
0.000310
0.001675
-0.000972
-0.003377
-0.001767
0.000450
-0.000046
-0.002532
-0.003675
-0.003858
-0.006015
-0.008091
-0.007081
-0.006154
-0.009444
-0.015834
-0.022122
-0.026481
-0.029498
-0.032054
-0.031824
-0.031285
-0.032209
-0.033679
-0.033220
-0.029960
-0.026091
-0.022654
-0.021447
-0.021693
-0.025038
-0.028024
-0.029983
-0.032772
-0.034299
-0.029667
-0.023044
-0.016925
-0.009767
-0.000934
0.012915
0.026306
0.032485
0.032975
0.029448
0.018966
0.005329
-0.004313
-0.011787
-0.016407
-0.017682
-0.016375
-0.014530
-0.011903
-0.008146
-0.002117
0.003650
0.005519
0.003555
-0.002284
-0.009598
-0.014769
-0.017387
-0.017194
-0.015550
-0.016436
-0.018629
-0.019488
-0.014318
-0.014870
-0.013407
-0.011852
-0.013962
-0.017087
-0.019263
-0.021042
-0.024232
-0.026265
-0.029431
-0.033053
-0.035290
-0.036387
-0.036421
-0.037302
-0.037301
-0.035566
-0.031484
-0.021408
-0.007374
0.005325
0.016776
0.026462
0.032423
0.034765
0.032414
0.027290
0.021442
0.017245
0.011660
0.004463
0.001191
-0.000382
-0.003101
-0.005568
-0.005387
-0.004373
-0.002571
-0.000971
-0.001519
-0.002276
-0.002944
-0.004046
-0.006811
-0.009074
-0.008157
-0.004818
-0.001800
0.001970
0.005653
0.006716
0.007012
0.007962
0.007720
0.006117
0.004439
0.000504
-0.002539
-0.001224
0.000813
0.001423
0.001160
-0.000167
-0.000869
-0.000022
0.000374
0.000829
0.001543
0.001301
0.000207
-0.000779
-0.001789
-0.001274
-0.001262
0.000587
0.004584
0.004481
0.002969
0.003759
0.003968
0.002170
-0.001659
-0.005971
-0.008476
-0.007572
-0.004361
-0.002332
-0.001369
-0.001425
-0.003368
-0.003840
-0.001890
-0.001788
-0.002021
-0.000829
-0.000030
-0.000396
-0.001934
-0.002537
0.001577
0.008045
0.014380
0.021091
0.028606
0.036000
0.040285
0.040994
0.043301
0.047248
0.050026
0.051222
0.051517
0.050989
0.051631
0.052219
0.052829
0.054453
0.054667
0.049358
0.038279
0.023106
0.005422
-0.012661
-0.027738
-0.038669
-0.046384
-0.050334
-0.049564
-0.044325
-0.037323
-0.028070
-0.015115
-0.002045
0.008232
0.014773
0.016535
0.013318
0.008291
0.004228
0.001974
0.002947
0.004731
0.004922
0.004716
0.003717
0.004358
0.006328
0.009052
0.010873
0.011507
0.012136
0.013381
0.014922
0.015897
0.016800
0.018605
0.022509
0.027995
0.032577
0.036559
0.040767
0.044993
0.049161
0.051592
0.051088
0.042308
0.027855
0.015628
0.006036
-0.002455
-0.009482
-0.018874
-0.026133
-0.027379
-0.024886
-0.020487
-0.014042
-0.008632
-0.003309
0.001646
0.004994
0.008130
0.010999
0.008680
0.003976
0.000684
-0.003447
-0.006631
-0.007233
-0.005156
-0.001254
0.002011
0.003025
0.003637
0.002819
0.000753
0.002481
0.006107
0.007792
0.006014
0.004680
0.005877
0.007402
0.007693
0.006331
0.004283
0.002754
0.002814
0.002707
0.000810
-0.000618
-0.000748
-0.000670
-0.001120
-0.002209
-0.003901
-0.005774
-0.005143
-0.001279
0.004326
0.010663
0.013414
0.012180
0.009517
0.007182
0.005623
0.004741
0.003673
0.003765
0.005547
0.007848
0.006171
0.000756
-0.002491
-0.000659
0.000328
-0.000926
-0.000661
0.001248
0.002811
0.002795
0.003788
0.002962
-0.001664
-0.007614
-0.011694
-0.012320
-0.013271
-0.016152
-0.020222
-0.023661
-0.025619
-0.024206
-0.023216
-0.023679
-0.025386
-0.026698
-0.027064
-0.028333
-0.027037
-0.026516
-0.026709
-0.026121
-0.026010
-0.026348
-0.026899
-0.027356
-0.025691
-0.020693
-0.013465
-0.004737
0.006547
0.018798
0.029595
0.039343
0.048963
0.053150
0.042138
0.021615
0.003983
-0.009177
-0.019412
-0.021742
-0.019958
-0.016712
-0.011042
-0.003969
0.001462
0.006633
0.012281
0.017566
0.017241
0.010611
0.003594
-0.000555
-0.002737
-0.005659
-0.009342
-0.014365
-0.020858
-0.017806
-0.013700
-0.009724
-0.005848
-0.002153
-0.003697
-0.009814
-0.015364
-0.020618
-0.024864
-0.027253
-0.030024
-0.032774
-0.033441
-0.032266
-0.031907
-0.032039
-0.031620
-0.031492
-0.033399
-0.037373
-0.041418
-0.044099
-0.045338
-0.044095
-0.041786
-0.037062
-0.030218
-0.021913
-0.011867
-0.004976
0.000172
0.004663
0.010889
0.019302
0.025941
0.026118
0.020587
0.013470
0.007910
0.004459
0.001431
-0.001984
