-0.013506
-0.000561
-0.006266
-0.012940
-0.007913
-0.015501
0.010967
-0.014081
-0.015534
0.000515
-0.015363
-0.010812
-0.007175
-0.001371
-0.016234
-0.018132
-0.028479
-0.031766
-0.032497
-0.028904
-0.026127
-0.027999
-0.045976
-0.032304
-0.033328
-0.019810
-0.024028
-0.029021
-0.025686
-0.024263
-0.015323
-0.034767
-0.028102
-0.048386
-0.030530
-0.030070
-0.022105
-0.047701
-0.039979
-0.045545
-0.050887
-0.051183
-0.039337
-0.031543
-0.038569
-0.021928
-0.002956
-0.004844
0.005167
-0.002562
-0.009531
-0.009070
0.005978
-0.006637
-0.006024
-0.005893
0.011507
0.002132
-0.007340
0.016799
-0.004747
-0.011417
-0.001038
-0.002082
-0.010982
-0.001004
0.006281
-0.007509
-0.005150
-0.001676
0.002471
-0.006968
0.000143
-0.000192
-0.003260
0.002437
0.003820
-0.000462
-0.019642
-0.000936
-0.004543
-0.008452
-0.010889
-0.010614
0.012687
-0.014556
-0.012537
-0.014925
0.004933
-0.005953
-0.016987
0.004055
-0.014419
-0.011424
-0.001171
0.031467
0.026980
0.016396
0.028764
0.016396
0.029580
0.010191
0.020514
0.030388
0.019196
0.004122
0.023780
0.028001
0.027218
0.040435
0.042725
0.040016
0.033653
0.030555
0.017843
0.043035
0.009753
0.025266
0.002876
0.001195
-0.022743
-0.010881
-0.042300
-0.039193
-0.036982
-0.034113
-0.041133
-0.016882
-0.025012
0.000992
0.019228
0.011406
0.009821
0.019663
-0.006163
0.006078
-0.005049
0.001798
0.006211
0.008371
0.007326
-0.000126
-0.005523
0.007595
0.001796
0.004054
0.009518
0.030419
0.023373
0.005776
0.015991
0.026476
0.026513
0.022861
0.038994
0.018721
0.023914
0.021320
0.039728
0.040982
0.036465
0.035888
0.015046
0.025397
0.003383
-0.015938
-0.013374
-0.012061
-0.007141
-0.017093
-0.028186
-0.009162
-0.013919
-0.009065
0.005909
-0.002792
-0.001370
0.006584
0.010394
-0.010105
-0.006296
-0.006193
-0.009201
0.008337
-0.011927
-0.010374
-0.012395
-0.009370
-0.004646
-0.005788
0.011000
-0.002117
-0.001849
0.013565
0.019698
0.023506
-0.012166
-0.005016
0.011169
-0.004946
-0.000931
0.008405
-0.011183
-0.001442
-0.008892
-0.006839
0.002908
-0.000866
-0.001239
-0.005755
0.009618
0.001695
0.009618
-0.013995
0.002908
0.001123
-0.007607
0.004662
0.002099
0.008067
-0.008992
-0.008890
-0.009764
-0.008962
-0.011049
0.002066
-0.001474
-0.005419
-0.001600
-0.008120
-0.008994
-0.015703
0.003583
0.005134
-0.005753
-0.024955
0.008876
-0.000868
0.000984
0.008202
0.006786
0.000616
0.004292
0.007191
0.011642
0.005134
-0.014252
0.003347
-0.029412
-0.028792
-0.031348
-0.030542
-0.037803
-0.033002
-0.026403
-0.030981
-0.019749
-0.021028
-0.023375
-0.019066
-0.016349
-0.044973
-0.012699
-0.014553
-0.025147
-0.024140
-0.022270
-0.025380
-0.014724
-0.032887
0.009079
0.010225
0.011506
0.008236
0.014205
0.027653
0.002369
0.007123
-0.003059
0.001526
-0.025543
0.005032
-0.020724
0.009551
0.008877
0.001459
-0.004640
0.007831
-0.003531
-0.004678
-0.013074
-0.000293
-0.001375
0.000108
0.005607
-0.000357
-0.017822
-0.025741
-0.011621
0.005673
-0.017083
0.004730
-0.030269
-0.021017
-0.011625
-0.014188
-0.014025
-0.012027
-0.003431
-0.027772
-0.039265
-0.031320
-0.035767
-0.032095
-0.042028
-0.041864
-0.049559
-0.054038
-0.042614
-0.011754
-0.013242
-0.019210
-0.020489
-0.002184
0.024280
0.034430
0.043741
0.016160
0.021350
0.004292
0.010564
0.010461
-0.008486
-0.014863
-0.009199
-0.002149
-0.015733
0.001796
-0.004677
0.007596
-0.008048
-0.013848
-0.006126
0.009786
-0.006026
0.001894
-0.012909
0.005977
0.003517
-0.003666
-0.003160
-0.003870
-0.000058
-0.003158
0.002268
0.015450
-0.011556
0.001053
-0.011147
-0.004885
-0.000868
0.005167
0.004460
0.000378
-0.002283
-0.005611
-0.009936
-0.005586
0.003046
-0.003330
-0.009056
0.004729
-0.001440
0.001965
-0.002451
0.009922
0.010360
0.009585
-0.016140
0.010764
-0.000398
-0.001878
0.006315
0.002269
0.019294
-0.006666
-0.009131
-0.006801
-0.011588
-0.009942
-0.007477
-0.000024
-0.001981
0.015688
0.003012
-0.009296
0.007292
-0.004139
0.008708
-0.002384
0.014675
0.011372
0.014377
0.026273
0.028057
0.028398
0.006517
0.032803
0.014810
0.038545
0.023140
0.039365
0.032780
0.036260
0.023980
0.017846
0.028478
0.024790
0.029319
0.033931
0.024953
0.026468
0.005505
-0.019107
-0.029501
-0.031752
-0.049173
-0.063732
-0.050000
-0.060461
-0.044270
-0.023561
-0.027030
-0.005623
0.018479
0.018251
0.003279
0.028634
0.009450
0.009618
0.006179
0.012348
-0.000866
0.003213
0.012385
0.006382
0.020714
0.006112
0.032612
0.014473
0.023180
0.018555
0.026605
0.025636
0.022262
0.029548
0.022699
0.028496
0.038198
0.012516
0.030016
0.036968
0.014103
0.037298
0.045855
0.029324
-0.018506
-0.015934
-0.012832
-0.017192
-0.028927
-0.033545
-0.019791
-0.029461
-0.009700
-0.006324
-0.008089
0.001899
-0.009867
0.005236
-0.006158
-0.004816
0.000076
-0.018629
-0.005588
-0.013808
-0.005517
0.008843
-0.020320
-0.003971
0.002571
-0.017394
-0.014352
-0.005319
-0.014149
-0.012362
-0.011721
-0.004104
0.008708
0.008304
-0.001947
-0.013982
0.000042
-0.001340
-0.006809
-0.004608
-0.007107
0.000514
0.007359
0.003348
-0.006633
-0.002656
-0.019716
0.002941
-0.009363
0.013295
0.011675
0.007461
-0.009738
0.000651
-0.003834
0.003684
-0.004473
-0.012631
-0.002318
-0.000699
0.001459
0.005505
0.001321
0.012079
0.005201
-0.004269
0.008607
-0.009670
-0.012702
0.006381
-0.003326
-0.004748
-0.000798
-0.003767
-0.001811
0.009754
0.012181
-0.007408
-0.011560
-0.014790
-0.007341
-0.004174
-0.015289
-0.018409
-0.036046
-0.019471
-0.037753
-0.030419
-0.039100
-0.027128
-0.043509
-0.029886
-0.028154
-0.025719
-0.027105
-0.022378
-0.021732
-0.016033
-0.046055
-0.020454
-0.016549
-0.020653
-0.006837
-0.006602
-0.005082
0.015182
0.020341
0.022197
0.033022
0.029923
0.019364
0.013327
0.010597
0.001461
0.007730
-0.012972
0.014642
-0.030534
-0.008417
0.007697
0.003144
-0.001914
0.004292
0.013531
0.000448
0.004459
-0.011078
-0.009834
-0.009605
-0.019578
-0.007883
-0.001068
-0.013746
-0.014529
-0.012736
-0.011927
0.003685
-0.017015
-0.018777
0.011067
0.001930
-0.007306
-0.030645
-0.050085
-0.031873
-0.036982
-0.039295
-0.043734
-0.045790
-0.050306
-0.041488
-0.045642
-0.029597
-0.023757
-0.013577
-0.014281
0.014609
0.042784
0.037951
0.040226
0.029750
0.001593
-0.000602
-0.002015
-0.010677
-0.015359
-0.002519
-0.009265
-0.006803
-0.003866
-0.008660
0.000381
0.008067
0.007697
-0.008793
-0.006232
-0.008591
-0.009200
0.005370
-0.009837
-0.007038
-0.000531
-0.005452
-0.006736
-0.004338
-0.018775
-0.005014
0.001796
-0.015193
-0.012072
0.001392
-0.000125
-0.001234
-0.008926
0.001459
0.003448
0.004358
0.001558
-0.006700
-0.001275
-0.010880
0.006584
-0.009394
0.007123
-0.001070
-0.008555
-0.004069
-0.005112
-0.009799
0.008708
-0.016277
-0.012702
-0.009062
0.006921
-0.002317
0.003988
-0.013478
-0.006638
-0.017754
0.016562
-0.007575
-0.002452
-0.006564
-0.015666
-0.015235
-0.016313
-0.013275
-0.004174
-0.001507
-0.010773
-0.002047
-0.008687
0.000448
0.008337
0.009719
-0.001679
-0.003461
0.008742
0.032879
0.032077
0.026787
0.026887
0.038809
0.028023
0.035206
0.042657
0.045727
0.041319
0.033497
0.057214
0.037101
0.035816
0.030727
0.027849
0.023780
0.010732
-0.002553
0.003211
-0.025318
-0.054965
-0.046363
-0.060892
-0.041352
-0.048536
-0.026413
-0.023848
-0.029427
0.008472
-0.007209
0.011945
0.007966
0.010563
0.007393
-0.001778
-0.001240
0.000749
0.011540
-0.008894
0.010866
0.004966
0.032440
0.020641
0.021348
0.020746
0.017947
0.029516
0.018453
0.024892
0.024277
0.025800
0.021521
0.019131
0.013798
0.026252
0.014139
0.038487
0.027189
0.044143
0.035247
0.034704
0.012080
-0.026999
-0.027705
-0.024508
-0.025240
-0.022239
-0.035493
-0.032539
-0.010852
-0.017621
-0.013923
-0.008922
-0.007004
0.003142
0.019125
0.008775
0.007191
0.011743
-0.005588
0.007933
0.001019
0.010631
-0.004070
-0.005961
-0.006836
0.007663
-0.005989
0.006313
0.000883
0.001730
0.000446
-0.000465
-0.002117
-0.008184
-0.006901
-0.010005
0.000144
-0.006467
0.008843
-0.012837
-0.004004
-0.015296
0.003145
0.011305
0.011844
0.006347
0.006854
0.003685
-0.005015
-0.004511
-0.017628
-0.004643
0.000108
-0.018776
-0.004675
0.007494
-0.001812
0.004426
0.006482
0.002134
-0.012029
-0.013575
0.003785
0.007528
0.006450
0.001052
-0.003867
0.000786
-0.000160
0.011170
0.005944
-0.000262
-0.000026
0.000918
-0.005489
-0.001845
0.007292
-0.000634
0.009619
0.012856
-0.010175
0.002570
0.002603
-0.024028
-0.026524
-0.031588
-0.030873
-0.036645
-0.030978
-0.036105
-0.040550
-0.012167
-0.038540
-0.047573
-0.050608
-0.035871
-0.024104
-0.016544
-0.027339
-0.037519
-0.041190
-0.039203
-0.027630
-0.008659
0.005876
0.019194
0.028575
0.030419
0.037563
0.044848
0.037574
0.017002
-0.003299
-0.003699
-0.014587
-0.022479
-0.033493
-0.021195
-0.008550
-0.018162
0.011574
0.009888
0.013023
0.013024
0.022128
0.024761
0.011034
-0.004411
-0.006294
-0.016956
-0.011391
-0.013818
-0.018263
-0.003358
-0.022240
-0.018474
-0.012834
-0.003227
-0.003967
-0.024743
-0.030418
-0.022581
-0.036604
-0.039074
-0.026467
-0.043306
-0.042309
-0.024068
-0.049730
-0.054830
-0.054000
-0.042532
-0.039779
-0.038088
-0.034526
-0.000631
0.012720
0.027184
0.036828
0.031330
0.018757
0.003955
-0.009025
-0.013591
-0.014122
-0.016033
-0.001440
-0.019513
-0.019244
-0.019379
-0.011588
0.001527
-0.016180
0.009686
-0.000669
-0.009397
0.002469
0.002235
0.005100
0.003684
-0.009303
-0.003359
0.009281
-0.005136
0.000989
-0.017929
0.001895
-0.014828
-0.006502
-0.001846
-0.014528
-0.010923
-0.012297
-0.012836
-0.004543
0.003246
-0.020005
-0.010244
-0.012162
-0.010479
0.001121
-0.016671
-0.007199
0.009652
-0.013884
-0.021005
-0.005184
-0.006673
0.004797
-0.005453
-0.006702
0.004391
0.005134
0.006820
0.005201
0.007225
0.011204
0.003351
-0.006061
-0.002557
0.002300
-0.002721
-0.013788
0.002268
0.000245
0.007562
0.011169
0.011202
0.001221
0.002740
0.000444
-0.003465
0.004088
0.010158
-0.001507
0.008202
-0.000195
-0.005822
0.009518
0.017073
0.017172
0.020611
0.014745
0.032071
0.038713
0.026412
0.052934
0.042699
0.020039
0.045556
0.064182
0.049474
0.056257
0.026885
0.028972
0.034638
0.033793
0.005707
-0.006701
-0.029195
-0.037701
-0.039737
-0.038609
-0.063114
-0.056271
-0.054264
-0.037751
0.002638
-0.001439
-0.005719
0.003178
0.009012
0.010764
-0.003665
0.007460
-0.006775
-0.008487
0.020108
-0.017185
0.007663
0.017374
0.016697
0.013665
0.012417
0.027961
0.025707
0.008607
0.019228
0.026680
0.017374
0.039088
0.036763
0.024491
0.027962
0.026440
0.040608
0.035151
0.033691
0.041497
0.028168
0.011136
0.004729
-0.011348
-0.002853
-0.015201
-0.026286
-0.035281
-0.028039
-0.017867
-0.026863
-0.026351
-0.023772
-0.001040
-0.009200
0.013024
0.001661
0.002939
0.004662
-0.000632
-0.010884
-0.007987
-0.001407
0.008539
-0.005857
-0.002386
0.006955
-0.007241
-0.006158
-0.004810
-0.007977
-0.008991
-0.011355
-0.002892
-0.002182
-0.013705
0.014406
-0.003024
-0.004645
0.016297
0.004595
0.009045
-0.011484
-0.010742
-0.015607
-0.018725
-0.018902
-0.011084
-0.008922
-0.002013
0.004899
-0.001810
-0.013243
0.008843
0.027420
-0.003058
-0.000969
0.007258
-0.004611
-0.005935
-0.002490
0.003752
-0.008728
0.004561
-0.003567
-0.000126
-0.013012
0.000008
0.003480
-0.013414
-0.007820
-0.008685
-0.002723
-0.005217
-0.003394
-0.001171
0.007966
-0.001644
0.002842
-0.006838
0.006011
-0.008720
0.005404
-0.002892
-0.021705
-0.028592
-0.021739
-0.034648
-0.033545
-0.028616
-0.030947
-0.041247
-0.026400
-0.025823
-0.038021
-0.030164
-0.037724
-0.026805
-0.032800
-0.044627
-0.024975
-0.019446
-0.018087
-0.012771
-0.013953
-0.001340
-0.000599
0.026704
0.017574
0.037334
0.045799
0.048389
0.019803
0.017613
-0.009004
-0.023425
-0.015784
-0.023592
-0.016757
-0.030536
-0.006196
-0.010577
0.023205
0.021987
0.015553
-0.004643
-0.001437
0.000583
0.015517
0.014744
-0.002114
-0.001237
0.004257
-0.011048
-0.008992
-0.020303
-0.013236
-0.006462
-0.000767
-0.015805
-0.005681
-0.019712
-0.020691
-0.019780
-0.024108
-0.024531
-0.029966
-0.023897
-0.031958
-0.040068
-0.059676
-0.053204
-0.047985
-0.045788
-0.062916
-0.024971
-0.039345
-0.016040
-0.021273
0.010530
0.029039
0.038556
0.023278
0.016159
0.004055
0.003246
0.001998
0.003852
0.003044
-0.010311
-0.004238
-0.019181
-0.001812
0.014643
-0.003333
0.008405
-0.000295
-0.009129
-0.015867
-0.016821
-0.012936
-0.002587
0.001426
-0.004812
-0.009767
-0.001173
-0.014388
-0.002788
-0.010650
-0.002859
0.004054
-0.009501
-0.002219
-0.003333
-0.001676
0.002942
0.014240
-0.002313
-0.000126
-0.007746
-0.001778
-0.003772
0.012553
-0.010544
-0.008456
0.008337
-0.005821
-0.012028
-0.016477
0.015648
-0.004035
0.012857
0.009584
0.006550
-0.012872
-0.010578
-0.003935
0.008101
-0.012232
0.000176
-0.010881
-0.008625
-0.007880
0.006753
-0.002621
-0.002013
-0.004274
-0.010646
-0.011726
-0.020456
-0.005453
-0.001173
0.009787
0.005642
0.000684
0.003179
0.008337
0.013732
0.010866
0.003920
0.030322
0.011776
0.037267
0.045254
0.042323
0.031059
0.048236
0.059221
0.047315
0.050478
0.051090
0.042798
0.040871
0.059293
0.040031
0.031871
0.027554
-0.003295
-0.015369
-0.040985
-0.029532
-0.052050
-0.058348
-0.063688
-0.070451
-0.065588
-0.051121
-0.035960
-0.034836
0.008135
0.008101
0.004728
-0.007403
0.015722
0.015115
0.013563
0.011473
-0.005683
-0.004677
0.006888
-0.002724
0.005472
0.009113
0.014339
0.016161
0.018993
0.033295
0.023511
0.023880
0.016500
0.009147
0.021792
0.014844
0.024757
0.025629
0.017506
0.031542
0.036256
0.027624
0.023675
0.025165
0.040161
0.035413
0.006887
0.000111
-0.012966
-0.018568
-0.016614
-0.020592
-0.040898
-0.042672
-0.004137
-0.003830
-0.003933
0.016193
-0.000531
-0.004510
-0.005421
-0.007441
-0.004407
-0.004610
0.002910
-0.026860
-0.007977
0.001794
0.002942
-0.001644
-0.004338
-0.004914
0.002438
-0.013207
0.001730
0.024933
-0.002117
-0.009936
0.001153
0.007933
0.004359
-0.015092
0.002977
-0.003061
-0.002452
-0.004005
-0.000664
0.006415
-0.000058
0.003820
0.003684
0.000010
-0.005148
0.005472
-0.010411
-0.002118
-0.000666
0.010124
0.008641
-0.006972
0.006753
-0.002921
-0.004035
-0.000936
-0.003598
-0.007812
-0.012204
-0.008245
0.002806
-0.001035
-0.004949
0.010664
-0.004812
0.009214
-0.001441
-0.006131
-0.009363
0.002470
0.003852
0.006752
0.000646
-0.002622
-0.003230
0.010428
-0.005218
-0.020486
0.000921
-0.020630
-0.030337
-0.006336
-0.043367
-0.052464
-0.049528
-0.047234
-0.041590
-0.040447
-0.037520
-0.017989
-0.040282
-0.027005
-0.037647
-0.038012
-0.026586
-0.041102
-0.037615
-0.012057
-0.010642
-0.010173
0.017038
0.018656
0.013295
0.029512
0.037941
0.031169
0.040403
0.025130
0.022907
0.000181
-0.002823
-0.022205
-0.019583
-0.016702
-0.013985
-0.009336
-0.007787
-0.003233
0.013327
0.023475
0.009955
0.009348
0.014374
-0.010513
0.001999
-0.011289
-0.013171
-0.017692
-0.004171
-0.025152
-0.010919
-0.010241
-0.024749
0.001087
-0.022953
-0.027306
-0.018933
-0.021472
-0.039749
-0.034956
-0.039142
-0.046537
-0.046808
-0.035192
-0.040174
-0.048663
-0.052131
-0.048983
-0.023149
-0.031011
-0.014425
-0.013479
0.027754
0.018756
0.011677
0.006213
0.002368
0.009888
0.009113
0.010630
0.016800
-0.006829
0.005269
0.010261
-0.006094
-0.019022
-0.003429
0.008337
0.008236
0.006314
-0.009598
0.003954
-0.005856
-0.004749
0.004425
-0.006669
-0.006364
-0.012236
0.003953
-0.010405
0.006011
-0.007575
0.001626
-0.005459
-0.000060
0.000077
-0.011925
0.003583
-0.013416
-0.007709
-0.005554
-0.013116
-0.010682
0.009720
0.000583
0.012115
0.002369
-0.029900
0.004595
0.006854
-0.002857
0.001730
0.012318
0.007663
-0.002354
0.015047
-0.008556
-0.008116
-0.003166
0.006146
-0.004875
-0.009806
-0.009741
-0.005185
0.011472
0.006112
-0.007884
0.000917
0.004863
-0.004241
0.011069
-0.004913
-0.000157
-0.004138
-0.024980
-0.001136
-0.016421
0.003886
-0.006904
-0.002116
-0.001982
0.003617
0.006247
0.006078
0.026476
0.019056
0.043439
0.037835
0.052306
0.042422
0.045759
0.050991
0.049718
0.043933
0.051960
0.052893
0.054199
0.056700
0.038991
0.042019
0.031679
0.018248
0.027015
-0.012834
-0.021906
-0.026156
-0.043041
-0.047262
-0.060618
-0.061058
-0.040420
-0.042990
-0.024644
-0.006968
-0.000058
0.018823
0.022631
0.020174
-0.009564
-0.009468
-0.002451
-0.005721
0.002843
0.002301
0.006179
-0.002857
0.015751
0.009180
0.024665
0.021355
0.018823
0.019433
0.013363
0.025263
0.018352
0.021011
0.005134
0.013361
0.032220
0.027525
0.038232
0.035377
0.036103
0.038582
0.041421
0.047550
0.037527
0.033773
0.020210
0.018891
-0.022551
-0.013082
-0.031787
-0.023635
-0.028210
-0.032639
-0.033032
-0.016509
-0.016273
-0.011893
0.002200
0.015991
0.004393
0.011405
-0.006504
-0.001544
-0.014186
-0.003057
-0.010914
-0.006702
0.010967
-0.006436
-0.006634
-0.008327
-0.008962
-0.004916
-0.010279
-0.011894
-0.005658
-0.009061
-0.001949
-0.004477
-0.003969
-0.012197
0.006854
-0.011050
-0.014630
-0.010272
0.013732
0.002267
0.009653
-0.010068
0.001798
0.010731
-0.004006
-0.007744
0.004291
-0.007715
-0.000531
0.004493
-0.002590
-0.007444
0.009416
0.000716
-0.019281
0.009888
0.008472
-0.001848
0.004695
-0.008440
-0.003837
0.005977
0.000279
0.010631
0.017104
0.020981
-0.003600
-0.001404
0.003955
-0.004407
0.002335
-0.005391
-0.009259
0.000480
0.003143
0.006586
0.005270
-0.013242
-0.007472
0.001965
-0.031105
-0.031508
-0.030380
-0.032480
-0.045950
-0.035742
-0.037139
-0.039702
-0.029791
-0.026046
-0.051453
-0.032387
-0.033233
-0.041893
-0.033914
-0.047013
-0.025682
-0.034619
-0.021669
-0.009261
-0.012802
0.002842
0.030217
0.031407
0.036973
0.037506
0.051826
0.037236
0.024253
-0.001679
-0.001205
-0.025107
-0.028312
-0.033927
-0.032292
-0.014284
-0.020317
0.007494
-0.006806
0.008337
0.005302
0.006886
0.015722
0.013933
-0.008462
-0.014558
-0.005351
-0.008661
-0.014491
-0.010575
-0.001915
-0.018163
-0.010947
-0.015231
-0.010779
-0.016347
-0.006492
-0.025518
-0.013047
-0.025487
-0.031554
-0.021768
-0.015405
-0.044231
-0.039915
-0.047796
-0.052919
-0.050581
-0.047364
-0.050273
-0.033641
-0.026819
-0.017438
0.001695
0.039252
0.037267
0.031133
0.033563
0.019194
0.018456
0.011474
0.019059
-0.001066
-0.011251
0.011777
-0.008725
0.005741
0.003853
0.012618
0.011842
0.008708
0.000718
-0.013409
0.003380
-0.015070
-0.019415
0.001829
-0.005693
-0.002927
0.006112
0.002031
-0.019208
-0.000632
-0.001607
-0.000771
0.000547
-0.014787
-0.008153
-0.001405
0.005268
-0.001881
-0.008654
-0.011997
0.003043
-0.010074
-0.014049
-0.004879
0.002471
-0.010682
0.001729
-0.008653
-0.004208
-0.021902
-0.011826
-0.010614
-0.004140
0.005942
-0.011969
0.002097
-0.006096
-0.011823
0.006112
0.004493
-0.003870
-0.000932
0.003313
-0.005254
-0.014587
-0.014018
-0.002152
-0.018638
-0.002249
-0.000765
0.008135
0.005775
-0.006771
0.001560
0.006786
-0.008418
0.010024
0.014474
0.017176
0.015622
0.021452
0.020984
0.016295
0.026310
0.049102
0.033926
0.049875
0.046915
0.047011
0.045328
0.043368
0.040242
0.050824
0.050663
0.050657
0.033762
0.041011
0.046995
0.020345
0.010833
-0.018972
-0.030097
-0.044170
-0.054923
-0.056104
-0.067739
-0.034140
-0.034445
-0.028135
-0.018679
-0.011898
0.012519
0.005842
0.013696
0.012180
-0.008490
0.012215
-0.009705
0.001761
-0.010613
0.003381
-0.001373
-0.001642
0.002775
0.022906
-0.001477
0.013699
-0.008252
0.034377
0.011575
0.040365
0.022734
0.024923
0.018318
0.039603
0.042856
0.038283
0.036046
0.055471
0.045013
0.049799
0.030588
0.060358
0.035279
0.029171
0.021861
-0.017258
-0.009768
-0.026246
-0.030946
-0.034608
-0.040423
-0.037447
-0.009059
-0.017730
-0.014825
0.004056
0.006887
0.012888
0.004899
-0.001713
-0.007680
-0.014260
-0.016815
-0.017783
0.004932
0.003177
0.010765
0.001794
0.007966
-0.001983
0.000951
-0.005621
0.002101
0.009788
0.000347
0.003179
0.004762
-0.008285
-0.010178
0.003686
-0.024140
0.006045
-0.001036
0.002538
0.006718
0.012315
-0.003156
0.006113
-0.000935
-0.001508
0.009652
-0.006769
-0.005147
0.000580
-0.007812
-0.002080
-0.006365
0.000141
0.008371
0.007258
0.002202
-0.001945
0.004898
0.000783
-0.009096
-0.008929
0.004122
-0.002691
0.001292
-0.000498
-0.006292
-0.014660
-0.016880
-0.013613
0.009720
-0.007884
-0.004039
0.007798
0.009011
-0.001239
0.002503
-0.011458
0.003951
-0.015307
-0.021029
-0.021097
-0.025784
-0.020935
-0.032121
-0.023567
-0.049652
-0.035219
-0.030406
-0.036515
-0.036654
-0.035518
-0.039018
-0.031559
-0.037286
-0.034679
-0.030448
-0.022883
-0.039791
-0.025712
-0.004950
-0.008962
0.016393
0.032485
0.026818
0.052888
0.063636
0.047859
0.043664
0.044783
0.018585
0.004628
-0.002956
-0.018101
-0.013073
-0.011928
-0.013955
-0.016383
-0.010346
0.003683
0.003883
0.003448
0.008236
0.006179
0.017273
0.007326
0.000280
-0.019489
-0.010510
-0.009620
-0.016738
-0.017291
-0.011223
-0.026192
-0.018298
-0.012694
-0.024501
-0.008900
-0.018808
-0.018734
-0.021966
-0.024837
-0.022353
-0.048836
-0.050548
-0.053352
-0.047234
-0.050499
-0.047734
-0.056452
-0.049600
-0.060298
-0.024919
-0.028863
-0.005082
0.000782
0.021856
0.028702
0.023951
0.021623
0.017645
0.018487
0.011540
0.008573
-0.003093
0.000449
-0.004815
0.003280
0.001593
0.002701
0.001155
0.008674
0.009146
0.008809
0.009045
-0.003092
0.006212
-0.001476
-0.019491
0.004830
-0.005961
0.006011
0.001458
-0.016959
-0.001910
0.001534
-0.000028
0.003448
0.002031
-0.007176
-0.009907
0.008169
-0.003498
-0.013054
-0.009705
-0.000698
-0.015030
0.001494
-0.004913
0.001495
0.007191
0.009787
-0.007713
0.003820
0.010866
-0.003940
-0.000967
0.014574
-0.003360
-0.016823
0.002100
0.000279
0.003044
-0.005154
-0.001371
0.002504
0.001862
-0.004883
-0.003465
-0.002188
-0.001441
0.001258
0.012688
-0.014557
0.000347
-0.006124
-0.011152
-0.008514
-0.008116
-0.005620
-0.009840
0.007494
-0.010274
0.007157
0.009551
0.016293
0.037266
0.027655
0.023279
0.034332
0.050889
0.038030
0.040300
0.042965
0.037631
0.048529
0.045421
0.052754
0.039100
0.041617
0.042469
0.043538
0.034838
0.020847
0.002877
-0.016280
-0.032391
-0.039073
-0.053133
-0.056462
-0.057314
-0.067193
-0.022211
-0.023023
-0.017935
-0.010958
-0.001712
0.006382
0.008034
0.005303
0.010966
-0.006838
0.002471
0.002942
0.014002
-0.016502
0.016160
0.027378
0.032853
0.015285
0.011574
0.024995
0.025312
0.029506
0.012451
0.013632
0.016903
0.019798
0.019701
0.020238
0.036937
0.037841
0.038741
0.028544
0.033085
0.033050
0.053048
0.052670
0.039695
0.017985
0.005370
-0.004443
-0.024924
-0.027329
-0.023256
-0.029624
-0.030537
-0.016079
-0.024166
-0.025407
0.001661
-0.001575
0.011000
0.005707
0.002267
0.021521
0.000346
-0.010308
-0.004576
-0.004612
-0.000563
-0.004041
0.009147
-0.005013
-0.011264
-0.005081
-0.003596
-0.007543
0.011337
0.000549
0.009247
-0.005013
0.004359
0.002234
0.000923
-0.015666
0.009720
-0.012872
0.001794
-0.002791
0.002839
0.003446
-0.000364
0.006280
-0.001913
-0.007848
-0.019578
0.010630
0.006314
0.007461
-0.018470
0.003345
0.013396
0.003616
0.005707
0.001222
-0.008388
-0.004982
-0.010274
0.010192
-0.001174
-0.028948
-0.006367
0.004729
0.004763
0.002133
0.000918
-0.006738
-0.007890
-0.007544
0.006246
0.000749
0.006584
0.001359
-0.002216
-0.004137
0.011572
0.006719
0.005943
-0.023118
-0.010650
-0.029492
-0.033460
-0.035497
-0.029765
-0.040179
-0.040661
-0.031392
-0.027867
-0.035304
-0.036893
-0.046939
-0.027466
-0.022187
-0.021708
-0.020555
-0.021769
-0.022985
-0.021067
-0.040697
-0.007206
-0.009947
0.004054
0.008742
0.031604
0.024523
0.033898
0.041454
0.054616
0.010529
0.006280
-0.001035
-0.011220
0.003010
-0.022989
-0.043409
0.002064
-0.007944
0.002539
-0.007171
0.009619
0.016262
0.015316
0.008910
0.008371
0.001794
-0.007109
-0.012122
-0.004576
-0.020145
0.000380
-0.022819
0.001964
-0.006566
0.000140
-0.010674
0.006247
-0.008182
-0.013381
-0.012029
-0.024302
-0.040221
-0.033848
-0.024632
-0.035008
-0.045708
-0.037588
-0.048412
-0.038388
-0.033550
-0.028149
-0.042914
-0.040015
-0.044035
-0.041217
-0.029405
-0.038740
-0.013587
-0.018344
-0.011763
0.001424
0.003919
0.009146
0.007393
0.014877
0.025477
0.032074
0.031572
0.009989
0.023475
-0.005688
0.014778
0.001494
-0.011865
-0.006737
0.002400
0.000108
-0.008859
0.001795
0.008539
-0.015163
0.006584
-0.010232
-0.015064
-0.000498
-0.012600
0.004225
0.004155
0.007191
-0.009095
-0.004746
-0.005290
-0.016385
-0.017327
0.016193
-0.019755
0.002940
-0.005018
-0.011961
-0.002050
-0.010749
-0.011183
-0.010145
-0.002859
0.009214
0.007461
0.006617
-0.009637
-0.010312
0.001761
-0.005423
0.003515
-0.009562
-0.004674
0.003145
-0.007343
-0.011624
-0.000765
-0.008153
-0.015265
0.007528
-0.007007
-0.021754
-0.012663
-0.016957
-0.019486
-0.019209
-0.015608
-0.000662
-0.006393
-0.004474
0.018656
0.005032
0.029951
0.038520
0.029241
0.028906
0.038512
0.028139
0.032444
0.044263
0.032302
0.038566
0.041035
0.044218
0.027826
0.034305
0.040485
0.034665
0.049541
0.041218
0.031743
0.026780
0.013968
-0.003191
-0.015469
-0.022951
-0.048787
-0.068567
-0.064280
-0.043681
-0.037427
-0.033037
-0.002792
-0.004240
-0.001848
0.001089
-0.007008
-0.007311
0.005572
-0.019615
-0.016720
-0.014418
-0.000900
-0.008753
0.007966
0.000951
0.019500
0.018957
0.016364
0.022365
0.020239
0.014046
0.008472
0.020443
0.011034
0.020138
0.016026
0.026209
0.020374
0.029033
0.047083
0.039394
0.032144
0.043239
0.046946
0.033221
0.032555
0.025807
0.018419
0.011474
-0.006972
-0.015710
-0.008422
-0.022211
-0.008161
-0.008316
-0.011525
-0.020593
-0.011121
-0.022994
0.000985
0.000919
0.014407
0.008641
0.000749
0.010663
0.002942
-0.014450
-0.013462
-0.005682
-0.003700
-0.014995
-0.013449
-0.015465
-0.016273
0.007056
-0.004507
0.011912
-0.013653
-0.005352
0.001259
0.012854
0.000788
0.000112
0.000311
0.005100
0.013292
0.014003
0.002469
0.003718
-0.004444
-0.001373
0.015522
0.013329
0.003920
-0.003666
-0.001406
-0.004074
0.000312
-0.022747
0.000479
0.008337
-0.004846
0.007899
-0.006332
0.006213
-0.010207
-0.000968
-0.001640
0.010191
-0.006431
-0.005017
-0.000023
0.004865
0.010495
-0.002722
-0.014536
0.002773
0.012484
0.000753
-0.006937
-0.007984
0.003347
-0.004377
-0.015203
-0.004679
0.004763
-0.009907
-0.026018
-0.028973
-0.028413
-0.026874
-0.031925
-0.034081
-0.019116
-0.035736
-0.033272
-0.036313
-0.021809
-0.018130
-0.018976
-0.016280
-0.026370
-0.020322
-0.042432
-0.020422
-0.036109
-0.036407
-0.030031
0.001223
-0.017961
-0.001138
0.005538
0.021594
0.054691
0.036698
0.025368
0.026139
0.015047
-0.019144
-0.013713
-0.005218
-0.024939
-0.009807
-0.014388
-0.004983
-0.013406
-0.000025
0.000076
0.018955
0.007090
0.000043
-0.006633
-0.020755
-0.019476
-0.014318
-0.015795
-0.007236
-0.011359
-0.026896
-0.018569
-0.015768
-0.018677
-0.021101
-0.005423
-0.019720
-0.031721
-0.022949
-0.025574
-0.027403
-0.039951
-0.024174
-0.050627
-0.036248
-0.042548
-0.037856
-0.039233
-0.047112
-0.034282
-0.034491
-0.020125
0.010732
0.015350
0.015990
0.032959
0.031707
0.029039
0.027219
0.010765
0.013295
0.005370
0.014475
-0.013919
-0.009537
0.006145
-0.010847
-0.013578
-0.011289
0.000149
-0.009932
0.002436
-0.007311
-0.011384
-0.004607
-0.009803
-0.010312
-0.022044
-0.009903
-0.002555
0.001120
-0.004889
0.010964
0.002944
-0.002351
0.005674
0.006854
-0.002419
-0.001847
-0.001712
-0.020043
-0.000632
0.006887
-0.003900
-0.004110
-0.004818
-0.009569
-0.001005
0.000211
-0.006736
0.000854
-0.002420
-0.006030
-0.006869
-0.004987
-0.008596
0.002876
-0.012604
0.013058
0.006583
-0.015847
0.002774
0.006010
-0.005588
-0.008656
-0.017735
-0.015160
-0.010852
-0.000194
-0.000465
-0.009334
-0.003094
-0.010043
-0.014996
0.000792
0.000584
-0.015438
-0.000295
-0.001307
-0.005219
-0.007777
-0.011223
-0.001578
0.019867
0.013732
0.022027
0.029851
0.040178
0.042464
0.032682
0.031805
0.054860
0.048330
0.047431
0.045430
0.047338
0.043340
0.055789
0.043887
0.054131
0.054424
0.044480
0.018386
0.004763
-0.016096
-0.032591
-0.046750
-0.045996
-0.053021
-0.056611
-0.050710
-0.040357
-0.029520
-0.029094
-0.006734
0.011712
0.010798
0.014844
0.012080
0.003415
-0.007580
-0.003231
-0.003500
-0.000731
0.010259
0.000110
-0.002422
0.001627
-0.006089
0.011473
0.003887
0.014408
0.002942
0.009146
0.008944
0.014440
0.012788
0.011979
0.015420
0.020816
0.031774
0.035280
0.031538
0.040804
0.044096
0.048466
0.052132
0.044918
0.039363
-0.005824
-0.002723
0.001123
-0.011390
-0.018737
-0.021170
-0.052054
-0.023955
-0.022483
-0.017225
-0.014356
-0.000195
-0.012464
0.008540
-0.000160
0.005033
0.010125
0.010563
-0.019616
-0.002657
-0.007105
-0.019318
-0.008495
-0.007139
0.001829
0.003651
-0.000461
-0.005318
0.003750
-0.010648
-0.005793
0.016565
0.005068
0.001289
-0.011190
0.007966
0.007393
0.004965
0.000042
-0.003600
-0.003259
-0.001574
0.003921
-0.005758
-0.010519
-0.001945
-0.003292
-0.004780
-0.007744
-0.009193
-0.012335
-0.012468
0.002064
0.007359
0.012889
0.018624
-0.001304
0.001289
-0.001272
0.002303
-0.000058
0.001424
-0.004442
0.006584
0.006786
0.008506
-0.017562
-0.015298
-0.000936
0.011336
-0.014934
-0.006498
0.001795
0.003009
-0.001611
-0.005285
0.008876
-0.015373
-0.019551
-0.022793
-0.014158
-0.009363
-0.026126
-0.027560
-0.034188
-0.028624
-0.030434
-0.013575
-0.036240
-0.026293
-0.038972
-0.026194
-0.032698
-0.037351
-0.015912
-0.042319
-0.024332
-0.030743
-0.030413
-0.032193
-0.031632
-0.031759
-0.018167
-0.008589
-0.001204
0.009855
0.030124
0.034029
0.039792
0.051305
0.061835
0.033834
-0.026768
-0.022655
-0.014687
-0.029023
-0.033949
-0.002216
-0.024318
-0.006327
-0.001641
0.007494
-0.002250
0.017440
0.015757
0.023034
-0.010652
-0.013310
-0.007612
-0.003363
-0.008457
-0.019145
-0.019365
-0.032680
0.000109
-0.010011
-0.001340
-0.004544
0.004492
0.003550
-0.024749
-0.022722
-0.018028
-0.030837
-0.024345
-0.026758
-0.037047
-0.032941
-0.026595
-0.025792
-0.035188
-0.028576
-0.028569
-0.031413
-0.042208
-0.045853
-0.044667
-0.043069
-0.042940
-0.032259
-0.037841
-0.016067
-0.016442
-0.000193
0.009955
-0.006699
0.014843
0.008169
0.034807
0.035813
0.031371
0.006988
0.004765
0.002132
0.006854
0.003651
-0.003092
-0.007204
