-0.004913
-0.011498
-0.012300
-0.003343
0.016550
0.044637
0.086110
0.143005
0.211277
0.278339
0.362930
0.496030
0.681352
0.905989
1.167289
1.456059
1.766037
2.097648
2.442135
2.779139
3.095753
3.403844
3.712169
4.039912
4.394944
4.746849
5.069995
5.364508
5.640406
5.910305
6.176110
6.435444
6.683822
6.926081
7.176813
7.441075
7.710562
7.969968
8.209357
8.421565
8.609691
8.791011
8.970268
9.156021
9.363866
9.587895
9.802170
9.991730
10.163768
10.317467
10.457596
10.595587
10.756657
10.939534
11.118102
11.278888
11.423223
11.550604
11.680769
11.818541
11.956913
12.106493
12.278217
12.452093
12.624652
12.793925
12.941127
13.063820
13.165426
13.244709
13.299288
13.336894
13.375688
13.423985
13.472507
13.508049
13.543140
13.581422
13.612923
13.632439
13.644456
13.652643
13.657579
13.661028
13.653626
13.630921
13.603588
13.578949
13.548822
13.512138
13.469555
13.414872
13.347699
13.263003
13.157761
13.038282
12.908909
12.776187
12.641851
12.512353
12.386788
12.262258
12.140007
12.011352
11.897881
11.796527
11.684214
11.558363
11.414281
11.253941
11.091864
10.946014
10.821369
10.689782
10.541389
10.379860
10.199835
10.010598
9.828896
9.647736
9.452041
9.245713
9.027820
8.798245
8.559025
8.302958
8.028178
7.747213
7.474391
7.200171
6.915141
6.608673
6.275606
5.933165
5.583464
5.225550
4.874411
4.536488
4.207227
3.885947
3.579817
3.264770
2.934550
2.610125
2.293436
1.960881
1.608624
1.266218
0.934127
0.604086
0.276688
-0.059087
-0.409335
-0.767043
-1.121716
-1.466283
-1.799959
-2.132438
-2.467074
-2.795131
-3.100443
-3.372606
-3.625062
-3.874829
-4.122422
-4.372169
-4.632311
-4.905494
-5.195214
-5.499265
-5.812290
-6.129487
-6.459684
-6.810942
-7.176321
-7.554045
-7.936913
-8.308409
-8.657696
-8.977731
-9.270354
-9.548244
-9.823692
-10.099147
-10.366698
-10.623274
-10.889677
-11.173410
-11.458021
-11.724429
-11.965274
-12.186629
-12.394533
-12.599713
-12.811180
-13.023646
-13.240987
-13.465234
-13.700040
-13.935629
-14.165244
-14.389367
-14.587662
-14.763623
-14.920541
-15.055461
-15.178109
-15.306721
-15.443168
-15.586991
-15.732089
-15.872797
-16.017727
-16.160727
-16.292850
-16.409933
-16.506170
-16.591627
-16.660933
-16.712223
-16.757063
-16.807062
-16.869581
-16.932535
-16.997746
-17.061996
-17.119585
-17.175198
-17.227150
-17.278200
-17.336262
-17.388590
-17.419836
-17.432707
-17.436367
-17.444807
-17.450756
-17.434849
-17.403080
-17.372089
-17.343756
-17.317358
-17.284010
-17.228230
-17.144186
-17.045853
-16.954540
-16.880896
-16.820715
-16.764383
-16.707024
-16.655540
-16.604954
-16.540569
-16.452625
-16.343643
-16.220304
-16.086649
-15.950094
-15.819680
-15.700384
-15.591109
-15.479360
-15.352154
-15.219672
-15.083686
-14.954673
-14.845336
-14.747152
-14.649034
-14.533638
-14.388260
-14.216821
-14.024318
-13.830275
-13.634298
-13.412601
-13.160298
-12.902362
-12.640962
-12.366569
-12.084146
-11.792234
-11.492907
-11.197968
-10.906448
-10.615513
-10.329033
-10.054047
-9.785248
-9.514322
-9.238343
-8.961080
-8.687861
-8.415952
-8.131783
-7.825183
-7.493091
-7.141184
-6.788477
-6.454408
-4.168749
-3.848660
-3.529320
-3.202522
-2.863767
-2.521650
-2.190974
-1.880790
-1.579214
-1.269863
-0.958696
-0.643886
-0.330716
-0.035227
0.245223
0.524085
0.801468
1.081906
1.367507
1.650006
1.919112
2.187164
2.485889
2.823253
3.184255
3.559735
3.935251
4.290517
4.620914
4.939807
5.251288
5.556049
5.850000
6.128867
6.399733
6.661597
6.912714
7.159972
7.407704
7.673740
7.957048
8.239474
8.530884
8.836412
9.145056
9.432583
9.689480
9.930154
10.170409
10.417355
10.661934
10.897213
11.124047
11.324818
11.503358
11.674629
11.834723
11.980844
12.118198
12.266044
12.419662
12.564896
12.709270
12.852454
12.988499
13.117821
13.244816
13.373759
13.502789
13.624804
13.738285
13.845568
13.945254
14.021862
14.063213
14.070895
14.051373
14.022895
14.002812
14.005334
14.036703
14.072456
14.087808
14.079317
14.057114
14.042312
14.025925
14.007273
13.986917
13.954728
13.908023
13.845363
13.759022
13.657743
13.547116
13.435193
13.321967
13.214358
13.117846
13.031616
12.954988
12.889177
12.825005
12.748072
12.653710
12.551929
12.446502
12.329401
12.207192
12.084654
11.962203
11.854516
11.758853
11.647679
11.505202
11.333096
11.150688
10.973961
10.803384
10.649425
10.509670
10.373934
10.229017
10.062291
9.877008
9.664437
9.424479
9.163538
8.874658
8.569249
8.252789
7.939438
7.626379
7.297982
6.962049
6.611650
6.246116
5.896325
5.580122
5.291045
5.020493
4.768801
4.519448
4.257171
3.991623
3.720000
3.440782
3.155077
2.861880
2.566815
2.270557
1.970456
1.665697
1.355791
1.048122
0.748992
0.456368
0.177288
-0.102665
-0.382519
-0.658061
-0.931170
-1.198987
-1.471386
-1.751207
-2.043833
-2.357084
-2.692232
-3.035313
-3.379385
-3.719068
-4.040748
-4.346628
-4.652294
-4.960654
-5.264580
-5.560812
-5.851731
-6.127178
-6.391134
-6.658919
-6.928854
-7.188586
-7.440613
-7.686786
-7.929499
-8.177976
-8.431432
-8.677358
-8.923208
-9.168417
-9.397861
-9.628962
-9.862062
-10.080215
-10.282815
-10.485158
-10.697212
-10.915554
-11.111015
-11.281115
-11.450660
-11.617771
-11.767710
-11.900249
-12.019048
-12.142179
-12.285184
-12.438988
-12.576816
-12.682833
-12.782850
-12.886214
-12.982186
-13.063523
-13.124639
-13.165371
-13.199022
-13.247024
-13.310864
-13.381684
-13.440497
-13.486957
-13.538585
-13.589738
-13.624868
-13.663958
-13.712293
-13.763030
-13.818771
-13.874978
-13.920530
-13.949318
-13.957605
-13.943386
-13.907099
-13.856345
-13.792437
-13.715186
-13.628868
-13.541364
-13.451137
-13.357169
-13.264123
-13.169132
-13.072387
-12.976505
-12.878845
-12.773071
-12.663256
-12.566745
-12.476899
-12.407535
-12.353385
-12.292061
-12.204888
-12.085571
-11.942796
-11.783076
-11.621842
-11.473666
-11.341529
-11.215069
-11.082484
-10.953337
-10.826941
-10.703671
-10.596202
-10.495350
-10.373774
-10.213977
-10.015055
-9.789094
-9.546780
-9.287539
-9.013581
-8.728340
-8.418195
-8.093878
-7.777131
-7.446803
-7.104614
-6.771389
-6.452736
-6.125989
-5.766736
-5.376501
-4.989636
-4.620130
-4.266438
-3.917530
-3.583658
-3.274890
-2.982538
-2.694113
-2.384061
-2.052749
-1.712196
-1.376086
-1.052945
-2.599039
-2.315287
-2.040813
-1.773203
-1.504842
-1.245441
-1.004851
-0.778216
-0.552074
-0.313938
-0.054058
0.215556
0.483312
0.752323
1.024118
1.291525
1.556939
1.819340
2.077064
2.327266
2.586410
2.858313
3.132484
3.416746
3.713719
4.021954
4.338402
4.657626
4.977643
5.297518
5.620955
5.951478
6.278518
6.591117
6.890407
7.171545
7.425902
7.667578
7.895241
8.118926
8.348417
8.580747
8.820580
9.071105
9.333137
9.593455
9.842202
10.068531
10.259239
10.408175
10.533088
10.656972
10.804983
10.979902
11.162462
11.342214
11.509661
11.656764
11.791512
11.924704
12.056132
12.194380
12.346685
12.500891
12.629857
12.724194
12.794558
12.842479
12.882202
12.914969
12.940944
12.965530
12.991693
13.023139
13.068299
13.117043
13.154352
13.182714
13.209409
13.217720
13.205581
13.183442
13.162219
13.146584
13.143929
13.158635
13.174172
13.166734
13.127673
13.065255
12.991452
12.918404
12.851179
12.784310
12.714580
12.640644
12.562681
12.476208
12.370006
12.248329
12.118834
11.982864
11.848516
11.717855
11.591784
11.475168
11.362490
11.252241
11.134111
11.008394
10.881370
10.751339
10.621660
10.468377
10.280797
10.072901
9.856175
9.641401
9.433018
9.222321
8.998847
8.767116
8.539514
8.318702
8.090894
7.846001
7.571488
7.277806
6.978173
6.670422
6.354583
6.025960
5.684901
5.338304
4.987708
4.651453
4.318107
3.961976
3.596660
3.246177
2.923800
2.626182
2.329595
2.026693
1.725134
1.429179
1.144048
0.863397
0.593806
0.316300
0.015715
-0.309999
-0.656150
-1.006692
-1.351356
-1.687128
-2.010656
-2.331605
-2.644652
-2.943341
-3.239867
-3.538217
-3.832824
-4.123796
-4.412649
-4.701901
-5.000535
-5.310012
-5.623848
-5.941819
-6.275440
-6.633666
-6.988667
-7.328070
-7.662673
-7.994460
-8.323297
-8.642734
-8.962630
-9.296192
-9.630974
-9.955584
-10.275248
-10.597319
-10.933349
-11.260267
-11.561672
-11.844982
-12.116299
-12.379499
-12.631531
-12.870938
-13.110452
-13.351509
-13.593834
-13.842230
-14.091110
-14.329142
-14.549634
-14.748588
-14.933640
-15.120086
-15.308168
-15.485995
-15.651702
-15.811981
-15.975727
-16.151749
-16.329058
-16.490034
-16.635300
-16.783100
-16.920797
-17.026184
-17.112877
-17.196566
-17.285461
-17.369753
-17.447182
-17.524778
-17.588406
-17.641129
-17.683916
-17.713676
-17.741571
-17.766968
-17.798138
-17.842642
-17.892141
-17.939474
-17.981600
-18.019697
-18.053133
-18.075552
-18.086353
-18.086636
-18.071239
-18.039221
-17.999205
-17.962715
-17.929651
-17.888878
-17.851305
-17.815510
-17.771755
-17.711987
-17.635637
-17.556662
-17.475069
-17.391409
-17.312069
-17.239939
-17.174150
-17.108925
-17.036617
-16.956396
-16.874575
-16.783875
-16.681932
-16.579153
-16.468861
-16.355015
-16.250912
-16.144993
-16.022348
-15.882215
-15.731874
-15.595330
-15.476460
-15.350810
-15.213434
-15.080391
-14.940570
-14.784985
-14.616161
-14.425694
-14.196465
-13.926322
-13.637216
-13.350063
-13.055774
-12.748266
-12.420277
-12.088773
-11.770105
-11.453298
-11.125443
-10.774012
-10.426376
-10.116204
-9.836274
-9.553633
-9.275087
-9.014369
-8.750627
-8.471709
-8.191352
-7.921274
-7.658211
-7.394129
-4.783760
-4.485336
-4.177907
-3.873068
-3.571119
-3.267225
-2.964930
-2.676286
-2.396958
-2.112136
-1.811193
-1.494548
-1.174245
-0.876328
-0.613687
-0.373257
-0.140625
0.086727
0.302741
0.515468
0.747884
1.030559
1.364924
1.725502
2.094005
2.470166
2.853461
3.217764
3.541220
3.832796
4.116499
4.403531
4.691733
4.982407
5.273984
5.557552
5.829538
6.087276
6.340332
6.586840
6.824765
7.051805
7.261758
7.457069
7.648126
7.840942
8.036045
8.229076
8.420138
8.620981
8.838887
9.062435
9.290472
9.504162
9.696098
9.877277
10.041277
10.195156
10.359146
10.529301
10.702730
10.875242
11.027393
11.150578
11.253534
11.340694
11.426285
11.525896
11.640568
11.756489
11.871368
11.964657
12.023312
12.061649
12.086971
12.106329
12.118134
12.115231
12.096842
12.086475
12.079283
12.060734
12.036293
12.016024
12.007399
12.018784
12.039490
12.042555
12.021593
11.979237
11.920452
11.852015
11.777590
11.690742
11.588840
11.481003
11.375719
11.278639
11.185627
11.085562
10.970865
10.859247
10.754829
10.656605
10.564737
10.473623
10.381493
10.270449
10.144600
10.017691
9.882864
9.734100
9.587161
9.450893
9.308203
9.147085
8.976839
8.806194
8.636771
8.466543
8.289795
8.111814
7.937513
7.759303
7.574617
7.383544
7.179120
6.958445
6.727867
6.495986
6.246196
5.958039
5.637424
5.304098
4.973165
4.665978
4.380103
4.091139
3.786997
3.470200
3.152192
2.832391
2.519156
2.222148
1.924257
1.615861
1.294542
0.953113
0.589426
0.211299
-0.162376
-0.511079
-0.816839
-1.098622
-1.389006
-1.684390
-1.988450
-2.294429
-2.600928
-2.900580
-3.184560
-3.452322
-3.698307
-3.934781
-4.180770
-4.434118
-4.682978
-4.934980
-5.206823
-5.494548
-5.797112
-6.106527
-6.418412
-6.745703
-7.091421
-7.449329
-7.810497
-8.161655
-8.495836
-8.808498
-9.095303
-9.365261
-9.633892
-9.906849
-10.177824
-10.453596
-10.737013
-11.015043
-11.277918
-11.526850
-11.768023
-12.008041
-12.247814
-12.474876
-12.691481
-12.900171
-13.105013
-13.315765
-13.526531
-13.723413
-13.908689
-14.081627
-14.236107
-14.374760
-14.509836
-14.642424
-14.762798
-14.869059
-14.973492
-15.082180
-15.198915
-15.337467
-15.480574
-15.597227
-15.681793
-15.740211
-15.790535
-15.838709
-15.880186
-15.921267
-15.970123
-16.025860
-16.087917
-16.151834
-16.205902
-16.243576
-16.267147
-16.287243
-16.306692
-16.317472
-16.315489
-16.303928
-16.291212
-16.288355
-16.286945
-16.279881
-16.265831
-16.245485
-16.218903
-16.175720
-16.115524
-16.048584
-15.980940
-15.913641
-15.841413
-15.757467
-15.668921
-15.580494
-15.487820
-15.394577
-15.287769
-15.186256
-15.122166
-15.093452
-15.070549
-15.018524
-14.924408
-14.795908
-14.646227
-14.479046
-14.315582
-14.162601
-14.014418
-13.860825
-13.690664
-13.516949
-13.350178
-13.188675
-13.032507
-12.882868
-12.733755
-12.571306
-12.392216
-12.197098
-11.983501
-11.749659
-11.500729
-11.227211
-10.932999
-10.635542
-10.340855
-10.050968
-9.773367
-9.499716
-9.211069
-8.913870
-8.612282
-8.299637
-7.975755
-7.637505
-7.294482
-6.957520
-6.631432
-6.309795
-5.985273
-5.656519
-5.321688
-4.996344
-4.683500
-4.360071
-4.199887
-3.881398
-3.561805
-3.243254
-2.920110
-2.591766
-2.259615
-1.923077
-1.593316
-1.279215
-0.969750
-0.650583
-0.336830
-0.027045
0.287371
0.604466
0.923994
1.231576
1.510893
1.771424
2.029225
2.284080
2.540115
2.813474
3.100129
3.376360
3.633035
3.895231
4.171514
4.456048
4.756013
5.052206
5.319876
5.559374
5.785477
5.994473
6.197971
6.427404
6.680410
6.934901
7.169230
7.382687
7.586066
7.782305
7.975959
8.172527
8.365209
8.560317
8.764098
8.980350
9.206283
9.413630
9.588839
9.739909
9.875289
10.006328
10.138210
10.269868
10.399857
10.521754
10.640197
10.756531
10.878063
11.001964
11.123488
11.229153
11.319304
11.409308
11.512847
11.626830
11.732002
11.822318
11.902307
11.976880
12.045663
12.087560
12.096363
12.087630
12.067273
12.035060
12.001817
11.979713
11.967868
11.948013
11.898147
11.816877
11.720828
11.631186
11.552369
11.465989
11.372305
11.277803
11.183887
11.093411
10.997968
10.891470
10.775406
10.654547
10.527452
10.390493
10.245736
10.090621
9.941206
9.811304
9.687319
9.541439
9.364680
9.166245
8.967647
8.776980
8.607145
8.460088
8.317690
8.169655
8.015526
7.856361
7.696975
7.522566
7.332914
7.129815
6.920279
6.705201
6.483027
6.271566
6.074338
5.883463
5.690857
5.476183
5.245607
5.000761
4.720493
4.396748
4.040124
3.688967
3.368947
3.070819
2.769668
2.446600
2.115514
1.793702
1.473656
1.160864
0.860552
0.563492
0.266400
-0.028790
-0.333960
-0.657449
-0.997291
-1.351653
-1.705559
-2.057358
-2.416177
-2.764853
-3.102551
-3.432888
-3.750641
-4.051270
-4.347970
-4.656493
-4.968057
-5.271254
-5.561584
-5.837849
-6.114894
-6.401064
-6.698755
-7.009789
-7.331065
-7.656830
-7.992826
-8.330804
-8.666145
-9.005028
-9.341980
-9.676572
-10.014004
-10.352939
-10.697453
-11.035917
-11.351700
-11.662978
-11.972376
-12.281451
-12.595984
-12.902693
-13.187253
-13.439715
-13.680628
-13.931072
-14.193554
-14.466072
-14.735579
-15.000040
-15.265591
-15.522619
-15.766550
-16.004927
-16.217079
-16.402843
-16.578501
-16.745453
-16.913118
-17.087631
-17.261459
-17.422581
-17.568991
-17.709154
-17.851870
-17.995909
-18.135565
-18.274849
-18.425869
-18.580687
-18.726555
-18.850725
-18.957600
-19.060194
-19.151224
-19.211117
-19.239517
-19.258341
-19.287832
-19.329777
-19.365705
-19.383551
-19.391542
-19.386253
-19.379436
-19.380592
-19.380751
-19.388964
-19.404644
-19.411779
-19.414070
-19.428772
-19.444283
-19.452696
-19.461628
-19.476513
-19.499199
-19.516043
-19.509590
-19.477840
-19.433132
-19.369591
-19.290720
-19.216423
-19.149778
-19.087624
-19.034613
-18.986126
-18.935472
-18.881433
-18.823816
-18.752401
-18.668381
-18.581196
-18.479553
-18.356560
-18.226974
-18.106163
-17.999811
-17.902983
-17.802303
-17.681345
-17.557907
-17.462156
-17.401762
-17.359346
-17.303371
-17.212303
-17.087166
-16.927673
-16.731239
-16.501757
-16.257336
-16.008577
-15.757381
-15.501600
-15.246794
-14.998867
-14.747475
-14.489157
-14.225327
-13.956896
-13.680872
-13.373234
-13.044107
-12.715695
-12.389473
-12.069918
-11.773355
-11.485374
-11.187811
-10.881070
-10.566455
-10.245890
-9.921165
-9.601153
-7.505630
-7.177609
-6.845763
-6.509568
-6.185896
-5.889875
-5.614841
-5.347395
-5.064015
-4.751865
-4.424872
-4.096120
-3.771978
-3.444865
-3.117058
-2.802133
-2.510805
-2.235746
-1.966161
-1.693072
-1.426053
-1.154047
-0.856262
-0.534651
-0.192860
0.161684
0.522094
0.885135
1.242874
1.583174
1.911655
2.225057
2.527241
2.827001
3.130727
3.415168
3.682256
3.954577
4.234018
4.513392
4.797959
5.084851
5.365950
5.646335
5.925306
6.188019
6.422436
6.641189
6.846273
7.047096
7.250790
7.461063
7.668963
7.862376
8.043642
8.211235
8.370472
8.524975
8.675411
8.826084
8.970102
9.117729
9.277584
9.433465
9.576239
9.697750
9.800739
9.893381
9.979983
10.063942
10.155552
10.258928
10.367220
10.471821
10.573254
10.673965
10.756585
10.812866
10.844527
10.856506
10.863523
10.864614
10.865305
10.868912
10.881123
10.896687
10.896416
10.867090
10.804804
10.717312
10.624508
10.542698
10.475461
10.427135
10.379912
10.325971
10.260778
10.182465
10.093067
9.983578
9.851910
9.711153
9.580493
9.482529
9.410101
9.341221
9.274312
9.192949
9.073614
8.919637
8.748903
8.562443
8.365458
8.174582
7.996653
7.830127
7.671140
7.511591
7.353504
7.198945
7.041297
6.881715
6.717562
6.538206
6.335530
6.110692
5.863548
5.599011
5.344437
5.106438
4.875398
4.635527
4.378116
4.104640
3.816913
3.515767
3.201252
2.865658
2.521263
2.192613
1.878641
1.570104
1.275557
1.006318
0.753939
0.510439
0.261573
-0.004084
-0.296918
-0.617981
-0.954360
-1.297038
-1.643959
-1.980937
-2.303293
-2.613354
-2.899292
-3.171778
-3.443229
-3.704986
-3.963102
-4.227882
-4.490442
-4.740761
-4.980095
-5.213038
-5.455976
-5.708395
-5.965169
-6.234597
-6.512332
-6.782537
-7.038827
-7.287314
-7.545787
-7.829340
-8.131638
-8.439446
-8.744498
-9.039105
-9.320239
-9.583299
-9.829472
-10.086176
-10.360350
-10.631598
-10.889078
-11.130490
-11.346485
-11.541154
-11.736934
-11.945758
-12.162135
-12.381763
-12.593743
-12.787883
-12.986259
-13.189425
-13.374057
-13.521560
-13.649745
-13.777678
-13.908053
-14.044822
-14.181182
-14.309756
-14.433688
-14.554339
-14.666396
-14.777223
-14.897676
-15.019633
-15.135495
-15.250476
-15.368617
-15.491759
-15.615869
-15.719842
-15.786174
-15.821050
-15.843621
-15.855302
-15.867476
-15.876349
-15.885539
-15.904939
-15.938035
-15.985845
-16.041191
-16.101879
-16.160900
-16.212002
-16.250874
-16.273518
-16.283627
-16.270485
-16.232605
-16.173618
-16.090149
-15.998614
-15.924382
-15.851489
-15.775416
-15.701936
-15.628827
-15.562675
-15.511577
-15.479632
-15.465970
-15.449466
-15.402732
-15.319016
-15.221612
-15.127839
-15.036704
-14.934459
-14.814160
-14.682349
-14.548356
-14.398026
-14.226302
-14.044900
-13.856202
-13.659858
-13.466834
-13.277783
-13.084910
-12.904662
-12.747792
-12.588807
-12.401978
-12.202962
-12.013627
-11.824653
-11.624804
-11.409686
-11.180585
-10.940680
-10.699520
-10.453837
-10.188685
-9.897270
-9.582847
-9.256183
-8.926263
-8.597364
-8.282209
-7.983518
-7.683412
-7.391567
-7.123096
-6.864726
-6.596748
-6.312940
-6.006599
-5.680747
-5.349802
-5.019918
-4.699048
-4.386508
-5.042437
-4.768952
-4.496821
-4.236746
-3.991576
-3.739339
-3.475628
-3.206090
-2.929523
-2.652041
-2.380552
-2.118689
-1.857826
-1.602433
-1.354571
-1.103816
-0.851857
-0.608027
-0.363320
-0.111389
0.143840
0.416074
0.719759
1.044205
1.370375
1.688388
1.993121
2.285220
2.567991
2.837075
3.096077
3.355741
3.629668
3.937396
4.254173
4.550962
4.837090
5.123148
5.409166
5.689329
5.949969
6.193249
6.434377
6.681332
6.930632
7.187012
7.456518
7.728598
7.969334
8.173872
8.351101
8.500467
8.627272
8.732397
8.836338
8.940966
9.034784
9.111465
9.185551
9.275976
9.384819
9.494911
9.601742
9.712512
9.843096
9.985823
10.124107
10.234051
10.316115
10.388992
10.452006
10.488361
10.507141
10.527842
10.552828
10.575874
10.597061
10.609043
10.602765
10.577818
10.542763
10.502327
10.465824
10.442279
10.419216
10.390664
10.357731
10.315706
10.256510
10.184471
10.108526
10.031378
9.953926
9.880819
9.814233
9.737286
9.636673
9.530146
9.429108
9.327658
9.217632
9.097239
8.971201
8.846571
8.725735
8.601140
8.469103
8.324871
8.164645
7.989323
7.798925
7.611942
7.430532
7.247768
7.056017
6.848401
6.626957
6.407754
6.202343
6.002368
5.794140
5.578050
5.344406
5.082411
4.793980
4.478045
4.156298
3.853261
3.562487
3.269909
2.970429
2.655783
2.327126
1.999198
1.678131
1.350450
1.008725
0.652800
0.282316
-0.078446
-0.424121
-0.767687
-1.108537
-1.450443
-1.806407
-2.185826
-2.577888
-2.955435
-3.302046
-3.622803
-3.939497
-4.266766
-4.607069
-4.952115
-5.289862
-5.620450
-5.948400
-6.275385
-6.604426
-6.940808
-7.266995
-7.577053
-7.872427
-8.162056
-8.436398
-8.687613
-8.935808
-9.203270
-9.495607
-9.815641
-10.156937
-10.513071
-10.887205
-11.276871
-11.671690
-12.059919
-12.417160
-12.739630
-13.055067
-13.368422
-13.672972
-13.972313
-14.272905
-14.574753
-14.861292
-15.119734
-15.356344
-15.576406
-15.807388
-16.050253
-16.290575
-16.529173
-16.782064
-17.058306
-17.318335
-17.532263
-17.724773
-17.919735
-18.122974
-18.331295
-18.533327
-18.710436
-18.868063
-19.009579
-19.145491
-19.277775
-19.394459
-19.493549
-19.582323
-19.662077
-19.751160
-19.861303
-19.992979
-20.122868
-20.242580
-20.354578
-20.454205
-20.549433
-20.649969
-20.754440
-20.859892
-20.965786
-21.062286
-21.137486
-21.179005
-21.185781
-21.169743
-21.154619
-21.148092
-21.153219
-21.172077
-21.217045
-21.283352
-21.351326
-21.412722
-21.463709
-21.498075
-21.511812
-21.506855
-21.484350
-21.455669
-21.437946
-21.427214
-21.411863
-21.391634
-21.363962
-21.326496
-21.283796
-21.238993
-21.188360
-21.122223
-21.049374
-20.980995
-20.918262
-20.859879
-20.798868
-20.726526
-20.648045
-20.558960
-20.446678
-20.314066
-20.167332
-20.009495
-19.851034
-19.688932
-19.522947
-19.346088
-19.173414
-19.023802
-18.892239
-18.760599
-18.614195
-18.449371
-18.270828
-18.077250
-17.860399
-17.622601
-17.382977
-17.144138
-16.889790
-16.616766
-16.319834
-15.995647
-15.648916
-15.289232
-14.937780
-14.610888
-14.310968
-14.031967
-13.754328
-13.474722
-13.205566
-12.940474
-12.661278
-12.363289
-12.045277
-11.711918
-11.382624
-11.073103
-10.784813
-7.941324
-7.631780
-7.323333
-7.013179
-6.695007
-6.375377
-6.071174
-5.779657
-5.484297
-5.183100
-4.878066
-4.567064
-4.246632
-3.933006
-3.644224
-3.363893
-3.065605
-2.765800
-2.482792
-2.196190
-1.892175
-1.566552
-1.221993
-0.868073
-0.505754
-0.132910
0.247749
0.617003
0.970134
1.300158
1.616808
1.931820
2.253327
2.590764
2.937204
3.270530
3.577815
3.870644
4.162307
4.453453
4.734811
5.010305
5.282929
5.543188
5.791449
6.026399
6.250736
6.471762
6.695266
6.917271
7.139060
7.361994
7.579117
7.782208
7.964957
8.134775
8.309041
8.486492
8.662870
8.841925
9.024191
9.199453
9.360234
9.500794
9.608160
9.685041
9.762297
9.861734
9.981546
10.114933
10.254972
10.392565
10.515718
10.610342
10.669458
10.706409
10.729836
10.751016
10.771271
10.784039
10.787644
10.786180
10.788624
10.804592
10.821304
10.824154
10.795778
10.755990
10.729996
10.720709
10.719570
10.697264
10.655090
10.605927
10.550041
10.488249
10.421179
10.349571
10.281746
10.204195
10.094386
9.967674
9.836395
9.703300
9.571735
9.430392
9.270931
9.096622
8.925901
8.770672
8.624041
8.478161
8.333280
8.191309
8.045410
7.888503
7.733195
7.575972
7.416235
7.262147
7.108316
6.937346
6.743966
6.544384
6.359739
6.190938
6.013218
5.802392
5.567356
5.319401
5.059653
4.791636
4.514166
4.215851
3.879156
3.519498
3.169031
2.830245
2.497346
2.166954
1.851619
1.540026
1.225164
0.918525
0.621871
0.327956
0.016362
-0.303346
-0.629416
-0.963386
-1.285061
-1.602476
-1.924343
-2.244253
-2.551895
-2.840724
-3.132207
-3.429172
-3.715358
-3.987844
-4.262011
-4.546287
-4.834899
-5.128436
-5.424673
-5.713479
-5.995837
-6.270415
-6.530154
-6.781846
-7.034658
-7.306780
-7.609553
-7.935662
-8.272665
-8.614659
-8.941334
-9.234655
-9.517955
-9.803025
-10.079112
-10.347155
-10.616319
-10.891774
-11.169833
-11.433661
-11.677665
-11.913978
-12.151465
-12.388560
-12.624188
-12.857289
-13.091350
-13.313134
-13.516347
-13.717666
-13.919715
-14.111278
-14.301850
-14.466481
-14.613170
-14.772534
-14.937696
-15.098107
-15.255376
-15.411096
-15.549787
-15.658813
-15.742753
-15.827664
-15.936374
-16.068859
-16.193256
-16.298092
-16.379921
-16.441715
-16.492470
-16.535149
-16.579002
-16.641876
-16.721249
-16.804684
-16.889549
-16.974632
-17.059036
-17.151096
-17.248592
-17.329456
-17.375340
-17.391876
-17.394886
-17.385551
-17.361805
-17.327473
-17.293327
-17.273209
-17.272873
-17.275875
-17.267769
-17.240208
-17.192089
-17.142323
-17.097328
-17.050434
-16.991688
-16.913387
-16.825573
-16.742672
-16.654907
-16.548107
-16.421608
-16.290028
-16.174194
-16.076550
-15.986979
-15.901891
-15.827218
-15.745391
-15.648246
-15.532157
-15.408858
-15.270171
-15.118733
-14.979796
-14.871013
-14.791440
-14.718894
-14.621160
-14.479497
-14.294150
-14.072904
-13.831687
-13.595065
-13.355182
-13.108331
-12.862302
-12.600650
-12.309466
-11.995408
-11.672917
-11.353415
-11.044139
-10.749223
-10.465199
-10.158090
-9.805838
-9.438284
-9.075264
-8.704999
-8.331928
-7.970495
-7.625263
-7.296637
-6.974732
-6.653474
-6.328361
-5.992124
-5.646113
-5.292298
-4.934147
-6.615983
-6.300126
-5.989209
-5.681309
-5.365611
-5.031216
-4.668764
-4.297359
-3.944174
-3.614237
-3.301811
-2.997844
-2.696427
-2.403206
-2.115587
-1.822645
-1.537517
-1.278663
-1.036913
-0.798179
-0.560874
-0.325426
-0.089835
0.151675
0.389609
0.625015
0.878682
1.147477
1.422138
1.706019
2.005488
2.318979
2.641400
2.973173
3.312820
3.651909
3.973986
4.268396
4.536762
4.778864
5.004528
5.227426
5.454681
5.694580
5.952597
6.217770
6.471520
6.708314
6.931335
7.142197
7.331882
7.509345
7.676250
7.832981
7.989308
8.143765
8.285218
8.420501
8.554122
8.675077
8.774925
8.855576
8.930187
9.000431
9.050752
9.090255
9.138971
9.189501
9.227803
9.253559
9.272179
9.275470
9.257256
9.223745
9.199307
9.185667
9.180257
9.171276
9.132488
9.088400
9.054276
9.030020
9.018541
9.008306
8.997256
8.973337
8.932085
8.894651
8.868093
8.836838
8.796294
8.750014
8.692947
8.622809
8.528306
8.414606
8.296494
8.171313
8.037728
7.883688
7.717752
7.546135
7.378461
7.221738
7.070405
6.921524
6.770750
6.621912
6.468341
6.296313
6.105986
5.906126
5.687760
5.465857
5.267274
5.100559
4.954914
4.810473
4.659320
4.501333
4.334294
4.142972
3.913619
3.651591
3.365464
3.076364
2.800578
2.543352
2.280797
1.994649
1.675998
1.318893
0.934711
0.546882
0.173845
-0.176370
-0.487671
-0.776984
-1.074421
-1.387558
-1.700797
-2.010273
-2.327755
-2.659347
-2.985708
-3.287935
-3.572804
-3.853573
-4.136628
-4.435516
-4.756810
-5.101691
-5.470679
-5.848098
-6.217596
-6.572098
-6.924190
-7.283536
-7.629307
-7.944619
-8.234472
-8.523493
-8.814264
-9.105591
-9.411378
-9.719654
-10.027717
-10.340444
-10.652690
-10.961677
-11.258090
-11.546579
-11.844895
-12.158954
-12.482555
-12.823887
-13.174002
-13.524256
-13.871489
-14.218571
-14.555479
-14.886806
-15.211515
-15.535229
-15.869581
-16.185547
-16.462172
-16.708883
-16.946936
-17.189833
-17.443153
-17.705231
-17.965111
-18.215794
-18.454479
-18.700241
-18.972702
-19.254890
-19.523077
-19.764769
-19.981167
-20.180065
-20.364616
-20.544559
-20.730986
-20.929373
-21.126698
-21.325836
-21.522678
-21.708988
-21.874102
-22.019068
-22.153334
-22.282885
-22.400429
-22.497498
-22.580725
-22.657219
-22.737833
-22.825785
-22.912125
-22.993780
-23.081299
-23.182453
-23.276861
-23.339870
-23.372660
-23.401876
-23.438129
-23.477764
-23.520409
-23.557314
-23.591793
-23.635592
-23.688717
-23.731276
-23.752745
-23.766577
-23.777700
-23.774670
-23.764500
-23.767454
-23.774254
-23.766762
-23.749762
-23.718040
-23.672287
-23.626244
-23.580187
-23.527515
-23.469147
-23.406258
-23.333405
-23.253401
-23.175652
-23.110493
-23.065361
-23.040483
-23.033279
-23.031223
-23.014776
-22.975473
-22.901114
-22.799536
-22.685482
-22.577326
-22.491081
-22.412243
-22.311367
-22.185377
-22.051296
-21.918280
-21.765926
-21.589647
-21.386766
-21.159172
-20.914568
-20.650318
-20.367697
-20.069780
-19.763889
-19.463539
-19.166485
-18.865187
-18.564930
-18.277483
-18.004496
-17.740965
-17.489758
-17.238159
-16.978495
-16.710981
-16.436970
-16.161200
-15.870926
-15.554289
-15.237581
-14.935282
-14.630579
-14.330408
-10.382029
-10.079905
-9.778067
-9.466467
-9.134291
-8.782381
-8.417742
-8.044964
-7.676260
-7.325700
-7.000198
-6.689727
-6.388028
-6.098808
-5.814925
-5.537127
-5.266437
-5.014200
-4.780894
-4.537519
-4.261583
-3.951292
-3.602730
-3.239263
-2.873524
-2.503232
-2.136023
-1.772562
-1.398395
-1.019907
-0.645453
-0.282507
0.070542
0.419235
0.764045
1.105771
1.437211
1.753466
2.041266
2.312114
2.566006
2.812329
3.058044
3.316576
3.575980
3.821049
4.058074
4.301863
4.558973
4.819777
5.070942
5.299720
5.501418
5.683414
5.844223
5.979554
6.097772
6.222170
6.364175
6.523740
6.688812
6.849655
6.994137
7.106236
7.193961
7.270456
7.351120
7.449018
7.567010
7.705995
7.861670
8.008241
8.118956
8.198869
8.255975
8.299778
8.342508
8.379538
8.407185
8.435534
8.472725
8.517513
8.563472
8.610235
8.662497
8.719695
8.747924
8.742409
8.716316
8.674723
8.627694
8.572125
8.507586
8.434380
8.353176
8.262076
8.150001
8.013756
7.862138
7.699189
7.550501
7.437969
7.364642
7.293705
7.205069
7.095523
6.972119
6.862304
6.766171
6.668152
6.562285
6.451135
6.340008
6.224928
6.111822
5.986643
5.846687
5.697183
5.541386
5.394571
5.250401
5.089173
4.910979
4.707363
4.462949
4.174324
3.850682
3.531088
3.235190
2.938138
2.619572
2.295344
1.973266
1.655630
1.340190
1.031663
0.732700
0.441560
0.164111
-0.098987
-0.352455
-0.615278
-0.884624
-1.149476
-1.427532
-1.734723
-2.067866
-2.405121
-2.735649
-3.057047
-3.377257
-3.695991
-4.005058
-4.306242
-4.605439
-4.891761
-5.161133
-5.428776
-5.704710
-5.985137
-6.256350
-6.535009
-6.826898
-7.125405
-7.416833
-7.687934
-7.956528
-8.244381
-8.551752
-8.852007
-9.128937
-9.407267
-9.698418
-9.988728
-10.275173
-10.550600
-10.809906
-11.064352
-11.320648
-11.587828
-11.869501
-12.163700
-12.473804
-12.789314
-13.081331
-13.351677
-13.607048
-13.854521
-14.106241
-14.369713
-14.630632
-14.872952
-15.090506
-15.284395
-15.477951
-15.689241
-15.903139
-16.104826
-16.296457
-16.492901
-16.693928
-16.889214
-17.081749
-17.279123
-17.484842
-17.673792
-17.835318
-17.973310
-18.095284
-18.207882
-18.310516
-18.416132
-18.528519
-18.627180
-18.707195
-18.774364
-18.826569
-18.861469
-18.888762
-18.901766
-18.889801
-18.869118
-18.857573
-18.863432
-18.877277
-18.883898
-18.875072
-18.867306
-18.871857
-18.879541
-18.886194
-18.891098
-18.890215
-18.886997
-18.877115
-18.850836
-18.808683
-18.735737
-18.647329
-18.575766
-18.514715
-18.462542
-18.418612
-18.372141
-18.320347
-18.264557
-18.193733
-18.114143
-18.041477
-17.963182
-17.860783
-17.747200
-17.646963
-17.573767
-17.514566
-17.449381
-17.375000
-17.296167
-17.216549
-17.134691
-17.030136
-16.894306
-16.739847
-16.585033
-16.426497
-16.252499
-16.064352
-15.875919
-15.686794
-15.494873
-15.312304
-15.134989
-14.938242
-14.712225
-14.463785
-14.197887
-13.906773
-13.609716
-13.341803
-13.114962
-12.914499
-12.707523
-12.476011
-12.209124
-11.917862
-11.615496
-11.298738
-10.978113
-10.659952
-10.346769
-10.036446
-9.720484
-9.399622
-9.083151
-8.773308
-8.465574
-8.147850
-7.802383
-7.446450
-7.100629
-8.396509
-8.093870
-7.796820
-7.501135
-7.207930
-6.913862
-6.612927
-6.307986
-6.003669
-5.704483
-5.410643
-5.123834
-4.838182
-4.545101
-4.243786
-3.946703
-3.670180
-3.413833
-3.172995
-2.936096
-2.701216
-2.473684
-2.255200
-2.039717
-1.816566
-1.575479
-1.312971
-1.043334
-0.772079
-0.517729
-0.285797
-0.047204
0.229569
0.543401
0.864943
1.173472
1.465804
1.744733
2.023183
2.312255
2.598090
2.877822
3.156432
3.422801
