1112660544	531
1112660544	531
1112660544	546
1112660544	671
1112660544	671
1112660544	671
1112660544	671
1112660544	671
1112660544	687
1112660544	687
1112660544	703
1112660544	703
1112660544	718
1112660544	718
1112660544	734
1112660544	734
1112660544	750
1112660544	750
1112660544	765
1112660544	765
1112660544	781
1112660544	781
1112660544	796
1112660544	890
1112660544	890
1112660544	890
1112660544	890
1112660544	890
1112660544	906
1112660544	906
1112660544	921
1112660544	921
1112660544	937
1112660544	937
1112660544	953
1112660544	953
1112660544	968
1112660544	968
1112660544	984
1112660544	984
1112660545	0
1112660545	0
1112660545	15
1112660545	15
1112660545	31
1112660545	31
1112660545	46
1112660545	46
1112660545	62
1112660545	62
1112660545	78
1112660545	109
1112660545	109
1112660545	109
1112660545	109
1112660545	109
1112660545	125
1112660545	125
1112660545	140
1112660545	140
1112660545	156
1112660545	156
1112660545	171
1112660545	171
1112660545	187
1112660545	187
1112660545	203
1112660545	203
1112660545	218
1112660545	218
1112660545	234
1112660545	234
1112660545	250
1112660545	250
1112660545	265
1112660545	265
1112660545	281
1112660545	281
1112660545	296
1112660545	328
1112660545	328
1112660545	328
1112660545	328
1112660545	328
1112660545	343
1112660545	343
1112660545	359
1112660545	359
1112660545	375
1112660545	375
1112660545	390
1112660545	390
1112660545	406
1112660545	406
1112660545	421
1112660545	421
1112660545	437
1112660545	437
1112660545	453
1112660545	453
1112660545	468
1112660545	468
1112660545	484
1112660545	484
1112660545	500
1112660545	500
1112660545	515
1112660545	546
1112660545	546
1112660545	546
1112660545	546
1112660545	546
1112660545	562
1112660545	562
1112660545	578
1112660545	578
1112660545	593
1112660545	593
1112660545	609
1112660545	609
1112660545	625
1112660545	625
1112660545	640
1112660545	640
1112660545	656
1112660545	656
1112660545	671
1112660545	671
1112660545	687
1112660545	687
1112660545	703
1112660545	703
1112660545	718
1112660545	718
1112660545	734
1112660545	765
1112660545	765
1112660545	765
1112660545	765
1112660545	765
1112660545	781
1112660545	781
1112660545	796
1112660545	796
1112660545	812
1112660545	812
1112660545	828
1112660545	828
1112660545	843
1112660545	843
1112660545	859
1112660545	859
1112660545	875
1112660545	875
1112660545	890
1112660545	890
1112660545	906
1112660545	906
1112660545	921
1112660545	921
1112660545	937
1112660545	937
1112660545	953
1112660545	984
1112660545	984
1112660545	984
1112660545	984
1112660545	984
1112660546	0
1112660546	0
1112660546	15
1112660546	15
1112660546	31
1112660546	31
1112660546	46
1112660546	46
1112660546	62
1112660546	62
1112660546	78
1112660546	78
1112660546	93
1112660546	93
1112660546	109
1112660546	109
1112660546	125
1112660546	125
1112660546	140
1112660546	140
1112660546	156
1112660546	156
1112660546	171
1112660546	203
1112660546	203
1112660546	203
1112660546	203
1112660546	203
1112660546	218
1112660546	218
1112660546	234
1112660546	234
1112660546	250
1112660546	250
1112660546	265
1112660546	265
1112660546	281
1112660546	281
1112660546	296
1112660546	296
1112660546	312
1112660546	312
1112660546	328
1112660546	328
1112660546	343
1112660546	343
1112660546	359
1112660546	359
1112660546	375
1112660546	375
1112660546	390
1112660546	421
1112660546	421
1112660546	421
1112660546	421
1112660546	421
1112660546	437
1112660546	437
1112660546	453
1112660546	453
1112660546	468
1112660546	468
1112660546	484
1112660546	484
1112660546	500
1112660546	500
1112660546	515
1112660546	515
1112660546	531
1112660546	531
1112660546	546
1112660546	546
1112660546	562
1112660546	562
1112660546	578
1112660546	578
1112660546	593
1112660546	593
1112660546	609
1112660546	640
1112660546	640
1112660546	640
1112660546	640
1112660546	640
1112660546	656
1112660546	656
1112660546	671
1112660546	671
1112660546	687
1112660546	687
1112660546	703
1112660546	703
1112660546	718
1112660546	718
1112660546	734
1112660546	734
1112660546	750
1112660546	750
1112660546	765
1112660546	765
1112660546	781
1112660546	781
1112660546	796
1112660546	796
1112660546	812
1112660546	812
1112660546	828
1112660546	859
1112660546	859
1112660546	859
1112660546	859
1112660546	859
1112660546	875
1112660546	875
1112660546	890
1112660546	890
1112660546	906
1112660546	906
1112660546	921
1112660546	921
1112660546	937
1112660546	937
1112660546	953
1112660546	953
1112660546	968
1112660546	968
1112660546	984
1112660546	984
1112660547	0
1112660547	0
1112660547	15
1112660547	15
1112660547	31
1112660547	31
1112660547	46
1112660547	78
1112660547	78
1112660547	78
1112660547	78
1112660547	78
1112660547	93
1112660547	93
1112660547	109
1112660547	109
1112660547	125
1112660547	125
1112660547	140
1112660547	140
1112660547	156
1112660547	156
1112660547	171
1112660547	171
1112660547	187
1112660547	187
1112660547	203
1112660547	203
1112660547	218
1112660547	218
1112660547	234
1112660547	234
1112660547	250
1112660547	250
1112660547	265
1112660547	296
1112660547	296
1112660547	296
1112660547	296
1112660547	296
1112660547	312
1112660547	312
1112660547	328
1112660547	328
1112660547	343
1112660547	343
1112660547	359
1112660547	359
1112660547	375
1112660547	375
1112660547	390
1112660547	390
1112660547	406
1112660547	406
1112660547	421
1112660547	421
1112660547	437
1112660547	437
1112660547	453
1112660547	453
1112660547	468
1112660547	468
1112660547	484
1112660547	515
1112660547	515
1112660547	515
1112660547	515
1112660547	515
1112660547	531
1112660547	531
1112660547	546
1112660547	546
1112660547	562
1112660547	562
1112660547	578
1112660547	578
1112660547	593
1112660547	593
1112660547	609
1112660547	609
1112660547	625
1112660547	625
1112660547	640
1112660547	640
1112660547	656
1112660547	656
1112660547	671
1112660547	671
1112660547	687
1112660547	687
1112660547	703
1112660547	734
1112660547	734
1112660547	734
1112660547	734
1112660547	734
1112660547	750
1112660547	750
1112660547	765
1112660547	765
1112660547	781
1112660547	781
1112660547	796
1112660547	796
1112660547	812
1112660547	812
1112660547	828
1112660547	828
1112660547	843
1112660547	843
1112660547	859
1112660547	859
1112660547	875
1112660547	875
1112660547	890
1112660547	890
1112660547	906
1112660547	906
1112660547	921
1112660547	921
1112660547	937
1112660547	937
1112660547	953
1112660547	953
1112660547	968
1112660547	968
1112660547	984
1112660547	984
1112660548	0
1112660548	0
1112660548	15
1112660548	15
1112660548	31
1112660548	62
1112660548	62
1112660548	62
1112660548	62
1112660548	62
1112660548	78
1112660548	78
1112660548	93
1112660548	93
1112660548	109
1112660548	109
1112660548	125
1112660548	125
1112660548	140
1112660548	140
1112660548	156
1112660548	156
1112660548	171
1112660548	171
1112660548	187
1112660548	187
1112660548	203
1112660548	203
1112660548	218
1112660548	218
1112660548	234
1112660548	234
1112660548	250
1112660548	281
1112660548	281
1112660548	281
1112660548	281
1112660548	281
1112660548	296
1112660548	296
1112660548	312
1112660548	312
1112660548	328
1112660548	328
1112660548	343
1112660548	343
1112660548	359
1112660548	359
1112660548	375
1112660548	375
1112660548	390
1112660548	390
1112660548	406
1112660548	406
1112660548	421
1112660548	421
1112660548	437
1112660548	437
1112660548	453
1112660548	453
1112660548	468
1112660548	500
1112660548	500
1112660548	500
1112660548	500
1112660548	500
1112660548	515
1112660548	515
1112660548	531
1112660548	531
1112660548	546
1112660548	546
1112660548	562
1112660548	562
1112660548	578
1112660548	578
1112660548	593
1112660548	593
1112660548	609
1112660548	609
1112660548	625
1112660548	625
1112660548	640
1112660548	640
1112660548	656
1112660548	656
1112660548	671
1112660548	671
1112660548	687
1112660548	718
1112660548	718
1112660548	718
1112660548	718
1112660548	718
1112660548	734
1112660548	734
1112660548	750
1112660548	750
1112660548	765
1112660548	765
1112660548	781
1112660548	781
1112660548	796
1112660548	796
1112660548	812
1112660548	812
1112660548	828
1112660548	828
1112660548	843
1112660548	843
1112660548	859
1112660548	859
1112660548	875
1112660548	875
1112660548	890
1112660548	890
1112660548	906
1112660548	937
1112660548	937
1112660548	937
1112660548	937
1112660548	937
1112660548	953
1112660548	953
1112660548	968
1112660548	968
1112660548	984
1112660548	984
1112660549	0
1112660549	0
1112660549	15
1112660549	15
1112660549	31
1112660549	31
1112660549	46
1112660549	46
1112660549	62
1112660549	62
1112660549	78
1112660549	78
1112660549	93
1112660549	93
1112660549	109
1112660549	109
1112660549	125
1112660549	125
1112660549	140
1112660549	140
1112660549	156
1112660549	156
1112660549	171
1112660549	171
1112660549	187
1112660549	187
1112660549	203
1112660549	203
1112660549	218
1112660549	218
1112660549	234
1112660549	265
1112660549	265
1112660549	265
1112660549	265
1112660549	265
1112660549	281
1112660549	281
1112660549	296
1112660549	296
1112660549	312
1112660549	312
1112660549	328
1112660549	328
1112660549	343
1112660549	343
1112660549	359
1112660549	359
1112660549	375
1112660549	375
1112660549	390
1112660549	390
1112660549	406
1112660549	406
1112660549	421
1112660549	421
1112660549	437
1112660549	437
1112660549	453
1112660549	484
1112660549	484
1112660549	484
1112660549	484
1112660549	484
1112660549	500
1112660549	500
1112660549	515
1112660549	515
1112660549	531
1112660549	531
1112660549	546
1112660549	546
1112660549	562
1112660549	562
1112660549	578
1112660549	578
1112660549	593
1112660549	593
1112660549	609
1112660549	609
1112660549	625
1112660549	625
1112660549	640
1112660549	640
1112660549	656
1112660549	656
1112660549	671
1112660549	703
1112660549	703
1112660549	703
1112660549	703
1112660549	703
1112660549	718
1112660549	718
1112660549	734
1112660549	734
1112660549	750
1112660549	750
1112660549	765
1112660549	765
1112660549	781
1112660549	781
1112660549	796
1112660549	796
1112660549	812
1112660549	812
1112660549	828
1112660549	828
1112660549	843
1112660549	843
1112660549	859
1112660549	859
1112660549	875
1112660549	875
1112660549	890
1112660549	921
1112660549	921
1112660549	921
1112660549	921
1112660549	921
1112660549	937
1112660549	937
1112660549	953
1112660549	953
1112660549	968
1112660549	968
1112660549	984
1112660549	984
1112660550	0
1112660550	0
1112660550	15
1112660550	15
1112660550	31
1112660550	31
1112660550	46
1112660550	46
1112660550	62
1112660550	62
1112660550	78
1112660550	78
1112660550	93
1112660550	93
1112660550	109
1112660550	140
1112660550	140
1112660550	140
1112660550	140
1112660550	140
1112660550	156
1112660550	156
1112660550	171
1112660550	171
1112660550	187
1112660550	187
1112660550	203
1112660550	203
1112660550	218
1112660550	218
1112660550	234
1112660550	234
1112660550	250
1112660550	250
1112660550	265
1112660550	265
1112660550	281
1112660550	281
1112660550	296
1112660550	296
1112660550	312
1112660550	312
1112660550	328
1112660550	359
1112660550	359
1112660550	359
1112660550	359
1112660550	359
1112660550	375
1112660550	375
1112660550	390
1112660550	390
1112660550	406
1112660550	406
1112660550	421
1112660550	421
1112660550	437
1112660550	437
1112660550	453
1112660550	453
1112660550	468
1112660550	468
1112660550	484
1112660550	484
1112660550	500
1112660550	500
1112660550	515
1112660550	515
1112660550	531
1112660550	531
1112660550	546
1112660550	578
1112660550	578
1112660550	578
1112660550	578
1112660550	578
1112660550	593
1112660550	593
1112660550	609
1112660550	609
1112660550	625
1112660550	625
1112660550	640
1112660550	640
1112660550	656
1112660550	656
1112660550	671
1112660550	671
1112660550	687
1112660550	687
1112660550	703
1112660550	703
1112660550	718
1112660550	718
1112660550	734
1112660550	734
1112660550	750
1112660550	750
1112660550	765
1112660550	796
1112660550	796
1112660550	796
1112660550	796
1112660550	796
1112660550	812
1112660550	812
1112660550	828
1112660550	828
1112660550	843
1112660550	843
1112660550	859
1112660550	859
1112660550	875
1112660550	875
1112660550	890
1112660550	890
1112660550	906
1112660550	906
1112660550	921
1112660550	921
1112660550	937
1112660550	937
1112660550	953
1112660550	953
1112660550	968
1112660550	968
1112660550	984
1112660551	15
1112660551	15
1112660551	15
1112660551	15
1112660551	15
1112660551	31
1112660551	31
1112660551	46
1112660551	46
1112660551	62
1112660551	62
1112660551	78
1112660551	78
1112660551	93
1112660551	93
1112660551	109
1112660551	109
1112660551	125
1112660551	125
1112660551	140
1112660551	140
1112660551	156
1112660551	156
1112660551	171
1112660551	171
1112660551	187
1112660551	187
1112660551	203
1112660551	234
1112660551	234
1112660551	234
1112660551	234
1112660551	234
1112660551	250
1112660551	250
1112660551	265
1112660551	265
1112660551	281
1112660551	281
1112660551	296
1112660551	296
1112660551	312
1112660551	312
1112660551	328
1112660551	328
1112660551	343
1112660551	343
1112660551	359
1112660551	359
1112660551	375
1112660551	375
1112660551	390
1112660551	390
1112660551	406
1112660551	406
1112660551	421
1112660551	421
1112660551	437
1112660551	437
1112660551	453
1112660551	453
1112660551	468
1112660551	468
1112660551	484
1112660551	484
1112660551	500
1112660551	500
1112660551	515
1112660551	515
1112660551	531
1112660551	562
1112660551	562
1112660551	562
1112660551	562
1112660551	562
1112660551	578
1112660551	578
1112660551	593
1112660551	593
1112660551	609
1112660551	609
1112660551	625
1112660551	625
1112660551	640
1112660551	640
1112660551	656
1112660551	656
1112660551	671
1112660551	671
1112660551	687
1112660551	687
1112660551	703
1112660551	703
1112660551	718
1112660551	718
1112660551	734
1112660551	734
1112660551	750
1112660551	781
1112660551	781
1112660551	781
1112660551	781
1112660551	781
1112660551	796
1112660551	796
1112660551	812
1112660551	812
1112660551	828
1112660551	828
1112660551	843
1112660551	843
1112660551	859
1112660551	859
1112660551	875
1112660551	875
1112660551	890
1112660551	890
1112660551	906
1112660551	906
1112660551	921
1112660551	921
1112660551	937
1112660551	937
1112660551	953
1112660551	953
1112660551	968
1112660552	0
1112660552	0
1112660552	0
1112660552	0
1112660552	0
1112660552	15
1112660552	15
1112660552	31
1112660552	31
1112660552	46
1112660552	46
1112660552	62
1112660552	62
1112660552	78
1112660552	78
1112660552	93
1112660552	93
1112660552	109
1112660552	109
1112660552	125
1112660552	125
1112660552	140
1112660552	140
1112660552	156
1112660552	156
1112660552	171
1112660552	171
1112660552	187
1112660552	218
1112660552	218
1112660552	218
1112660552	218
1112660552	218
1112660552	234
1112660552	234
1112660552	250
1112660552	250
1112660552	265
1112660552	265
1112660552	281
1112660552	281
1112660552	296
1112660552	296
1112660552	312
1112660552	312
1112660552	328
1112660552	328
1112660552	343
1112660552	343
1112660552	359
1112660552	359
1112660552	375
1112660552	375
1112660552	390
1112660552	390
1112660552	406
1112660552	437
1112660552	437
1112660552	437
1112660552	437
1112660552	437
1112660552	453
1112660552	453
1112660552	468
1112660552	468
1112660552	484
1112660552	484
1112660552	500
1112660552	500
1112660552	515
1112660552	515
1112660552	531
1112660552	531
1112660552	546
1112660552	546
1112660552	562
1112660552	562
1112660552	578
1112660552	578
1112660552	593
1112660552	593
1112660552	609
1112660552	609
1112660552	625
1112660552	625
1112660552	640
1112660552	640
1112660552	656
1112660552	656
1112660552	671
1112660552	671
1112660552	687
1112660552	687
1112660552	703
1112660552	703
1112660552	718
1112660552	718
1112660552	734
1112660552	765
1112660552	765
1112660552	765
1112660552	765
1112660552	765
1112660552	781
1112660552	781
1112660552	796
1112660552	796
1112660552	812
1112660552	812
1112660552	828
1112660552	828
1112660552	843
1112660552	843
1112660552	859
1112660552	859
1112660552	875
1112660552	875
1112660552	890
1112660552	890
1112660552	906
1112660552	906
1112660552	921
1112660552	921
1112660552	937
1112660552	937
1112660552	953
1112660552	984
1112660552	984
1112660552	984
1112660552	984
1112660552	984
1112660553	0
1112660553	0
1112660553	15
1112660553	15
1112660553	31
1112660553	31
1112660553	46
1112660553	46
1112660553	62
1112660553	62
1112660553	78
1112660553	78
1112660553	93
1112660553	93
1112660553	109
1112660553	109
1112660553	125
1112660553	125
1112660553	140
1112660553	140
1112660553	156
1112660553	156
1112660553	171
1112660553	203
1112660553	203
1112660553	203
1112660553	203
1112660553	203
1112660553	218
1112660553	218
1112660553	234
1112660553	234
1112660553	250
1112660553	250
1112660553	265
1112660553	265
1112660553	281
1112660553	281
1112660553	296
1112660553	296
1112660553	312
1112660553	312
1112660553	328
1112660553	328
1112660553	343
1112660553	343
1112660553	359
1112660553	359
1112660553	375
1112660553	375
1112660553	390
1112660553	421
1112660553	421
1112660553	421
1112660553	421
1112660553	421
1112660553	437
1112660553	437
1112660553	453
1112660553	453
1112660553	468
1112660553	468
1112660553	484
1112660553	484
1112660553	500
1112660553	500
1112660553	515
1112660553	515
1112660553	531
1112660553	531
1112660553	546
1112660553	546
1112660553	562
1112660553	562
1112660553	578
1112660553	578
1112660553	593
1112660553	593
1112660553	609
1112660553	640
1112660553	640
1112660553	640
1112660553	640
1112660553	640
1112660553	656
1112660553	656
1112660553	671
1112660553	671
1112660553	687
1112660553	687
1112660553	703
1112660553	703
1112660553	718
1112660553	718
1112660553	734
1112660553	734
1112660553	750
1112660553	750
1112660553	765
1112660553	765
1112660553	781
1112660553	781
1112660553	796
1112660553	796
1112660553	812
1112660553	812
1112660553	828
1112660553	859
1112660553	859
1112660553	859
1112660553	859
1112660553	859
1112660553	875
1112660553	875
1112660553	890
1112660553	890
1112660553	906
1112660553	906
1112660553	921
1112660553	921
1112660553	937
1112660553	937
1112660553	953
1112660553	953
1112660553	968
1112660553	968
1112660553	984
1112660553	984
1112660554	0
1112660554	0
1112660554	15
1112660554	15
1112660554	31
1112660554	31
1112660554	46
1112660554	78
1112660554	78
1112660554	78
1112660554	78
1112660554	78
1112660554	93
1112660554	93
1112660554	109
1112660554	109
1112660554	125
1112660554	125
1112660554	140
1112660554	140
1112660554	156
1112660554	156
1112660554	171
1112660554	171
1112660554	187
1112660554	187
1112660554	203
1112660554	203
1112660554	218
1112660554	218
1112660554	234
1112660554	234
1112660554	250
1112660554	250
1112660554	265
1112660554	296
1112660554	296
1112660554	296
1112660554	296
1112660554	296
1112660554	312
1112660554	312
1112660554	328
1112660554	328
1112660554	343
1112660554	343
1112660554	359
1112660554	359
1112660554	375
1112660554	375
1112660554	390
1112660554	390
1112660554	406
1112660554	406
1112660554	421
1112660554	421
1112660554	437
1112660554	437
1112660554	453
1112660554	453
1112660554	468
1112660554	468
1112660554	484
1112660554	515
1112660554	515
1112660554	515
1112660554	515
1112660554	515
1112660554	531
1112660554	531
1112660554	546
1112660554	546
1112660554	562
1112660554	562
1112660554	578
1112660554	578
1112660554	593
1112660554	593
1112660554	609
1112660554	609
1112660554	625
1112660554	625
1112660554	640
1112660554	640
1112660554	656
1112660554	656
1112660554	671
1112660554	671
1112660554	687
1112660554	687
1112660554	703
1112660554	734
1112660554	734
1112660554	734
1112660554	734
1112660554	734
1112660554	750
1112660554	750
1112660554	765
1112660554	765
1112660554	781
1112660554	781
1112660554	796
1112660554	796
1112660554	812
1112660554	812
1112660554	828
1112660554	828
1112660554	843
1112660554	843
1112660554	859
1112660554	859
1112660554	875
1112660554	875
1112660554	890
1112660554	890
1112660554	906
1112660554	906
1112660554	921
1112660554	921
1112660554	937
1112660554	937
1112660554	953
1112660554	953
1112660554	968
1112660554	968
1112660554	984
1112660554	984
1112660555	0
1112660555	0
1112660555	15
1112660555	15
1112660555	31
1112660555	62
1112660555	62
1112660555	62
1112660555	62
1112660555	62
1112660555	78
1112660555	78
1112660555	93
1112660555	93
1112660555	109
1112660555	109
1112660555	125
1112660555	125
1112660555	140
1112660555	140
1112660555	156
1112660555	156
1112660555	171
1112660555	171
1112660555	187
1112660555	187
1112660555	203
1112660555	203
1112660555	218
1112660555	218
1112660555	234
1112660555	234
1112660555	250
1112660555	281
1112660555	281
1112660555	281
1112660555	281
1112660555	281
1112660555	296
1112660555	296
1112660555	312
1112660555	312
1112660555	328
1112660555	328
1112660555	343
1112660555	343
1112660555	359
1112660555	359
1112660555	375
1112660555	375
1112660555	390
1112660555	390
1112660555	406
1112660555	406
1112660555	421
1112660555	421
1112660555	437
1112660555	437
1112660555	453
1112660555	453
1112660555	468
1112660555	500
1112660555	500
1112660555	500
1112660555	500
1112660555	500
1112660555	515
1112660555	515
1112660555	531
1112660555	531
1112660555	546
1112660555	546
1112660555	562
1112660555	562
1112660555	578
1112660555	578
1112660555	593
1112660555	593
1112660555	609
1112660555	609
1112660555	625
1112660555	625
1112660555	640
1112660555	640
1112660555	656
1112660555	656
1112660555	671
1112660555	671
1112660555	687
1112660555	718
1112660555	718
1112660555	718
1112660555	718
1112660555	718
1112660555	734
1112660555	734
1112660555	750
1112660555	750
1112660555	765
1112660555	765
1112660555	781
1112660555	781
1112660555	796
1112660555	796
1112660555	812
1112660555	812
1112660555	828
1112660555	828
1112660555	843
1112660555	843
1112660555	859
1112660555	859
1112660555	875
1112660555	875
1112660555	890
1112660555	890
1112660555	906
1112660555	937
1112660555	937
1112660555	937
1112660555	937
1112660555	937
1112660555	953
1112660555	953
1112660555	968
1112660555	968
1112660555	984
1112660555	984
1112660556	0
1112660556	0
1112660556	15
1112660556	15
1112660556	31
1112660556	31
1112660556	46
1112660556	46
1112660556	62
1112660556	62
1112660556	78
1112660556	78
1112660556	93
1112660556	93
1112660556	109
1112660556	109
1112660556	125
1112660556	125
1112660556	140
1112660556	140
1112660556	156
1112660556	156
1112660556	171
1112660556	171
1112660556	187
1112660556	187
1112660556	203
1112660556	203
1112660556	218
1112660556	218
1112660556	234
1112660556	265
1112660556	265
1112660556	265
1112660556	265
1112660556	265
1112660556	281
1112660556	281
1112660556	296
1112660556	296
1112660556	312
1112660556	312
1112660556	328
1112660556	328
1112660556	343
1112660556	343
1112660556	359
1112660556	359
1112660556	375
1112660556	375
1112660556	390
1112660556	390
1112660556	406
1112660556	406
1112660556	421
1112660556	421
1112660556	437
1112660556	437
1112660556	453
1112660556	484
1112660556	484
1112660556	484
1112660556	484
1112660556	484
1112660556	500
1112660556	500
1112660556	515
1112660556	515
1112660556	531
1112660556	531
1112660556	546
1112660556	546
1112660556	562
1112660556	562
1112660556	578
1112660556	578
1112660556	593
1112660556	593
1112660556	609
1112660556	609
1112660556	625
1112660556	625
1112660556	640
1112660556	640
1112660556	656
1112660556	656
1112660556	671
1112660556	703
1112660556	703
1112660556	703
1112660556	703
1112660556	703
1112660556	718
1112660556	718
1112660556	734
1112660556	734
1112660556	750
1112660556	750
1112660556	765
1112660556	765
1112660556	781
1112660556	781
1112660556	796
1112660556	796
1112660556	812
1112660556	812
1112660556	828
1112660556	828
1112660556	843
1112660556	843
1112660556	859
1112660556	859
1112660556	875
1112660556	875
1112660556	890
1112660556	921
1112660556	921
1112660556	921
1112660556	921
1112660556	921
1112660556	937
1112660556	937
1112660556	953
1112660556	953
1112660556	968
1112660556	968
1112660556	984
1112660556	984
1112660557	0
1112660557	0
1112660557	15
1112660557	15
1112660557	31
1112660557	31
1112660557	46
1112660557	46
1112660557	62
1112660557	62
1112660557	78
1112660557	78
1112660557	93
1112660557	93
1112660557	109
1112660557	140
1112660557	140
1112660557	140
1112660557	140
1112660557	140
1112660557	156
1112660557	156
1112660557	171
1112660557	171
1112660557	187
1112660557	187
1112660557	203
1112660557	203
1112660557	218
1112660557	218
1112660557	234
1112660557	234
1112660557	250
1112660557	250
1112660557	265
1112660557	265
1112660557	281
1112660557	281
1112660557	296
1112660557	296
1112660557	312
1112660557	312
1112660557	328
1112660557	359
1112660557	359
1112660557	359
1112660557	359
1112660557	359
1112660557	375
1112660557	375
1112660557	390
1112660557	390
1112660557	406
1112660557	406
1112660557	421
1112660557	421
1112660557	437
1112660557	437
1112660557	453
1112660557	453
1112660557	468
1112660557	468
1112660557	484
1112660557	484
1112660557	500
1112660557	500
1112660557	515
1112660557	515
1112660557	531
1112660557	531
1112660557	546
1112660557	578
1112660557	578
1112660557	578
1112660557	578
1112660557	578
1112660557	593
1112660557	593
1112660557	609
1112660557	609
1112660557	625
1112660557	625
1112660557	640
1112660557	640
1112660557	656
1112660557	656
1112660557	671
1112660557	671
1112660557	687
1112660557	687
1112660557	703
1112660557	703
1112660557	718
1112660557	718
1112660557	734
1112660557	734
1112660557	750
1112660557	750
1112660557	765
1112660557	796
1112660557	796
1112660557	796
1112660557	796
1112660557	796
1112660557	812
1112660557	812
1112660557	828
1112660557	828
1112660557	843
1112660557	843
1112660557	859
1112660557	859
1112660557	875
1112660557	875
1112660557	890
1112660557	890
1112660557	906
1112660557	906
1112660557	921
1112660557	921
1112660557	937
1112660557	937
1112660557	953
1112660557	953
1112660557	968
1112660557	968
1112660557	984
1112660558	15
1112660558	15
1112660558	15
1112660558	15
1112660558	15
1112660558	31
1112660558	31
1112660558	46
1112660558	46
1112660558	62
1112660558	62
1112660558	78
1112660558	78
1112660558	93
1112660558	93
1112660558	109
1112660558	109
1112660558	125
1112660558	125
1112660558	140
1112660558	140
1112660558	156
1112660558	156
1112660558	171
1112660558	171
1112660558	187
1112660558	187
1112660558	203
1112660558	234
1112660558	234
1112660558	234
1112660558	234
1112660558	234
1112660558	250
1112660558	250
1112660558	265
1112660558	265
1112660558	281
1112660558	281
1112660558	296
1112660558	296
1112660558	312
1112660558	312
1112660558	328
1112660558	328
1112660558	343
1112660558	343
1112660558	359
1112660558	359
1112660558	375
1112660558	375
1112660558	390
1112660558	390
1112660558	406
1112660558	406
1112660558	421
1112660558	421
1112660558	437
1112660558	437
1112660558	453
1112660558	453
1112660558	468
1112660558	468
1112660558	484
1112660558	484
1112660558	500
1112660558	500
1112660558	515
1112660558	515
1112660558	531
1112660558	562
1112660558	562
1112660558	562
1112660558	562
1112660558	562
1112660558	578
1112660558	578
1112660558	593
1112660558	593
1112660558	609
1112660558	609
1112660558	625
1112660558	625
1112660558	640
1112660558	640
1112660558	656
1112660558	656
1112660558	671
1112660558	671
1112660558	687
1112660558	687
1112660558	703
1112660558	703
1112660558	718
1112660558	718
1112660558	734
1112660558	734
1112660558	750
1112660558	781
1112660558	781
1112660558	781
1112660558	781
1112660558	781
1112660558	796
1112660558	796
1112660558	812
1112660558	812
1112660558	828
1112660558	828
1112660558	843
1112660558	843
1112660558	859
1112660558	859
1112660558	875
1112660558	875
1112660558	890
1112660558	890
1112660558	906
1112660558	906
1112660558	921
1112660558	921
1112660558	937
1112660558	937
1112660558	953
1112660558	953
1112660558	968
1112660559	0
1112660559	0
1112660559	0
1112660559	0
1112660559	0
1112660559	15
1112660559	15
1112660559	31
1112660559	31
1112660559	46
1112660559	46
1112660559	62
1112660559	62
1112660559	78
1112660559	78
1112660559	93
1112660559	93
1112660559	109
1112660559	109
1112660559	125
1112660559	125
1112660559	140
1112660559	140
1112660559	156
1112660559	156
1112660559	171
1112660559	171
1112660559	187
1112660559	218
1112660559	218
1112660559	218
1112660559	218
1112660559	218
1112660559	234
1112660559	234
1112660559	250
1112660559	250
1112660559	265
1112660559	265
1112660559	281
1112660559	281
1112660559	296
1112660559	296
1112660559	312
1112660559	312
1112660559	328
1112660559	328
1112660559	343
1112660559	343
1112660559	359
1112660559	359
1112660559	375
1112660559	375
1112660559	390
1112660559	390
1112660559	406
1112660559	437
1112660559	437
1112660559	437
1112660559	437
1112660559	437
1112660559	453
1112660559	453
1112660559	468
1112660559	468
1112660559	484
1112660559	484
1112660559	500
1112660559	500
1112660559	515
1112660559	515
1112660559	531
1112660559	531
1112660559	546
1112660559	546
1112660559	562
1112660559	562
1112660559	578
1112660559	578
1112660559	593
1112660559	593
1112660559	609
1112660559	609
1112660559	625
1112660559	625
1112660559	640
1112660559	640
1112660559	656
1112660559	656
1112660559	671
1112660559	671
1112660559	687
1112660559	687
1112660559	703
1112660559	703
1112660559	718
1112660559	718
1112660559	734
1112660559	765
1112660559	765
1112660559	765
1112660559	765
1112660559	765
1112660559	781
1112660559	781
1112660559	796
1112660559	796
1112660559	812
1112660559	812
1112660559	828
1112660559	828
1112660559	843
1112660559	843
1112660559	859
1112660559	859
1112660559	875
1112660559	875
1112660559	890
1112660559	890
1112660559	906
1112660559	906
1112660559	921
1112660559	921
1112660559	937
1112660559	937
1112660559	953
1112660559	984
1112660559	984
1112660559	984
1112660559	984
1112660559	984
1112660560	0
1112660560	0
1112660560	15
1112660560	15
1112660560	31
1112660560	31
1112660560	46
1112660560	46
1112660560	62
1112660560	62
1112660560	78
1112660560	78
1112660560	93
1112660560	93
1112660560	109
1112660560	109
1112660560	125
1112660560	125
1112660560	140
1112660560	140
1112660560	156
1112660560	156
1112660560	171
1112660560	203
1112660560	203
1112660560	203
1112660560	203
1112660560	203
1112660560	218
1112660560	218
1112660560	234
1112660560	234
1112660560	250
1112660560	250
1112660560	265
1112660560	265
1112660560	281
1112660560	281
1112660560	296
1112660560	296
1112660560	312
1112660560	312
1112660560	328
1112660560	328
1112660560	343
1112660560	343
1112660560	359
1112660560	359
1112660560	375
1112660560	375
1112660560	390
1112660560	421
1112660560	421
1112660560	421
1112660560	421
1112660560	421
1112660560	437
1112660560	437
1112660560	453
1112660560	453
1112660560	468
1112660560	468
1112660560	484
1112660560	484
1112660560	500
1112660560	500
1112660560	515
1112660560	515
1112660560	531
1112660560	531
1112660560	546
1112660560	546
1112660560	562
1112660560	562
1112660560	578
1112660560	578
1112660560	593
1112660560	593
1112660560	609
1112660560	640
1112660560	640
1112660560	640
1112660560	640
1112660560	640
1112660560	656
1112660560	656
1112660560	671
1112660560	671
1112660560	687
1112660560	687
1112660560	703
1112660560	703
1112660560	718
1112660560	718
1112660560	734
1112660560	734
1112660560	750
1112660560	750
1112660560	765
1112660560	765
1112660560	781
1112660560	781
1112660560	796
1112660560	796
1112660560	812
1112660560	812
1112660560	828
1112660560	859
1112660560	859
1112660560	859
1112660560	859
1112660560	859
1112660560	875
1112660560	875
1112660560	890
1112660560	890
1112660560	906
1112660560	906
1112660560	921
1112660560	921
1112660560	937
1112660560	937
1112660560	953
1112660560	953
1112660560	968
1112660560	968
1112660560	984
1112660560	984
1112660561	0
1112660561	0
1112660561	15
1112660561	15
1112660561	31
1112660561	31
1112660561	46
1112660561	78
1112660561	78
1112660561	78
1112660561	78
1112660561	78
1112660561	93
1112660561	93
1112660561	109
1112660561	109
1112660561	125
1112660561	125
1112660561	140
1112660561	140
1112660561	156
1112660561	156
1112660561	171
1112660561	171
1112660561	187
1112660561	187
1112660561	203
1112660561	203
1112660561	218
1112660561	218
1112660561	234
1112660561	234
1112660561	250
1112660561	250
1112660561	265
1112660561	296
1112660561	296
1112660561	296
1112660561	296
1112660561	296
1112660561	312
1112660561	312
1112660561	328
1112660561	328
1112660561	343
1112660561	343
1112660561	359
1112660561	359
1112660561	375
1112660561	375
1112660561	390
1112660561	390
1112660561	406
1112660561	406
1112660561	421
1112660561	421
1112660561	437
1112660561	437
1112660561	453
1112660561	453
1112660561	468
1112660561	468
1112660561	484
1112660561	515
1112660561	515
1112660561	515
1112660561	515
1112660561	515
1112660561	531
1112660561	531
1112660561	546
1112660561	546
1112660561	562
1112660561	562
1112660561	578
1112660561	578
1112660561	593
1112660561	593
1112660561	609
1112660561	609
1112660561	625
1112660561	625
1112660561	640
1112660561	640
1112660561	656
1112660561	656
1112660561	671
1112660561	671
1112660561	687
1112660561	687
1112660561	703
1112660561	734
1112660561	734
1112660561	734
1112660561	734
1112660561	734
1112660561	750
1112660561	750
1112660561	765
1112660561	765
1112660561	781
1112660561	781
1112660561	796
1112660561	796
1112660561	812
1112660561	812
1112660561	828
1112660561	828
1112660561	843
1112660561	843
1112660561	859
1112660561	859
1112660561	875
1112660561	875
1112660561	890
1112660561	890
1112660561	906
1112660561	906
1112660561	921
1112660561	921
1112660561	937
1112660561	937
1112660561	953
1112660561	953
1112660561	968
1112660561	968
1112660561	984
1112660561	984
1112660562	0
1112660562	0
1112660562	15
1112660562	15
1112660562	31
1112660562	62
1112660562	62
1112660562	62
1112660562	62
1112660562	62
1112660562	78
1112660562	78
1112660562	93
1112660562	93
1112660562	109
1112660562	109
1112660562	125
1112660562	125
1112660562	140
1112660562	140
1112660562	156
1112660562	156
1112660562	171
1112660562	171
1112660562	187
1112660562	187
1112660562	203
1112660562	203
1112660562	218
1112660562	218
1112660562	234
1112660562	234
1112660562	250
1112660562	281
1112660562	281
1112660562	281
1112660562	281
1112660562	281
1112660562	296
1112660562	296
1112660562	312
1112660562	312
1112660562	328
1112660562	328
1112660562	343
1112660562	343
1112660562	359
1112660562	359
1112660562	375
1112660562	375
1112660562	390
1112660562	390
1112660562	406
1112660562	406
1112660562	421
1112660562	421
1112660562	437
1112660562	437
1112660562	453
1112660562	453
1112660562	468
1112660562	500
1112660562	500
1112660562	500
1112660562	500
1112660562	500
1112660562	515
1112660562	515
1112660562	531
1112660562	531
1112660562	546
1112660562	546
1112660562	562
1112660562	562
1112660562	578
1112660562	578
1112660562	593
1112660562	593
1112660562	609
1112660562	609
1112660562	625
1112660562	625
1112660562	640
1112660562	640
1112660562	656
1112660562	656
1112660562	671
1112660562	671
1112660562	687
1112660562	718
1112660562	718
1112660562	718
1112660562	718
1112660562	718
1112660562	734
1112660562	734
1112660562	750
1112660562	750
1112660562	765
1112660562	765
1112660562	781
1112660562	781
1112660562	796
1112660562	796
1112660562	812
1112660562	812
1112660562	828
1112660562	828
1112660562	843
1112660562	843
1112660562	859
1112660562	859
1112660562	875
1112660562	875
1112660562	890
1112660562	890
1112660562	906
1112660562	937
1112660562	937
1112660562	937
1112660562	937
1112660562	937
1112660562	953
1112660562	953
1112660562	968
1112660562	968
1112660562	984
1112660562	984
1112660563	0
1112660563	0
1112660563	15
1112660563	15
1112660563	31
1112660563	31
1112660563	46
1112660563	46
1112660563	62
1112660563	62
1112660563	78
1112660563	78
1112660563	93
1112660563	93
1112660563	109
1112660563	109
1112660563	125
1112660563	125
1112660563	140
1112660563	140
1112660563	156
1112660563	156
1112660563	171
1112660563	171
1112660563	187
1112660563	187
1112660563	203
1112660563	203
1112660563	218
1112660563	218
1112660563	234
1112660563	265
1112660563	265
1112660563	265
1112660563	265
1112660563	265
1112660563	281
1112660563	281
1112660563	296
1112660563	296
1112660563	312
1112660563	312
1112660563	328
1112660563	328
1112660563	343
1112660563	343
1112660563	359
1112660563	359
1112660563	375
1112660563	375
1112660563	390
1112660563	390
1112660563	406
1112660563	406
1112660563	421
1112660563	421
1112660563	437
1112660563	437
1112660563	453
1112660563	484
1112660563	484
1112660563	484
1112660563	484
1112660563	484
1112660563	500
1112660563	500
1112660563	515
1112660563	515
1112660563	531
1112660563	531
1112660563	546
1112660563	546
1112660563	562
1112660563	562
1112660563	578
1112660563	578
1112660563	593
1112660563	593
1112660563	609
1112660563	609
1112660563	625
1112660563	625
1112660563	640
1112660563	640
1112660563	656
1112660563	656
1112660563	671
1112660563	703
1112660563	703
1112660563	703
1112660563	703
1112660563	703
1112660563	718
1112660563	718
1112660563	734
1112660563	734
1112660563	750
1112660563	750
1112660563	765
1112660563	765
1112660563	781
1112660563	781
1112660563	796
1112660563	796
1112660563	812
1112660563	812
1112660563	828
1112660563	828
1112660563	843
1112660563	843
1112660563	859
1112660563	859
1112660563	875
1112660563	875
1112660563	890
1112660563	921
1112660563	921
1112660563	921
1112660563	921
1112660563	921
1112660563	937
1112660563	937
1112660563	953
1112660563	953
1112660563	968
1112660563	968
1112660563	984
1112660563	984
1112660564	0
1112660564	0
1112660564	15
1112660564	15
1112660564	31
1112660564	31
1112660564	46
1112660564	46
1112660564	62
1112660564	62
1112660564	78
1112660564	78
1112660564	93
1112660564	93
1112660564	109
1112660564	140
1112660564	140
1112660564	140
1112660564	140
1112660564	140
1112660564	156
1112660564	156
1112660564	171
1112660564	171
1112660564	187
1112660564	187
1112660564	203
1112660564	203
1112660564	218
1112660564	218
1112660564	234
1112660564	234
1112660564	250
1112660564	250
1112660564	265
1112660564	265
1112660564	281
1112660564	281
1112660564	296
1112660564	296
1112660564	312
1112660564	312
1112660564	328
1112660564	359
1112660564	359
1112660564	359
1112660564	359
1112660564	359
1112660564	375
1112660564	375
1112660564	390
1112660564	390
1112660564	406
1112660564	406
1112660564	421
1112660564	421
1112660564	437
1112660564	437
1112660564	453
1112660564	453
1112660564	468
1112660564	468
1112660564	484
1112660564	484
1112660564	500
1112660564	500
1112660564	515
1112660564	515
1112660564	531
1112660564	531
1112660564	546
1112660564	578
1112660564	578
1112660564	578
1112660564	578
1112660564	578
1112660564	593
1112660564	593
1112660564	609
1112660564	609
1112660564	625
1112660564	625
1112660564	640
1112660564	640
1112660564	656
1112660564	656
1112660564	671
1112660564	671
1112660564	687
1112660564	687
1112660564	703
1112660564	703
1112660564	718
1112660564	718
1112660564	734
1112660564	734
1112660564	750
1112660564	750
1112660564	765
1112660564	796
1112660564	796
1112660564	796
1112660564	796
1112660564	796
1112660564	812
1112660564	812
1112660564	828
1112660564	828
1112660564	843
1112660564	843
1112660564	859
1112660564	859
1112660564	875
1112660564	875
1112660564	890
1112660564	890
1112660564	906
1112660564	906
1112660564	921
1112660564	921
1112660564	937
1112660564	937
1112660564	953
1112660564	953
1112660564	968
1112660564	968
1112660564	984
1112660565	15
1112660565	15
1112660565	15
1112660565	15
1112660565	15
1112660565	31
1112660565	31
1112660565	46
1112660565	46
1112660565	62
1112660565	62
1112660565	78
1112660565	78
1112660565	93
1112660565	93
1112660565	109
1112660565	109
1112660565	125
1112660565	125
1112660565	140
1112660565	140
1112660565	156
1112660565	156
1112660565	171
1112660565	171
1112660565	187
1112660565	187
1112660565	203
1112660565	234
1112660565	234
1112660565	234
1112660565	234
1112660565	234
1112660565	250
1112660565	250
1112660565	265
1112660565	265
1112660565	281
1112660565	281
1112660565	296
1112660565	296
1112660565	312
1112660565	312
1112660565	328
1112660565	328
1112660565	343
1112660565	343
1112660565	359
1112660565	359
1112660565	375
1112660565	375
1112660565	390
1112660565	390
1112660565	406
1112660565	406
1112660565	421
1112660565	421
1112660565	437
1112660565	437
1112660565	453
1112660565	453
1112660565	468
1112660565	468
1112660565	484
1112660565	484
1112660565	500
1112660565	500
1112660565	515
1112660565	515
1112660565	531
1112660565	562
1112660565	562
1112660565	562
1112660565	562
1112660565	562
1112660565	578
1112660565	578
1112660565	593
1112660565	593
1112660565	609
1112660565	609
1112660565	625
1112660565	625
1112660565	640
1112660565	640
1112660565	656
1112660565	656
1112660565	671
1112660565	671
1112660565	687
1112660565	687
1112660565	703
1112660565	703
1112660565	718
1112660565	718
1112660565	734
1112660565	734
1112660565	750
1112660565	781
1112660565	781
1112660565	781
1112660565	781
1112660565	781
1112660565	796
1112660565	796
1112660565	812
1112660565	812
1112660565	828
1112660565	828
1112660565	843
1112660565	843
1112660565	859
1112660565	859
1112660565	875
1112660565	875
1112660565	890
1112660565	890
1112660565	906
1112660565	906
1112660565	921
1112660565	921
1112660565	937
1112660565	937
1112660565	953
1112660565	953
1112660565	968
1112660566	0
1112660566	0
1112660566	0
1112660566	0
1112660566	0
1112660566	15
1112660566	15
1112660566	31
1112660566	31
1112660566	46
1112660566	46
1112660566	62
1112660566	62
1112660566	78
1112660566	78
1112660566	93
1112660566	93
1112660566	109
1112660566	109
1112660566	125
1112660566	125
1112660566	140
1112660566	140
1112660566	156
1112660566	156
1112660566	171
1112660566	171
1112660566	187
1112660566	218
1112660566	218
1112660566	218
1112660566	218
1112660566	218
1112660566	234
1112660566	234
1112660566	250
1112660566	250
1112660566	265
1112660566	265
1112660566	281
1112660566	281
1112660566	296
1112660566	296
1112660566	312
1112660566	312
1112660566	328
1112660566	328
1112660566	343
1112660566	343
1112660566	359
1112660566	359
1112660566	375
1112660566	375
1112660566	390
1112660566	390
1112660566	406
1112660566	437
1112660566	437
1112660566	437
1112660566	437
1112660566	437
1112660566	453
1112660566	453
1112660566	468
1112660566	468
1112660566	484
1112660566	484
1112660566	500
1112660566	500
1112660566	515
1112660566	515
1112660566	531
1112660566	531
1112660566	546
1112660566	546
1112660566	562
1112660566	562
1112660566	578
1112660566	578
1112660566	593
1112660566	593
1112660566	609
1112660566	609
1112660566	625
1112660566	625
1112660566	640
1112660566	640
1112660566	656
1112660566	656
1112660566	671
1112660566	671
1112660566	687
1112660566	687
1112660566	703
1112660566	703
1112660566	718
1112660566	718
1112660566	734
1112660566	765
1112660566	765
1112660566	765
1112660566	765
1112660566	765
1112660566	781
1112660566	781
1112660566	796
1112660566	796
1112660566	812
1112660566	812
1112660566	828
1112660566	828
1112660566	843
1112660566	843
1112660566	859
1112660566	859
1112660566	875
1112660566	875
1112660566	890
1112660566	890
1112660566	906
1112660566	906
1112660566	921
1112660566	921
1112660566	937
1112660566	937
1112660566	953
1112660566	984
1112660566	984
1112660566	984
1112660566	984
1112660566	984
1112660567	0
1112660567	0
1112660567	15
1112660567	15
1112660567	31
1112660567	31
1112660567	46
1112660567	46
1112660567	62
1112660567	62
1112660567	78
1112660567	78
1112660567	93
1112660567	93
1112660567	109
1112660567	109
1112660567	125
1112660567	125
1112660567	140
1112660567	140
1112660567	156
1112660567	156
1112660567	171
1112660567	203
1112660567	203
1112660567	203
1112660567	203
1112660567	203
1112660567	218
1112660567	218
1112660567	234
1112660567	234
1112660567	250
1112660567	250
1112660567	265
1112660567	265
1112660567	281
1112660567	281
1112660567	296
1112660567	296
1112660567	312
1112660567	312
1112660567	328
1112660567	328
1112660567	343
1112660567	343
1112660567	359
1112660567	359
1112660567	375
1112660567	375
1112660567	390
1112660567	421
1112660567	421
1112660567	421
1112660567	421
1112660567	421
1112660567	437
1112660567	437
1112660567	453
1112660567	453
1112660567	468
1112660567	468
1112660567	484
1112660567	484
1112660567	500
1112660567	500
1112660567	515
1112660567	515
1112660567	531
1112660567	531
1112660567	546
1112660567	546
1112660567	562
1112660567	562
1112660567	578
1112660567	578
1112660567	593
1112660567	593
1112660567	609
1112660567	640
1112660567	640
1112660567	640
1112660567	640
1112660567	640
1112660567	656
1112660567	656
1112660567	671
1112660567	671
1112660567	687
1112660567	687
1112660567	703
1112660567	703
1112660567	718
1112660567	718
1112660567	734
1112660567	734
1112660567	750
1112660567	750
1112660567	765
1112660567	765
1112660567	781
1112660567	781
1112660567	796
1112660567	796
1112660567	812
1112660567	812
1112660567	828
1112660567	859
1112660567	859
1112660567	859
1112660567	859
1112660567	859
1112660567	875
1112660567	875
1112660567	890
1112660567	890
1112660567	906
1112660567	906
1112660567	921
1112660567	921
1112660567	937
1112660567	937
1112660567	953
1112660567	953
1112660567	968
1112660567	968
1112660567	984
1112660567	984
1112660568	0
1112660568	0
1112660568	15
1112660568	15
1112660568	31
1112660568	31
1112660568	46
1112660568	78
1112660568	78
1112660568	78
1112660568	78
1112660568	78
1112660568	93
1112660568	93
1112660568	109
1112660568	109
1112660568	125
1112660568	125
1112660568	140
1112660568	140
1112660568	156
1112660568	156
1112660568	171
1112660568	171
1112660568	187
1112660568	187
1112660568	203
1112660568	203
1112660568	218
1112660568	218
1112660568	234
1112660568	234
1112660568	250
1112660568	250
1112660568	265
1112660568	296
1112660568	296
1112660568	296
1112660568	296
1112660568	296
1112660568	312
1112660568	312
1112660568	328
1112660568	328
1112660568	343
1112660568	343
1112660568	359
1112660568	359
1112660568	375
1112660568	375
1112660568	390
1112660568	390
1112660568	406
1112660568	406
1112660568	421
1112660568	421
1112660568	437
1112660568	437
1112660568	453
1112660568	453
1112660568	468
1112660568	468
1112660568	484
1112660568	515
1112660568	515
1112660568	515
1112660568	515
1112660568	515
1112660568	531
1112660568	531
1112660568	546
1112660568	546
1112660568	562
1112660568	562
1112660568	578
1112660568	578
1112660568	593
1112660568	593
1112660568	609
1112660568	609
1112660568	625
1112660568	625
1112660568	640
1112660568	640
1112660568	656
1112660568	656
1112660568	671
1112660568	671
1112660568	687
1112660568	687
1112660568	703
1112660568	734
1112660568	734
1112660568	734
1112660568	734
1112660568	734
1112660568	750
1112660568	750
1112660568	765
1112660568	765
1112660568	781
1112660568	781
1112660568	796
1112660568	796
1112660568	812
1112660568	812
1112660568	828
1112660568	828
1112660568	843
1112660568	843
1112660568	859
1112660568	859
1112660568	875
1112660568	875
1112660568	890
1112660568	890
1112660568	906
1112660568	906
1112660568	921
1112660568	921
1112660568	937
1112660568	937
1112660568	953
1112660568	953
1112660568	968
1112660568	968
1112660568	984
1112660568	984
1112660569	0
1112660569	0
1112660569	15
1112660569	15
1112660569	31
1112660569	62
1112660569	62
1112660569	62
1112660569	62
1112660569	62
1112660569	78
1112660569	78
1112660569	93
1112660569	93
1112660569	109
1112660569	109
1112660569	125
1112660569	125
1112660569	140
1112660569	140
1112660569	156
1112660569	156
1112660569	171
1112660569	171
1112660569	187
1112660569	187
1112660569	203
1112660569	203
1112660569	218
1112660569	218
1112660569	234
1112660569	234
1112660569	250
1112660569	281
1112660569	281
1112660569	281
1112660569	281
1112660569	281
1112660569	296
1112660569	296
1112660569	312
1112660569	312
1112660569	328
1112660569	328
1112660569	343
1112660569	343
1112660569	359
1112660569	359
1112660569	375
1112660569	375
1112660569	390
1112660569	390
1112660569	406
1112660569	406
1112660569	421
1112660569	421
1112660569	437
1112660569	437
1112660569	453
1112660569	453
1112660569	468
1112660569	500
1112660569	500
1112660569	500
1112660569	500
1112660569	500
1112660569	515
1112660569	515
1112660569	531
1112660569	531
1112660569	546
1112660569	546
1112660569	562
1112660569	562
1112660569	578
1112660569	578
1112660569	593
1112660569	593
1112660569	609
1112660569	609
1112660569	625
1112660569	625
1112660569	640
1112660569	640
1112660569	656
1112660569	656
1112660569	671
1112660569	671
1112660569	687
1112660569	718
1112660569	718
1112660569	718
1112660569	718
1112660569	718
1112660569	734
1112660569	734
1112660569	750
1112660569	750
1112660569	765
1112660569	765
1112660569	781
1112660569	781
1112660569	796
1112660569	796
1112660569	812
1112660569	812
1112660569	828
1112660569	828
1112660569	843
1112660569	843
1112660569	859
1112660569	859
1112660569	875
1112660569	875
1112660569	890
1112660569	890
1112660569	906
1112660569	937
1112660569	937
1112660569	937
1112660569	937
1112660569	937
1112660569	953
1112660569	953
1112660569	968
1112660569	968
1112660569	984
1112660569	984
1112660570	0
1112660570	0
1112660570	15
1112660570	15
1112660570	31
1112660570	31
1112660570	46
1112660570	46
1112660570	62
1112660570	62
1112660570	78
1112660570	78
1112660570	93
1112660570	93
1112660570	109
1112660570	109
1112660570	125
1112660570	125
1112660570	140
1112660570	140
1112660570	156
1112660570	156
1112660570	171
1112660570	171
1112660570	187
1112660570	187
1112660570	203
1112660570	203
1112660570	218
1112660570	218
1112660570	234
1112660570	265
1112660570	265
1112660570	265
1112660570	265
1112660570	265
1112660570	281
1112660570	281
1112660570	296
1112660570	296
1112660570	312
1112660570	312
1112660570	328
1112660570	328
1112660570	343
1112660570	343
1112660570	359
1112660570	359
1112660570	375
1112660570	375
1112660570	390
1112660570	390
1112660570	406
1112660570	406
1112660570	421
1112660570	421
1112660570	437
1112660570	437
1112660570	453
1112660570	484
1112660570	484
1112660570	484
1112660570	484
1112660570	484
1112660570	500
1112660570	500
1112660570	515
1112660570	515
1112660570	531
1112660570	531
1112660570	546
1112660570	546
1112660570	562
1112660570	562
1112660570	578
1112660570	578
1112660570	593
1112660570	593
1112660570	609
1112660570	609
1112660570	625
1112660570	625
1112660570	640
1112660570	640
1112660570	656
1112660570	656
1112660570	671
1112660570	703
1112660570	703
1112660570	703
1112660570	703
1112660570	703
1112660570	718
1112660570	718
1112660570	734
1112660570	734
1112660570	750
1112660570	750
1112660570	765
1112660570	765
1112660570	781
1112660570	781
1112660570	796
1112660570	796
1112660570	812
1112660570	812
1112660570	828
1112660570	828
1112660570	843
1112660570	843
1112660570	859
1112660570	859
1112660570	875
1112660570	875
1112660570	890
1112660570	921
1112660570	921
1112660570	921
1112660570	921
1112660570	921
1112660570	937
1112660570	937
1112660570	953
1112660570	953
1112660570	968
1112660570	968
1112660570	984
1112660570	984
1112660571	0
1112660571	0
1112660571	15
1112660571	15
1112660571	31
1112660571	31
1112660571	46
1112660571	46
1112660571	62
1112660571	62
1112660571	78
1112660571	78
1112660571	93
1112660571	93
1112660571	109
1112660571	140
1112660571	140
1112660571	140
1112660571	140
1112660571	140
1112660571	156
1112660571	156
1112660571	171
1112660571	171
1112660571	187
1112660571	187
1112660571	203
1112660571	203
1112660571	218
1112660571	218
1112660571	234
1112660571	234
1112660571	250
1112660571	250
1112660571	265
1112660571	265
1112660571	281
1112660571	281
1112660571	296
1112660571	296
1112660571	312
1112660571	312
1112660571	328
1112660571	359
1112660571	359
1112660571	359
1112660571	359
1112660571	359
1112660571	375
1112660571	375
1112660571	390
1112660571	390
1112660571	406
1112660571	406
1112660571	421
1112660571	421
1112660571	437
1112660571	437
1112660571	453
1112660571	453
1112660571	468
1112660571	468
1112660571	484
1112660571	484
1112660571	500
1112660571	500
1112660571	515
1112660571	515
1112660571	531
1112660571	531
1112660571	546
1112660571	578
1112660571	578
1112660571	578
1112660571	578
1112660571	578
1112660571	593
1112660571	593
1112660571	609
1112660571	609
1112660571	625
1112660571	625
1112660571	640
1112660571	640
1112660571	656
1112660571	656
1112660571	671
1112660571	671
1112660571	687
1112660571	687
1112660571	703
1112660571	703
1112660571	718
1112660571	718
1112660571	734
1112660571	734
1112660571	750
1112660571	750
1112660571	765
1112660571	796
1112660571	796
1112660571	796
1112660571	796
1112660571	796
1112660571	812
1112660571	812
1112660571	828
1112660571	828
1112660571	843
1112660571	843
1112660571	859
1112660571	859
1112660571	875
1112660571	875
1112660571	890
1112660571	890
1112660571	906
1112660571	906
1112660571	921
1112660571	921
1112660571	937
1112660571	937
1112660571	953
1112660571	953
1112660571	968
1112660571	968
1112660571	984
1112660572	15
1112660572	15
1112660572	15
1112660572	15
1112660572	15
1112660572	31
1112660572	31
1112660572	46
1112660572	46
1112660572	62
1112660572	62
1112660572	78
1112660572	78
1112660572	93
1112660572	93
1112660572	109
1112660572	109
1112660572	125
1112660572	125
1112660572	140
1112660572	140
1112660572	156
1112660572	156
1112660572	171
1112660572	171
1112660572	187
1112660572	187
1112660572	203
1112660572	234
1112660572	234
1112660572	234
1112660572	234
1112660572	234
1112660572	250
1112660572	250
1112660572	265
1112660572	265
1112660572	281
1112660572	281
1112660572	296
1112660572	296
1112660572	312
1112660572	312
1112660572	328
1112660572	328
1112660572	343
1112660572	343
1112660572	359
1112660572	359
1112660572	375
1112660572	375
1112660572	390
1112660572	390
1112660572	406
1112660572	406
1112660572	421
1112660572	421
1112660572	437
1112660572	437
1112660572	453
1112660572	453
1112660572	468
1112660572	468
1112660572	484
1112660572	484
1112660572	500
1112660572	500
1112660572	515
1112660572	515
1112660572	531
1112660572	562
1112660572	562
1112660572	562
1112660572	562
1112660572	562
1112660572	578
1112660572	578
1112660572	593
1112660572	593
1112660572	609
1112660572	609
1112660572	625
1112660572	625
1112660572	640
1112660572	640
1112660572	656
1112660572	656
1112660572	671
1112660572	671
1112660572	687
1112660572	687
1112660572	703
1112660572	703
1112660572	718
1112660572	718
1112660572	734
1112660572	734
1112660572	750
1112660572	781
1112660572	781
1112660572	781
1112660572	781
1112660572	781
1112660572	796
1112660572	796
1112660572	812
1112660572	812
1112660572	828
1112660572	828
1112660572	843
1112660572	843
1112660572	859
1112660572	859
1112660572	875
1112660572	875
1112660572	890
1112660572	890
1112660572	906
1112660572	906
1112660572	921
1112660572	921
1112660572	937
1112660572	937
1112660572	953
1112660572	953
1112660572	968
1112660573	0
1112660573	0
1112660573	0
1112660573	0
1112660573	0
1112660573	15
1112660573	15
1112660573	31
1112660573	31
1112660573	46
1112660573	46
1112660573	62
1112660573	62
1112660573	78
1112660573	78
1112660573	93
1112660573	93
1112660573	109
1112660573	109
1112660573	125
1112660573	125
1112660573	140
1112660573	140
1112660573	156
1112660573	156
1112660573	171
1112660573	171
1112660573	187
1112660573	218
1112660573	218
1112660573	218
1112660573	218
1112660573	218
1112660573	234
1112660573	234
1112660573	250
1112660573	250
1112660573	265
1112660573	265
1112660573	281
1112660573	281
1112660573	296
1112660573	296
1112660573	312
1112660573	312
1112660573	328
1112660573	328
1112660573	343
1112660573	343
1112660573	359
1112660573	359
1112660573	375
1112660573	375
1112660573	390
1112660573	390
1112660573	406
1112660573	437
1112660573	437
1112660573	437
1112660573	437
1112660573	437
1112660573	453
1112660573	453
1112660573	468
1112660573	468
1112660573	484
1112660573	484
1112660573	500
1112660573	500
1112660573	515
1112660573	515
1112660573	531
1112660573	531
1112660573	546
1112660573	546
1112660573	562
1112660573	562
1112660573	578
1112660573	578
1112660573	593
1112660573	593
1112660573	609
1112660573	609
1112660573	625
1112660573	625
1112660573	640
1112660573	640
1112660573	656
1112660573	656
1112660573	671
1112660573	671
1112660573	687
1112660573	687
1112660573	703
1112660573	703
1112660573	718
1112660573	718
1112660573	734
1112660573	765
1112660573	765
1112660573	765
1112660573	765
1112660573	765
1112660573	781
1112660573	781
1112660573	796
1112660573	796
1112660573	812
1112660573	812
1112660573	828
1112660573	828
1112660573	843
1112660573	843
1112660573	859
1112660573	859
1112660573	875
1112660573	875
1112660573	890
1112660573	890
1112660573	906
1112660573	906
1112660573	921
1112660573	921
1112660573	937
1112660573	937
1112660573	953
1112660573	984
1112660573	984
1112660573	984
1112660573	984
1112660573	984
1112660574	0
1112660574	0
1112660574	15
1112660574	15
1112660574	31
1112660574	31
1112660574	46
1112660574	46
1112660574	62
1112660574	62
1112660574	78
1112660574	78
1112660574	93
1112660574	93
1112660574	109
1112660574	109
1112660574	125
1112660574	125
1112660574	140
1112660574	140
1112660574	156
1112660574	156
1112660574	171
1112660574	203
1112660574	203
1112660574	203
1112660574	203
1112660574	203
1112660574	218
1112660574	218
1112660574	234
1112660574	234
1112660574	250
1112660574	250
1112660574	265
1112660574	265
1112660574	281
1112660574	281
1112660574	296
1112660574	296
1112660574	312
1112660574	312
1112660574	328
1112660574	328
1112660574	343
1112660574	343
1112660574	359
1112660574	359
1112660574	375
1112660574	375
1112660574	390
1112660574	421
1112660574	421
1112660574	421
1112660574	421
1112660574	421
1112660574	437
1112660574	437
1112660574	453
1112660574	453
1112660574	468
1112660574	468
1112660574	484
1112660574	484
1112660574	500
1112660574	500
1112660574	515
1112660574	515
1112660574	531
1112660574	531
1112660574	546
1112660574	546
1112660574	562
1112660574	562
1112660574	578
1112660574	578
1112660574	593
1112660574	593
1112660574	609
1112660574	640
1112660574	640
1112660574	640
1112660574	640
1112660574	640
1112660574	656
1112660574	656
1112660574	671
1112660574	671
1112660574	687
1112660574	687
1112660574	703
1112660574	703
1112660574	718
1112660574	718
1112660574	734
1112660574	734
1112660574	750
1112660574	750
1112660574	765
1112660574	765
1112660574	781
1112660574	781
1112660574	796
1112660574	796
1112660574	812
1112660574	812
1112660574	828
1112660574	859
1112660574	859
1112660574	859
1112660574	859
1112660574	859
1112660574	875
1112660574	875
1112660574	890
1112660574	890
1112660574	906
1112660574	906
1112660574	921
1112660574	921
1112660574	937
1112660574	937
1112660574	953
1112660574	953
1112660574	968
1112660574	968
1112660574	984
1112660574	984
1112660575	0
1112660575	0
1112660575	15
1112660575	15
1112660575	31
1112660575	31
1112660575	46
1112660575	78
1112660575	78
1112660575	78
1112660575	78
1112660575	78
1112660575	93
1112660575	93
1112660575	109
1112660575	109
1112660575	125
1112660575	125
1112660575	140
1112660575	140
1112660575	156
1112660575	156
1112660575	171
1112660575	171
1112660575	187
1112660575	187
1112660575	203
1112660575	203
1112660575	218
1112660575	218
1112660575	234
1112660575	234
1112660575	250
1112660575	250
1112660575	265
1112660575	296
1112660575	296
1112660575	296
1112660575	296
1112660575	296
1112660575	312
1112660575	312
1112660575	328
1112660575	328
1112660575	343
1112660575	343
1112660575	359
1112660575	359
1112660575	375
1112660575	375
1112660575	390
1112660575	390
1112660575	406
1112660575	406
1112660575	421
1112660575	421
1112660575	437
1112660575	437
1112660575	453
1112660575	453
1112660575	468
1112660575	468
1112660575	484
1112660575	515
1112660575	515
1112660575	515
1112660575	515
1112660575	515
1112660575	531
1112660575	531
1112660575	546
1112660575	546
1112660575	562
1112660575	562
1112660575	578
1112660575	578
1112660575	593
1112660575	593
1112660575	609
1112660575	609
1112660575	625
1112660575	625
1112660575	640
1112660575	640
1112660575	656
1112660575	656
1112660575	671
1112660575	671
1112660575	687
1112660575	687
1112660575	703
1112660575	734
1112660575	734
1112660575	734
1112660575	734
1112660575	734
1112660575	750
1112660575	750
1112660575	765
1112660575	765
1112660575	781
1112660575	781
1112660575	796
1112660575	796
1112660575	812
1112660575	812
1112660575	828
1112660575	828
1112660575	843
1112660575	843
1112660575	859
1112660575	859
1112660575	875
1112660575	875
1112660575	890
1112660575	890
1112660575	906
1112660575	906
1112660575	921
1112660575	921
1112660575	937
1112660575	937
1112660575	953
1112660575	953
1112660575	968
1112660575	968
1112660575	984
1112660575	984
1112660576	0
1112660576	0
1112660576	15
1112660576	15
1112660576	31
1112660576	62
1112660576	62
1112660576	62
1112660576	62
1112660576	62
1112660576	78
1112660576	78
1112660576	93
1112660576	93
1112660576	109
1112660576	109
1112660576	125
1112660576	125
1112660576	140
1112660576	140
1112660576	156
1112660576	156
1112660576	171
1112660576	171
1112660576	187
1112660576	187
1112660576	203
1112660576	203
1112660576	218
1112660576	218
1112660576	234
1112660576	234
1112660576	250
1112660576	281
1112660576	281
1112660576	281
1112660576	281
1112660576	281
1112660576	296
1112660576	296
1112660576	312
1112660576	312
1112660576	328
1112660576	328
1112660576	343
1112660576	343
1112660576	359
1112660576	359
1112660576	375
1112660576	375
1112660576	390
1112660576	390
1112660576	406
1112660576	406
1112660576	421
1112660576	421
1112660576	437
1112660576	437
1112660576	453
1112660576	453
1112660576	468
1112660576	500
1112660576	500
1112660576	500
1112660576	500
1112660576	500
1112660576	515
1112660576	515
1112660576	531
1112660576	531
1112660576	546
1112660576	546
1112660576	562
1112660576	562
1112660576	578
1112660576	578
1112660576	593
1112660576	593
1112660576	609
1112660576	609
1112660576	625
1112660576	625
1112660576	640
1112660576	640
1112660576	656
1112660576	656
1112660576	671
1112660576	671
1112660576	687
1112660576	718
1112660576	718
1112660576	718
1112660576	718
1112660576	718
1112660576	734
1112660576	734
1112660576	750
1112660576	750
1112660576	765
1112660576	765
1112660576	781
1112660576	781
1112660576	796
1112660576	796
1112660576	812
1112660576	812
1112660576	828
1112660576	828
1112660576	843
1112660576	843
1112660576	859
1112660576	859
1112660576	875
1112660576	875
1112660576	890
1112660576	890
1112660576	906
1112660576	937
1112660576	937
1112660576	937
1112660576	937
1112660576	937
1112660576	953
1112660576	953
1112660576	968
1112660576	968
1112660576	984
1112660576	984
1112660577	0
1112660577	0
1112660577	15
1112660577	15
1112660577	31
1112660577	31
1112660577	46
1112660577	46
1112660577	62
1112660577	62
1112660577	78
1112660577	78
1112660577	93
1112660577	93
1112660577	109
1112660577	109
1112660577	125
1112660577	125
1112660577	140
1112660577	140
1112660577	156
1112660577	156
1112660577	171
1112660577	171
1112660577	187
1112660577	187
1112660577	203
1112660577	203
1112660577	218
1112660577	218
1112660577	234
1112660577	265
1112660577	265
1112660577	265
1112660577	265
1112660577	265
1112660577	281
1112660577	281
1112660577	296
1112660577	296
1112660577	312
1112660577	312
1112660577	328
1112660577	328
1112660577	343
1112660577	343
1112660577	359
1112660577	359
1112660577	375
1112660577	375
1112660577	390
1112660577	390
1112660577	406
1112660577	406
1112660577	421
1112660577	421
1112660577	437
1112660577	437
1112660577	453
1112660577	484
1112660577	484
1112660577	484
1112660577	484
1112660577	484
1112660577	500
1112660577	500
1112660577	515
1112660577	515
1112660577	531
1112660577	531
1112660577	546
1112660577	546
1112660577	562
1112660577	562
1112660577	578
1112660577	578
1112660577	593
1112660577	593
1112660577	609
1112660577	609
1112660577	625
1112660577	625
1112660577	640
1112660577	640
1112660577	656
1112660577	656
1112660577	671
1112660577	703
1112660577	703
1112660577	703
1112660577	703
1112660577	703
1112660577	718
1112660577	718
1112660577	734
1112660577	734
1112660577	750
1112660577	750
1112660577	765
1112660577	765
1112660577	781
1112660577	781
1112660577	796
1112660577	796
1112660577	812
1112660577	812
1112660577	828
1112660577	828
1112660577	843
1112660577	843
1112660577	859
1112660577	859
1112660577	875
1112660577	875
1112660577	890
1112660577	921
1112660577	921
1112660577	921
1112660577	921
1112660577	921
1112660577	937
1112660577	937
1112660577	953
1112660577	953
1112660577	968
1112660577	968
1112660577	984
1112660577	984
1112660578	0
1112660578	0
1112660578	15
1112660578	15
1112660578	31
1112660578	31
1112660578	46
1112660578	46
1112660578	62
1112660578	62
1112660578	78
1112660578	78
1112660578	93
1112660578	93
1112660578	109
1112660578	140
1112660578	140
1112660578	140
1112660578	140
1112660578	140
1112660578	156
1112660578	156
1112660578	171
1112660578	171
1112660578	187
1112660578	187
1112660578	203
1112660578	203
1112660578	218
1112660578	218
1112660578	234
1112660578	234
1112660578	250
1112660578	250
1112660578	265
1112660578	265
1112660578	281
1112660578	281
1112660578	296
1112660578	296
1112660578	312
1112660578	312
1112660578	328
1112660578	359
1112660578	359
1112660578	359
1112660578	359
1112660578	359
1112660578	375
1112660578	375
1112660578	390
1112660578	390
1112660578	406
1112660578	406
1112660578	421
1112660578	421
1112660578	437
1112660578	437
1112660578	453
1112660578	453
1112660578	468
1112660578	468
1112660578	484
1112660578	484
1112660578	500
1112660578	500
1112660578	515
1112660578	515
1112660578	531
1112660578	531
1112660578	546
1112660578	578
1112660578	578
1112660578	578
1112660578	578
1112660578	578
1112660578	593
1112660578	593
1112660578	609
1112660578	609
1112660578	625
1112660578	625
1112660578	640
1112660578	640
1112660578	656
1112660578	656
1112660578	671
1112660578	671
1112660578	687
1112660578	687
1112660578	703
1112660578	703
1112660578	718
1112660578	718
1112660578	734
1112660578	734
1112660578	750
1112660578	750
1112660578	765
1112660578	796
1112660578	796
1112660578	796
1112660578	796
1112660578	796
1112660578	812
1112660578	812
1112660578	828
1112660578	828
1112660578	843
1112660578	843
1112660578	859
1112660578	859
1112660578	875
1112660578	875
1112660578	890
1112660578	890
1112660578	906
1112660578	906
1112660578	921
1112660578	921
1112660578	937
1112660578	937
1112660578	953
1112660578	953
1112660578	968
1112660578	968
1112660578	984
1112660579	15
1112660579	15
1112660579	15
1112660579	15
1112660579	15
1112660579	31
1112660579	31
1112660579	46
1112660579	46
1112660579	62
1112660579	62
1112660579	78
1112660579	78
1112660579	93
1112660579	93
1112660579	109
1112660579	109
1112660579	125
1112660579	125
1112660579	140
1112660579	140
1112660579	156
1112660579	156
1112660579	171
1112660579	171
1112660579	187
1112660579	187
1112660579	203
1112660579	234
1112660579	234
1112660579	234
1112660579	234
1112660579	234
1112660579	250
1112660579	250
1112660579	265
1112660579	265
1112660579	281
1112660579	281
1112660579	296
1112660579	296
1112660579	312
1112660579	312
1112660579	328
1112660579	328
1112660579	343
1112660579	343
1112660579	359
1112660579	359
1112660579	375
1112660579	375
1112660579	390
1112660579	390
1112660579	406
1112660579	406
1112660579	421
1112660579	421
1112660579	437
1112660579	437
1112660579	453
1112660579	453
1112660579	468
1112660579	468
1112660579	484
1112660579	484
1112660579	500
1112660579	500
1112660579	515
1112660579	515
1112660579	531
1112660579	562
1112660579	562
1112660579	562
1112660579	562
1112660579	562
1112660579	578
1112660579	578
1112660579	593
1112660579	593
1112660579	609
1112660579	609
1112660579	625
1112660579	625
1112660579	640
1112660579	640
1112660579	656
1112660579	656
1112660579	671
1112660579	671
1112660579	687
1112660579	687
1112660579	703
1112660579	703
1112660579	718
1112660579	718
1112660579	734
1112660579	734
1112660579	750
1112660579	781
1112660579	781
1112660579	781
1112660579	781
1112660579	781
1112660579	796
1112660579	796
1112660579	812
1112660579	812
1112660579	828
1112660579	828
1112660579	843
1112660579	843
1112660579	859
1112660579	859
1112660579	875
1112660579	875
1112660579	890
1112660579	890
1112660579	906
1112660579	906
1112660579	921
1112660579	921
1112660579	937
1112660579	937
1112660579	953
1112660579	953
1112660579	968
1112660580	0
1112660580	0
1112660580	0
1112660580	0
1112660580	0
1112660580	15
1112660580	15
1112660580	31
1112660580	31
1112660580	46
1112660580	46
1112660580	62
1112660580	62
1112660580	78
1112660580	78
1112660580	93
1112660580	93
1112660580	109
1112660580	109
1112660580	125
1112660580	125
1112660580	140
1112660580	140
1112660580	156
1112660580	156
1112660580	171
1112660580	171
1112660580	187
1112660580	218
1112660580	218
1112660580	218
1112660580	218
1112660580	218
1112660580	234
1112660580	234
1112660580	250
1112660580	250
1112660580	265
1112660580	265
1112660580	281
1112660580	281
1112660580	296
1112660580	296
1112660580	312
1112660580	312
1112660580	328
1112660580	328
1112660580	343
1112660580	343
1112660580	359
1112660580	359
1112660580	375
1112660580	375
1112660580	390
1112660580	390
1112660580	406
1112660580	437
1112660580	437
1112660580	437
1112660580	437
1112660580	437
1112660580	453
1112660580	453
1112660580	468
1112660580	468
1112660580	484
1112660580	484
1112660580	500
1112660580	500
1112660580	515
1112660580	515
1112660580	531
1112660580	531
1112660580	546
1112660580	546
1112660580	562
1112660580	562
1112660580	578
1112660580	578
1112660580	593
1112660580	593
1112660580	609
1112660580	609
1112660580	625
1112660580	625
1112660580	640
1112660580	640
1112660580	656
1112660580	656
1112660580	671
1112660580	671
1112660580	687
1112660580	687
1112660580	703
1112660580	703
1112660580	718
1112660580	718
1112660580	734
1112660580	765
1112660580	765
1112660580	765
1112660580	765
1112660580	765
1112660580	781
1112660580	781
1112660580	796
1112660580	796
1112660580	812
1112660580	812
1112660580	828
1112660580	828
1112660580	843
1112660580	843
1112660580	859
1112660580	859
1112660580	875
1112660580	875
1112660580	890
1112660580	890
1112660580	906
1112660580	906
1112660580	921
1112660580	921
1112660580	937
1112660580	937
1112660580	953
1112660580	984
1112660580	984
1112660580	984
1112660580	984
1112660580	984
1112660581	0
1112660581	0
1112660581	15
1112660581	15
1112660581	31
1112660581	31
1112660581	46
1112660581	46
1112660581	62
1112660581	62
1112660581	78
1112660581	78
1112660581	93
1112660581	93
1112660581	109
1112660581	109
1112660581	125
1112660581	125
1112660581	140
1112660581	140
1112660581	156
1112660581	156
1112660581	171
1112660581	203
1112660581	203
1112660581	203
1112660581	203
1112660581	203
1112660581	218
1112660581	218
1112660581	234
1112660581	234
1112660581	250
1112660581	250
1112660581	265
1112660581	265
1112660581	281
1112660581	281
1112660581	296
1112660581	296
1112660581	312
1112660581	312
1112660581	328
1112660581	328
1112660581	343
1112660581	343
1112660581	359
1112660581	359
1112660581	375
1112660581	375
1112660581	390
1112660581	421
1112660581	421
1112660581	421
1112660581	421
1112660581	421
1112660581	437
1112660581	437
1112660581	453
1112660581	453
1112660581	468
1112660581	468
1112660581	484
1112660581	484
1112660581	500
1112660581	500
1112660581	515
1112660581	515
1112660581	531
1112660581	531
1112660581	546
1112660581	546
1112660581	562
1112660581	562
1112660581	578
1112660581	578
1112660581	593
1112660581	593
1112660581	609
1112660581	640
1112660581	640
1112660581	640
1112660581	640
1112660581	640
1112660581	656
1112660581	656
1112660581	671
1112660581	671
1112660581	687
1112660581	687
1112660581	703
1112660581	703
1112660581	718
1112660581	718
1112660581	734
1112660581	734
1112660581	750
1112660581	750
1112660581	765
1112660581	765
1112660581	781
1112660581	781
1112660581	796
1112660581	796
1112660581	812
1112660581	812
1112660581	828
1112660581	859
1112660581	859
1112660581	859
1112660581	859
1112660581	859
1112660581	875
1112660581	875
1112660581	890
1112660581	890
1112660581	906
1112660581	906
1112660581	921
1112660581	921
1112660581	937
1112660581	937
1112660581	953
1112660581	953
1112660581	968
1112660581	968
1112660581	984
1112660581	984
1112660582	0
1112660582	0
1112660582	15
1112660582	15
1112660582	31
1112660582	31
1112660582	46
1112660582	78
1112660582	78
1112660582	78
1112660582	78
1112660582	78
1112660582	93
1112660582	93
1112660582	109
1112660582	109
1112660582	125
1112660582	125
1112660582	140
1112660582	140
1112660582	156
1112660582	156
1112660582	171
1112660582	171
1112660582	187
1112660582	187
1112660582	203
1112660582	203
1112660582	218
1112660582	218
1112660582	234
1112660582	234
1112660582	250
1112660582	250
1112660582	265
1112660582	296
1112660582	296
1112660582	296
1112660582	296
1112660582	296
1112660582	312
1112660582	312
1112660582	328
1112660582	328
1112660582	343
1112660582	343
1112660582	359
1112660582	359
1112660582	375
1112660582	375
1112660582	390
1112660582	390
1112660582	406
1112660582	406
1112660582	421
1112660582	421
1112660582	437
1112660582	437
1112660582	453
1112660582	453
1112660582	468
1112660582	468
1112660582	484
1112660582	515
1112660582	515
1112660582	515
1112660582	515
1112660582	515
1112660582	531
1112660582	531
1112660582	546
1112660582	546
1112660582	562
1112660582	562
1112660582	578
1112660582	578
1112660582	593
1112660582	593
1112660582	609
1112660582	609
1112660582	625
1112660582	625
1112660582	640
1112660582	640
1112660582	656
1112660582	656
1112660582	671
1112660582	671
1112660582	687
1112660582	687
1112660582	703
1112660582	734
1112660582	734
1112660582	734
1112660582	734
1112660582	734
1112660582	750
1112660582	750
1112660582	765
1112660582	765
1112660582	781
1112660582	781
1112660582	796
1112660582	796
1112660582	812
1112660582	812
1112660582	828
1112660582	828
1112660582	843
1112660582	843
1112660582	859
1112660582	859
1112660582	875
1112660582	875
1112660582	890
1112660582	890
1112660582	906
1112660582	906
1112660582	921
1112660582	921
1112660582	937
1112660582	937
1112660582	953
1112660582	953
1112660582	968
1112660582	968
1112660582	984
1112660582	984
1112660583	0
1112660583	0
1112660583	15
1112660583	15
1112660583	31
1112660583	62
1112660583	62
1112660583	62
1112660583	62
1112660583	62
1112660583	78
1112660583	78
1112660583	93
1112660583	93
1112660583	109
1112660583	109
1112660583	125
1112660583	125
1112660583	140
1112660583	140
1112660583	156
1112660583	156
1112660583	171
1112660583	171
1112660583	187
1112660583	187
1112660583	203
1112660583	203
1112660583	218
1112660583	218
1112660583	234
1112660583	234
1112660583	250
1112660583	281
1112660583	281
1112660583	281
1112660583	281
1112660583	281
1112660583	296
1112660583	296
1112660583	312
1112660583	312
1112660583	328
1112660583	328
1112660583	343
1112660583	343
1112660583	359
1112660583	359
1112660583	375
1112660583	375
1112660583	390
1112660583	390
1112660583	406
1112660583	406
1112660583	421
1112660583	421
1112660583	437
1112660583	437
1112660583	453
1112660583	453
1112660583	468
1112660583	500
1112660583	500
1112660583	500
1112660583	500
1112660583	500
1112660583	515
1112660583	515
1112660583	531
1112660583	531
1112660583	546
1112660583	546
1112660583	562
1112660583	562
1112660583	578
1112660583	578
1112660583	593
1112660583	593
1112660583	609
1112660583	609
1112660583	625
1112660583	625
1112660583	640
1112660583	640
1112660583	656
1112660583	656
1112660583	671
1112660583	671
1112660583	687
1112660583	718
1112660583	718
1112660583	718
1112660583	718
1112660583	718
1112660583	734
1112660583	734
1112660583	750
1112660583	750
1112660583	765
1112660583	765
1112660583	781
1112660583	781
1112660583	796
1112660583	796
1112660583	812
1112660583	812
1112660583	828
1112660583	828
1112660583	843
1112660583	843
1112660583	859
1112660583	859
1112660583	875
1112660583	875
1112660583	890
1112660583	890
1112660583	906
1112660583	937
1112660583	937
1112660583	937
1112660583	937
1112660583	937
1112660583	953
1112660583	953
1112660583	968
1112660583	968
1112660583	984
1112660583	984
1112660584	0
1112660584	0
1112660584	15
1112660584	15
1112660584	31
1112660584	31
1112660584	46
1112660584	46
1112660584	62
1112660584	62
1112660584	78
1112660584	78
1112660584	93
1112660584	93
1112660584	109
1112660584	109
1112660584	125
1112660584	125
1112660584	140
1112660584	140
1112660584	156
1112660584	156
1112660584	171
1112660584	171
1112660584	187
1112660584	187
1112660584	203
1112660584	203
1112660584	218
1112660584	218
1112660584	234
1112660584	265
1112660584	265
1112660584	265
1112660584	265
1112660584	265
1112660584	281
1112660584	281
1112660584	296
1112660584	296
1112660584	312
1112660584	312
1112660584	328
1112660584	328
1112660584	343
1112660584	343
1112660584	359
1112660584	359
1112660584	375
1112660584	375
1112660584	390
1112660584	390
1112660584	406
1112660584	406
1112660584	421
1112660584	421
1112660584	437
1112660584	437
1112660584	453
1112660584	484
1112660584	484
1112660584	484
1112660584	484
1112660584	484
1112660584	500
1112660584	500
1112660584	515
1112660584	515
1112660584	531
1112660584	531
1112660584	546
1112660584	546
1112660584	562
1112660584	562
1112660584	578
1112660584	578
1112660584	593
1112660584	593
1112660584	609
1112660584	609
1112660584	625
1112660584	625
1112660584	640
1112660584	640
1112660584	656
1112660584	656
1112660584	671
1112660584	703
1112660584	703
1112660584	703
1112660584	703
1112660584	703
1112660584	718
1112660584	718
1112660584	734
1112660584	734
1112660584	750
1112660584	750
1112660584	765
1112660584	765
1112660584	781
1112660584	781
1112660584	796
1112660584	796
1112660584	812
1112660584	812
1112660584	828
1112660584	828
1112660584	843
1112660584	843
1112660584	859
1112660584	859
1112660584	875
1112660584	875
1112660584	890
1112660584	921
1112660584	921
1112660584	921
1112660584	921
1112660584	921
1112660584	937
1112660584	937
1112660584	953
1112660584	953
1112660584	968
1112660584	968
1112660584	984
1112660584	984
1112660585	0
1112660585	0
1112660585	15
1112660585	15
1112660585	31
1112660585	31
1112660585	46
1112660585	46
1112660585	62
1112660585	62
1112660585	78
1112660585	78
1112660585	93
1112660585	93
1112660585	109
1112660585	140
1112660585	140
1112660585	140
1112660585	140
1112660585	140
1112660585	156
1112660585	156
1112660585	171
1112660585	171
1112660585	187
1112660585	187
1112660585	203
1112660585	203
1112660585	218
1112660585	218
1112660585	234
1112660585	234
1112660585	250
1112660585	250
1112660585	265
1112660585	265
1112660585	281
1112660585	281
1112660585	296
1112660585	296
1112660585	312
1112660585	312
1112660585	328
1112660585	359
1112660585	359
1112660585	359
1112660585	359
1112660585	359
1112660585	375
1112660585	375
1112660585	390
1112660585	390
1112660585	406
1112660585	406
1112660585	421
1112660585	421
1112660585	437
1112660585	437
1112660585	453
1112660585	453
1112660585	468
1112660585	468
1112660585	484
1112660585	484
1112660585	500
1112660585	500
1112660585	515
1112660585	515
1112660585	531
1112660585	531
1112660585	546
1112660585	578
1112660585	578
1112660585	578
1112660585	578
1112660585	578
1112660585	593
1112660585	593
1112660585	609
1112660585	609
1112660585	625
1112660585	625
1112660585	640
1112660585	640
1112660585	656
1112660585	656
1112660585	671
1112660585	671
1112660585	687
1112660585	687
1112660585	703
1112660585	703
1112660585	718
1112660585	718
1112660585	734
1112660585	734
1112660585	750
1112660585	750
1112660585	765
1112660585	796
1112660585	796
1112660585	796
1112660585	796
1112660585	796
1112660585	812
1112660585	812
1112660585	828
1112660585	828
1112660585	843
1112660585	843
1112660585	859
1112660585	859
1112660585	875
1112660585	875
1112660585	890
1112660585	890
1112660585	906
1112660585	906
1112660585	921
1112660585	921
1112660585	937
1112660585	937
1112660585	953
1112660585	953
1112660585	968
1112660585	968
1112660585	984
1112660586	15
1112660586	15
1112660586	15
1112660586	15
1112660586	15
1112660586	31
1112660586	31
1112660586	46
1112660586	46
1112660586	62
1112660586	62
1112660586	78
1112660586	78
1112660586	93
1112660586	93
1112660586	109
1112660586	109
1112660586	125
1112660586	125
1112660586	140
1112660586	140
1112660586	156
1112660586	156
1112660586	171
1112660586	171
1112660586	187
1112660586	187
1112660586	203
1112660586	234
1112660586	234
1112660586	234
1112660586	234
1112660586	234
1112660586	250
1112660586	250
1112660586	265
1112660586	265
1112660586	281
1112660586	281
1112660586	296
1112660586	296
1112660586	312
1112660586	312
1112660586	328
1112660586	328
1112660586	343
1112660586	343
1112660586	359
1112660586	359
1112660586	375
1112660586	375
1112660586	390
1112660586	390
1112660586	406
1112660586	406
1112660586	421
1112660586	421
1112660586	437
1112660586	437
1112660586	453
1112660586	453
1112660586	468
1112660586	468
1112660586	484
1112660586	484
1112660586	500
1112660586	500
1112660586	515
1112660586	515
1112660586	531
1112660586	562
1112660586	562
1112660586	562
1112660586	562
1112660586	562
1112660586	578
1112660586	578
1112660586	593
1112660586	593
1112660586	609
1112660586	609
1112660586	625
1112660586	625
1112660586	640
1112660586	640
1112660586	656
1112660586	656
1112660586	671
1112660586	671
1112660586	687
1112660586	687
1112660586	703
1112660586	703
1112660586	718
1112660586	718
1112660586	734
1112660586	734
1112660586	750
1112660586	781
1112660586	781
1112660586	781
1112660586	781
1112660586	781
1112660586	796
1112660586	796
1112660586	812
1112660586	812
1112660586	828
1112660586	828
1112660586	843
1112660586	843
1112660586	859
1112660586	859
1112660586	875
1112660586	875
1112660586	890
1112660586	890
1112660586	906
1112660586	906
1112660586	921
1112660586	921
1112660586	937
1112660586	937
1112660586	953
1112660586	953
1112660586	968
1112660587	0
1112660587	0
1112660587	0
1112660587	0
1112660587	0
1112660587	15
1112660587	15
1112660587	31
1112660587	31
1112660587	46
1112660587	46
1112660587	62
1112660587	62
1112660587	78
1112660587	78
1112660587	93
1112660587	93
1112660587	109
1112660587	109
1112660587	125
1112660587	125
1112660587	140
1112660587	140
1112660587	156
1112660587	156
1112660587	171
1112660587	171
1112660587	187
1112660587	218
1112660587	218
1112660587	218
1112660587	218
1112660587	218
1112660587	234
1112660587	234
1112660587	250
1112660587	250
1112660587	265
1112660587	265
1112660587	281
1112660587	281
1112660587	296
1112660587	296
1112660587	312
1112660587	312
1112660587	328
1112660587	328
1112660587	343
1112660587	343
1112660587	359
1112660587	359
1112660587	375
1112660587	375
1112660587	390
1112660587	390
1112660587	406
1112660587	437
1112660587	437
1112660587	437
1112660587	437
1112660587	437
1112660587	453
1112660587	453
1112660587	468
1112660587	468
1112660587	484
1112660587	484
1112660587	500
1112660587	500
1112660587	515
1112660587	515
1112660587	531
1112660587	531
1112660587	546
1112660587	546
1112660587	562
1112660587	562
1112660587	578
1112660587	578
1112660587	593
1112660587	593
1112660587	609
1112660587	609
1112660587	625
1112660587	625
1112660587	640
1112660587	640
1112660587	656
1112660587	656
1112660587	671
1112660587	671
1112660587	687
1112660587	687
1112660587	703
1112660587	703
1112660587	718
1112660587	718
1112660587	734
1112660587	765
1112660587	765
1112660587	765
1112660587	765
1112660587	765
1112660587	781
1112660587	781
1112660587	796
1112660587	796
1112660587	812
1112660587	812
1112660587	828
1112660587	828
1112660587	843
1112660587	843
1112660587	859
1112660587	859
1112660587	875
1112660587	875
1112660587	890
1112660587	890
1112660587	906
1112660587	906
1112660587	921
1112660587	921
1112660587	937
1112660587	937
1112660587	953
1112660587	984
1112660587	984
1112660587	984
1112660587	984
1112660587	984
1112660588	0
1112660588	0
1112660588	15
1112660588	15
1112660588	31
1112660588	31
1112660588	46
1112660588	46
1112660588	62
1112660588	62
1112660588	78
1112660588	78
1112660588	93
1112660588	93
1112660588	109
1112660588	109
1112660588	125
1112660588	125
1112660588	140
1112660588	140
1112660588	156
1112660588	156
1112660588	171
1112660588	203
1112660588	203
1112660588	203
1112660588	203
1112660588	203
1112660588	218
1112660588	218
1112660588	234
1112660588	234
1112660588	250
1112660588	250
1112660588	265
1112660588	265
1112660588	281
1112660588	281
1112660588	296
1112660588	296
1112660588	312
1112660588	312
1112660588	328
1112660588	328
1112660588	343
1112660588	343
1112660588	359
1112660588	359
1112660588	375
1112660588	375
1112660588	390
1112660588	421
1112660588	421
1112660588	421
1112660588	421
1112660588	421
1112660588	437
1112660588	437
1112660588	453
1112660588	453
1112660588	468
1112660588	468
1112660588	484
1112660588	484
1112660588	500
1112660588	500
1112660588	515
1112660588	515
1112660588	531
1112660588	531
1112660588	546
1112660588	546
1112660588	562
1112660588	562
1112660588	578
1112660588	578
1112660588	593
1112660588	593
1112660588	609
1112660588	640
1112660588	640
1112660588	640
1112660588	640
1112660588	640
1112660588	656
1112660588	656
1112660588	671
1112660588	671
1112660588	687
1112660588	687
1112660588	703
1112660588	703
1112660588	718
1112660588	718
1112660588	734
1112660588	734
1112660588	750
1112660588	750
1112660588	765
1112660588	765
1112660588	781
1112660588	781
1112660588	796
1112660588	796
1112660588	812
1112660588	812
1112660588	828
1112660588	859
1112660588	859
1112660588	859
1112660588	859
1112660588	859
1112660588	875
1112660588	875
1112660588	890
1112660588	890
1112660588	906
1112660588	906
1112660588	921
1112660588	921
1112660588	937
1112660588	937
1112660588	953
1112660588	953
1112660588	968
1112660588	968
1112660588	984
1112660588	984
1112660589	0
1112660589	0
1112660589	15
1112660589	15
1112660589	31
1112660589	31
1112660589	46
1112660589	78
1112660589	78
1112660589	78
1112660589	78
1112660589	78
1112660589	93
1112660589	93
1112660589	109
1112660589	109
1112660589	125
1112660589	125
1112660589	140
1112660589	140
1112660589	156
1112660589	156
1112660589	171
1112660589	171
1112660589	187
1112660589	187
1112660589	203
1112660589	203
1112660589	218
1112660589	218
1112660589	234
1112660589	234
1112660589	250
1112660589	250
1112660589	265
1112660589	296
1112660589	296
1112660589	296
1112660589	296
1112660589	296
1112660589	312
1112660589	312
1112660589	328
1112660589	328
1112660589	343
1112660589	343
1112660589	359
1112660589	359
1112660589	375
1112660589	375
1112660589	390
1112660589	390
1112660589	406
1112660589	406
1112660589	421
1112660589	421
1112660589	437
1112660589	437
1112660589	453
1112660589	453
1112660589	468
1112660589	468
1112660589	484
1112660589	515
1112660589	515
1112660589	515
1112660589	515
1112660589	515
1112660589	531
1112660589	531
1112660589	546
1112660589	546
1112660589	562
1112660589	562
1112660589	578
1112660589	578
1112660589	593
1112660589	593
1112660589	609
1112660589	609
1112660589	625
1112660589	625
1112660589	640
1112660589	640
1112660589	656
1112660589	656
1112660589	671
1112660589	671
1112660589	687
1112660589	687
1112660589	703
1112660589	734
1112660589	734
1112660589	734
1112660589	734
1112660589	734
1112660589	750
1112660589	750
1112660589	765
1112660589	765
1112660589	781
1112660589	781
1112660589	796
1112660589	796
1112660589	812
1112660589	812
1112660589	828
1112660589	828
1112660589	843
1112660589	843
1112660589	859
1112660589	859
1112660589	875
1112660589	875
1112660589	890
1112660589	890
1112660589	906
1112660589	906
1112660589	921
1112660589	921
1112660589	937
1112660589	937
1112660589	953
1112660589	953
1112660589	968
1112660589	968
1112660589	984
1112660589	984
1112660590	0
1112660590	0
1112660590	15
1112660590	15
1112660590	31
1112660590	62
1112660590	62
1112660590	62
1112660590	62
1112660590	62
1112660590	78
1112660590	78
1112660590	93
1112660590	93
1112660590	109
1112660590	109
1112660590	125
1112660590	125
1112660590	140
1112660590	140
1112660590	156
1112660590	156
1112660590	171
1112660590	171
1112660590	187
1112660590	187
1112660590	203
1112660590	203
1112660590	218
1112660590	218
1112660590	234
1112660590	234
1112660590	250
1112660590	281
1112660590	281
1112660590	281
1112660590	281
1112660590	281
1112660590	296
1112660590	296
1112660590	312
1112660590	312
1112660590	328
1112660590	328
1112660590	343
1112660590	343
1112660590	359
1112660590	359
1112660590	375
1112660590	375
1112660590	390
1112660590	390
1112660590	406
1112660590	406
1112660590	421
1112660590	421
1112660590	437
1112660590	437
1112660590	453
1112660590	453
1112660590	468
1112660590	500
1112660590	500
1112660590	500
1112660590	500
1112660590	500
1112660590	515
1112660590	515
1112660590	531
1112660590	531
1112660590	546
1112660590	546
1112660590	562
1112660590	562
1112660590	578
1112660590	578
1112660590	593
1112660590	593
1112660590	609
1112660590	609
1112660590	625
1112660590	625
1112660590	640
1112660590	640
1112660590	656
1112660590	656
1112660590	671
1112660590	671
1112660590	687
1112660590	718
1112660590	718
1112660590	718
1112660590	718
1112660590	718
1112660590	734
1112660590	734
1112660590	750
1112660590	750
1112660590	765
1112660590	765
1112660590	781
1112660590	781
1112660590	796
1112660590	796
1112660590	812
1112660590	812
1112660590	828
1112660590	828
1112660590	843
1112660590	843
1112660590	859
1112660590	859
1112660590	875
1112660590	875
1112660590	890
1112660590	890
1112660590	906
1112660590	937
1112660590	937
1112660590	937
1112660590	937
1112660590	937
1112660590	953
1112660590	953
1112660590	968
1112660590	968
1112660590	984
1112660590	984
1112660591	0
1112660591	0
1112660591	15
1112660591	15
1112660591	31
1112660591	31
1112660591	46
1112660591	46
1112660591	62
1112660591	62
1112660591	78
1112660591	78
1112660591	93
1112660591	93
1112660591	109
1112660591	109
1112660591	125
1112660591	125
1112660591	140
1112660591	140
1112660591	156
1112660591	156
1112660591	171
1112660591	171
1112660591	187
1112660591	187
1112660591	203
1112660591	203
1112660591	218
1112660591	218
1112660591	234
1112660591	265
1112660591	265
1112660591	265
1112660591	265
1112660591	265
1112660591	281
1112660591	281
1112660591	296
1112660591	296
1112660591	312
1112660591	312
1112660591	328
1112660591	328
1112660591	343
1112660591	343
1112660591	359
1112660591	359
1112660591	375
1112660591	375
1112660591	390
1112660591	390
1112660591	406
1112660591	406
1112660591	421
1112660591	421
1112660591	437
1112660591	437
1112660591	453
1112660591	484
1112660591	484
1112660591	484
1112660591	484
1112660591	484
1112660591	500
1112660591	500
1112660591	515
1112660591	515
1112660591	531
1112660591	531
1112660591	546
1112660591	546
1112660591	562
1112660591	562
1112660591	578
1112660591	578
1112660591	593
1112660591	593
1112660591	609
1112660591	609
1112660591	625
1112660591	625
1112660591	640
1112660591	640
1112660591	656
1112660591	656
1112660591	671
1112660591	703
1112660591	703
1112660591	703
1112660591	703
1112660591	703
1112660591	718
1112660591	718
1112660591	734
1112660591	734
1112660591	750
1112660591	750
1112660591	765
1112660591	765
1112660591	781
1112660591	781
1112660591	796
1112660591	796
1112660591	812
1112660591	812
1112660591	828
1112660591	828
1112660591	843
1112660591	843
1112660591	859
1112660591	859
1112660591	875
1112660591	875
1112660591	890
1112660591	921
1112660591	921
1112660591	921
1112660591	921
1112660591	921
1112660591	937
1112660591	937
1112660591	953
1112660591	953
1112660591	968
1112660591	968
1112660591	984
1112660591	984
1112660592	0
1112660592	0
1112660592	15
1112660592	15
1112660592	31
1112660592	31
1112660592	46
1112660592	46
1112660592	62
1112660592	62
1112660592	78
1112660592	78
1112660592	93
1112660592	93
1112660592	109
1112660592	140
1112660592	140
1112660592	140
1112660592	140
1112660592	140
1112660592	156
1112660592	156
1112660592	171
1112660592	171
1112660592	187
1112660592	187
1112660592	203
1112660592	203
1112660592	218
1112660592	218
1112660592	234
1112660592	234
1112660592	250
1112660592	250
