0.100000	0.100000	0.100000
0.107785	0.100001	0.100000
0.110765	0.100001	0.100000
0.122883	0.100001	0.100000
0.165697	0.100001	0.100000
0.224275	0.100002	0.151302
0.271895	0.100002	0.212870
0.303478	0.100002	0.260184
0.329885	0.100002	0.280541
0.351718	0.100003	0.279536
0.363544	0.100003	0.263989
0.368786	0.100003	0.230768
0.374102	0.100003	0.175335
0.382618	0.100003	0.109824
0.395655	0.100004	0.100000
0.411025	0.100004	0.100000
0.425373	0.100004	0.100000
0.435509	0.100004	0.100000
0.440735	0.100004	0.100000
0.442219	0.100005	0.100000
0.441302	0.100005	0.100000
0.441072	0.100005	0.100000
0.442982	0.100005	0.100000
0.447359	0.100005	0.100000
0.453115	0.100006	0.100000
0.456743	0.100006	0.100000
0.457855	0.100007	0.100000
0.457782	0.100006	0.100000
0.456514	0.100006	0.100000
0.453855	0.100007	0.100000
0.451884	0.100007	0.100000
0.450522	0.100007	0.100000
0.448969	0.100007	0.100000
0.448527	0.100007	0.100000
0.447061	0.100007	0.100000
0.440423	0.100007	0.100000
0.429278	0.100007	0.100000
0.416397	0.100007	0.100000
0.407108	0.100007	0.100000
0.404771	0.100007	0.100000
0.405997	0.100007	0.100000
0.406116	0.100007	0.100000
0.404977	0.100007	0.100000
0.402442	0.100007	0.100000
0.398722	0.100007	0.100000
0.395031	0.100007	0.100000
0.391167	0.100007	0.100000
0.383574	0.100006	0.100000
0.371563	0.100007	0.100000
0.359739	0.100007	0.100000
0.350203	0.100007	0.100000
0.343588	0.100007	0.100000
0.343470	0.100007	0.100000
0.349129	0.100006	0.100000
0.356493	0.100007	0.100000
0.366348	0.100006	0.100000
0.378606	0.100006	0.100000
0.389487	0.100006	0.100000
0.397333	0.100005	0.100000
0.404547	0.100006	0.100000
0.412768	0.100005	0.100000
0.421860	0.100004	0.100000
0.429970	0.100006	0.100000
0.436318	0.100004	0.100000
0.440989	0.100002	0.100000
0.444914	0.100004	0.100000
0.446189	0.100004	0.100000
0.443470	0.100002	0.100000
0.435891	0.100002	0.100000
0.425993	0.100002	0.100000
0.417411	0.100001	0.100000
0.412380	0.100000	0.100000
0.410078	0.100001	0.100000
0.407314	0.100000	0.100000
0.401490	0.100000	0.100000
0.391502	0.100000	0.100000
0.379597	0.099999	0.100000
0.368726	0.099999	0.100000
0.359205	0.099999	0.100000
0.354143	0.099999	0.100000
0.353705	0.099998	0.100000
0.354078	0.099998	0.100000
0.353871	0.099998	0.100000
0.350873	0.099998	0.100000
0.345016	0.099997	0.100000
0.335763	0.099996	0.100000
0.320868	0.144256	0.100000
0.301443	0.200773	0.100000
0.281340	0.248651	0.100000
0.264001	0.280350	0.100000
0.253050	0.304864	0.100000
0.247836	0.329298	0.100000
0.234603	0.348816	0.100000
0.213546	0.364225	0.100000
0.189827	0.383364	0.100000
0.160235	0.409895	0.100000
0.122758	0.441441	0.100000
0.100000	0.469603	0.100000
0.100000	0.489559	0.100000
0.100000	0.502039	0.100000
0.100000	0.509310	0.100000
0.100000	0.515329	0.100000
0.100000	0.522342	0.100000
0.100000	0.529249	0.100000
0.100000	0.535442	0.100000
0.100000	0.541197	0.100000
0.100000	0.546852	0.100000
0.100000	0.552688	0.100000
0.100000	0.559632	0.100000
0.100000	0.568224	0.100000
0.100000	0.577945	0.100000
0.100000	0.587794	0.100000
0.100000	0.597078	0.100000
0.100000	0.604323	0.100000
0.100000	0.609710	0.100000
0.100000	0.613355	0.100000
0.100000	0.615714	0.100000
0.100000	0.618164	0.100000
0.100000	0.620386	0.100000
0.100000	0.622350	0.100000
0.100000	0.624801	0.100000
0.100000	0.627960	0.100000
0.100000	0.631534	0.100000
0.100000	0.634877	0.100000
0.100000	0.637409	0.100000
0.100000	0.639411	0.100000
0.100000	0.641063	0.100000
0.100000	0.641903	0.100000
0.100000	0.641872	0.100000
0.100000	0.640823	0.100000
0.100000	0.639251	0.100000
0.100000	0.637770	0.100000
0.100000	0.636617	0.100000
0.100000	0.635809	0.100000
0.100000	0.635183	0.100000
0.100000	0.634769	0.100000
0.100000	0.634091	0.100000
0.100000	0.632647	0.100000
0.100000	0.630742	0.100000
0.100000	0.629170	0.100000
0.100000	0.628294	0.100000
0.100000	0.628359	0.100000
0.100000	0.628975	0.100000
0.100000	0.629710	0.100000
0.100000	0.630242	0.100000
0.100000	0.630409	0.100000
0.100000	0.630524	0.100000
0.100000	0.630785	0.100000
0.100000	0.631738	0.100000
0.100000	0.632753	0.100000
0.100000	0.633727	0.100000
0.100000	0.634652	0.100000
0.100000	0.634775	0.100000
0.100000	0.634704	0.100000
0.100000	0.635004	0.100000
0.100000	0.635710	0.100000
0.100000	0.636368	0.100000
0.100000	0.636531	0.100000
0.100000	0.635964	0.100000
0.100000	0.634562	0.100000
0.100000	0.632436	0.100000
0.100000	0.629683	0.100000
0.100000	0.626569	0.100000
0.100000	0.623189	0.100000
0.100000	0.619549	0.100000
0.100000	0.616141	0.100000
0.100000	0.613398	0.100000
0.100000	0.611083	0.100000
0.100000	0.609155	0.100000
0.100000	0.607183	0.100000
0.100000	0.605331	0.100000
0.100000	0.603510	0.100000
0.100000	0.601056	0.100000
0.100000	0.597730	0.100000
0.100000	0.594038	0.100000
0.100000	0.589916	0.100000
0.100000	0.585659	0.100000
0.100000	0.582128	0.100000
0.100000	0.578968	0.100000
0.100000	0.574977	0.100000
0.100000	0.569971	0.100000
0.100000	0.565745	0.100000
0.100000	0.562938	0.100000
0.100000	0.560134	0.100000
0.100000	0.556222	0.100000
0.100000	0.551200	0.100000
0.100000	0.545423	0.100000
0.100000	0.539376	0.100000
0.100000	0.532452	0.100000
0.100000	0.523716	0.100000
0.100000	0.513135	0.100000
0.100000	0.501698	0.100000
0.100000	0.487773	0.100000
0.100000	0.469684	0.100000
0.100000	0.449565	0.100000
0.100000	0.427657	0.100000
0.100000	0.406607	0.100000
0.100000	0.390479	0.100000
0.100000	0.380950	0.100000
0.100000	0.377850	0.100000
0.100000	0.378416	0.100000
0.100000	0.379276	0.100000
0.100000	0.379200	0.100000
0.100000	0.373981	0.100000
0.100000	0.362040	0.100000
0.100000	0.347425	0.100000
0.100000	0.332098	0.100000
0.100000	0.316511	0.100000
0.100000	0.298885	0.100000
0.100000	0.277279	0.100000
0.100000	0.251251	0.100000
0.100000	0.223659	0.100000
0.100000	0.191012	0.100000
0.100000	0.152031	0.100000
0.100000	0.108625	0.100000
0.100000	0.099992	0.100000
0.100000	0.099992	0.100000
0.100000	0.099995	0.100000
0.100000	0.099994	0.100000
0.100000	0.099995	0.100000
0.100000	0.099997	0.100000
0.100000	0.099998	0.100000
0.100000	0.099999	0.100000
0.100000	0.100000	0.100000
0.100000	0.100000	0.100000
0.100000	0.100002	0.100000
0.100000	0.100003	0.100000
0.100000	0.100005	0.100000
0.100000	0.100006	0.100000
0.100000	0.100007	0.100000
0.100000	0.100007	0.100000
0.100000	0.100009	0.100000
0.100000	0.100009	0.100000
0.100000	0.100011	0.100000
0.100000	0.100014	0.100000
0.100000	0.100014	0.100000
0.100000	0.100014	0.100000
0.100000	0.100017	0.100000
0.100000	0.100018	0.100000
0.100000	0.100019	0.100000
0.100000	0.100020	0.100000
0.100000	0.100021	0.100000
0.100000	0.100023	0.100000
0.100000	0.100024	0.100000
0.100000	0.100025	0.100000
0.100000	0.100027	0.100000
0.100000	0.100028	0.100000
0.100000	0.100030	0.100000
0.100000	0.100032	0.100000
0.100000	0.100033	0.100000
0.100000	0.100033	0.100000
0.100000	0.100036	0.100000
0.100000	0.100036	0.100000
0.100000	0.100038	0.100000
0.100000	0.100039	0.100000
0.100000	0.100040	0.100000
0.100000	0.100042	0.100000
0.100000	0.100043	0.100000
0.100000	0.100044	0.100000
0.100000	0.100046	0.100000
0.100000	0.100046	0.100000
0.100000	0.100047	0.100000
0.100000	0.100048	0.100000
0.100000	0.100050	0.100000
0.100000	0.100051	0.100000
0.100000	0.100052	0.100000
0.100000	0.100054	0.100000
0.100000	0.100054	0.100000
0.100000	0.100055	0.100000
0.100000	0.100056	0.100000
0.100000	0.100058	0.100000
0.100000	0.100059	0.100000
0.100000	0.100060	0.100000
0.100000	0.100061	0.100000
0.100000	0.100062	0.100000
0.100000	0.100063	0.100000
0.100000	0.100064	0.100000
0.100000	0.100065	0.100000
0.100000	0.100066	0.100000
0.100000	0.100066	0.100000
0.100000	0.100067	0.100000
0.100000	0.100068	0.100000
0.100000	0.100069	0.100000
0.100000	0.100069	0.100000
0.100000	0.100070	0.100000
0.100000	0.100071	0.100000
0.100000	0.100072	0.100000
0.100000	0.100072	0.100000
0.100000	0.100073	0.100000
0.100000	0.100073	0.100000
0.100000	0.100074	0.100000
0.100000	0.100075	0.100000
0.100000	0.100075	0.100000
0.100000	0.100076	0.100000
0.100000	0.100076	0.100000
0.100000	0.100076	0.100000
0.100000	0.100077	0.100000
0.100000	0.100077	0.100000
0.100000	0.100077	0.100000
0.100000	0.100078	0.100000
0.100000	0.100078	0.100000
0.100000	0.100078	0.100000
0.100000	0.100078	0.100000
0.100000	0.100078	0.100000
0.100000	0.100079	0.100000
0.100000	0.100078	0.100000
0.100000	0.100079	0.100000
0.100000	0.100079	0.100000
0.100000	0.100079	0.100000
0.100000	0.100079	0.100000
0.100000	0.100078	0.100000
0.100000	0.100078	0.100000
0.100000	0.100078	0.100000
0.100000	0.100078	0.100000
0.100000	0.100078	0.100000
0.100000	0.100077	0.100000
0.100000	0.100077	0.100000
0.100000	0.100076	0.100000
0.100000	0.100076	0.100000
0.100000	0.100075	0.100000
0.100000	0.100075	0.100000
0.100000	0.100074	0.100000
0.100000	0.100074	0.100000
0.100000	0.100073	0.100000
0.100000	0.100073	0.100000
0.100000	0.100072	0.100000
0.100000	0.100072	0.100000
0.100000	0.100071	0.100000
0.100000	0.100070	0.100000
0.100000	0.100070	0.100000
0.100000	0.100069	0.100000
0.100000	0.100068	0.100000
0.100000	0.100066	0.100000
0.100000	0.100065	0.100000
0.100000	0.100064	0.100000
0.100000	0.100063	0.100000
0.100000	0.100062	0.100000
0.100000	0.100061	0.100000
0.100000	0.100060	0.100000
0.100000	0.100059	0.100000
0.100000	0.100058	0.100000
0.100000	0.100056	0.100000
0.100000	0.100055	0.100000
0.100000	0.100054	0.100000
0.100000	0.100052	0.100000
0.100000	0.100051	0.100000
0.100000	0.100049	0.100000
0.100000	0.100047	0.100000
0.100000	0.100047	0.100000
0.100000	0.100046	0.100000
0.100000	0.100044	0.100000
0.141341	0.100042	0.100000
0.203549	0.100041	0.100000
0.248088	0.100039	0.100000
0.283513	0.100038	0.100000
0.313324	0.100036	0.100000
0.335166	0.100034	0.100000
0.350209	0.100033	0.100000
0.359039	0.100031	0.100000
0.362453	0.100029	0.100000
0.365286	0.100027	0.100000
0.368814	0.100025	0.100000
0.370424	0.100024	0.100000
0.371628	0.100021	0.100000
0.374306	0.100019	0.100000
0.379429	0.100019	0.100000
0.388629	0.100017	0.100000
0.398360	0.100014	0.100000
0.407372	0.100012	0.100000
0.420364	0.100010	0.100000
0.438309	0.100007	0.100000
0.455032	0.100005	0.100000
0.466165	0.100004	0.100000
0.473236	0.100002	0.100000
0.479012	0.100000	0.100000
0.484815	0.099999	0.100000
0.490653	0.099997	0.100000
0.494695	0.099996	0.100000
0.496152	0.099994	0.100000
0.498145	0.099993	0.100000
0.500681	0.099992	0.100000
0.504619	0.099990	0.100000
0.512291	0.099989	0.100000
0.522798	0.099988	0.100000
0.532762	0.099985	0.100000
0.540033	0.099983	0.100000
0.545815	0.099982	0.100000
0.550684	0.099981	0.100000
0.554076	0.099979	0.100000
0.555306	0.123202	0.100000
0.554757	0.164659	0.100000
0.553450	0.196880	0.100000
0.552555	0.225133	0.100000
0.552971	0.255357	0.100000
0.554259	0.289486	0.100000
0.555601	0.322860	0.100000
0.556085	0.352697	0.143731
0.554869	0.380407	0.255193
0.551883	0.408412	0.331749
0.547846	0.435678	0.388496
0.543577	0.457818	0.434575
0.539084	0.474736	0.472582
0.535952	0.487468	0.504085
0.536014	0.499467	0.528938
0.539433	0.512021	0.546499
0.544251	0.524536	0.558792
0.549793	0.536236	0.566824
0.555015	0.545419	0.570983
0.558937	0.551178	0.572564
0.561934	0.555122	0.571358
0.565247	0.559453	0.566836
0.570058	0.565060	0.559202
0.575953	0.571087	0.548726
0.581005	0.575705	0.535874
0.584490	0.578930	0.521621
0.587061	0.581058	0.508382
0.590274	0.583114	0.497725
0.593253	0.585685	0.490539
0.594896	0.589490	0.487172
0.595482	0.594312	0.484910
0.595417	0.598266	0.482606
0.595137	0.600902	0.481625
0.596284	0.601862	0.481827
0.598563	0.602527	0.482548
0.600366	0.604671	0.482797
0.600995	0.607886	0.480413
0.601361	0.611316	0.478903
0.601814	0.614748	0.478325
0.602041	0.618213	0.477678
0.602301	0.621419	0.479061
0.602309	0.624374	0.484537
0.602614	0.627048	0.495506
0.603360	0.628262	0.511077
0.604005	0.628359	0.527711
0.604006	0.628306	0.542571
0.603147	0.627841	0.555819
0.601972	0.627501	0.567819
0.599914	0.627935	0.578762
0.596234	0.628892	0.588945
0.591627	0.629741	0.598859
0.587000	0.630399	0.607174
0.582576	0.630900	0.615043
0.578381	0.631413	0.623712
0.573688	0.631886	0.632880
0.568514	0.632511	0.642356
0.564343	0.633674	0.651324
0.561627	0.635054	0.659801
0.560036	0.636515	0.668010
0.558650	0.638016	0.675000
0.557017	0.639337	0.675000
0.554903	0.640176	0.675000
0.552819	0.640693	0.675000
0.551677	0.641309	0.675000
0.551587	0.642442	0.675000
0.550962	0.643719	0.675000
0.548978	0.644705	0.675000
0.544631	0.645183	0.675000
0.538136	0.645032	0.675000
0.530358	0.644658	0.675000
0.523068	0.643710	0.675000
0.517163	0.641653	0.675000
0.513698	0.638506	0.675000
0.512002	0.634851	0.675000
0.510311	0.631645	0.675000
0.507484	0.628888	0.675000
0.505412	0.626325	0.675000
0.506544	0.624083	0.675000
0.510043	0.622193	0.675000
0.515319	0.620816	0.675000
0.521337	0.619537	0.675000
0.526569	0.618570	0.675000
0.529126	0.617879	0.675000
0.530284	0.616889	0.675000
0.531967	0.615518	0.675000
0.532896	0.613959	0.675000
0.532365	0.611488	0.675000
0.531261	0.608138	0.675000
0.530545	0.604925	0.675000
0.528770	0.602523	0.675000
0.526613	0.600397	0.675000
0.526631	0.597814	0.675000
0.529194	0.594625	0.675000
0.533204	0.591798	0.675000
0.536854	0.589489	0.675000
0.538102	0.587425	0.675000
0.537106	0.585253	0.675000
0.535483	0.582496	0.675000
0.535182	0.580034	0.675000
0.536463	0.578330	0.675000
0.537426	0.576602	0.675000
0.537725	0.574421	0.675000
0.537900	0.571596	0.675000
0.538207	0.569102	0.675000
0.537667	0.567764	0.675000
0.535152	0.567539	0.675000
0.530931	0.568725	0.675000
0.526702	0.571012	0.675000
0.522998	0.573532	0.675000
0.519949	0.574940	0.675000
0.518528	0.575183	0.675000
0.518781	0.574506	0.675000
0.519169	0.573289	0.675000
0.519066	0.571136	0.675000
0.519808	0.568071	0.675000
0.521755	0.565388	0.675000
0.522325	0.563948	0.675000
0.521680	0.563899	0.675000
0.522152	0.564577	0.675000
0.524682	0.564784	0.675000
0.529339	0.563674	0.675000
0.533773	0.561663	0.675000
0.535953	0.559304	0.675000
0.535139	0.557364	0.675000
0.532898	0.556178	0.675000
0.532203	0.556266	0.675000
0.534757	0.557215	0.675000
0.539346	0.558458	0.675000
0.543943	0.559107	0.675000
0.548445	0.558424	0.675000
0.553064	0.556440	0.675000
0.557348	0.553740	0.675000
0.560945	0.549396	0.675000
0.563536	0.544374	0.675000
0.564676	0.541285	0.675000
0.564891	0.540245	0.675000
0.565194	0.540442	0.675000
0.566442	0.541508	0.675000
0.568615	0.542168	0.675000
0.570233	0.541793	0.675000
0.570337	0.540504	0.675000
0.569234	0.537769	0.675000
0.568536	0.534321	0.675000
0.568947	0.529595	0.675000
0.570446	0.522797	0.675000
0.571796	0.515555	0.675000
0.572726	0.508155	0.675000
0.573498	0.501788	0.675000
0.573911	0.496114	0.675000
0.574215	0.489847	0.675000
0.574923	0.483699	0.675000
0.576320	0.476528	0.675000
0.578204	0.466337	0.675000
0.580645	0.456151	0.675000
0.583630	0.450636	0.675000
0.586650	0.450576	0.675000
0.589518	0.451979	0.675000
0.591919	0.453887	0.675000
0.593807	0.454810	0.675000
0.596187	0.448732	0.675000
0.598979	0.437030	0.675000
0.601953	0.424542	0.675000
0.604719	0.413248	0.675000
0.607021	0.399345	0.675000
0.609484	0.374481	0.675000
0.612277	0.343570	0.675000
0.614583	0.310597	0.675000
0.616501	0.273820	0.675000
0.618646	0.235946	0.675000
0.621123	0.200023	0.675000
0.623329	0.161959	0.675000
0.625477	0.104231	0.675000
0.628229	0.100101	0.675000
0.631436	0.100104	0.675000
0.634298	0.100106	0.675000
0.636548	0.100109	0.675000
0.638360	0.100112	0.675000
0.640130	0.100113	0.675000
0.641635	0.100115	0.675000
0.642640	0.100117	0.675000
0.643530	0.100119	0.675000
0.644876	0.100122	0.675000
0.647027	0.100124	0.675000
0.649928	0.100125	0.675000
0.653160	0.100127	0.675000
0.656042	0.100129	0.675000
0.658447	0.100131	0.675000
0.660544	0.100132	0.675000
0.662336	0.100134	0.675000
0.664076	0.100136	0.675000
0.665708	0.100137	0.675000
0.667236	0.100139	0.675000
0.669009	0.100140	0.675000
0.670876	0.100142	0.675000
0.672404	0.100143	0.675000
0.673568	0.100144	0.675000
0.674422	0.100145	0.675000
0.674892	0.100146	0.675000
0.675000	0.100147	0.675000
0.675000	0.100148	0.675000
0.675000	0.100149	0.675000
0.675000	0.100150	0.675000
0.675000	0.100151	0.675000
0.675000	0.100152	0.675000
0.675000	0.100152	0.675000
0.675000	0.100153	0.675000
0.675000	0.100154	0.675000
0.675000	0.100154	0.675000
0.675000	0.100155	0.675000
0.675000	0.100155	0.675000
0.675000	0.100155	0.675000
0.100000	0.100155	0.592348
0.675000	0.100156	0.675000
0.353639	0.100156	0.574894
0.347036	0.100156	0.565793
0.346570	0.100156	0.554522
0.351333	0.100155	0.540150
0.360641	0.100155	0.523217
0.373042	0.100155	0.504849
0.381588	0.100155	0.484663
0.384371	0.100155	0.459695
0.386317	0.100154	0.428138
0.391433	0.100153	0.387917
0.399633	0.100152	0.334150
0.408084	0.100152	0.259176
0.415306	0.100151	0.145572
0.419747	0.100151	0.100000
0.419243	0.100149	0.100000
0.411500	0.100149	0.100000
0.397673	0.100147	0.100000
0.384201	0.100146	0.100000
0.376203	0.100145	0.100000
0.372960	0.100144	0.100000
0.372252	0.100143	0.100000
0.373100	0.100141	0.100000
0.373909	0.100140	0.100000
0.374260	0.100138	0.100000
0.377695	0.100138	0.100000
0.381954	0.100135	0.100000
0.386837	0.100133	0.100000
0.391610	0.100132	0.100000
0.395346	0.100130	0.100000
0.398618	0.100128	0.100000
0.401899	0.100126	0.100000
0.404696	0.100124	0.100000
0.406998	0.100122	0.100000
0.409792	0.100120	0.100000
0.410353	0.100118	0.100000
0.410269	0.100116	0.100000
0.412022	0.100113	0.100000
0.414071	0.100111	0.100000
0.414571	0.100109	0.100000
0.412295	0.100105	0.100000
0.411102	0.100103	0.100000
0.414812	0.100100	0.100000
0.418250	0.100098	0.100000
0.416335	0.100095	0.100000
0.409438	0.100092	0.100000
0.399556	0.100089	0.100000
0.389677	0.100087	0.100000
0.383985	0.100085	0.100000
0.383567	0.100081	0.100000
0.380963	0.100078	0.100000
0.377647	0.100075	0.100000
0.375664	0.100073	0.100000
0.375597	0.100070	0.100000
0.380822	0.100066	0.100000
0.389477	0.100063	0.100000
0.394115	0.100060	0.100000
0.392531	0.100056	0.100000
0.387428	0.100053	0.100000
0.379642	0.100049	0.100000
0.375029	0.100046	0.100000
0.379274	0.100044	0.100000
0.388885	0.100039	0.100000
0.399779	0.100034	0.100000
0.408364	0.100033	0.100000
0.411157	0.100030	0.100000
0.412440	0.100025	0.100000
0.415368	0.100021	0.100000
0.420955	0.100019	0.100000
0.426403	0.100014	0.100000
0.428130	0.130326	0.100000
0.423925	0.147045	0.100000
0.412994	0.144161	0.100000
0.396735	0.143561	0.100000
0.384379	0.149531	0.100000
0.385085	0.151696	0.100000
0.396455	0.146995	0.100000
0.407638	0.139404	0.100000
0.415975	0.127958	0.100000
0.420155	0.102496	0.100000
0.420991	0.099982	0.100000
0.421425	0.099979	0.100000
0.423506	0.099977	0.100000
0.425069	0.099974	0.100000
0.421500	0.099970	0.100000
0.412869	0.099968	0.100000
0.400309	0.136372	0.100000
0.387623	0.185522	0.100000
0.376160	0.214104	0.100000
0.364953	0.223893	0.100000
0.355022	0.223607	0.100000
0.345256	0.217963	0.100000
0.342288	0.206227	0.100000
0.349640	0.196128	0.100000
0.359885	0.200417	0.100000
0.367251	0.219971	0.100000
0.369414	0.249406	0.100000
0.364759	0.280425	0.100000
0.352410	0.309494	0.100000
0.333786	0.333989	0.100000
0.310949	0.347875	0.100000
0.289974	0.356057	0.100000
0.274673	0.367576	0.100000
0.262012	0.385426	0.100000
0.248366	0.407723	0.100000
0.238105	0.427730	0.100000
0.230498	0.442431	0.100000
0.224798	0.453968	0.100000
0.226218	0.465228	0.100000
0.234525	0.476161	0.100000
0.243363	0.486429	0.100000
0.256549	0.496675	0.100000
0.269867	0.505674	0.100000
0.273806	0.512524	0.100000
0.264427	0.518062	0.100000
0.251542	0.522561	0.100000
0.240208	0.527363	0.100000
0.222216	0.533587	0.100000
0.186878	0.540271	0.100000
0.148508	0.547123	0.100000
0.117779	0.554337	0.100000
0.100000	0.560671	0.100000
0.100000	0.565226	0.100000
0.100000	0.567605	0.100000
0.100000	0.568986	0.100000
0.100000	0.570013	0.100000
0.100000	0.568743	0.100000
0.100000	0.565282	0.100000
0.100000	0.561459	0.100000
0.100000	0.558397	0.100000
0.100000	0.556121	0.100000
0.100000	0.554423	0.100000
0.100000	0.553007	0.100000
0.100000	0.551244	0.100000
0.100000	0.549133	0.100000
0.100000	0.546360	0.100000
0.100000	0.542971	0.100000
0.100000	0.539659	0.100000
0.100000	0.535438	0.100000
0.100000	0.530169	0.100000
0.100000	0.524240	0.100000
0.100000	0.518443	0.100000
0.100000	0.514306	0.100000
0.100000	0.512271	0.100000
0.100000	0.511850	0.100000
0.100000	0.510447	0.100000
0.100000	0.505664	0.100000
0.100000	0.498820	0.100000
0.100000	0.491034	0.100000
0.100000	0.485395	0.100000
0.100000	0.484660	0.100000
0.100000	0.485820	0.100000
0.100000	0.485042	0.100000
0.100000	0.481042	0.100000
0.100000	0.475973	0.100000
0.100000	0.471741	0.100000
0.100000	0.469253	0.100000
0.100000	0.464847	0.100000
0.100000	0.456172	0.100000
0.100000	0.446241	0.100000
0.100000	0.438934	0.100000
0.100000	0.432762	0.100000
0.100000	0.425113	0.100000
0.100000	0.418373	0.100000
0.100000	0.413625	0.100000
0.100000	0.407586	0.100000
0.100000	0.399432	0.100000
0.100000	0.392325	0.100000
0.100000	0.382933	0.100000
0.100000	0.368211	0.100000
0.100000	0.347677	0.100000
0.100000	0.320755	0.100000
0.100000	0.283126	0.100000
0.100000	0.232544	0.100000
0.100000	0.175141	0.100000
0.100000	0.115951	0.100000
0.100000	0.099872	0.100000
0.100000	0.099873	0.100000
0.100000	0.099875	0.100000
0.100000	0.099877	0.100000
0.100000	0.099878	0.100000
0.100000	0.099882	0.100000
0.100000	0.099883	0.100000
0.100000	0.099885	0.100000
0.100000	0.099887	0.100000
0.100000	0.099888	0.100000
0.100000	0.099891	0.100000
0.100000	0.099894	0.100000
0.100000	0.099896	0.100000
0.100000	0.099898	0.100000
0.100000	0.099901	0.100000
0.100000	0.099903	0.100000
0.100000	0.099906	0.100000
0.100000	0.099908	0.100000
0.100000	0.099911	0.100000
0.100000	0.099914	0.100000
0.100000	0.099917	0.100000
0.100000	0.099918	0.100000
0.100000	0.099922	0.100000
0.100000	0.099924	0.100000
0.100000	0.099927	0.100000
0.100000	0.099929	0.100000
0.100000	0.099933	0.100000
0.100000	0.099936	0.100000
0.100000	0.099939	0.100000
0.100000	0.099942	0.100000
0.100000	0.099945	0.100000
0.100000	0.099948	0.100000
0.100000	0.099951	0.100000
0.100000	0.099955	0.100000
0.100000	0.099958	0.100000
0.100000	0.099960	0.100000
0.100000	0.099964	0.100000
0.100000	0.099969	0.100000
0.100000	0.099970	0.100000
0.100000	0.099973	0.100000
0.100000	0.099978	0.100000
0.100000	0.099980	0.100000
0.100000	0.099984	0.100000
0.100000	0.099988	0.100000
0.100000	0.099992	0.100000
0.100000	0.099995	0.100000
0.100000	0.099998	0.100000
0.100000	0.100001	0.100000
0.100000	0.100005	0.100000
0.100000	0.100009	0.100000
0.100000	0.100015	0.100000
0.100000	0.100019	0.100000
0.100000	0.100022	0.100000
0.100000	0.100027	0.100000
0.100000	0.100032	0.100000
0.100000	0.100034	0.100000
0.100000	0.100040	0.100000
0.100000	0.100046	0.100000
0.100000	0.100049	0.100000
0.100000	0.100053	0.100000
0.100000	0.100059	0.100000
0.100000	0.100062	0.100000
0.100000	0.100067	0.100000
0.100000	0.100072	0.100000
0.100000	0.100076	0.100000
0.100000	0.100080	0.100000
0.100000	0.100085	0.100000
0.100000	0.100088	0.100000
0.100000	0.100093	0.100000
0.100000	0.100098	0.100000
0.100000	0.100101	0.100000
0.100000	0.100106	0.100000
0.100000	0.100110	0.100000
0.100000	0.100113	0.100000
0.100000	0.100119	0.100000
0.100000	0.100123	0.100000
0.100000	0.100126	0.100000
0.100000	0.100130	0.100000
0.100000	0.100134	0.100000
0.100000	0.100138	0.100000
0.100000	0.100142	0.100000
0.100000	0.100145	0.100000
0.100000	0.100150	0.100000
0.100000	0.100152	0.100000
0.100000	0.100155	0.100000
0.100000	0.100159	0.100000
0.100000	0.100163	0.100000
0.100000	0.100166	0.100000
0.100000	0.100170	0.100000
0.100000	0.100173	0.100000
0.100000	0.100176	0.100000
0.100000	0.100178	0.100000
0.100000	0.100181	0.100000
0.100000	0.100185	0.100000
0.100000	0.100189	0.100000
0.100000	0.100191	0.100000
0.100000	0.100194	0.100000
0.100000	0.100196	0.100000
0.100000	0.100198	0.100000
0.100000	0.100201	0.100000
0.100000	0.100204	0.100000
0.100000	0.100206	0.100000
0.100000	0.100208	0.100000
0.100000	0.100210	0.100000
0.100000	0.100212	0.100000
0.100000	0.100214	0.100000
0.100000	0.100216	0.100000
0.100000	0.100218	0.100000
0.100000	0.100219	0.100000
0.100000	0.100221	0.100000
0.100000	0.100222	0.100000
0.100000	0.100224	0.100000
0.100000	0.100225	0.100000
0.100000	0.100226	0.100000
0.100000	0.100227	0.100000
0.100000	0.100229	0.100000
0.100000	0.100229	0.100000
0.100000	0.100230	0.100000
0.100000	0.100231	0.100000
0.100000	0.100232	0.100000
0.100000	0.100232	0.100000
0.100000	0.100232	0.100000
0.100000	0.100233	0.100000
0.100000	0.100233	0.100000
0.100000	0.100233	0.100000
0.100000	0.100233	0.100000
0.100000	0.100233	0.100000
0.100000	0.100233	0.100000
0.100000	0.100232	0.100000
0.100000	0.100232	0.100000
0.100000	0.100231	0.100000
0.100000	0.100231	0.100000
0.100000	0.100230	0.100000
0.100000	0.100230	0.100000
0.100000	0.100228	0.100000
0.100000	0.100227	0.100000
0.100000	0.100226	0.100000
0.100000	0.100225	0.100000
0.100000	0.100224	0.100000
0.100000	0.100222	0.100000
0.100000	0.100221	0.100000
0.100000	0.100219	0.100000
0.100000	0.100217	0.100000
0.100000	0.100215	0.100000
0.100000	0.100213	0.100000
0.100000	0.100211	0.100000
0.100000	0.100209	0.100000
0.100000	0.100207	0.100000
0.100000	0.100204	0.100000
0.100000	0.100203	0.100000
0.100000	0.100200	0.100000
0.100000	0.100197	0.100000
0.100000	0.100195	0.100000
0.100000	0.100192	0.100000
0.100000	0.100189	0.100000
0.100000	0.100186	0.100000
0.100000	0.100182	0.100000
0.100000	0.100179	0.100000
0.100000	0.100177	0.100000
0.100000	0.100173	0.100000
0.100000	0.100170	0.100000
0.100000	0.100166	0.100000
0.100000	0.100163	0.100000
0.100000	0.100159	0.100000
0.100000	0.100155	0.100000
0.100000	0.100152	0.100000
0.100000	0.100147	0.100000
0.100000	0.100143	0.100000
0.100000	0.100139	0.100000
0.100000	0.100135	0.100000
0.100000	0.100130	0.100000
0.100000	0.100127	0.100000
0.100000	0.100123	0.100000
0.100000	0.100118	0.100000
0.100000	0.100114	0.100000
0.100000	0.100110	0.100000
0.100000	0.100105	0.100000
0.100000	0.100100	0.100000
0.100000	0.100096	0.100000
0.100000	0.100091	0.100000
0.100000	0.100086	0.100000
0.100795	0.100082	0.100000
0.157209	0.100077	0.100000
0.196621	0.100073	0.100000
0.221891	0.100067	0.100000
0.240380	0.100063	0.100000
0.255945	0.100057	0.100000
0.264724	0.100050	0.100000
0.265155	0.100047	0.100000
0.265379	0.100043	0.100000
0.270819	0.100036	0.100000
0.280810	0.100032	0.100000
0.295616	0.100026	0.100000
0.311852	0.100020	0.100000
0.330148	0.100015	0.100000
0.354707	0.100010	0.100000
0.381072	0.100005	0.100000
0.405651	0.100000	0.100000
0.425931	0.099999	0.100000
0.438917	0.099994	0.100000
0.445487	0.099990	0.100000
0.449414	0.099986	0.100000
0.453742	0.099982	0.100000
0.460651	0.099979	0.100000
0.468385	0.099974	0.100000
0.476192	0.099970	0.100000
0.483265	0.099967	0.100000
0.488465	0.099962	0.100000
0.492872	0.099957	0.100000
0.496594	0.099954	0.100000
0.499552	0.099950	0.100000
0.500777	0.099946	0.100000
0.502237	0.099942	0.100000
0.506041	0.099938	0.100000
0.512024	0.099934	0.100000
0.519766	0.099930	0.100000
0.526873	0.099926	0.100000
0.532447	0.099922	0.100000
0.536915	0.099918	0.100000
0.540177	0.099914	0.100000
0.542339	0.099911	0.100000
0.544905	0.099907	0.100000
0.548166	0.099903	0.100000
0.551730	0.099899	0.100000
0.555169	0.099896	0.100000
0.558881	0.099892	0.100000
0.563601	0.099888	0.100000
0.568881	0.099885	0.100000
0.573823	0.099881	0.100000
0.577965	0.099878	0.100000
0.580319	0.099874	0.100000
0.580227	0.099871	0.100000
0.578790	0.099868	0.100000
0.578079	0.099864	0.100000
0.579130	0.124987	0.100000
0.580783	0.167561	0.286231
0.582034	0.208235	0.432739
0.582193	0.251869	0.507492
0.581713	0.302561	0.552240
0.581351	0.352332	0.582039
0.580865	0.387955	0.605807
0.579541	0.409975	0.624820
0.577084	0.425187	0.639049
0.574022	0.439563	0.650077
0.571168	0.455164	0.658070
0.569483	0.468748	0.662787
0.569050	0.476933	0.664330
0.568817	0.484382	0.662817
0.568113	0.493585	0.657803
0.566174	0.502418	0.648981
0.563264	0.510861	0.636439
0.559755	0.517105	0.620438
0.556338	0.521035	0.600925
0.554416	0.523152	0.578227
0.553927	0.523128	0.551433
0.553608	0.522589	0.525118
0.552966	0.523005	0.509180
0.552228	0.524249	0.506780
0.550160	0.527303	0.516524
0.546805	0.530415	0.534837
0.543969	0.533545	0.557044
0.542402	0.536898	0.578097
0.541989	0.538800	0.596684
0.541836	0.539256	0.612906
0.541567	0.539207	0.625943
0.541051	0.539921	0.636524
0.539926	0.543090	0.645103
0.538184	0.547779	0.652171
0.537228	0.552272	0.658446
0.537319	0.556988	0.664663
0.538018	0.561608	0.670725
0.539310	0.565656	0.675000
0.539549	0.569064	0.675000
0.537141	0.571147	0.675000
0.532653	0.572012	0.675000
0.528043	0.573006	0.675000
0.523945	0.575188	0.675000
0.520099	0.578702	0.675000
0.516796	0.583305	0.675000
0.514295	0.588006	0.675000
0.512342	0.591612	0.675000
0.508237	0.593260	0.675000
0.501333	0.594178	0.675000
0.493657	0.594537	0.675000
0.487129	0.595176	0.675000
0.481519	0.596738	0.675000
0.477571	0.598258	0.675000
0.475501	0.599659	0.675000
0.474285	0.599500	0.675000
0.474556	0.597046	0.675000
0.475754	0.593701	0.675000
0.475851	0.590280	0.675000
0.474356	0.586601	0.675000
0.473455	0.583668	0.675000
0.475220	0.581264	0.675000
0.480415	0.579121	0.675000
0.487390	0.577798	0.675000
0.493993	0.576797	0.675000
0.498899	0.575031	0.675000
0.500418	0.572169	0.675000
0.498502	0.567805	0.675000
0.493191	0.563008	0.675000
0.484905	0.559580	0.675000
0.476018	0.556742	0.675000
0.468783	0.553865	0.675000
0.463677	0.551365	0.675000
0.459716	0.549399	0.675000
0.456806	0.547933	0.675000
0.457584	0.547652	0.675000
0.462588	0.547347	0.675000
0.469222	0.546855	0.675000
0.475133	0.546092	0.675000
0.479606	0.544478	0.675000
0.483602	0.541750	0.675000
0.487590	0.536468	0.675000
0.487419	0.528724	0.675000
0.483708	0.518060	0.675000
0.481433	0.507306	0.675000
0.482570	0.500000	0.675000
0.486653	0.495090	0.675000
0.492196	0.490043	0.675000
0.497098	0.486477	0.675000
0.500683	0.486335	0.675000
0.502744	0.486911	0.675000
0.501451	0.484218	0.675000
0.497010	0.479000	0.675000
0.492808	0.470663	0.675000
0.490725	0.460306	0.675000
0.492007	0.451068	0.675000
0.495538	0.443251	0.675000
0.498634	0.436583	0.675000
0.501219	0.432743	0.675000
0.504140	0.430350	0.675000
0.506759	0.425733	0.675000
0.507146	0.415728	0.675000
0.504871	0.404556	0.675000
0.501506	0.395205	0.675000
0.497864	0.386470	0.675000
0.495099	0.378218	0.675000
0.494496	0.367164	0.675000
0.494668	0.351404	0.675000
0.494370	0.327826	0.675000
0.493523	0.295058	0.675000
0.489477	0.258821	0.675000
0.482668	0.216306	0.675000
0.476918	0.162582	0.675000
0.475430	0.106343	0.675000
0.479739	0.100001	0.675000
0.488988	0.100007	0.675000
0.499703	0.100012	0.675000
0.508034	0.100020	0.675000
0.512155	0.100025	0.675000
0.512645	0.100031	0.675000
0.511808	0.100036	0.675000
0.510277	0.100043	0.675000
0.508462	0.100047	0.675000
0.507833	0.100055	0.675000
0.509809	0.100062	0.675000
0.513830	0.100067	0.675000
0.517947	0.100073	0.675000
0.522987	0.100079	0.675000
0.530125	0.100085	0.675000
0.538475	0.100091	0.675000
0.545485	0.100097	0.675000
0.550785	0.100103	0.675000
0.554431	0.100109	0.675000
0.557406	0.100114	0.675000
0.560875	0.100120	0.675000
0.565053	0.100126	0.675000
0.569040	0.100132	0.675000
0.572693	0.100138	0.675000
0.576462	0.100143	0.675000
0.579450	0.100149	0.675000
0.581705	0.100153	0.675000
0.583884	0.100161	0.675000
0.585961	0.100165	0.675000
0.587594	0.100171	0.675000
0.588842	0.100176	0.675000
0.590339	0.100181	0.675000
0.592666	0.100186	0.675000
0.595862	0.100191	0.675000
0.599609	0.100195	0.675000
0.603363	0.100201	0.675000
0.606926	0.100205	0.675000
0.610017	0.100210	0.675000
0.612319	0.100215	0.675000
0.613843	0.100219	0.675000
0.614652	0.100224	0.675000
0.615318	0.100229	0.675000
0.616267	0.100233	0.675000
0.617495	0.100237	0.675000
0.619350	0.100241	0.675000
0.622370	0.100244	0.675000
0.626222	0.100249	0.675000
0.629557	0.100253	0.675000
0.632012	0.100256	0.675000
0.633961	0.100260	0.675000
0.635796	0.100263	0.675000
0.637620	0.100267	0.675000
0.639438	0.100270	0.675000
0.641604	0.100273	0.675000
0.643975	0.100276	0.675000
0.645910	0.100279	0.675000
0.647147	0.100282	0.675000
0.648024	0.100284	0.675000
0.648661	0.100287	0.675000
0.649351	0.100289	0.675000
0.649967	0.100291	0.675000
0.650399	0.100294	0.675000
0.650783	0.100296	0.675000
0.651232	0.100298	0.675000
0.652027	0.100299	0.675000
0.653564	0.100301	0.675000
0.655936	0.100303	0.675000
0.658542	0.100304	0.675000
0.661140	0.100305	0.675000
0.663755	0.100306	0.675000
0.665893	0.100307	0.675000
0.667419	0.100308	0.675000
0.668839	0.100309	0.675000
0.670126	0.100310	0.675000
0.671086	0.100310	0.675000
0.672011	0.100310	0.675000
0.100000	0.100311	0.100000
0.673367	0.100311	0.675000
0.382458	0.100311	0.628533
0.385251	0.100310	0.624177
0.391320	0.100310	0.618437
0.403687	0.100309	0.610699
0.420113	0.100309	0.600129
0.432997	0.100308	0.587457
0.440622	0.100307	0.574112
0.447218	0.100306	0.557338
0.452221	0.100305	0.534201
0.456193	0.100304	0.502716
0.459108	0.100302	0.459593
0.461939	0.100301	0.398213
0.465424	0.100299	0.301153
0.467523	0.100297	0.117618
0.467155	0.100295	0.100000
0.464294	0.100293	0.100000
0.459768	0.100290	0.100000
0.454821	0.100288	0.100000
0.454228	0.100285	0.100000
0.459014	0.100283	0.100000
0.466411	0.100280	0.100000
0.474746	0.100277	0.100000
0.482894	0.100274	0.100000
0.488357	0.100271	0.100000
0.490841	0.100269	0.100000
0.491909	0.100264	0.100000
0.492698	0.100261	0.100000
0.493626	0.100257	0.100000
0.494593	0.100254	0.100000
0.494630	0.100250	0.100000
0.492847	0.100245	0.100000
0.491212	0.100241	0.100000
0.492462	0.100237	0.100000
0.497105	0.100233	0.100000
0.502447	0.100229	0.100000
0.507035	0.100224	0.100000
0.509907	0.100219	0.100000
0.510610	0.100214	0.100000
0.510806	0.100210	0.100000
0.511568	0.100204	0.100000
0.510940	0.100200	0.100000
0.507106	0.100194	0.100000
0.499945	0.100190	0.100000
0.493864	0.100184	0.100000
0.489085	0.100178	0.100000
0.483947	0.100172	0.100000
0.478434	0.100168	0.100000
0.473671	0.100162	0.100000
0.472405	0.100155	0.100000
0.476442	0.100150	0.100000
0.483046	0.100144	0.100000
0.488033	0.100139	0.100000
0.490852	0.100132	0.100000
0.493336	0.100126	0.100000
0.494649	0.100120	0.100000
0.492317	0.100113	0.100000
0.485833	0.100107	0.100000
0.476703	0.100101	0.100000
0.464425	0.100095	0.100000
0.449912	0.100087	0.100000
0.438957	0.100083	0.100000
0.430138	0.100074	0.100000
0.422496	0.100067	0.100000
0.416313	0.100061	0.100000
0.409168	0.100056	0.100000
0.402329	0.100047	0.100000
0.396806	0.100041	0.100000
0.393477	0.100034	0.100000
0.390228	0.100027	0.100000
0.384851	0.100020	0.100000
0.372111	0.100014	0.100000
0.351880	0.100007	0.100000
0.330562	0.100000	0.100000
0.312082	0.099998	0.100000
0.298697	0.099993	0.100000
0.287256	0.099987	0.100000
0.272274	0.099982	0.100000
0.251801	0.099977	0.100000
0.233300	0.099972	0.100000
0.221924	0.099966	0.100000
0.217098	0.099961	0.100000
0.215490	0.099957	0.100000
0.211393	0.099950	0.100000
0.199349	0.099944	0.100000
0.170927	0.099940	0.100000
0.121421	0.099935	0.100000
0.100000	0.099929	0.100000
0.100000	0.099925	0.100000
0.100000	0.099919	0.100000
0.100000	0.099914	0.100000
0.100000	0.099909	0.100000
0.100000	0.099904	0.100000
0.100000	0.099899	0.100000
0.100000	0.099894	0.100000
0.100000	0.099888	0.100000
0.100000	0.099884	0.100000
0.100000	0.099879	0.100000
0.100000	0.099874	0.100000
0.100000	0.099869	0.100000
0.100000	0.099864	0.100000
0.100000	0.099859	0.100000
0.100000	0.099855	0.100000
0.100000	0.140813	0.100000
0.100000	0.188305	0.100000
0.100000	0.215223	0.100000
0.100000	0.225579	0.100000
0.100000	0.233642	0.100000
0.100000	0.244578	0.100000
0.100000	0.255109	0.100000
0.100000	0.269142	0.100000
0.100000	0.292361	0.100000
0.100000	0.324557	0.100000
0.100000	0.360618	0.100000
0.100000	0.397546	0.100000
0.100000	0.430628	0.100000
0.100000	0.455802	0.100000
0.100000	0.473881	0.100000
0.100000	0.485926	0.100000
0.100000	0.492571	0.100000
0.100000	0.494623	0.100000
0.100000	0.492572	0.100000
0.100000	0.488590	0.100000
0.100000	0.484971	0.100000
0.100000	0.483310	0.100000
0.100000	0.484508	0.100000
0.100000	0.486585	0.100000
0.100000	0.488091	0.100000
0.100000	0.490881	0.100000
0.100000	0.496904	0.100000
0.100000	0.503165	0.100000
0.100000	0.506653	0.100000
0.100000	0.507073	0.100000
0.100000	0.504835	0.100000
0.100000	0.500829	0.100000
0.100000	0.498113	0.100000
0.100000	0.498966	0.100000
0.100000	0.501006	0.100000
0.100000	0.502729	0.100000
0.100000	0.503121	0.100000
0.100000	0.504387	0.100000
0.100000	0.508750	0.100000
0.100000	0.514470	0.100000
0.100000	0.519169	0.100000
0.100000	0.522369	0.100000
0.100000	0.524678	0.100000
0.100000	0.525838	0.100000
0.100000	0.526023	0.100000
0.100000	0.526168	0.100000
0.100000	0.525874	0.100000
0.100000	0.526526	0.100000
0.100000	0.529457	0.100000
0.100000	0.533606	0.100000
0.100000	0.537903	0.100000
0.100000	0.541280	0.100000
0.100000	0.543122	0.100000
0.100000	0.543738	0.100000
0.100000	0.542740	0.100000
0.100000	0.540767	0.100000
0.100000	0.537318	0.100000
0.100000	0.532288	0.100000
0.100000	0.527064	0.100000
0.100000	0.522087	0.100000
0.100000	0.518459	0.100000
0.100000	0.515971	0.100000
0.100000	0.513032	0.100000
0.100000	0.509364	0.100000
0.100000	0.504257	0.100000
0.100000	0.496714	0.100000
0.100000	0.487792	0.100000
0.100000	0.476635	0.100000
0.100000	0.462586	0.100000
0.100000	0.444743	0.100000
0.100000	0.423556	0.100000
0.100000	0.400294	0.100000
0.100000	0.373828	0.100000
0.100000	0.342201	0.100000
0.100000	0.308544	0.100000
0.100000	0.272933	0.100000
0.100000	0.233202	0.100000
0.100000	0.195725	0.100000
0.100000	0.160933	0.100000
0.100000	0.121985	0.100000
0.100000	0.099797	0.100000
0.100000	0.099800	0.100000
0.100000	0.099804	0.100000
0.100000	0.099808	0.100000
0.100000	0.099813	0.100000
0.100000	0.099817	0.100000
0.100000	0.099820	0.100000
0.100000	0.099826	0.100000
0.100000	0.099829	0.100000
0.100000	0.099834	0.100000
0.100000	0.099838	0.100000
0.100000	0.099844	0.100000
0.100000	0.099848	0.100000
0.100000	0.099854	0.100000
0.100000	0.099857	0.100000
0.100000	0.099862	0.100000
0.100000	0.099867	0.100000
0.100000	0.099872	0.100000
0.100000	0.099877	0.100000
0.100000	0.099883	0.100000
0.100000	0.099888	0.100000
0.100000	0.099893	0.100000
0.100000	0.099899	0.100000
0.100000	0.099904	0.100000
0.100000	0.099910	0.100000
0.100000	0.099914	0.100000
0.100000	0.099920	0.100000
0.100000	0.099927	0.100000
0.100000	0.099931	0.100000
0.100000	0.099938	0.100000
0.100000	0.099945	0.100000
0.100000	0.099949	0.100000
0.100000	0.099954	0.100000
0.100000	0.099962	0.100000
0.100000	0.099966	0.100000
0.100000	0.099973	0.100000
0.100000	0.099978	0.100000
0.100000	0.099985	0.100000
0.100000	0.099990	0.100000
0.100000	0.099996	0.100000
0.100000	0.100002	0.100000
0.100000	0.100008	0.100000
0.100000	0.100016	0.100000
0.100000	0.100024	0.100000
0.100000	0.100032	0.100000
0.100000	0.100038	0.100000
0.100000	0.100046	0.100000
0.100000	0.100055	0.100000
0.100000	0.100060	0.100000
0.100000	0.100069	0.100000
0.100000	0.100078	0.100000
0.100000	0.100085	0.100000
0.100000	0.100091	0.100000
0.100000	0.100100	0.100000
0.100000	0.100107	0.100000
0.100000	0.100114	0.100000
0.100000	0.100123	0.100000
0.100000	0.100130	0.100000
0.100000	0.100137	0.100000
0.100000	0.100144	0.100000
0.100000	0.100152	0.100000
0.100000	0.100159	0.100000
0.100000	0.100166	0.100000
0.100000	0.100174	0.100000
0.100000	0.100181	0.100000
0.100000	0.100188	0.100000
0.100000	0.100194	0.100000
0.100000	0.100202	0.100000
0.100000	0.100208	0.100000
0.100000	0.100215	0.100000
0.100000	0.100221	0.100000
0.100000	0.100228	0.100000
0.100000	0.100234	0.100000
0.100000	0.100241	0.100000
0.100000	0.100246	0.100000
0.100000	0.100253	0.100000
0.100000	0.100258	0.100000
0.100000	0.100264	0.100000
0.100000	0.100270	0.100000
0.100000	0.100276	0.100000
0.100000	0.100282	0.100000
0.100000	0.100287	0.100000
0.100000	0.100293	0.100000
0.100000	0.100297	0.100000
0.100000	0.100302	0.100000
0.100000	0.100308	0.100000
0.100000	0.100312	0.100000
0.100000	0.100318	0.100000
0.100000	0.100322	0.100000
0.100000	0.100326	0.100000
0.100000	0.100330	0.100000
0.100000	0.100335	0.100000
0.100000	0.100339	0.100000
0.100000	0.100342	0.100000
0.100000	0.100346	0.100000
0.100000	0.100350	0.100000
0.100000	0.100353	0.100000
0.100000	0.100356	0.100000
0.100000	0.100360	0.100000
0.100000	0.100362	0.100000
0.100000	0.100365	0.100000
0.100000	0.100368	0.100000
0.100000	0.100370	0.100000
0.100000	0.100373	0.100000
0.100000	0.100375	0.100000
0.100000	0.100377	0.100000
0.100000	0.100379	0.100000
0.100000	0.100381	0.100000
0.100000	0.100382	0.100000
0.100000	0.100383	0.100000
0.100000	0.100384	0.100000
0.100000	0.100386	0.100000
0.100000	0.100386	0.100000
0.100000	0.100387	0.100000
0.100000	0.100388	0.100000
0.100000	0.100388	0.100000
0.100000	0.100388	0.100000
0.100000	0.100388	0.100000
0.100000	0.100388	0.100000
0.100000	0.100388	0.100000
0.100000	0.100387	0.100000
0.100000	0.100386	0.100000
0.100000	0.100385	0.100000
0.100000	0.100384	0.100000
0.100000	0.100383	0.100000
0.100000	0.100382	0.100000
0.100000	0.100381	0.100000
0.100000	0.100379	0.100000
0.100000	0.100377	0.100000
0.100000	0.100375	0.100000
0.100000	0.100373	0.100000
0.100000	0.100370	0.100000
0.100000	0.100368	0.100000
0.100000	0.100365	0.100000
0.100000	0.100362	0.100000
0.100000	0.100359	0.100000
0.100000	0.100355	0.100000
0.100000	0.100352	0.100000
0.100000	0.100349	0.100000
0.100000	0.100345	0.100000
0.100000	0.100342	0.100000
0.100000	0.100337	0.100000
0.100000	0.100334	0.100000
0.100000	0.100329	0.100000
0.100000	0.100324	0.100000
0.100000	0.100321	0.100000
0.100000	0.100316	0.100000
0.100000	0.100310	0.100000
0.100000	0.100305	0.100000
0.100000	0.100300	0.100000
0.100000	0.100295	0.100000
0.100000	0.100290	0.100000
0.100000	0.100284	0.100000
0.100000	0.100279	0.100000
0.100000	0.100272	0.100000
0.100000	0.100266	0.100000
0.100000	0.100260	0.100000
0.100000	0.100254	0.100000
0.100000	0.100247	0.100000
0.104479	0.100241	0.100000
0.175563	0.100235	0.100000
0.248501	0.100228	0.100000
0.304202	0.100221	0.100000
0.344769	0.100214	0.100000
0.374426	0.100208	0.100000
0.397467	0.100201	0.100000
0.414648	0.100193	0.100000
0.427850	0.100186	0.100000
0.438335	0.100178	0.100000
0.447083	0.100171	0.100000
0.454236	0.100164	0.100000
0.460382	0.100156	0.100000
0.468131	0.100149	0.100000
0.476481	0.100140	0.100000
0.483071	0.100133	0.100000
0.487210	0.100126	0.100000
0.490017	0.100117	0.100000
0.492982	0.100109	0.100000
0.498428	0.100101	0.100000
0.506738	0.100092	0.100000
0.516388	0.100083	0.100000
0.526563	0.100076	0.100000
0.536419	0.100069	0.100000
0.544177	0.100059	0.100000
0.549370	0.100051	0.100000
0.553446	0.100043	0.100000
0.557369	0.100033	0.100000
0.560187	0.100024	0.100000
0.560842	0.100017	0.100000
0.559794	0.100008	0.100000
0.559152	0.100000	0.100000
0.560830	0.099998	0.100000
0.563927	0.099991	0.100000
0.566400	0.099984	0.100000
0.568032	0.099977	0.100000
0.569505	0.099971	0.100000
0.571582	0.099965	0.100000
0.574632	0.099958	0.100000
0.577418	0.099952	0.100000
0.579393	0.099946	0.100000
0.581514	0.099939	0.100000
0.584312	0.099932	0.100000
0.587563	0.099926	0.100000
0.591099	0.099920	0.100000
0.594194	0.099913	0.100000
0.596743	0.099907	0.100000
0.599011	0.099900	0.100000
0.600768	0.099894	0.100000
0.602201	0.099888	0.100000
0.603773	0.099881	0.100000
0.605571	0.099875	0.100000
0.607774	0.099869	0.100000
0.610273	0.099863	0.100000
0.612294	0.099857	0.100000
0.613407	0.099851	0.100000
0.613561	0.099845	0.100000
0.612742	0.099839	0.100000
0.611083	0.099833	0.100000
0.608841	0.099827	0.100000
0.607076	0.099822	0.100000
0.606621	0.099816	0.100000
0.607439	0.099810	0.100000
0.609429	0.099805	0.100000
0.612534	0.099799	0.100000
0.615159	0.099794	0.100000
0.617547	0.099789	0.199363
0.620360	0.099784	0.380984
0.622712	0.189324	0.476692
0.624765	0.258655	0.534574
0.626922	0.308721	0.572054
0.628737	0.348545	0.598661
0.629561	0.379731	0.620278
0.630309	0.405235	0.638461
0.631533	0.427943	0.654324
0.632447	0.446122	0.667497
0.632827	0.464314	0.675000
0.633053	0.481506	0.675000
0.632975	0.495561	0.675000
0.632488	0.507283	0.675000
0.631415	0.516771	0.675000
0.630509	0.523540	0.675000
0.630077	0.527699	0.675000
0.629689	0.529949	0.675000
0.629178	0.530369	0.675000
0.628542	0.529517	0.667760
0.628095	0.529161	0.659315
0.628432	0.529457	0.650676
0.629621	0.531474	0.642584
0.631205	0.536110	0.636536
0.632816	0.540726	0.633637
0.634254	0.542987	0.634221
0.635176	0.542853	0.639118
0.636283	0.541971	0.647315
0.637720	0.540406	0.656448
0.639417	0.539305	0.665598
0.641064	0.538821	0.674184
0.642216	0.538505	0.675000
0.642693	0.540302	0.675000
0.642471	0.543493	0.675000
0.642222	0.545615	0.675000
0.641941	0.546481	0.675000
0.641677	0.546902	0.675000
0.641960	0.547611	0.675000
0.642279	0.549967	0.675000
0.642011	0.554497	0.675000
0.641001	0.560040	0.675000
0.639153	0.565389	0.675000
0.636779	0.569609	0.675000
0.634117	0.572266	0.675000
0.631205	0.573785	0.675000
0.628944	0.575396	0.675000
0.627942	0.577348	0.675000
0.628027	0.579313	0.675000
0.628524	0.580637	0.675000
0.628644	0.581887	0.675000
0.628602	0.583542	0.675000
0.628824	0.584323	0.675000
0.629110	0.584625	0.675000
0.629242	0.585356	0.675000
0.629212	0.585985	0.675000
0.629075	0.585641	0.675000
0.628979	0.584123	0.675000
0.628739	0.580702	0.675000
0.628012	0.574992	0.675000
0.626868	0.568936	0.675000
0.625437	0.563703	0.675000
0.623811	0.558238	0.675000
0.622626	0.553032	0.675000
0.622407	0.548982	0.675000
0.622817	0.544763	0.675000
0.624072	0.540153	0.675000
0.625125	0.535665	0.675000
0.625572	0.531926	0.675000
0.626057	0.529435	0.675000
0.626476	0.527429	0.675000
0.626752	0.526164	0.675000
0.627227	0.526802	0.675000
0.628734	0.527893	0.675000
0.631148	0.529010	0.675000
0.633456	0.530396	0.675000
0.635270	0.530958	0.675000
0.636565	0.529851	0.675000
0.637312	0.527339	0.675000
0.637492	0.523912	0.675000
0.636950	0.519252	0.675000
0.635716	0.513232	0.675000
0.634138	0.506356	0.675000
0.632596	0.499164	0.675000
0.631459	0.491929	0.675000
0.631210	0.487602	0.675000
0.631511	0.484202	0.675000
0.631504	0.478171	0.675000
0.631824	0.470568	0.675000
0.632841	0.462733	0.675000
0.634296	0.456031	0.675000
0.636089	0.449236	0.675000
0.637782	0.442568	0.675000
0.638647	0.435557	0.675000
0.638802	0.425935	0.675000
0.639107	0.415247	0.675000
0.639277	0.405579	0.675000
0.638827	0.396668	0.675000
0.638246	0.387001	0.675000
0.637858	0.374651	0.675000
0.638198	0.358134	0.675000
0.639121	0.338060	0.675000
0.639728	0.314921	0.675000
0.639688	0.288351	0.675000
0.639181	0.259376	0.675000
0.638041	0.231064	0.675000
0.636089	0.205835	0.675000
0.633611	0.179399	0.675000
0.631609	0.151617	0.675000
0.630818	0.120454	0.675000
0.630985	0.099959	0.675000
0.631408	0.099967	0.675000
0.631648	0.099974	0.675000
0.632263	0.099982	0.675000
0.633485	0.099988	0.675000
0.634837	0.099995	0.675000
0.635488	0.100002	0.675000
0.635554	0.100009	0.675000
0.635778	0.100019	0.675000
0.636767	0.100029	0.675000
0.637944	0.100038	0.675000
0.638845	0.100046	0.675000
0.639545	0.100056	0.675000
0.640459	0.100066	0.675000
0.641778	0.100073	0.675000
0.643620	0.100084	0.675000
0.645634	0.100095	0.675000
0.647210	0.100102	0.675000
0.648062	0.100111	0.675000
0.648624	0.100121	0.675000
0.648738	0.100130	0.675000
0.648465	0.100139	0.675000
0.648355	0.100148	0.675000
0.648612	0.100157	0.675000
0.649103	0.100165	0.675000
0.649586	0.100175	0.675000
0.649374	0.100183	0.675000
0.648516	0.100192	0.675000
0.647527	0.100201	0.675000
0.647161	0.100209	0.675000
0.647793	0.100218	0.675000
0.649057	0.100226	0.675000
0.650034	0.100234	0.675000
0.650537	0.100244	0.675000
0.651299	0.100251	0.675000
0.652365	0.100259	0.675000
0.653428	0.100267	0.675000
0.654529	0.100275	0.675000
0.655666	0.100283	0.675000
0.657219	0.100290	0.675000
0.659070	0.100297	0.675000
0.660787	0.100305	0.675000
0.662291	0.100312	0.675000
0.663550	0.100319	0.675000
0.664677	0.100325	0.675000
0.666150	0.100333	0.675000
0.668158	0.100339	0.675000
0.670599	0.100346	0.675000
0.673105	0.100352	0.675000
0.675000	0.100358	0.675000
0.675000	0.100364	0.675000
0.675000	0.100370	0.675000
0.675000	0.100376	0.675000
0.675000	0.100382	0.675000
0.675000	0.100387	0.675000
0.675000	0.100393	0.675000
0.675000	0.100397	0.675000
0.675000	0.100402	0.675000
0.675000	0.100407	0.675000
0.675000	0.100412	0.675000
0.675000	0.100416	0.675000
0.675000	0.100420	0.675000
0.675000	0.100425	0.675000
0.675000	0.100428	0.675000
0.675000	0.100432	0.675000
0.675000	0.100436	0.675000
0.675000	0.100439	0.675000
0.675000	0.100442	0.675000
0.675000	0.100445	0.675000
0.675000	0.100448	0.675000
0.675000	0.100450	0.675000
0.675000	0.100453	0.675000
0.675000	0.100455	0.675000
0.675000	0.100457	0.675000
0.675000	0.100459	0.675000
0.675000	0.100460	0.675000
0.675000	0.100461	0.675000
0.675000	0.100463	0.675000
0.675000	0.100464	0.675000
0.675000	0.100464	0.675000
0.675000	0.100465	0.675000
0.675000	0.100465	0.675000
0.100000	0.100466	0.100000
0.675000	0.100465	0.675000
0.271350	0.100465	0.663755
0.248872	0.100465	0.660159
0.236016	0.100464	0.655899
0.234492	0.100463	0.650626
0.229004	0.100462	0.644328
0.219555	0.100461	0.636917
0.215290	0.100459	0.628466
0.220635	0.100458	0.618526
0.237113	0.100456	0.606252
0.260419	0.100454	0.590924
0.277510	0.100452	0.573838
0.287877	0.100449	0.554119
0.297792	0.100446	0.529749
0.306803	0.100443	0.497530
0.319361	0.100440	0.453418
0.334922	0.100437	0.390609
0.347275	0.100433	0.296866
0.354361	0.100430	0.141754
0.361059	0.100426	0.100000
0.370306	0.100422	0.100000
0.381583	0.100418	0.100000
0.394989	0.100413	0.100000
0.409988	0.100409	0.100000
0.425964	0.100404	0.100000
0.441786	0.100399	0.100000
0.453725	0.100393	0.100000
0.461254	0.100388	0.100000
0.465375	0.100383	0.100000
0.466094	0.100377	0.100000
0.464050	0.100372	0.100000
0.460650	0.100365	0.100000
0.459627	0.100359	0.100000
0.460621	0.100352	0.100000
0.461028	0.100346	0.100000
0.460684	0.100339	0.100000
0.459471	0.100333	0.100000
0.457557	0.100325	0.100000
0.456047	0.100318	0.100000
0.455462	0.100311	0.100000
0.455503	0.100303	0.100000
0.455730	0.100296	0.100000
0.458075	0.100288	0.100000
0.463127	0.100281	0.100000
0.468134	0.100272	0.100000
0.473465	0.100264	0.100000
0.479669	0.100256	0.100000
0.485133	0.100248	0.100000
0.489111	0.100240	0.100000
0.490949	0.100231	0.100000
0.491159	0.100222	0.100000
0.490932	0.100213	0.100000
0.490976	0.100204	0.100000
0.493099	0.100195	0.100000
0.497793	0.100186	0.100000
0.505229	0.100178	0.100000
0.513469	0.100167	0.100000
0.520065	0.100158	0.100000
0.524522	0.100149	0.100000
0.526798	0.100139	0.100000
0.525934	0.100129	0.100000
0.523005	0.100121	0.100000
0.518695	0.100110	0.100000
0.514157	0.100099	0.100000
0.510054	0.100091	0.100000
0.505623	0.100082	0.100000
0.501997	0.100071	0.100000
0.499356	0.100060	0.100000
0.496832	0.100051	0.100000
0.493255	0.100040	0.100000
0.487245	0.100030	0.100000
0.479557	0.100020	0.100000
0.471650	0.100009	0.100000
0.463792	0.100000	0.100000
0.455997	0.099997	0.100000
0.450760	0.099990	0.100000
0.448724	0.099981	0.100000
0.445790	0.099973	0.100000
0.442425	0.099966	0.100000
0.436662	0.099958	0.100000
0.426138	0.099950	0.100000
0.412653	0.099943	0.100000
0.396786	0.099936	0.100000
0.378635	0.099927	0.100000
0.357490	0.099918	0.100000
0.336929	0.099912	0.100000
0.322309	0.099905	0.100000
0.314721	0.099896	0.100000
0.314017	0.099889	0.100000
0.317250	0.099882	0.100000
0.318523	0.099874	0.100000
0.316240	0.099867	0.100000
0.313966	0.099859	0.100000
0.310926	0.099852	0.100000
0.303247	0.099844	0.100000
0.298900	0.099837	0.100000
0.298741	0.099830	0.100000
0.296899	0.099823	0.100000
0.279650	0.099816	0.100000
0.243235	0.099809	0.100000
0.194458	0.099802	0.100000
0.137907	0.099794	0.100000
0.100000	0.099788	0.100000
0.100000	0.099781	0.100000
0.100000	0.099775	0.100000
0.100000	0.099768	0.100000
0.100000	0.099762	0.100000
0.100000	0.099756	0.100000
0.100000	0.099750	0.100000
0.100000	0.099744	0.100000
0.100000	0.099738	0.100000
0.100000	0.099732	0.100000
0.100000	0.099727	0.100000
0.100000	0.099721	0.100000
0.100000	0.099715	0.100000
0.100000	0.099710	0.100000
0.100000	0.099705	0.100000
0.100000	0.179626	0.100000
0.100000	0.233579	0.100000
0.100000	0.280288	0.100000
0.100000	0.321426	0.100000
0.100000	0.350133	0.100000
0.100000	0.366136	0.100000
0.100000	0.377741	0.100000
0.100000	0.389234	0.100000
0.100000	0.395245	0.100000
0.100000	0.393804	0.100000
0.100000	0.386226	0.100000
0.100000	0.374277	0.100000
0.100000	0.361880	0.100000
0.100000	0.358349	0.100000
0.100000	0.361140	0.100000
0.100000	0.360770	0.100000
0.100000	0.358333	0.100000
0.100000	0.353556	0.100000
0.100000	0.350010	0.100000
0.100000	0.350352	0.100000
0.100000	0.351576	0.100000
0.100000	0.352179	0.100000
0.100000	0.347850	0.100000
0.100000	0.339049	0.100000
0.100000	0.330376	0.100000
0.100000	0.316600	0.100000
0.100000	0.298058	0.100000
0.100000	0.284354	0.100000
0.100000	0.278725	0.100000
0.100000	0.271969	0.100000
0.100000	0.259260	0.100000
0.100000	0.249032	0.100000
0.100000	0.247631	0.100000
0.100000	0.251142	0.100000
0.100000	0.257891	0.100000
0.100000	0.266605	0.100000
0.100000	0.271082	0.100000
0.100000	0.269642	0.100000
0.100000	0.262669	0.100000
0.100000	0.255498	0.100000
0.100000	0.247486	0.100000
0.100000	0.235727	0.100000
0.100000	0.222878	0.100000
0.100000	0.209764	0.100000
0.100000	0.202043	0.100000
0.100000	0.203537	0.100000
0.100000	0.212243	0.100000
0.100000	0.222096	0.100000
0.100000	0.224675	0.100000
0.100000	0.213021	0.100000
0.100000	0.182228	0.100000
0.100000	0.138412	0.100000
0.100000	0.099647	0.100000
0.100000	0.099650	0.100000
0.100000	0.099654	0.100000
0.100000	0.099658	0.100000
0.100000	0.099661	0.100000
0.100000	0.099666	0.100000
0.100000	0.099669	0.100000
0.100000	0.099675	0.100000
0.100000	0.099679	0.100000
0.100000	0.099683	0.100000
0.100000	0.099688	0.100000
0.100000	0.099693	0.100000
0.100000	0.099698	0.100000
0.100000	0.099704	0.100000
0.100000	0.099709	0.100000
0.100000	0.099714	0.100000
0.100000	0.099720	0.100000
0.100000	0.099725	0.100000
0.100000	0.099731	0.100000
0.100000	0.099738	0.100000
0.100000	0.099743	0.100000
0.100000	0.099750	0.100000
0.100000	0.099756	0.100000
0.100000	0.099763	0.100000
0.100000	0.099769	0.100000
0.100000	0.099776	0.100000
0.100000	0.099783	0.100000
0.100000	0.099790	0.100000
0.100000	0.099795	0.100000
0.100000	0.099804	0.100000
0.100000	0.099811	0.100000
0.100000	0.099818	0.100000
0.100000	0.099825	0.100000
0.100000	0.099833	0.100000
0.100000	0.099840	0.100000
0.100000	0.099847	0.100000
0.100000	0.099855	0.100000
0.100000	0.099863	0.100000
0.100000	0.099871	0.100000
0.100000	0.099879	0.100000
0.100000	0.099887	0.100000
0.100000	0.099896	0.100000
0.100000	0.099902	0.100000
0.100000	0.099911	0.100000
0.100000	0.099921	0.100000
0.100000	0.099926	0.100000
0.100000	0.099935	0.100000
0.100000	0.099944	0.100000
0.100000	0.099953	0.100000
0.100000	0.099960	0.100000
0.100000	0.099969	0.100000
0.100000	0.099979	0.100000
0.100000	0.099986	0.100000
0.100000	0.099995	0.100000
0.100000	0.100003	0.100000
0.100000	0.100011	0.100000
0.100000	0.100022	0.100000
0.100000	0.100034	0.100000
0.100000	0.100045	0.100000
0.100000	0.100055	0.100000
0.100000	0.100066	0.100000
0.100000	0.100077	0.100000
0.100000	0.100086	0.100000
0.100000	0.100099	0.100000
0.100000	0.100111	0.100000
0.100000	0.100120	0.100000
0.100000	0.100130	0.100000
0.100000	0.100142	0.100000
0.100000	0.100152	0.100000
0.100000	0.100163	0.100000
0.100000	0.100174	0.100000
0.100000	0.100184	0.100000
0.100000	0.100194	0.100000
0.100000	0.100204	0.100000
0.100000	0.100215	0.100000
0.100000	0.100225	0.100000
0.100000	0.100235	0.100000
0.100000	0.100245	0.100000
0.100000	0.100256	0.100000
0.100000	0.100265	0.100000
0.100000	0.100274	0.100000
0.100000	0.100285	0.100000
0.100000	0.100294	0.100000
0.100000	0.100303	0.100000
0.100000	0.100312	0.100000
0.100000	0.100322	0.100000
0.100000	0.100331	0.100000
0.100000	0.100339	0.100000
0.100000	0.100348	0.100000
0.100000	0.100357	0.100000
0.100000	0.100365	0.100000
0.100000	0.100373	0.100000
0.100000	0.100381	0.100000
0.100000	0.100389	0.100000
0.100000	0.100397	0.100000
0.100000	0.100405	0.100000
0.100000	0.100413	0.100000
0.100000	0.100419	0.100000
0.100000	0.100426	0.100000
0.100000	0.100433	0.100000
0.100000	0.100440	0.100000
0.100000	0.100447	0.100000
0.100000	0.100453	0.100000
0.100000	0.100459	0.100000
0.100000	0.100465	0.100000
0.100000	0.100471	0.100000
0.100000	0.100476	0.100000
0.100000	0.100481	0.100000
0.100000	0.100486	0.100000
0.100000	0.100492	0.100000
0.100000	0.100496	0.100000
0.100000	0.100500	0.100000
0.100000	0.100505	0.100000
0.100000	0.100509	0.100000
0.100000	0.100513	0.100000
0.100000	0.100516	0.100000
0.100000	0.100520	0.100000
0.100000	0.100523	0.100000
0.100000	0.100526	0.100000
0.100000	0.100528	0.100000
0.100000	0.100531	0.100000
0.100000	0.100533	0.100000
0.100000	0.100535	0.100000
0.100000	0.100537	0.100000
0.100000	0.100539	0.100000
0.100000	0.100540	0.100000
0.100000	0.100541	0.100000
0.100000	0.100542	0.100000
0.100000	0.100542	0.100000
0.100000	0.100543	0.100000
0.100000	0.100543	0.100000
0.100000	0.100543	0.100000
0.100000	0.100543	0.100000
0.100000	0.100542	0.100000
0.100000	0.100541	0.100000
0.100000	0.100540	0.100000
0.100000	0.100539	0.100000
0.100000	0.100537	0.100000
0.100000	0.100536	0.100000
0.100000	0.100534	0.100000
0.100000	0.100531	0.100000
0.100000	0.100529	0.100000
0.100000	0.100526	0.100000
0.100000	0.100523	0.100000
0.100000	0.100520	0.100000
0.100000	0.100517	0.100000
0.100000	0.100513	0.100000
0.100000	0.100509	0.100000
0.100000	0.100505	0.100000
0.100000	0.100500	0.100000
0.100000	0.100496	0.100000
0.100000	0.100491	0.100000
0.100000	0.100486	0.100000
0.100000	0.100481	0.100000
0.100000	0.100476	0.100000
0.100000	0.100470	0.100000
0.100000	0.100465	0.100000
0.100000	0.100458	0.100000
0.100000	0.100452	0.100000
0.100000	0.100446	0.100000
0.100000	0.100439	0.100000
0.100000	0.100432	0.100000
0.100000	0.100425	0.100000
0.100000	0.100417	0.100000
0.100000	0.100410	0.100000
0.100000	0.100402	0.100000
0.100000	0.100395	0.100000
0.100000	0.100388	0.100000
0.100000	0.100378	0.100000
0.100000	0.100370	0.100000
0.100000	0.100362	0.100000
0.100000	0.100353	0.100000
0.100000	0.100344	0.100000
0.100000	0.100335	0.100000
0.100000	0.100326	0.100000
0.100000	0.100316	0.100000
0.100000	0.100307	0.100000
0.100000	0.100296	0.100000
0.100000	0.100288	0.100000
0.100000	0.100278	0.100000
0.100000	0.100268	0.100000
0.100000	0.100257	0.100000
0.100000	0.100248	0.100000
0.100000	0.100237	0.100000
0.137133	0.100227	0.100000
0.204781	0.100217	0.100000
0.250095	0.100205	0.100000
0.281988	0.100194	0.100000
0.308638	0.100184	0.100000
0.329693	0.100173	0.100000
0.345375	0.100162	0.100000
0.360438	0.100151	0.100000
0.371927	0.100140	0.100000
0.376105	0.100127	0.100000
0.377313	0.100115	0.100000
0.382688	0.100105	0.100000
0.395810	0.100095	0.100000
0.410170	0.100082	0.100000
0.422795	0.100071	0.100000
0.435600	0.100059	0.100000
0.447764	0.100046	0.100000
0.457742	0.100034	0.100000
0.466212	0.100023	0.100000
0.475316	0.100011	0.100000
0.486186	0.100000	0.100000
0.498019	0.099997	0.100000
0.506717	0.099988	0.100000
0.511182	0.099978	0.100000
0.513203	0.099969	0.100000
0.514679	0.099961	0.100000
0.516500	0.099952	0.100000
0.518959	0.099943	0.100000
0.522716	0.099934	0.100000
0.528348	0.099925	0.100000
0.533665	0.099916	0.100000
0.537357	0.099906	0.100000
0.540348	0.099898	0.100000
0.542225	0.099889	0.100000
0.542528	0.099880	0.100000
0.542475	0.099871	0.100000
0.543663	0.099863	0.100000
0.545847	0.099854	0.100000
0.549323	0.099845	0.100000
0.553683	0.099837	0.100000
0.557485	0.099828	0.100000
0.560605	0.099820	0.100000
0.562979	0.099811	0.100000
0.563755	0.099803	0.100000
0.563357	0.099795	0.100000
0.562253	0.099787	0.100000
0.561892	0.099779	0.100000
0.563905	0.099771	0.100000
0.568197	0.099762	0.100000
0.573500	0.099755	0.100000
0.577810	0.099747	0.100000
0.580203	0.099740	0.100000
0.581193	0.099732	0.100000
0.581923	0.099725	0.100000
0.583155	0.099718	0.100000
0.584655	0.099711	0.100000
0.585916	0.099704	0.100000
0.587312	0.099697	0.100000
0.589825	0.099690	0.100000
0.593443	0.099684	0.100000
0.596849	0.099677	0.153104
0.598689	0.099671	0.355032
0.598685	0.099664	0.460605
0.597322	0.099658	0.523853
0.595925	0.099653	0.565375
0.594453	0.099647	0.593115
0.592717	0.099641	0.613801
0.590903	0.099636	0.628493
0.588670	0.099631	0.637452
0.587184	0.105552	0.641062
0.586586	0.167327	0.640194
0.585996	0.199140	0.635098
0.585717	0.219464	0.625856
0.585005	0.236333	0.613117
0.583500	0.246594	0.596477
0.582537	0.253783	0.576996
0.583007	0.261989	0.554854
0.584411	0.272049	0.529096
0.586036	0.280774	0.500294
0.588077	0.290063	0.475361
0.590256	0.303445	0.465436
0.591740	0.323103	0.477018
0.592385	0.341210	0.504594
0.592059	0.355469	0.536170
0.591621	0.371890	0.564453
0.591517	0.387212	0.586995
0.591432	0.398554	0.604841
0.591519	0.407925	0.617748
0.591917	0.416714	0.626938
0.591636	0.422969	0.634045
0.589571	0.424180	0.640461
0.585594	0.419874	0.646748
0.581127	0.418212	0.653139
0.576768	0.427629	0.659628
0.572277	0.442834	0.666635
0.567247	0.457797	0.674383
0.562187	0.469878	0.675000
0.558374	0.479044	0.675000
0.556553	0.487810	0.675000
0.555661	0.495479	0.675000
0.554933	0.502384	0.675000
0.553917	0.509445	0.675000
0.551152	0.515815	0.675000
0.546552	0.521124	0.675000
0.541158	0.525330	0.675000
0.535952	0.528700	0.675000
0.532048	0.530279	0.675000
0.530047	0.530828	0.675000
0.529797	0.531677	0.675000
0.529702	0.531137	0.675000
0.528848	0.528424	0.675000
0.527595	0.524288	0.675000
0.525430	0.518348	0.675000
0.522397	0.510248	0.675000
0.520374	0.499464	0.675000
0.519952	0.487423	0.675000
0.520489	0.476331	0.675000
0.518526	0.465585	0.675000
0.510613	0.453658	0.675000
0.496613	0.438725	0.675000
0.482839	0.419122	0.675000
0.473394	0.399870	0.675000
0.465413	0.385447	0.675000
0.457452	0.372373	0.675000
0.450024	0.352843	0.675000
0.445789	0.328315	0.675000
0.443985	0.306711	0.675000
0.442780	0.288092	0.675000
0.442041	0.271450	0.675000
0.439609	0.252941	0.675000
0.435960	0.225562	0.675000
0.431160	0.185964	0.675000
0.424571	0.132470	0.675000
0.418681	0.099684	0.675000
0.413309	0.099691	0.675000
0.409492	0.099698	0.675000
0.407374	0.099704	0.675000
0.404951	0.099713	0.675000
0.400588	0.099719	0.675000
0.395809	0.099727	0.675000
0.392057	0.099735	0.675000
0.387240	0.099743	0.675000
0.381144	0.099750	0.675000
0.377901	0.099758	0.675000
0.380707	0.099765	0.675000
0.387816	0.099774	0.675000
0.397439	0.099783	0.675000
0.409989	0.099790	0.675000
0.424233	0.099799	0.675000
0.437225	0.099808	0.675000
0.447855	0.099816	0.675000
0.456963	0.099825	0.675000
0.465470	0.099833	0.675000
0.472396	0.099843	0.675000
0.477710	0.099852	0.675000
0.481000	0.099861	0.675000
0.481221	0.099870	0.675000
0.478950	0.099879	0.675000
0.476541	0.099888	0.675000
0.477740	0.099898	0.675000
0.483455	0.099909	0.675000
0.490235	0.099916	0.675000
0.495520	0.099925	0.675000
0.499998	0.099936	0.675000
0.504286	0.099945	0.675000
0.509268	0.099954	0.675000
0.514861	0.099965	0.675000
0.520134	0.099976	0.675000
0.524405	0.099984	0.675000
0.527723	0.099994	0.675000
0.530432	0.100003	0.675000
0.533067	0.100013	0.675000
0.536255	0.100025	0.675000
0.540894	0.100039	0.675000
0.546111	0.100051	0.675000
0.551656	0.100063	0.675000
0.557065	0.100075	0.675000
0.559958	0.100088	0.675000
0.560360	0.100099	0.675000
0.559322	0.100112	0.675000
0.557928	0.100127	0.675000
0.557131	0.100138	0.675000
0.557132	0.100150	0.675000
0.558282	0.100163	0.675000
0.560626	0.100175	0.675000
0.563766	0.100187	0.675000
0.568053	0.100199	0.675000
0.572622	0.100211	0.675000
0.576076	0.100223	0.675000
0.577760	0.100234	0.675000
0.579327	0.100246	0.675000
0.581866	0.100258	0.675000
0.584967	0.100270	0.675000
0.588034	0.100282	0.675000
0.590797	0.100293	0.675000
0.593243	0.100304	0.675000
0.595712	0.100314	0.675000
0.598054	0.100327	0.675000
0.599766	0.100337	0.675000
0.600983	0.100348	0.675000
0.601485	0.100358	0.675000
0.601629	0.100369	0.675000
0.602602	0.100379	0.675000
0.604532	0.100389	0.675000
0.607060	0.100399	0.675000
0.610085	0.100409	0.675000
0.613612	0.100418	0.675000
0.617509	0.100427	0.675000
0.621647	0.100437	0.675000
0.625771	0.100445	0.675000
0.629591	0.100454	0.675000
0.633252	0.100464	0.675000
0.636677	0.100472	0.675000
0.639769	0.100479	0.675000
0.642442	0.100488	0.675000
0.644945	0.100495	0.675000
0.647410	0.100504	0.675000
0.649764	0.100511	0.675000
0.652082	0.100518	0.675000
0.653827	0.100525	0.675000
0.655137	0.100532	0.675000
0.656040	0.100538	0.675000
0.656483	0.100544	0.675000
0.656723	0.100551	0.675000
0.656915	0.100556	0.675000
0.657389	0.100562	0.675000
0.658037	0.100568	0.675000
0.658230	0.100573	0.675000
0.658153	0.100577	0.675000
0.658344	0.100582	0.675000
0.658507	0.100586	0.675000
0.658140	0.100590	0.675000
0.657705	0.100595	0.675000
0.658190	0.100598	0.675000
0.659740	0.100601	0.675000
0.661513	0.100604	0.675000
0.662790	0.100607	0.675000
0.663549	0.100610	0.675000
0.664530	0.100612	0.675000
0.666221	0.100614	0.675000
0.668249	0.100616	0.675000
0.670369	0.100617	0.675000
0.672525	0.100618	0.675000
0.674820	0.100619	0.675000
0.675000	0.100620	0.675000
0.675000	0.100620	0.675000
0.100000	0.100620	0.100000
0.675000	0.100620	0.675000
0.254099	0.100620	0.661699
0.254495	0.100619	0.655744
0.240542	0.100618	0.649305
0.224071	0.100617	0.642221
0.215379	0.100615	0.634831
0.214026	0.100614	0.627419
0.225431	0.100612	0.620007
0.248333	0.100609	0.612167
0.271370	0.100607	0.603055
0.290594	0.100604	0.592165
0.306264	0.100601	0.579856
0.320207	0.100597	0.564971
0.330198	0.100594	0.545124
0.336248	0.100590	0.516822
0.346133	0.100585	0.473241
0.361894	0.100581	0.402587
0.375561	0.100576	0.277097
0.385141	0.100571	0.100000
0.395748	0.100566	0.100000
0.408060	0.100561	0.100000
0.419359	0.100555	0.100000
0.428453	0.100549	0.100000
0.437480	0.100543	0.100000
0.448153	0.100536	0.100000
0.460314	0.100530	0.100000
0.474122	0.100522	0.100000
0.487660	0.100516	0.100000
0.500532	0.100508	0.100000
0.511817	0.100501	0.100000
0.521279	0.100493	0.100000
0.529099	0.100484	0.100000
0.533603	0.100476	0.100000
0.534432	0.100467	0.100000
0.533084	0.100459	0.100000
0.531447	0.100451	0.100000
0.530957	0.100441	0.100000
0.530995	0.100431	0.100000
0.530522	0.100422	0.100000
0.529687	0.100413	0.100000
0.528908	0.100402	0.100000
0.528098	0.100392	0.100000
0.527278	0.100382	0.100000
0.528307	0.100372	0.100000
0.530935	0.100361	0.100000
0.533949	0.100349	0.100000
0.535845	0.100338	0.100000
0.536213	0.100328	0.100000
0.535667	0.100317	0.100000
0.534076	0.100305	0.100000
0.532319	0.100294	0.100000
0.531760	0.100283	0.100000
0.531253	0.100270	0.100000
0.529376	0.100258	0.100000
0.526223	0.100246	0.100000
0.523579	0.100234	0.100000
0.522728	0.100221	0.100000
0.522642	0.100209	0.100000
0.523239	0.100197	0.100000
0.524878	0.100184	0.100000
0.526414	0.100171	0.100000
0.527163	0.100160	0.100000
0.526941	0.100145	0.100000
0.525605	0.100131	0.100000
0.523319	0.100120	0.100000
0.520247	0.100108	0.100000
0.517687	0.100093	0.100000
0.516821	0.100080	0.100000
0.517596	0.100067	0.100000
0.519611	0.100053	0.100000
0.521910	0.100039	0.100000
0.523635	0.100027	0.100000
0.523966	0.100013	0.100000
0.522856	0.100000	0.100000
0.519533	0.099996	0.100000
0.513676	0.099986	0.100000
0.504743	0.099976	0.100000
0.495062	0.099965	0.100000
0.486542	0.099955	0.100000
0.481296	0.099945	0.100000
0.478764	0.099935	0.100000
0.474912	0.099925	0.100000
0.467125	0.099915	0.100000
0.455962	0.099904	0.100000
0.446993	0.099893	0.100000
0.441986	0.099884	0.100000
0.439629	0.099874	0.100000
0.440584	0.099864	0.100000
0.441304	0.099854	0.100000
0.440599	0.099844	0.100000
0.439375	0.099834	0.100000
0.437804	0.099824	0.100000
0.436311	0.099814	0.100000
0.435567	0.099805	0.100000
0.436016	0.099795	0.100000
0.437486	0.099785	0.100000
0.440427	0.099776	0.100000
0.444168	0.099767	0.100000
0.447518	0.099758	0.100000
0.447374	0.099748	0.100000
0.441696	0.099739	0.100000
0.435038	0.099730	0.100000
0.428824	0.099721	0.100000
0.421087	0.099713	0.100000
0.412768	0.099704	0.100000
0.404436	0.099696	0.100000
0.394051	0.099687	0.100000
0.380784	0.099679	0.100000
0.360451	0.099671	0.100000
0.324089	0.099663	0.100000
0.259953	0.099656	0.100000
0.176720	0.099648	0.100000
0.104463	0.099641	0.100000
0.100000	0.099633	0.100000
0.100000	0.099626	0.100000
0.100000	0.099619	0.100000
0.100000	0.099612	0.100000
0.100000	0.099606	0.100000
0.100000	0.099599	0.100000
0.100000	0.099593	0.100000
0.100000	0.099587	0.100000
0.100000	0.099581	0.100000
0.100000	0.099575	0.100000
0.100000	0.099569	0.100000
0.100000	0.099564	0.100000
0.100000	0.099559	0.100000
0.100000	0.099554	0.100000
0.100000	0.099549	0.100000
0.100000	0.099544	0.100000
0.100000	0.099539	0.100000
0.100000	0.099535	0.100000
0.100000	0.099531	0.100000
0.100000	0.099527	0.100000
0.100000	0.099523	0.100000
0.100000	0.101795	0.100000
0.100000	0.121942	0.100000
0.100000	0.133235	0.100000
0.100000	0.141734	0.100000
0.100000	0.146958	0.100000
0.100000	0.140318	0.100000
0.100000	0.130958	0.100000
0.100000	0.124480	0.100000
0.100000	0.108938	0.100000
0.100000	0.099498	0.100000
0.100000	0.099497	0.100000
0.100000	0.099496	0.100000
0.100000	0.099495	0.100000
0.100000	0.099494	0.100000
0.100000	0.099494	0.100000
0.100000	0.099494	0.100000
0.100000	0.099494	0.100000
0.100000	0.099494	0.100000
0.100000	0.099495	0.100000
0.100000	0.099495	0.100000
0.100000	0.099497	0.100000
0.100000	0.099498	0.100000
0.100000	0.099500	0.100000
0.100000	0.099501	0.100000
0.100000	0.099503	0.100000
0.100000	0.099505	0.100000
0.100000	0.099508	0.100000
0.100000	0.099510	0.100000
0.100000	0.099513	0.100000
0.100000	0.099517	0.100000
0.100000	0.099520	0.100000
0.100000	0.099524	0.100000
0.100000	0.099527	0.100000
0.100000	0.099531	0.100000
0.100000	0.099535	0.100000
0.100000	0.099540	0.100000
0.100000	0.099544	0.100000
0.100000	0.099549	0.100000
0.100000	0.099554	0.100000
0.100000	0.099559	0.100000
0.100000	0.099564	0.100000
0.100000	0.099569	0.100000
0.100000	0.099576	0.100000
0.100000	0.099581	0.100000
0.100000	0.099587	0.100000
0.100000	0.099594	0.100000
0.100000	0.099600	0.100000
0.100000	0.099607	0.100000
0.100000	0.099614	0.100000
0.100000	0.099621	0.100000
0.100000	0.099627	0.100000
0.100000	0.099635	0.100000
0.100000	0.099643	0.100000
0.100000	0.099651	0.100000
0.100000	0.099658	0.100000
0.100000	0.099666	0.100000
0.100000	0.099675	0.100000
0.100000	0.099683	0.100000
0.100000	0.099691	0.100000
0.100000	0.099700	0.100000
0.100000	0.099709	0.100000
0.100000	0.099717	0.100000
0.100000	0.099728	0.100000
0.100000	0.099735	0.100000
0.100000	0.099744	0.100000
0.100000	0.099755	0.100000
0.100000	0.099764	0.100000
0.100000	0.099773	0.100000
0.100000	0.099782	0.100000
0.100000	0.099793	0.100000
0.100000	0.099803	0.100000
0.100000	0.099813	0.100000
0.100000	0.099823	0.100000
0.100000	0.099833	0.100000
0.100000	0.099843	0.100000
0.100000	0.099853	0.100000
0.100000	0.099864	0.100000
0.100000	0.099873	0.100000
0.100000	0.099885	0.100000
0.100000	0.099897	0.100000
0.100000	0.099905	0.100000
0.100000	0.099915	0.100000
0.100000	0.099928	0.100000
0.100000	0.099939	0.100000
0.100000	0.099949	0.100000
0.100000	0.099960	0.100000
0.100000	0.099972	0.100000
0.100000	0.099982	0.100000
0.100000	0.099993	0.100000
0.100000	0.100004	0.100000
0.100000	0.100015	0.100000
0.100000	0.100029	0.100000
0.100000	0.100044	0.100000
0.100000	0.100058	0.100000
0.100000	0.100071	0.100000
0.100000	0.100086	0.100000
0.100000	0.100099	0.100000
0.100000	0.100112	0.100000
0.100000	0.100127	0.100000
0.100000	0.100143	0.100000
0.100000	0.100156	0.100000
0.100000	0.100168	0.100000
0.100000	0.100184	0.100000
0.100000	0.100197	0.100000
0.100000	0.100211	0.100000
0.100000	0.100225	0.100000
0.100000	0.100238	0.100000
0.100000	0.100251	0.100000
0.100000	0.100265	0.100000
0.100000	0.100278	0.100000
0.100000	0.100291	0.100000
0.100000	0.100304	0.100000
0.100000	0.100317	0.100000
0.100000	0.100330	0.100000
0.100000	0.100342	0.100000
0.100000	0.100355	0.100000
0.100000	0.100368	0.100000
0.100000	0.100380	0.100000
0.100000	0.100392	0.100000
0.100000	0.100403	0.100000
0.100000	0.100415	0.100000
0.100000	0.100427	0.100000
0.100000	0.100439	0.100000
0.100000	0.100449	0.100000
0.100000	0.100461	0.100000
0.100000	0.100471	0.100000
0.100000	0.100481	0.100000
0.100000	0.100492	0.100000
0.100000	0.100502	0.100000
0.100000	0.100512	0.100000
0.100000	0.100522	0.100000
0.100000	0.100531	0.100000
0.100000	0.100541	0.100000
0.100000	0.100549	0.100000
0.100000	0.100558	0.100000
0.100000	0.100568	0.100000
0.100000	0.100576	0.100000
0.100000	0.100583	0.100000
0.100000	0.100592	0.100000
0.100000	0.100599	0.100000
0.100000	0.100606	0.100000
0.100000	0.100613	0.100000
0.100000	0.100620	0.100000
0.100000	0.100627	0.100000
0.100000	0.100633	0.100000
0.100000	0.100639	0.100000
0.100000	0.100645	0.100000
0.100000	0.100650	0.100000
0.100000	0.100655	0.100000
0.100000	0.100660	0.100000
0.100000	0.100665	0.100000
0.100000	0.100669	0.100000
0.100000	0.100673	0.100000
0.100000	0.100676	0.100000
0.100000	0.100680	0.100000
0.100000	0.100683	0.100000
0.100000	0.100686	0.100000
0.100000	0.100689	0.100000
0.100000	0.100691	0.100000
0.100000	0.100693	0.100000
0.100000	0.100694	0.100000
0.100000	0.100696	0.100000
0.100000	0.100697	0.100000
0.100000	0.100697	0.100000
0.100000	0.100698	0.100000
0.100000	0.100698	0.100000
0.100000	0.100698	0.100000
0.100000	0.100697	0.100000
0.100000	0.100696	0.100000
0.100000	0.100695	0.100000
0.100000	0.100694	0.100000
0.100000	0.100692	0.100000
0.100000	0.100690	0.100000
0.100000	0.100688	0.100000
0.100000	0.100685	0.100000
0.100000	0.100682	0.100000
0.100000	0.100679	0.100000
0.100000	0.100675	0.100000
0.100000	0.100672	0.100000
0.100000	0.100667	0.100000
0.100000	0.100663	0.100000
0.100000	0.100658	0.100000
0.100000	0.100653	0.100000
0.100000	0.100648	0.100000
0.100000	0.100642	0.100000
0.100000	0.100636	0.100000
0.100000	0.100630	0.100000
0.100000	0.100624	0.100000
0.100000	0.100617	0.100000
0.100000	0.100610	0.100000
0.100000	0.100602	0.100000
0.100000	0.100595	0.100000
0.100000	0.100587	0.100000
0.100000	0.100579	0.100000
0.100000	0.100571	0.100000
0.100000	0.100562	0.100000
0.100000	0.100554	0.100000
0.100000	0.100543	0.100000
0.100000	0.100534	0.100000
0.100000	0.100525	0.100000
0.100000	0.100516	0.100000
0.100000	0.100505	0.100000
0.100000	0.100495	0.100000
0.100000	0.100485	0.100000
0.100000	0.100474	0.100000
0.100000	0.100464	0.100000
0.100000	0.100452	0.100000
0.100000	0.100440	0.100000
0.100000	0.100428	0.100000
0.100000	0.100417	0.100000
0.100000	0.100405	0.100000
0.100000	0.100393	0.100000
0.100000	0.100380	0.100000
0.100000	0.100369	0.100000
0.100000	0.100356	0.100000
0.100000	0.100342	0.100000
0.100000	0.100330	0.100000
0.100000	0.100317	0.100000
0.100000	0.100303	0.100000
0.100000	0.100290	0.100000
0.137428	0.100277	0.100000
0.171264	0.100263	0.100000
0.196438	0.100249	0.100000
0.217595	0.100235	0.100000
0.240009	0.100221	0.100000
0.262194	0.100206	0.100000
0.276821	0.100191	0.100000
0.284765	0.100178	0.100000
0.293643	0.100164	0.100000
0.306264	0.100147	0.100000
0.322327	0.100135	0.100000
0.341326	0.100121	0.100000
0.360052	0.100104	0.100000
0.371954	0.100090	0.100000
0.374043	0.100075	0.100000
0.368174	0.100060	0.100000
0.360683	0.100044	0.100000
0.349280	0.100030	0.100000
0.335914	0.100015	0.100000
0.329233	0.100000	0.100000
0.335631	0.099996	0.100000
0.352662	0.099984	0.100000
0.369429	0.099972	0.100000
0.381233	0.099961	0.100000
0.391980	0.099950	0.100000
0.403374	0.099938	0.100000
0.412448	0.099927	0.100000
0.420103	0.099916	0.100000
0.428183	0.099904	0.100000
0.435780	0.099892	0.100000
0.442634	0.099880	0.100000
0.446064	0.099870	0.100000
0.447573	0.099859	0.100000
0.454490	0.099847	0.100000
0.464283	0.099836	0.100000
0.471479	0.099825	0.100000
0.475544	0.099814	0.100000
0.477721	0.099803	0.100000
0.481496	0.099792	0.100000
0.486984	0.099781	0.100000
0.492145	0.099771	0.100000
0.496359	0.099760	0.100000
0.499302	0.099749	0.100000
0.500617	0.099739	0.100000
0.500097	0.099729	0.100000
0.499070	0.099719	0.100000
0.498995	0.099708	0.100000
0.501143	0.099698	0.100000
0.504079	0.099688	0.100000
0.504272	0.099678	0.100000
0.501810	0.099669	0.100000
0.497458	0.099660	0.100000
0.493551	0.099650	0.100000
0.492581	0.099641	0.100000
0.495138	0.099632	0.100000
0.500099	0.099623	0.100000
0.505777	0.099615	0.100000
0.511478	0.099607	0.100000
0.516336	0.099598	0.100000
0.520289	0.099590	0.100000
0.523610	0.099582	0.100000
0.527632	0.099573	0.215272
0.531567	0.099566	0.397069
0.534234	0.099559	0.486738
0.535663	0.099552	0.537681
0.535957	0.099545	0.569152
0.536230	0.099537	0.589066
0.535607	0.099531	0.601965
0.533049	0.099524	0.609036
0.529651	0.099518	0.611161
0.526163	0.099512	0.608626
0.521738	0.099506	0.601953
0.517748	0.099501	0.590277
0.514514	0.099495	0.573768
0.510683	0.099490	0.549385
0.506007	0.099485	0.512992
0.503236	0.099480	0.462874
0.502509	0.099476	0.399022
0.503345	0.099471	0.324289
0.506160	0.099467	0.255579
0.509992	0.099463	0.225662
0.513702	0.099460	0.250906
0.515573	0.099456	0.314654
0.515595	0.099453	0.388745
0.514881	0.099450	0.452204
0.513637	0.099448	0.498542
0.511645	0.099445	0.530829
0.508353	0.099443	0.553394
0.504176	0.099441	0.569715
0.500334	0.099439	0.582556
0.498167	0.099438	0.593655
0.497873	0.099437	0.604057
0.497790	0.099436	0.614416
0.498394	0.099435	0.624388
0.498543	0.099434	0.633528
0.496730	0.099434	0.641974
0.494229	0.099434	0.650270
0.492055	0.099435	0.659015
0.489155	0.099436	0.667324
0.485018	0.099436	0.674662
0.478782	0.099438	0.675000
0.474307	0.099439	0.675000
0.472465	0.099441	0.675000
0.471131	0.099443	0.675000
0.470689	0.099445	0.675000
0.471010	0.099448	0.675000
0.470659	0.099450	0.675000
0.466786	0.099454	0.675000
0.459838	0.099456	0.675000
0.450721	0.099460	0.675000
0.439424	0.099464	0.675000
0.428201	0.099468	0.675000
0.421577	0.099472	0.675000
0.420385	0.099476	0.675000
0.422646	0.099481	0.675000
0.425148	0.099486	0.675000
0.423723	0.099491	0.675000
0.416320	0.099496	0.675000
0.405531	0.099502	0.675000
0.395353	0.099507	0.675000
0.387871	0.099514	0.675000
0.381826	0.099519	0.675000
0.377022	0.099526	0.675000
0.374153	0.099532	0.675000
0.375244	0.099539	0.675000
0.383134	0.099546	0.675000
0.392774	0.099553	0.675000
0.401073	0.099561	0.675000
0.408453	0.099569	0.675000
0.415124	0.099577	0.675000
0.418678	0.099585	0.675000
0.417619	0.099593	0.675000
0.415554	0.099601	0.675000
0.415455	0.099610	0.675000
0.415711	0.099619	0.675000
0.415065	0.099627	0.675000
0.415913	0.099637	0.675000
0.416983	0.099646	0.675000
0.417973	0.099655	0.675000
0.417342	0.099665	0.675000
0.415094	0.099675	0.675000
0.414392	0.099685	0.675000
0.415271	0.099696	0.675000
0.412295	0.099704	0.675000
0.407809	0.099715	0.675000
0.407150	0.099726	0.675000
0.409464	0.099736	0.675000
0.413705	0.099747	0.675000
0.419595	0.099758	0.675000
0.425091	0.099768	0.675000
0.430359	0.099779	0.675000
0.431613	0.099791	0.675000
0.428050	0.099802	0.675000
0.422739	0.099814	0.675000
0.417019	0.099824	0.675000
0.411377	0.099837	0.675000
0.408133	0.099848	0.675000
0.409141	0.099858	0.675000
0.412617	0.099872	0.675000
0.415712	0.099885	0.675000
0.416370	0.099894	0.675000
0.413375	0.099906	0.675000
0.406889	0.099920	0.675000
0.400628	0.099931	0.675000
0.399223	0.099943	0.675000
0.403429	0.099955	0.675000
0.404725	0.099969	0.675000
0.398544	0.099979	0.675000
0.389344	0.099992	0.675000
0.384446	0.100004	0.675000
0.383525	0.100016	0.675000
0.385539	0.100032	0.675000
0.389700	0.100048	0.675000
0.395035	0.100064	0.675000
0.398816	0.100079	0.675000
0.397612	0.100095	0.675000
0.391400	0.100112	0.675000
0.382146	0.100126	0.675000
0.373716	0.100141	0.675000
0.371643	0.100159	0.675000
0.375377	0.100174	0.675000
0.378720	0.100188	0.675000
0.378243	0.100204	0.675000
0.377153	0.100219	0.675000
0.379905	0.100234	0.675000
0.386261	0.100250	0.675000
0.392331	0.100265	0.675000
0.397408	0.100280	0.675000
0.402715	0.100295	0.675000
0.411073	0.100309	0.675000
0.424876	0.100324	0.675000
0.440215	0.100338	0.675000
0.450444	0.100353	0.675000
0.453999	0.100368	0.675000
0.452923	0.100381	0.675000
0.451425	0.100395	0.675000
0.452444	0.100410	0.675000
0.457144	0.100423	0.675000
0.464942	0.100436	0.675000
0.474166	0.100449	0.675000
0.483891	0.100463	0.675000
0.492585	0.100475	0.675000
0.498232	0.100488	0.675000
0.500381	0.100500	0.675000
0.500106	0.100513	0.675000
0.498434	0.100524	0.675000
0.497848	0.100535	0.675000
0.500880	0.100547	0.675000
0.506460	0.100558	0.675000
0.511850	0.100570	0.675000
0.516542	0.100581	0.675000
0.522114	0.100592	0.675000
0.528412	0.100601	0.675000
0.533714	0.100611	0.675000
0.537986	0.100621	0.675000
0.542611	0.100631	0.675000
0.547340	0.100640	0.675000
0.551383	0.100648	0.675000
0.554840	0.100658	0.675000
0.559071	0.100666	0.675000
0.564389	0.100674	0.675000
0.569759	0.100682	0.675000
0.573422	0.100690	0.675000
0.575611	0.100697	0.675000
0.577853	0.100704	0.675000
0.580474	0.100711	0.675000
0.583072	0.100717	0.675000
0.585441	0.100723	0.675000
0.587621	0.100728	0.675000
0.589384	0.100734	0.675000
0.590120	0.100739	0.675000
0.590625	0.100743	0.675000
0.591340	0.100748	0.675000
0.592755	0.100752	0.675000
0.594421	0.100756	0.675000
0.596036	0.100759	0.675000
0.598127	0.100763	0.675000
0.601199	0.100765	0.675000
0.605391	0.100768	0.675000
0.610249	0.100770	0.675000
0.615581	0.100772	0.675000
0.621287	0.100773	0.675000
0.626976	0.100774	0.675000
0.632465	0.100775	0.675000
0.637493	0.100775	0.675000
0.100000	0.100775	0.100000
0.643440	0.100775	0.675000
0.209647	0.100774	0.675000
0.214696	0.100774	0.675000
0.212125	0.100772	0.672198
0.212774	0.100771	0.667234
0.224600	0.100769	0.661193
0.245097	0.100766	0.654422
0.264683	0.100764	0.647082
0.283556	0.100761	0.639065
0.302294	0.100758	0.630516
0.316294	0.100754	0.622037
0.328002	0.100750	0.612997
0.341577	0.100746	0.602255
0.353918	0.100741	0.590275
0.368009	0.100736	0.577805
0.386173	0.100730	0.564179
0.400300	0.100725	0.550336
0.408979	0.100719	0.535978
0.414764	0.100713	0.519876
0.419130	0.100706	0.501551
0.423155	0.100699	0.480564
0.426089	0.100692	0.455769
0.425612	0.100685	0.424181
0.423708	0.100677	0.378198
0.421104	0.100669	0.305718
0.419378	0.100660	0.186312
0.420291	0.100651	0.100000
0.421689	0.100643	0.100000
0.424181	0.100634	0.100000
0.430752	0.100624	0.100000
0.439303	0.100614	0.100000
0.444480	0.100604	0.100000
0.444135	0.100594	0.100000
0.440790	0.100582	0.100000
0.436961	0.100572	0.100000
0.432393	0.100561	0.100000
0.431143	0.100550	0.100000
0.432153	0.100538	0.100000
0.431448	0.100526	0.100000
0.428231	0.100514	0.100000
0.422711	0.100501	0.100000
0.415307	0.100489	0.100000
0.408531	0.100476	0.100000
0.404552	0.100463	0.100000
0.403175	0.100449	0.100000
0.400843	0.100436	0.100000
0.399100	0.100421	0.100000
0.401032	0.100409	0.100000
0.406907	0.100395	0.100000
0.416679	0.100380	0.100000
0.425569	0.100365	0.100000
0.432267	0.100351	0.100000
0.435788	0.100336	0.100000
0.436823	0.100322	0.100000
0.438786	0.100307	0.100000
0.440878	0.100292	0.100000
0.440237	0.100276	0.100000
0.434619	0.100260	0.100000
0.429652	0.100245	0.100000
0.424032	0.100229	0.100000
0.416174	0.100213	0.100000
0.410568	0.100198	0.100000
0.407963	0.100181	0.100000
0.407177	0.100164	0.100000
0.406056	0.100149	0.100000
0.402358	0.100134	0.100000
0.396196	0.100115	0.100000
0.391798	0.100099	0.100000
0.389953	0.100083	0.100000
0.389305	0.100066	0.100000
0.391530	0.100049	0.100000
0.391640	0.100033	0.100000
0.384822	0.100016	0.100000
0.375635	0.100000	0.100000
0.363404	0.099996	0.100000
0.349641	0.099983	0.100000
0.338306	0.099970	0.100000
0.331742	0.099957	0.100000
0.329524	0.099944	0.100000
0.326609	0.099932	0.100000
0.324113	0.099919	0.100000
0.320475	0.099906	0.100000
0.311124	0.099894	0.100000
0.296559	0.099881	0.100000
0.281328	0.099868	0.100000
0.270703	0.099856	0.100000
0.263323	0.099844	0.100000
0.245211	0.099831	0.100000
0.219373	0.099819	0.100000
0.201793	0.099806	0.100000
0.195732	0.099794	0.100000
0.198925	0.099782	0.100000
0.201482	0.099770	0.100000
0.198003	0.099758	0.100000
0.180532	0.099746	0.100000
0.139583	0.099734	0.100000
0.100000	0.099723	0.100000
0.100000	0.099711	0.100000
0.100000	0.099699	0.100000
0.100000	0.099689	0.100000
0.100000	0.099677	0.100000
0.100000	0.099666	0.100000
0.100000	0.099655	0.100000
0.100000	0.099644	0.100000
0.100000	0.099634	0.100000
0.100000	0.099623	0.100000
0.100000	0.099613	0.100000
0.100000	0.099603	0.100000
0.100000	0.099593	0.100000
0.100000	0.099583	0.100000
0.100000	0.099574	0.100000
0.100000	0.099565	0.100000
0.100000	0.099555	0.100000
0.100000	0.099546	0.100000
0.100000	0.099537	0.100000
0.100000	0.099528	0.100000
0.100000	0.099520	0.100000
0.100000	0.099512	0.100000
0.100000	0.099504	0.100000
0.100000	0.099496	0.100000
0.100000	0.099488	0.100000
0.100000	0.099481	0.100000
0.100000	0.099474	0.100000
0.100000	0.099467	0.100000
0.100000	0.099460	0.100000
0.100000	0.099454	0.100000
0.100000	0.099448	0.100000
0.100000	0.099442	0.100000
0.100000	0.099436	0.100000
0.100000	0.099430	0.100000
0.100000	0.099425	0.100000
0.100000	0.099420	0.100000
0.100000	0.099415	0.100000
0.100000	0.099411	0.100000
0.100000	0.099407	0.100000
0.100000	0.099403	0.100000
0.100000	0.099399	0.100000
0.100000	0.099395	0.100000
0.100000	0.099392	0.100000
0.100000	0.099389	0.100000
0.100000	0.099387	0.100000
0.100000	0.099384	0.100000
0.100000	0.099382	0.100000
0.100000	0.099380	0.100000
0.100000	0.099379	0.100000
0.100000	0.099377	0.100000
0.100000	0.099376	0.100000
0.100000	0.099375	0.100000
0.100000	0.099375	0.100000
0.100000	0.099375	0.100000
0.100000	0.099375	0.100000
0.100000	0.099375	0.100000
0.100000	0.099376	0.100000
0.100000	0.099377	0.100000
0.100000	0.099379	0.100000
0.100000	0.099381	0.100000
0.100000	0.099383	0.100000
0.100000	0.099385	0.100000
0.100000	0.099387	0.100000
0.100000	0.099390	0.100000
0.100000	0.099393	0.100000
0.100000	0.099396	0.100000
0.100000	0.099400	0.100000
0.100000	0.099404	0.100000
0.100000	0.099408	0.100000
0.100000	0.099413	0.100000
0.100000	0.099417	0.100000
0.100000	0.099422	0.100000
0.100000	0.099427	0.100000
0.100000	0.099432	0.100000
0.100000	0.099438	0.100000
0.100000	0.099443	0.100000
0.100000	0.099450	0.100000
0.100000	0.099456	0.100000
0.100000	0.099463	0.100000
0.100000	0.099469	0.100000
0.100000	0.099477	0.100000
0.100000	0.099484	0.100000
0.100000	0.099491	0.100000
0.100000	0.099499	0.100000
0.100000	0.099507	0.100000
0.100000	0.099516	0.100000
0.100000	0.099525	0.100000
0.100000	0.099533	0.100000
0.100000	0.099542	0.100000
0.100000	0.099550	0.100000
0.100000	0.099560	0.100000
0.100000	0.099570	0.100000
0.100000	0.099579	0.100000
0.100000	0.099589	0.100000
0.100000	0.099599	0.100000
0.100000	0.099609	0.100000
0.100000	0.099620	0.100000
0.100000	0.099630	0.100000
0.100000	0.099642	0.100000
0.100000	0.099652	0.100000
0.100000	0.099664	0.100000
0.100000	0.099673	0.100000
0.100000	0.099686	0.100000
0.100000	0.099697	0.100000
0.100000	0.099709	0.100000
0.100000	0.099721	0.100000
0.100000	0.099732	0.100000
0.100000	0.099745	0.100000
0.100000	0.099757	0.100000
0.100000	0.099769	0.100000
0.100000	0.099782	0.100000
0.100000	0.099794	0.100000
0.100000	0.099807	0.100000
0.100000	0.099819	0.100000
0.100000	0.099833	0.100000
0.100000	0.099844	0.100000
0.100000	0.099859	0.100000
0.100000	0.099872	0.100000
0.100000	0.099884	0.100000
0.100000	0.099896	0.100000
0.100000	0.099912	0.100000
0.100000	0.099924	0.100000
0.100000	0.099937	0.100000
0.100000	0.099951	0.100000
0.100000	0.099965	0.100000
0.100000	0.099978	0.100000
0.100000	0.099992	0.100000
0.100000	0.100004	0.100000
0.100000	0.100018	0.100000
0.100000	0.100035	0.100000
0.100000	0.100053	0.100000
0.100000	0.100071	0.100000
0.100000	0.100087	0.100000
0.100000	0.100105	0.100000
0.100000	0.100123	0.100000
0.100000	0.100139	0.100000
0.100000	0.100156	0.100000
0.100000	0.100176	0.100000
0.100000	0.100191	0.100000
0.100000	0.100207	0.100000
0.100000	0.100226	0.100000
0.100000	0.100242	0.100000
0.100000	0.100258	0.100000
0.100000	0.100276	0.100000
0.100000	0.100292	0.100000
0.100000	0.100309	0.100000
0.100000	0.100324	0.100000
0.100000	0.100341	0.100000
0.100000	0.100358	0.100000
0.100000	0.100374	0.100000
0.100000	0.100389	0.100000
0.100000	0.100405	0.100000
0.100000	0.100420	0.100000
0.100000	0.100435	0.100000
0.100000	0.100452	0.100000
0.100000	0.100466	0.100000
0.100000	0.100480	0.100000
0.100000	0.100494	0.100000
0.100000	0.100509	0.100000
0.100000	0.100523	0.100000
0.100000	0.100537	0.100000
0.100000	0.100550	0.100000
0.100000	0.100564	0.100000
0.100000	0.100577	0.100000
0.100000	0.100590	0.100000
0.100000	0.100602	0.100000
0.100000	0.100615	0.100000
0.100000	0.100628	0.100000
0.100000	0.100639	0.100000
0.100000	0.100651	0.100000
0.100000	0.100661	0.100000
0.100000	0.100673	0.100000
0.100000	0.100684	0.100000
0.100000	0.100695	0.100000
0.100000	0.100705	0.100000
0.100000	0.100714	0.100000
0.100000	0.100724	0.100000
0.100000	0.100733	0.100000
0.100000	0.100742	0.100000
0.100000	0.100750	0.100000
0.100000	0.100759	0.100000
0.100000	0.100767	0.100000
0.100000	0.100775	0.100000
0.100000	0.100782	0.100000
0.100000	0.100788	0.100000
0.100000	0.100795	0.100000
0.100000	0.100801	0.100000
0.100000	0.100807	0.100000
0.100000	0.100813	0.100000
0.100000	0.100818	0.100000
0.100000	0.100823	0.100000
0.100000	0.100827	0.100000
0.100000	0.100831	0.100000
0.100000	0.100835	0.100000
0.100000	0.100839	0.100000
0.100000	0.100842	0.100000
0.100000	0.100844	0.100000
0.100000	0.100847	0.100000
0.100000	0.100849	0.100000
0.100000	0.100850	0.100000
0.100000	0.100851	0.100000
0.100000	0.100852	0.100000
0.100000	0.100853	0.100000
0.100000	0.100853	0.100000
0.100000	0.100852	0.100000
0.100000	0.100852	0.100000
0.100000	0.100851	0.100000
0.100000	0.100849	0.100000
0.100000	0.100847	0.100000
0.100000	0.100845	0.100000
0.100000	0.100843	0.100000
0.100000	0.100840	0.100000
0.100000	0.100837	0.100000
0.100000	0.100833	0.100000
0.100000	0.100829	0.100000
0.100000	0.100825	0.100000
0.100000	0.100820	0.100000
0.100000	0.100814	0.100000
0.100000	0.100809	0.100000
0.100000	0.100803	0.100000
0.100000	0.100797	0.100000
0.100000	0.100790	0.100000
0.100000	0.100783	0.100000
0.100000	0.100776	0.100000
0.100000	0.100769	0.100000
0.100000	0.100761	0.100000
0.100000	0.100753	0.100000
0.100000	0.100744	0.100000
0.100000	0.100735	0.100000
0.100000	0.100726	0.100000
0.100000	0.100716	0.100000
0.100000	0.100706	0.100000
0.100000	0.100697	0.100000
0.100000	0.100685	0.100000
0.100000	0.100675	0.100000
0.100000	0.100663	0.100000
0.100000	0.100652	0.100000
0.100000	0.100640	0.100000
0.100000	0.100629	0.100000
0.100000	0.100617	0.100000
0.100000	0.100604	0.100000
0.100000	0.100591	0.100000
0.100000	0.100577	0.100000
0.100000	0.100565	0.100000
0.100000	0.100550	0.100000
0.100000	0.100537	0.100000
0.100000	0.100522	0.100000
0.100000	0.100508	0.100000
0.100000	0.100493	0.100000
0.100000	0.100479	0.100000
0.100000	0.100463	0.100000
0.100000	0.100449	0.100000
0.100000	0.100433	0.100000
0.100000	0.100417	0.100000
0.127274	0.100401	0.100000
0.165163	0.100386	0.100000
