0.314136	0.000000	0.000000
0.628134	0.000000	0.000000
0.941857	0.000000	0.000000
1.255167	0.000000	0.000000
1.567926	0.000000	0.000000
1.879997	0.000000	0.000000
2.191244	0.000000	0.000000
2.501529	0.000000	0.000000
2.810717	0.000000	0.000000
3.118673	0.000000	0.000000
3.425260	0.000000	0.000000
3.730345	0.000000	0.000000
4.033794	0.000000	0.000000
4.335474	0.000000	0.000000
4.635251	0.000000	0.000000
4.932996	0.000000	0.000000
5.228577	0.000000	0.000000
5.521864	0.000000	0.000000
5.812729	0.000000	0.000000
6.101045	0.000000	0.000000
6.386684	0.000000	0.000000
6.669522	0.000000	0.000000
6.949435	0.000000	0.000000
7.226300	0.000000	0.000000
7.499994	0.000000	0.000000
7.770399	0.000000	0.000000
8.037395	0.000000	0.000000
8.300867	0.000000	0.000000
8.560698	0.000000	0.000000
8.816772	0.000000	0.000000
9.068980	0.000000	0.000000
9.317210	0.000000	0.000000
9.561353	0.000000	0.000000
9.801302	0.000000	0.000000
10.036952	0.000000	0.000000
10.268200	0.000000	0.000000
10.494943	0.000000	0.000000
10.717083	0.000000	0.000000
10.934523	0.000000	0.000000
11.147165	0.000000	0.000000
11.354918	0.000000	0.000000
11.557692	0.000000	0.000000
11.755395	0.000000	0.000000
11.947942	0.000000	0.000000
12.135248	0.000000	0.000000
12.317231	0.000000	0.000000
12.493812	0.000000	0.000000
12.664912	0.000000	0.000000
12.830457	0.000000	0.000000
12.990375	0.000000	0.000000
13.144593	0.000000	0.000000
13.293047	0.000000	0.000000
13.435670	0.000000	0.000000
13.572400	0.000000	0.000000
13.703176	0.000000	0.000000
13.827942	0.000000	0.000000
13.946642	0.000000	0.000000
14.059224	0.000000	0.000000
14.165641	0.000000	0.000000
14.265842	0.000000	0.000000
14.359788	0.000000	0.000000
14.447434	0.000000	0.000000
14.528743	0.000000	0.000000
14.603680	0.000000	0.000000
14.672211	0.000000	0.000000
14.734305	0.000000	0.000000
14.789938	0.000000	0.000000
14.839083	0.000000	0.000000
14.881719	0.000000	0.000000
14.917827	0.000000	0.000000
14.947392	0.000000	0.000000
14.970400	0.000000	0.000000
14.986841	0.000000	0.000000
14.996710	0.000000	0.000000
15.000000	0.000000	0.000000
14.996711	0.000000	0.000000
14.986843	0.000000	0.000000
14.970402	0.000000	0.000000
14.947394	0.000000	0.000000
14.917830	0.000000	0.000000
14.881723	0.000000	0.000000
14.839088	0.000000	0.000000
14.789945	0.000000	0.000000
14.734313	0.000000	0.000000
14.672218	0.000000	0.000000
14.603689	0.000000	0.000000
14.528753	0.000000	0.000000
14.447445	0.000000	0.000000
14.359799	0.000000	0.000000
14.265855	0.000000	0.000000
14.165653	0.000000	0.000000
14.059238	0.000000	0.000000
13.946656	0.000000	0.000000
13.827957	0.000000	0.000000
13.703192	0.000000	0.000000
13.572416	0.000000	0.000000
13.435688	0.000000	0.000000
13.293066	0.000000	0.000000
13.144613	0.000000	0.000000
12.990395	0.000000	0.000000
12.830478	0.000000	0.000000
12.664933	0.000000	0.000000
12.493834	0.000000	0.000000
12.317254	0.000000	0.000000
12.135271	0.000000	0.000000
11.947966	0.000000	0.000000
11.755420	0.000000	0.000000
11.557717	0.000000	0.000000
11.354945	0.000000	0.000000
11.147192	0.000000	0.000000
10.934549	0.000000	0.000000
10.717111	0.000000	0.000000
10.494971	0.000000	0.000000
10.268229	0.000000	0.000000
10.036982	0.000000	0.000000
9.801332	0.000000	0.000000
9.561384	0.000000	0.000000
9.317242	0.000000	0.000000
9.069012	0.000000	0.000000
8.816805	0.000000	0.000000
8.560730	0.000000	0.000000
8.300900	0.000000	0.000000
8.037430	0.000000	0.000000
7.770433	0.000000	0.000000
7.500029	0.000000	0.000000
7.226335	0.000000	0.000000
6.949471	0.000000	0.000000
6.669558	0.000000	0.000000
6.386720	0.000000	0.000000
6.101081	0.000000	0.000000
5.812766	0.000000	0.000000
5.521901	0.000000	0.000000
5.228614	0.000000	0.000000
4.933033	0.000000	0.000000
4.635289	0.000000	0.000000
4.335512	0.000000	0.000000
4.033833	0.000000	0.000000
3.730384	0.000000	0.000000
3.425299	0.000000	0.000000
3.118712	0.000000	0.000000
2.810756	0.000000	0.000000
2.501568	0.000000	0.000000
2.191283	0.000000	0.000000
1.880036	0.000000	0.000000
1.567965	0.000000	0.000000
1.255206	0.000000	0.000000
0.941897	0.000000	0.000000
0.628174	0.000000	0.000000
0.314176	0.000000	0.000000
0.000040	0.000000	0.000000
-0.314096	0.000000	0.000000
-0.628094	0.000000	0.000000
-0.941817	0.000000	0.000000
-1.255127	0.000000	0.000000
-1.567886	0.000000	0.000000
-1.879957	0.000000	0.000000
-2.191204	0.000000	0.000000
-2.501490	0.000000	0.000000
-2.810678	0.000000	0.000000
-3.118634	0.000000	0.000000
-3.425221	0.000000	0.000000
-3.730307	0.000000	0.000000
-4.033756	0.000000	0.000000
-4.335435	0.000000	0.000000
-4.635213	0.000000	0.000000
-4.932958	0.000000	0.000000
-5.228539	0.000000	0.000000
-5.521827	0.000000	0.000000
-5.812693	0.000000	0.000000
-6.101008	0.000000	0.000000
-6.386648	0.000000	0.000000
-6.669487	0.000000	0.000000
-6.949400	0.000000	0.000000
-7.226264	0.000000	0.000000
-7.499960	0.000000	0.000000
-7.770365	0.000000	0.000000
-8.037362	0.000000	0.000000
-8.300834	0.000000	0.000000
-8.560664	0.000000	0.000000
-8.816740	0.000000	0.000000
-9.068949	0.000000	0.000000
-9.317179	0.000000	0.000000
-9.561322	0.000000	0.000000
-9.801272	0.000000	0.000000
-10.036922	0.000000	0.000000
-10.268170	0.000000	0.000000
-10.494915	0.000000	0.000000
-10.717055	0.000000	0.000000
-10.934495	0.000000	0.000000
-11.147139	0.000000	0.000000
-11.354893	0.000000	0.000000
-11.557666	0.000000	0.000000
-11.755370	0.000000	0.000000
-11.947918	0.000000	0.000000
-12.135224	0.000000	0.000000
-12.317208	0.000000	0.000000
-12.493790	0.000000	0.000000
-12.664890	0.000000	0.000000
-12.830437	0.000000	0.000000
-12.990355	0.000000	0.000000
-13.144574	0.000000	0.000000
-13.293029	0.000000	0.000000
-13.435653	0.000000	0.000000
-13.572383	0.000000	0.000000
-13.703159	0.000000	0.000000
-13.827926	0.000000	0.000000
-13.946627	0.000000	0.000000
-14.059211	0.000000	0.000000
-14.165627	0.000000	0.000000
-14.265831	0.000000	0.000000
-14.359776	0.000000	0.000000
-14.447423	0.000000	0.000000
-14.528733	0.000000	0.000000
-14.603670	0.000000	0.000000
-14.672202	0.000000	0.000000
-14.734298	0.000000	0.000000
-14.789931	0.000000	0.000000
-14.839077	0.000000	0.000000
-14.881713	0.000000	0.000000
-14.917822	0.000000	0.000000
-14.947388	0.000000	0.000000
-14.970397	0.000000	0.000000
-14.986840	0.000000	0.000000
-14.996709	0.000000	0.000000
-15.000000	0.000000	0.000000
-14.996712	0.000000	0.000000
-14.986845	0.000000	0.000000
-14.970405	0.000000	0.000000
-14.947398	0.000000	0.000000
-14.917835	0.000000	0.000000
-14.881728	0.000000	0.000000
-14.839094	0.000000	0.000000
-14.789951	0.000000	0.000000
-14.734321	0.000000	0.000000
-14.672227	0.000000	0.000000
-14.603698	0.000000	0.000000
-14.528763	0.000000	0.000000
-14.447455	0.000000	0.000000
-14.359811	0.000000	0.000000
-14.265867	0.000000	0.000000
-14.165667	0.000000	0.000000
-14.059252	0.000000	0.000000
-13.946671	0.000000	0.000000
-13.827972	0.000000	0.000000
-13.703208	0.000000	0.000000
-13.572433	0.000000	0.000000
-13.435705	0.000000	0.000000
-13.293084	0.000000	0.000000
-13.144632	0.000000	0.000000
-12.990415	0.000000	0.000000
-12.830499	0.000000	0.000000
-12.664955	0.000000	0.000000
-12.493855	0.000000	0.000000
-12.317277	0.000000	0.000000
-12.135295	0.000000	0.000000
-11.947989	0.000000	0.000000
-11.755445	0.000000	0.000000
-11.557742	0.000000	0.000000
-11.354971	0.000000	0.000000
-11.147219	0.000000	0.000000
-10.934577	0.000000	0.000000
-10.717139	0.000000	0.000000
-10.495000	0.000000	0.000000
-10.268258	0.000000	0.000000
-10.037011	0.000000	0.000000
-9.801362	0.000000	0.000000
-9.561415	0.000000	0.000000
-9.317272	0.000000	0.000000
-9.069043	0.000000	0.000000
-8.816836	0.000000	0.000000
-8.560762	0.000000	0.000000
-8.300933	0.000000	0.000000
-8.037463	0.000000	0.000000
-7.770467	0.000000	0.000000
-7.500063	0.000000	0.000000
-7.226369	0.000000	0.000000
-6.949506	0.000000	0.000000
-6.669594	0.000000	0.000000
-6.386756	0.000000	0.000000
-6.101118	0.000000	0.000000
-5.812802	0.000000	0.000000
-5.521938	0.000000	0.000000
-5.228651	0.000000	0.000000
-4.933071	0.000000	0.000000
-4.635327	0.000000	0.000000
-4.335550	0.000000	0.000000
-4.033871	0.000000	0.000000
-3.730422	0.000000	0.000000
-3.425338	0.000000	0.000000
-3.118751	0.000000	0.000000
-2.810796	0.000000	0.000000
-2.501608	0.000000	0.000000
-2.191322	0.000000	0.000000
-1.880076	0.000000	0.000000
-1.568005	0.000000	0.000000
-1.255246	0.000000	0.000000
-0.941936	0.000000	0.000000
-0.628214	0.000000	0.000000
-0.314216	0.000000	0.000000
-0.000080	0.000000	0.000000
0.314056	0.000000	0.000000
0.628055	0.000000	0.000000
0.941778	0.000000	0.000000
1.255087	0.000000	0.000000
1.567846	0.000000	0.000000
1.879918	0.000000	0.000000
2.191165	0.000000	0.000000
2.501451	0.000000	0.000000
2.810639	0.000000	0.000000
3.118595	0.000000	0.000000
3.425183	0.000000	0.000000
3.730268	0.000000	0.000000
4.033717	0.000000	0.000000
4.335397	0.000000	0.000000
4.635175	0.000000	0.000000
4.932920	0.000000	0.000000
5.228502	0.000000	0.000000
5.521790	0.000000	0.000000
5.812656	0.000000	0.000000
6.100972	0.000000	0.000000
6.386612	0.000000	0.000000
6.669451	0.000000	0.000000
6.949365	0.000000	0.000000
7.226230	0.000000	0.000000
7.499925	0.000000	0.000000
7.770331	0.000000	0.000000
8.037329	0.000000	0.000000
8.300800	0.000000	0.000000
8.560632	0.000000	0.000000
8.816708	0.000000	0.000000
9.068916	0.000000	0.000000
9.317147	0.000000	0.000000
9.561292	0.000000	0.000000
9.801242	0.000000	0.000000
10.036893	0.000000	0.000000
10.268142	0.000000	0.000000
10.494886	0.000000	0.000000
10.717028	0.000000	0.000000
10.934468	0.000000	0.000000
11.147112	0.000000	0.000000
11.354867	0.000000	0.000000
11.557641	0.000000	0.000000
11.755345	0.000000	0.000000
11.947893	0.000000	0.000000
12.135201	0.000000	0.000000
12.317185	0.000000	0.000000
12.493768	0.000000	0.000000
12.664869	0.000000	0.000000
12.830416	0.000000	0.000000
12.990335	0.000000	0.000000
13.144555	0.000000	0.000000
13.293011	0.000000	0.000000
13.435635	0.000000	0.000000
13.572366	0.000000	0.000000
13.703143	0.000000	0.000000
13.827910	0.000000	0.000000
13.946612	0.000000	0.000000
14.059196	0.000000	0.000000
14.165614	0.000000	0.000000
14.265819	0.000000	0.000000
14.359765	0.000000	0.000000
14.447412	0.000000	0.000000
14.528724	0.000000	0.000000
14.603662	0.000000	0.000000
14.672194	0.000000	0.000000
14.734290	0.000000	0.000000
14.789925	0.000000	0.000000
14.839070	0.000000	0.000000
14.881708	0.000000	0.000000
14.917818	0.000000	0.000000
14.947385	0.000000	0.000000
14.970395	0.000000	0.000000
14.986838	0.000000	0.000000
14.996708	0.000000	0.000000
15.000000	0.000000	0.000000
14.996713	0.000000	0.000000
14.986847	0.000000	0.000000
14.970407	0.000000	0.000000
14.947401	0.000000	0.000000
14.917839	0.000000	0.000000
14.881733	0.000000	0.000000
14.839100	0.000000	0.000000
14.789957	0.000000	0.000000
14.734328	0.000000	0.000000
14.672235	0.000000	0.000000
14.603707	0.000000	0.000000
14.528773	0.000000	0.000000
14.447466	0.000000	0.000000
14.359822	0.000000	0.000000
14.265880	0.000000	0.000000
14.165680	0.000000	0.000000
14.059266	0.000000	0.000000
13.946686	0.000000	0.000000
13.827988	0.000000	0.000000
13.703224	0.000000	0.000000
13.572451	0.000000	0.000000
13.435723	0.000000	0.000000
13.293102	0.000000	0.000000
13.144651	0.000000	0.000000
12.990434	0.000000	0.000000
12.830519	0.000000	0.000000
12.664976	0.000000	0.000000
12.493877	0.000000	0.000000
12.317299	0.000000	0.000000
12.135318	0.000000	0.000000
11.948014	0.000000	0.000000
11.755469	0.000000	0.000000
11.557768	0.000000	0.000000
11.354997	0.000000	0.000000
11.147245	0.000000	0.000000
10.934604	0.000000	0.000000
10.717167	0.000000	0.000000
10.495028	0.000000	0.000000
10.268287	0.000000	0.000000
10.037041	0.000000	0.000000
9.801393	0.000000	0.000000
9.561445	0.000000	0.000000
9.317304	0.000000	0.000000
9.069076	0.000000	0.000000
8.816869	0.000000	0.000000
8.560795	0.000000	0.000000
8.300966	0.000000	0.000000
8.037497	0.000000	0.000000
7.770502	0.000000	0.000000
7.500098	0.000000	0.000000
7.226404	0.000000	0.000000
6.949541	0.000000	0.000000
6.669630	0.000000	0.000000
6.386792	0.000000	0.000000
6.101154	0.000000	0.000000
5.812839	0.000000	0.000000
5.521975	0.000000	0.000000
5.228688	0.000000	0.000000
4.933108	0.000000	0.000000
4.635365	0.000000	0.000000
4.335588	0.000000	0.000000
4.033909	0.000000	0.000000
3.730461	0.000000	0.000000
3.425376	0.000000	0.000000
3.118790	0.000000	0.000000
2.810835	0.000000	0.000000
2.501647	0.000000	0.000000
2.191362	0.000000	0.000000
1.880115	0.000000	0.000000
1.568044	0.000000	0.000000
1.255286	0.000000	0.000000
0.941976	0.000000	0.000000
0.628254	0.000000	0.000000
0.314255	0.000000	0.000000
0.000119	0.000000	0.000000
-0.314017	0.000000	0.000000
-0.628015	0.000000	0.000000
-0.941738	0.000000	0.000000
-1.255048	0.000000	0.000000
-1.567807	0.000000	0.000000
-1.879878	0.000000	0.000000
-2.191125	0.000000	0.000000
-2.501411	0.000000	0.000000
-2.810600	0.000000	0.000000
-3.118556	0.000000	0.000000
-3.425144	0.000000	0.000000
-3.730230	0.000000	0.000000
-4.033679	0.000000	0.000000
-4.335359	0.000000	0.000000
-4.635138	0.000000	0.000000
-4.932883	0.000000	0.000000
-5.228465	0.000000	0.000000
-5.521753	0.000000	0.000000
-5.812619	0.000000	0.000000
-6.100936	0.000000	0.000000
-6.386576	0.000000	0.000000
-6.669415	0.000000	0.000000
-6.949329	0.000000	0.000000
-7.226195	0.000000	0.000000
-7.499891	0.000000	0.000000
-7.770297	0.000000	0.000000
-8.037295	0.000000	0.000000
-8.300768	0.000000	0.000000
-8.560599	0.000000	0.000000
-8.816676	0.000000	0.000000
-9.068885	0.000000	0.000000
-9.317117	0.000000	0.000000
-9.561261	0.000000	0.000000
-9.801212	0.000000	0.000000
-10.036863	0.000000	0.000000
-10.268112	0.000000	0.000000
-10.494858	0.000000	0.000000
-10.717000	0.000000	0.000000
-10.934441	0.000000	0.000000
-11.147085	0.000000	0.000000
-11.354840	0.000000	0.000000
-11.557615	0.000000	0.000000
-11.755321	0.000000	0.000000
-11.947869	0.000000	0.000000
-12.135178	0.000000	0.000000
-12.317163	0.000000	0.000000
-12.493746	0.000000	0.000000
-12.664848	0.000000	0.000000
-12.830396	0.000000	0.000000
-12.990314	0.000000	0.000000
-13.144536	0.000000	0.000000
-13.292992	0.000000	0.000000
-13.435617	0.000000	0.000000
-13.572349	0.000000	0.000000
-13.703127	0.000000	0.000000
-13.827895	0.000000	0.000000
-13.946598	0.000000	0.000000
-14.059183	0.000000	0.000000
-14.165601	0.000000	0.000000
-14.265806	0.000000	0.000000
-14.359754	0.000000	0.000000
-14.447402	0.000000	0.000000
-14.528713	0.000000	0.000000
-14.603652	0.000000	0.000000
-14.672186	0.000000	0.000000
-14.734283	0.000000	0.000000
-14.789918	0.000000	0.000000
-14.839065	0.000000	0.000000
-14.881703	0.000000	0.000000
-14.917814	0.000000	0.000000
-14.947381	0.000000	0.000000
-14.970392	0.000000	0.000000
-14.986836	0.000000	0.000000
-14.996707	0.000000	0.000000
-15.000000	0.000000	0.000000
-14.996714	0.000000	0.000000
-14.986848	0.000000	0.000000
-14.970409	0.000000	0.000000
-14.947405	0.000000	0.000000
-14.917843	0.000000	0.000000
-14.881738	0.000000	0.000000
-14.839106	0.000000	0.000000
-14.789964	0.000000	0.000000
-14.734335	0.000000	0.000000
-14.672243	0.000000	0.000000
-14.603716	0.000000	0.000000
-14.528783	0.000000	0.000000
-14.447477	0.000000	0.000000
-14.359834	0.000000	0.000000
-14.265892	0.000000	0.000000
-14.165692	0.000000	0.000000
-14.059280	0.000000	0.000000
-13.946700	0.000000	0.000000
-13.828003	0.000000	0.000000
-13.703240	0.000000	0.000000
-13.572468	0.000000	0.000000
-13.435740	0.000000	0.000000
-13.293121	0.000000	0.000000
-13.144670	0.000000	0.000000
-12.990454	0.000000	0.000000
-12.830540	0.000000	0.000000
-12.664997	0.000000	0.000000
-12.493899	0.000000	0.000000
-12.317322	0.000000	0.000000
-12.135342	0.000000	0.000000
-11.948038	0.000000	0.000000
-11.755494	0.000000	0.000000
-11.557793	0.000000	0.000000
-11.355022	0.000000	0.000000
-11.147272	0.000000	0.000000
-10.934631	0.000000	0.000000
-10.717195	0.000000	0.000000
-10.495057	0.000000	0.000000
-10.268315	0.000000	0.000000
-10.037070	0.000000	0.000000
-9.801423	0.000000	0.000000
-9.561476	0.000000	0.000000
-9.317335	0.000000	0.000000
-9.069107	0.000000	0.000000
-8.816901	0.000000	0.000000
-8.560828	0.000000	0.000000
-8.301000	0.000000	0.000000
-8.037530	0.000000	0.000000
-7.770535	0.000000	0.000000
-7.500132	0.000000	0.000000
-7.226439	0.000000	0.000000
-6.949576	0.000000	0.000000
-6.669665	0.000000	0.000000
-6.386828	0.000000	0.000000
-6.101190	0.000000	0.000000
-5.812876	0.000000	0.000000
-5.522012	0.000000	0.000000
-5.228726	0.000000	0.000000
-4.933146	0.000000	0.000000
-4.635403	0.000000	0.000000
-4.335626	0.000000	0.000000
-4.033947	0.000000	0.000000
-3.730500	0.000000	0.000000
-3.425415	0.000000	0.000000
-3.118829	0.000000	0.000000
-2.810874	0.000000	0.000000
-2.501686	0.000000	0.000000
-2.191401	0.000000	0.000000
-1.880155	0.000000	0.000000
-1.568084	0.000000	0.000000
-1.255325	0.000000	0.000000
-0.942016	0.000000	0.000000
-0.628293	0.000000	0.000000
-0.314295	0.000000	0.000000
-0.000159	0.000000	0.000000
0.313977	0.000000	0.000000
0.627975	0.000000	0.000000
0.941698	0.000000	0.000000
1.255008	0.000000	0.000000
1.567767	0.000000	0.000000
1.879839	0.000000	0.000000
2.191086	0.000000	0.000000
2.501372	0.000000	0.000000
2.810561	0.000000	0.000000
3.118517	0.000000	0.000000
3.425105	0.000000	0.000000
3.730191	0.000000	0.000000
4.033641	0.000000	0.000000
4.335321	0.000000	0.000000
4.635100	0.000000	0.000000
4.932845	0.000000	0.000000
5.228427	0.000000	0.000000
5.521716	0.000000	0.000000
5.812582	0.000000	0.000000
6.100899	0.000000	0.000000
6.386540	0.000000	0.000000
6.669380	0.000000	0.000000
6.949294	0.000000	0.000000
7.226160	0.000000	0.000000
7.499856	0.000000	0.000000
7.770263	0.000000	0.000000
8.037261	0.000000	0.000000
8.300735	0.000000	0.000000
8.560567	0.000000	0.000000
8.816644	0.000000	0.000000
9.068853	0.000000	0.000000
9.317085	0.000000	0.000000
9.561231	0.000000	0.000000
9.801182	0.000000	0.000000
10.036834	0.000000	0.000000
10.268084	0.000000	0.000000
10.494829	0.000000	0.000000
10.716971	0.000000	0.000000
10.934413	0.000000	0.000000
11.147058	0.000000	0.000000
11.354815	0.000000	0.000000
11.557590	0.000000	0.000000
11.755296	0.000000	0.000000
11.947845	0.000000	0.000000
12.135155	0.000000	0.000000
12.317141	0.000000	0.000000
12.493724	0.000000	0.000000
12.664826	0.000000	0.000000
12.830375	0.000000	0.000000
12.990294	0.000000	0.000000
13.144517	0.000000	0.000000
13.292974	0.000000	0.000000
13.435599	0.000000	0.000000
13.572331	0.000000	0.000000
13.703111	0.000000	0.000000
13.827880	0.000000	0.000000
13.946583	0.000000	0.000000
14.059169	0.000000	0.000000
14.165588	0.000000	0.000000
14.265794	0.000000	0.000000
14.359742	0.000000	0.000000
14.447392	0.000000	0.000000
14.528704	0.000000	0.000000
14.603643	0.000000	0.000000
14.672177	0.000000	0.000000
14.734276	0.000000	0.000000
14.789911	0.000000	0.000000
14.839059	0.000000	0.000000
14.881699	0.000000	0.000000
14.917809	0.000000	0.000000
14.947378	0.000000	0.000000
14.970389	0.000000	0.000000
14.986835	0.000000	0.000000
14.996707	0.000000	0.000000
15.000000	0.000000	0.000000
14.996714	0.000000	0.000000
14.986850	0.000000	0.000000
14.970412	0.000000	0.000000
14.947408	0.000000	0.000000
14.917848	0.000000	0.000000
14.881743	0.000000	0.000000
14.839111	0.000000	0.000000
14.789970	0.000000	0.000000
14.734343	0.000000	0.000000
14.672252	0.000000	0.000000
14.603725	0.000000	0.000000
14.528792	0.000000	0.000000
14.447488	0.000000	0.000000
14.359845	0.000000	0.000000
14.265904	0.000000	0.000000
14.165706	0.000000	0.000000
14.059294	0.000000	0.000000
13.946715	0.000000	0.000000
13.828018	0.000000	0.000000
13.703257	0.000000	0.000000
13.572484	0.000000	0.000000
13.435759	0.000000	0.000000
13.293139	0.000000	0.000000
13.144690	0.000000	0.000000
12.990474	0.000000	0.000000
12.830561	0.000000	0.000000
12.665019	0.000000	0.000000
12.493922	0.000000	0.000000
12.317345	0.000000	0.000000
12.135365	0.000000	0.000000
11.948062	0.000000	0.000000
11.755518	0.000000	0.000000
11.557818	0.000000	0.000000
11.355049	0.000000	0.000000
11.147299	0.000000	0.000000
10.934659	0.000000	0.000000
10.717222	0.000000	0.000000
10.495086	0.000000	0.000000
10.268345	0.000000	0.000000
10.037100	0.000000	0.000000
9.801453	0.000000	0.000000
9.561506	0.000000	0.000000
9.317366	0.000000	0.000000
9.069139	0.000000	0.000000
8.816934	0.000000	0.000000
8.560861	0.000000	0.000000
8.301033	0.000000	0.000000
8.037564	0.000000	0.000000
7.770569	0.000000	0.000000
7.500166	0.000000	0.000000
7.226474	0.000000	0.000000
6.949612	0.000000	0.000000
6.669701	0.000000	0.000000
6.386864	0.000000	0.000000
6.101227	0.000000	0.000000
5.812912	0.000000	0.000000
5.522049	0.000000	0.000000
5.228763	0.000000	0.000000
4.933184	0.000000	0.000000
4.635440	0.000000	0.000000
4.335664	0.000000	0.000000
4.033986	0.000000	0.000000
3.730538	0.000000	0.000000
3.425454	0.000000	0.000000
3.118867	0.000000	0.000000
2.810913	0.000000	0.000000
2.501725	0.000000	0.000000
2.191441	0.000000	0.000000
1.880194	0.000000	0.000000
1.568124	0.000000	0.000000
1.255365	0.000000	0.000000
0.942056	0.000000	0.000000
0.628333	0.000000	0.000000
0.314335	0.000000	0.000000
0.000199	0.000000	0.000000
-0.313937	0.000000	0.000000
-0.627935	0.000000	0.000000
-0.941658	0.000000	0.000000
-1.254968	0.000000	0.000000
-1.567728	0.000000	0.000000
-1.879799	0.000000	0.000000
-2.191047	0.000000	0.000000
-2.501333	0.000000	0.000000
-2.810522	0.000000	0.000000
-3.118478	0.000000	0.000000
-3.425066	0.000000	0.000000
-3.730152	0.000000	0.000000
-4.033602	0.000000	0.000000
-4.335283	0.000000	0.000000
-4.635062	0.000000	0.000000
-4.932808	0.000000	0.000000
-5.228390	0.000000	0.000000
-5.521679	0.000000	0.000000
-5.812546	0.000000	0.000000
-6.100863	0.000000	0.000000
-6.386504	0.000000	0.000000
-6.669344	0.000000	0.000000
-6.949259	0.000000	0.000000
-7.226125	0.000000	0.000000
-7.499822	0.000000	0.000000
-7.770229	0.000000	0.000000
-8.037228	0.000000	0.000000
-8.300701	0.000000	0.000000
-8.560534	0.000000	0.000000
-8.816611	0.000000	0.000000
-9.068822	0.000000	0.000000
-9.317054	0.000000	0.000000
-9.561200	0.000000	0.000000
-9.801151	0.000000	0.000000
-10.036804	0.000000	0.000000
-10.268055	0.000000	0.000000
-10.494801	0.000000	0.000000
-10.716944	0.000000	0.000000
-10.934386	0.000000	0.000000
-11.147032	0.000000	0.000000
-11.354789	0.000000	0.000000
-11.557565	0.000000	0.000000
-11.755271	0.000000	0.000000
-11.947822	0.000000	0.000000
-12.135131	0.000000	0.000000
-12.317118	0.000000	0.000000
-12.493702	0.000000	0.000000
-12.664805	0.000000	0.000000
-12.830354	0.000000	0.000000
-12.990275	0.000000	0.000000
-13.144498	0.000000	0.000000
-13.292955	0.000000	0.000000
-13.435581	0.000000	0.000000
-13.572315	0.000000	0.000000
-13.703095	0.000000	0.000000
-13.827865	0.000000	0.000000
-13.946568	0.000000	0.000000
-14.059155	0.000000	0.000000
-14.165575	0.000000	0.000000
-14.265781	0.000000	0.000000
-14.359731	0.000000	0.000000
-14.447381	0.000000	0.000000
-14.528694	0.000000	0.000000
-14.603634	0.000000	0.000000
-14.672169	0.000000	0.000000
-14.734268	0.000000	0.000000
-14.789905	0.000000	0.000000
-14.839053	0.000000	0.000000
-14.881693	0.000000	0.000000
-14.917806	0.000000	0.000000
-14.947374	0.000000	0.000000
-14.970387	0.000000	0.000000
-14.986834	0.000000	0.000000
-14.996706	0.000000	0.000000
-15.000000	0.000000	0.000000
-14.996715	0.000000	0.000000
-14.986852	0.000000	0.000000
-14.970415	0.000000	0.000000
-14.947412	0.000000	0.000000
-14.917851	0.000000	0.000000
-14.881748	0.000000	0.000000
-14.839117	0.000000	0.000000
-14.789977	0.000000	0.000000
-14.734350	0.000000	0.000000
-14.672260	0.000000	0.000000
-14.603734	0.000000	0.000000
-14.528803	0.000000	0.000000
-14.447498	0.000000	0.000000
-14.359857	0.000000	0.000000
-14.265917	0.000000	0.000000
-14.165719	0.000000	0.000000
-14.059308	0.000000	0.000000
-13.946730	0.000000	0.000000
-13.828034	0.000000	0.000000
-13.703273	0.000000	0.000000
-13.572501	0.000000	0.000000
-13.435777	0.000000	0.000000
-13.293158	0.000000	0.000000
-13.144709	0.000000	0.000000
-12.990494	0.000000	0.000000
-12.830581	0.000000	0.000000
-12.665040	0.000000	0.000000
-12.493944	0.000000	0.000000
-12.317368	0.000000	0.000000
-12.135388	0.000000	0.000000
-11.948086	0.000000	0.000000
-11.755543	0.000000	0.000000
-11.557844	0.000000	0.000000
-11.355075	0.000000	0.000000
-11.147326	0.000000	0.000000
-10.934686	0.000000	0.000000
-10.717250	0.000000	0.000000
-10.495113	0.000000	0.000000
-10.268373	0.000000	0.000000
-10.037129	0.000000	0.000000
-9.801483	0.000000	0.000000
-9.561537	0.000000	0.000000
-9.317397	0.000000	0.000000
-9.069170	0.000000	0.000000
-8.816965	0.000000	0.000000
-8.560893	0.000000	0.000000
-8.301066	0.000000	0.000000
-8.037598	0.000000	0.000000
-7.770604	0.000000	0.000000
-7.500201	0.000000	0.000000
-7.226509	0.000000	0.000000
-6.949647	0.000000	0.000000
-6.669736	0.000000	0.000000
-6.386900	0.000000	0.000000
-6.101263	0.000000	0.000000
-5.812949	0.000000	0.000000
-5.522086	0.000000	0.000000
-5.228800	0.000000	0.000000
-4.933221	0.000000	0.000000
-4.635478	0.000000	0.000000
-4.335702	0.000000	0.000000
-4.034024	0.000000	0.000000
-3.730577	0.000000	0.000000
-3.425493	0.000000	0.000000
-3.118906	0.000000	0.000000
-2.810952	0.000000	0.000000
-2.501765	0.000000	0.000000
-2.191480	0.000000	0.000000
-1.880234	0.000000	0.000000
-1.568163	0.000000	0.000000
-1.255405	0.000000	0.000000
-0.942095	0.000000	0.000000
-0.628373	0.000000	0.000000
-0.314375	0.000000	0.000000
-0.000239	0.000000	0.000000
0.313897	0.000000	0.000000
0.627896	0.000000	0.000000
0.941619	0.000000	0.000000
1.254929	0.000000	0.000000
1.567688	0.000000	0.000000
1.879760	0.000000	0.000000
2.191007	0.000000	0.000000
2.501294	0.000000	0.000000
2.810483	0.000000	0.000000
3.118439	0.000000	0.000000
3.425028	0.000000	0.000000
3.730114	0.000000	0.000000
4.033564	0.000000	0.000000
4.335245	0.000000	0.000000
4.635024	0.000000	0.000000
4.932770	0.000000	0.000000
5.228353	0.000000	0.000000
5.521642	0.000000	0.000000
5.812509	0.000000	0.000000
6.100827	0.000000	0.000000
6.386468	0.000000	0.000000
6.669309	0.000000	0.000000
6.949224	0.000000	0.000000
7.226090	0.000000	0.000000
7.499787	0.000000	0.000000
7.770195	0.000000	0.000000
8.037194	0.000000	0.000000
8.300668	0.000000	0.000000
8.560501	0.000000	0.000000
8.816579	0.000000	0.000000
9.068789	0.000000	0.000000
9.317023	0.000000	0.000000
9.561169	0.000000	0.000000
9.801122	0.000000	0.000000
10.036775	0.000000	0.000000
10.268025	0.000000	0.000000
10.494773	0.000000	0.000000
10.716916	0.000000	0.000000
10.934359	0.000000	0.000000
11.147005	0.000000	0.000000
11.354763	0.000000	0.000000
11.557539	0.000000	0.000000
11.755246	0.000000	0.000000
11.947798	0.000000	0.000000
12.135108	0.000000	0.000000
12.317095	0.000000	0.000000
12.493680	0.000000	0.000000
12.664784	0.000000	0.000000
12.830334	0.000000	0.000000
12.990255	0.000000	0.000000
13.144479	0.000000	0.000000
13.292936	0.000000	0.000000
13.435564	0.000000	0.000000
13.572298	0.000000	0.000000
13.703079	0.000000	0.000000
13.827849	0.000000	0.000000
13.946554	0.000000	0.000000
14.059141	0.000000	0.000000
14.165562	0.000000	0.000000
14.265769	0.000000	0.000000
14.359718	0.000000	0.000000
14.447370	0.000000	0.000000
14.528684	0.000000	0.000000
14.603625	0.000000	0.000000
14.672161	0.000000	0.000000
14.734261	0.000000	0.000000
14.789898	0.000000	0.000000
14.839047	0.000000	0.000000
14.881688	0.000000	0.000000
14.917802	0.000000	0.000000
14.947371	0.000000	0.000000
14.970385	0.000000	0.000000
14.986832	0.000000	0.000000
14.996705	0.000000	0.000000
15.000000	0.000000	0.000000
14.996716	0.000000	0.000000
14.986854	0.000000	0.000000
14.970417	0.000000	0.000000
14.947414	0.000000	0.000000
14.917855	0.000000	0.000000
14.881753	0.000000	0.000000
14.839123	0.000000	0.000000
14.789984	0.000000	0.000000
14.734358	0.000000	0.000000
14.672268	0.000000	0.000000
14.603744	0.000000	0.000000
14.528812	0.000000	0.000000
14.447509	0.000000	0.000000
14.359868	0.000000	0.000000
14.265929	0.000000	0.000000
14.165732	0.000000	0.000000
14.059321	0.000000	0.000000
13.946744	0.000000	0.000000
13.828050	0.000000	0.000000
13.703289	0.000000	0.000000
13.572518	0.000000	0.000000
13.435794	0.000000	0.000000
13.293177	0.000000	0.000000
13.144728	0.000000	0.000000
12.990514	0.000000	0.000000
12.830602	0.000000	0.000000
12.665061	0.000000	0.000000
12.493966	0.000000	0.000000
12.317390	0.000000	0.000000
12.135411	0.000000	0.000000
11.948111	0.000000	0.000000
11.755568	0.000000	0.000000
11.557869	0.000000	0.000000
11.355101	0.000000	0.000000
11.147351	0.000000	0.000000
10.934713	0.000000	0.000000
10.717278	0.000000	0.000000
10.495142	0.000000	0.000000
10.268403	0.000000	0.000000
10.037159	0.000000	0.000000
9.801513	0.000000	0.000000
9.561567	0.000000	0.000000
9.317429	0.000000	0.000000
9.069202	0.000000	0.000000
8.816998	0.000000	0.000000
8.560926	0.000000	0.000000
8.301099	0.000000	0.000000
8.037631	0.000000	0.000000
7.770638	0.000000	0.000000
7.500236	0.000000	0.000000
7.226544	0.000000	0.000000
6.949682	0.000000	0.000000
6.669772	0.000000	0.000000
6.386937	0.000000	0.000000
6.101299	0.000000	0.000000
5.812986	0.000000	0.000000
5.522123	0.000000	0.000000
5.228837	0.000000	0.000000
4.933259	0.000000	0.000000
4.635516	0.000000	0.000000
4.335740	0.000000	0.000000
4.034062	0.000000	0.000000
3.730615	0.000000	0.000000
3.425531	0.000000	0.000000
3.118945	0.000000	0.000000
2.810991	0.000000	0.000000
2.501804	0.000000	0.000000
2.191519	0.000000	0.000000
1.880273	0.000000	0.000000
1.568203	0.000000	0.000000
1.255444	0.000000	0.000000
0.942135	0.000000	0.000000
0.628413	0.000000	0.000000
0.314415	0.000000	0.000000
0.000279	0.000000	0.000000
-0.313857	0.000000	0.000000
-0.627856	0.000000	0.000000
-0.941579	0.000000	0.000000
-1.254889	0.000000	0.000000
-1.567649	0.000000	0.000000
-1.879720	0.000000	0.000000
-2.190968	0.000000	0.000000
-2.501254	0.000000	0.000000
-2.810444	0.000000	0.000000
-3.118400	0.000000	0.000000
-3.424989	0.000000	0.000000
-3.730075	0.000000	0.000000
-4.033525	0.000000	0.000000
-4.335207	0.000000	0.000000
-4.634986	0.000000	0.000000
-4.932733	0.000000	0.000000
-5.228315	0.000000	0.000000
-5.521605	0.000000	0.000000
-5.812472	0.000000	0.000000
-6.100790	0.000000	0.000000
-6.386432	0.000000	0.000000
-6.669273	0.000000	0.000000
-6.949188	0.000000	0.000000
-7.226055	0.000000	0.000000
-7.499753	0.000000	0.000000
-7.770161	0.000000	0.000000
-8.037161	0.000000	0.000000
-8.300635	0.000000	0.000000
-8.560469	0.000000	0.000000
-8.816547	0.000000	0.000000
-9.068758	0.000000	0.000000
-9.316992	0.000000	0.000000
-9.561138	0.000000	0.000000
-9.801091	0.000000	0.000000
-10.036745	0.000000	0.000000
-10.267997	0.000000	0.000000
-10.494744	0.000000	0.000000
-10.716888	0.000000	0.000000
-10.934332	0.000000	0.000000
-11.146978	0.000000	0.000000
-11.354736	0.000000	0.000000
-11.557514	0.000000	0.000000
-11.755221	0.000000	0.000000
-11.947773	0.000000	0.000000
-12.135084	0.000000	0.000000
-12.317072	0.000000	0.000000
-12.493657	0.000000	0.000000
-12.664762	0.000000	0.000000
-12.830313	0.000000	0.000000
-12.990235	0.000000	0.000000
-13.144460	0.000000	0.000000
-13.292918	0.000000	0.000000
-13.435546	0.000000	0.000000
-13.572281	0.000000	0.000000
-13.703063	0.000000	0.000000
-13.827833	0.000000	0.000000
-13.946539	0.000000	0.000000
-14.059128	0.000000	0.000000
-14.165548	0.000000	0.000000
-14.265757	0.000000	0.000000
-14.359707	0.000000	0.000000
-14.447359	0.000000	0.000000
-14.528674	0.000000	0.000000
-14.603616	0.000000	0.000000
-14.672153	0.000000	0.000000
-14.734253	0.000000	0.000000
-14.789891	0.000000	0.000000
-14.839042	0.000000	0.000000
-14.881683	0.000000	0.000000
-14.917797	0.000000	0.000000
-14.947368	0.000000	0.000000
-14.970383	0.000000	0.000000
-14.986830	0.000000	0.000000
-14.996704	0.000000	0.000000
-15.000000	0.000000	0.000000
-14.996716	0.000000	0.000000
-14.986855	0.000000	0.000000
-14.970420	0.000000	0.000000
-14.947418	0.000000	0.000000
-14.917860	0.000000	0.000000
-14.881758	0.000000	0.000000
-14.839128	0.000000	0.000000
-14.789990	0.000000	0.000000
-14.734365	0.000000	0.000000
-14.672276	0.000000	0.000000
-14.603752	0.000000	0.000000
-14.528823	0.000000	0.000000
-14.447519	0.000000	0.000000
-14.359879	0.000000	0.000000
-14.265942	0.000000	0.000000
-14.165745	0.000000	0.000000
-14.059336	0.000000	0.000000
-13.946759	0.000000	0.000000
-13.828065	0.000000	0.000000
-13.703305	0.000000	0.000000
-13.572536	0.000000	0.000000
-13.435812	0.000000	0.000000
-13.293195	0.000000	0.000000
-13.144747	0.000000	0.000000
-12.990534	0.000000	0.000000
-12.830622	0.000000	0.000000
-12.665083	0.000000	0.000000
-12.493988	0.000000	0.000000
-12.317413	0.000000	0.000000
-12.135435	0.000000	0.000000
-11.948134	0.000000	0.000000
-11.755592	0.000000	0.000000
-11.557895	0.000000	0.000000
-11.355126	0.000000	0.000000
-11.147378	0.000000	0.000000
-10.934740	0.000000	0.000000
-10.717306	0.000000	0.000000
-10.495171	0.000000	0.000000
-10.268432	0.000000	0.000000
-10.037189	0.000000	0.000000
-9.801543	0.000000	0.000000
-9.561599	0.000000	0.000000
-9.317460	0.000000	0.000000
-9.069234	0.000000	0.000000
-8.817030	0.000000	0.000000
-8.560959	0.000000	0.000000
-8.301132	0.000000	0.000000
-8.037664	0.000000	0.000000
-7.770672	0.000000	0.000000
-7.500270	0.000000	0.000000
-7.226579	0.000000	0.000000
-6.949718	0.000000	0.000000
-6.669808	0.000000	0.000000
-6.386972	0.000000	0.000000
-6.101336	0.000000	0.000000
-5.813023	0.000000	0.000000
-5.522160	0.000000	0.000000
-5.228875	0.000000	0.000000
-4.933296	0.000000	0.000000
-4.635554	0.000000	0.000000
-4.335778	0.000000	0.000000
-4.034101	0.000000	0.000000
-3.730654	0.000000	0.000000
-3.425570	0.000000	0.000000
-3.118984	0.000000	0.000000
-2.811030	0.000000	0.000000
-2.501843	0.000000	0.000000
-2.191559	0.000000	0.000000
-1.880313	0.000000	0.000000
-1.568242	0.000000	0.000000
-1.255484	0.000000	0.000000
-0.942175	0.000000	0.000000
-0.628452	0.000000	0.000000
-0.314454	0.000000	0.000000
-0.000318	0.000000	0.000000
0.313818	0.000000	0.000000
0.627816	0.000000	0.000000
0.941539	0.000000	0.000000
1.254849	0.000000	0.000000
1.567609	0.000000	0.000000
1.879681	0.000000	0.000000
2.190928	0.000000	0.000000
2.501215	0.000000	0.000000
2.810405	0.000000	0.000000
3.118361	0.000000	0.000000
3.424950	0.000000	0.000000
3.730037	0.000000	0.000000
4.033487	0.000000	0.000000
4.335168	0.000000	0.000000
4.634948	0.000000	0.000000
4.932695	0.000000	0.000000
5.228278	0.000000	0.000000
5.521568	0.000000	0.000000
5.812436	0.000000	0.000000
6.100754	0.000000	0.000000
6.386396	0.000000	0.000000
6.669237	0.000000	0.000000
6.949153	0.000000	0.000000
7.226020	0.000000	0.000000
7.499719	0.000000	0.000000
7.770127	0.000000	0.000000
8.037127	0.000000	0.000000
8.300602	0.000000	0.000000
8.560435	0.000000	0.000000
8.816515	0.000000	0.000000
9.068727	0.000000	0.000000
9.316960	0.000000	0.000000
9.561108	0.000000	0.000000
9.801062	0.000000	0.000000
10.036716	0.000000	0.000000
10.267967	0.000000	0.000000
10.494716	0.000000	0.000000
10.716861	0.000000	0.000000
10.934304	0.000000	0.000000
11.146953	0.000000	0.000000
11.354711	0.000000	0.000000
11.557488	0.000000	0.000000
11.755197	0.000000	0.000000
11.947749	0.000000	0.000000
12.135060	0.000000	0.000000
12.317049	0.000000	0.000000
12.493635	0.000000	0.000000
12.664742	0.000000	0.000000
12.830292	0.000000	0.000000
12.990215	0.000000	0.000000
13.144441	0.000000	0.000000
13.292900	0.000000	0.000000
13.435529	0.000000	0.000000
13.572264	0.000000	0.000000
13.703047	0.000000	0.000000
13.827818	0.000000	0.000000
13.946525	0.000000	0.000000
14.059114	0.000000	0.000000
14.165536	0.000000	0.000000
14.265744	0.000000	0.000000
14.359695	0.000000	0.000000
14.447349	0.000000	0.000000
14.528664	0.000000	0.000000
14.603607	0.000000	0.000000
14.672144	0.000000	0.000000
14.734246	0.000000	0.000000
14.789885	0.000000	0.000000
14.839036	0.000000	0.000000
14.881679	0.000000	0.000000
14.917793	0.000000	0.000000
14.947365	0.000000	0.000000
14.970380	0.000000	0.000000
14.986828	0.000000	0.000000
14.996703	0.000000	0.000000
15.000000	0.000000	0.000000
14.996717	0.000000	0.000000
14.986856	0.000000	0.000000
14.970422	0.000000	0.000000
14.947421	0.000000	0.000000
14.917864	0.000000	0.000000
14.881763	0.000000	0.000000
14.839134	0.000000	0.000000
14.789997	0.000000	0.000000
14.734372	0.000000	0.000000
14.672285	0.000000	0.000000
14.603762	0.000000	0.000000
14.528832	0.000000	0.000000
14.447531	0.000000	0.000000
14.359891	0.000000	0.000000
14.265953	0.000000	0.000000
14.165758	0.000000	0.000000
14.059349	0.000000	0.000000
13.946774	0.000000	0.000000
13.828080	0.000000	0.000000
13.703321	0.000000	0.000000
13.572553	0.000000	0.000000
13.435829	0.000000	0.000000
13.293213	0.000000	0.000000
13.144766	0.000000	0.000000
12.990554	0.000000	0.000000
12.830643	0.000000	0.000000
12.665104	0.000000	0.000000
12.494010	0.000000	0.000000
12.317435	0.000000	0.000000
12.135458	0.000000	0.000000
11.948158	0.000000	0.000000
11.755617	0.000000	0.000000
11.557920	0.000000	0.000000
11.355153	0.000000	0.000000
11.147405	0.000000	0.000000
10.934768	0.000000	0.000000
10.717334	0.000000	0.000000
10.495199	0.000000	0.000000
10.268461	0.000000	0.000000
10.037218	0.000000	0.000000
9.801574	0.000000	0.000000
9.561629	0.000000	0.000000
9.317491	0.000000	0.000000
9.069265	0.000000	0.000000
8.817062	0.000000	0.000000
8.560991	0.000000	0.000000
8.301166	0.000000	0.000000
8.037699	0.000000	0.000000
7.770706	0.000000	0.000000
7.500305	0.000000	0.000000
7.226614	0.000000	0.000000
6.949753	0.000000	0.000000
6.669843	0.000000	0.000000
6.387009	0.000000	0.000000
6.101372	0.000000	0.000000
5.813059	0.000000	0.000000
5.522197	0.000000	0.000000
5.228912	0.000000	0.000000
4.933334	0.000000	0.000000
4.635592	0.000000	0.000000
4.335816	0.000000	0.000000
4.034139	0.000000	0.000000
3.730692	0.000000	0.000000
3.425609	0.000000	0.000000
3.119023	0.000000	0.000000
2.811069	0.000000	0.000000
2.501882	0.000000	0.000000
2.191598	0.000000	0.000000
1.880352	0.000000	0.000000
1.568282	0.000000	0.000000
1.255524	0.000000	0.000000
0.942215	0.000000	0.000000
0.628492	0.000000	0.000000
0.314494	0.000000	0.000000
0.000358	0.000000	0.000000
-0.313778	0.000000	0.000000
-0.627776	0.000000	0.000000
-0.941499	0.000000	0.000000
-1.254810	0.000000	0.000000
-1.567569	0.000000	0.000000
-1.879642	0.000000	0.000000
-2.190889	0.000000	0.000000
-2.501176	0.000000	0.000000
-2.810365	0.000000	0.000000
-3.118322	0.000000	0.000000
-3.424911	0.000000	0.000000
-3.729998	0.000000	0.000000
-4.033449	0.000000	0.000000
-4.335130	0.000000	0.000000
-4.634911	0.000000	0.000000
-4.932657	0.000000	0.000000
-5.228240	0.000000	0.000000
-5.521531	0.000000	0.000000
-5.812399	0.000000	0.000000
-6.100718	0.000000	0.000000
-6.386360	0.000000	0.000000
-6.669201	0.000000	0.000000
-6.949118	0.000000	0.000000
-7.225986	0.000000	0.000000
-7.499684	0.000000	0.000000
-7.770093	0.000000	0.000000
-8.037093	0.000000	0.000000
-8.300569	0.000000	0.000000
-8.560403	0.000000	0.000000
-8.816483	0.000000	0.000000
-9.068695	0.000000	0.000000
-9.316929	0.000000	0.000000
-9.561077	0.000000	0.000000
-9.801031	0.000000	0.000000
-10.036686	0.000000	0.000000
-10.267939	0.000000	0.000000
-10.494687	0.000000	0.000000
-10.716832	0.000000	0.000000
-10.934278	0.000000	0.000000
-11.146926	0.000000	0.000000
-11.354685	0.000000	0.000000
-11.557464	0.000000	0.000000
-11.755172	0.000000	0.000000
-11.947725	0.000000	0.000000
-12.135037	0.000000	0.000000
-12.317027	0.000000	0.000000
-12.493613	0.000000	0.000000
-12.664721	0.000000	0.000000
-12.830272	0.000000	0.000000
-12.990195	0.000000	0.000000
-13.144421	0.000000	0.000000
-13.292881	0.000000	0.000000
-13.435511	0.000000	0.000000
-13.572248	0.000000	0.000000
-13.703031	0.000000	0.000000
-13.827803	0.000000	0.000000
-13.946510	0.000000	0.000000
-14.059099	0.000000	0.000000
-14.165523	0.000000	0.000000
-14.265732	0.000000	0.000000
-14.359684	0.000000	0.000000
-14.447338	0.000000	0.000000
-14.528654	0.000000	0.000000
-14.603598	0.000000	0.000000
-14.672136	0.000000	0.000000
-14.734239	0.000000	0.000000
-14.789878	0.000000	0.000000
-14.839030	0.000000	0.000000
-14.881673	0.000000	0.000000
-14.917789	0.000000	0.000000
-14.947361	0.000000	0.000000
-14.970377	0.000000	0.000000
-14.986827	0.000000	0.000000
-14.996702	0.000000	0.000000
-15.000000	0.000000	0.000000
-14.996718	0.000000	0.000000
-14.986858	0.000000	0.000000
-14.970425	0.000000	0.000000
-14.947425	0.000000	0.000000
-14.917868	0.000000	0.000000
-14.881768	0.000000	0.000000
-14.839141	0.000000	0.000000
-14.790004	0.000000	0.000000
-14.734380	0.000000	0.000000
-14.672293	0.000000	0.000000
-14.603770	0.000000	0.000000
-14.528842	0.000000	0.000000
-14.447541	0.000000	0.000000
-14.359902	0.000000	0.000000
-14.265965	0.000000	0.000000
-14.165771	0.000000	0.000000
-14.059363	0.000000	0.000000
-13.946788	0.000000	0.000000
-13.828095	0.000000	0.000000
-13.703338	0.000000	0.000000
-13.572569	0.000000	0.000000
-13.435847	0.000000	0.000000
-13.293232	0.000000	0.000000
-13.144786	0.000000	0.000000
-12.990574	0.000000	0.000000
-12.830664	0.000000	0.000000
-12.665125	0.000000	0.000000
-12.494032	0.000000	0.000000
-12.317458	0.000000	0.000000
-12.135482	0.000000	0.000000
-11.948182	0.000000	0.000000
-11.755642	0.000000	0.000000
-11.557945	0.000000	0.000000
-11.355179	0.000000	0.000000
-11.147431	0.000000	0.000000
-10.934794	0.000000	0.000000
-10.717361	0.000000	0.000000
-10.495228	0.000000	0.000000
-10.268490	0.000000	0.000000
-10.037248	0.000000	0.000000
-9.801603	0.000000	0.000000
-9.561660	0.000000	0.000000
-9.317522	0.000000	0.000000
-9.069297	0.000000	0.000000
-8.817095	0.000000	0.000000
-8.561024	0.000000	0.000000
-8.301199	0.000000	0.000000
-8.037732	0.000000	0.000000
-7.770740	0.000000	0.000000
-7.500339	0.000000	0.000000
-7.226648	0.000000	0.000000
-6.949788	0.000000	0.000000
-6.669879	0.000000	0.000000
-6.387044	0.000000	0.000000
-6.101408	0.000000	0.000000
-5.813096	0.000000	0.000000
-5.522234	0.000000	0.000000
-5.228950	0.000000	0.000000
-4.933372	0.000000	0.000000
-4.635630	0.000000	0.000000
-4.335855	0.000000	0.000000
-4.034177	0.000000	0.000000
-3.730731	0.000000	0.000000
-3.425648	0.000000	0.000000
-3.119062	0.000000	0.000000
-2.811108	0.000000	0.000000
-2.501922	0.000000	0.000000
-2.191637	0.000000	0.000000
-1.880392	0.000000	0.000000
-1.568321	0.000000	0.000000
-1.255563	0.000000	0.000000
-0.942254	0.000000	0.000000
-0.628532	0.000000	0.000000
-0.314534	0.000000	0.000000
-0.000398	0.000000	0.000000
0.313738	0.000000	0.000000
0.627737	0.000000	0.000000
0.941460	0.000000	0.000000
1.254770	0.000000	0.000000
1.567530	0.000000	0.000000
1.879602	0.000000	0.000000
2.190850	0.000000	0.000000
2.501137	0.000000	0.000000
2.810326	0.000000	0.000000
3.118284	0.000000	0.000000
3.424873	0.000000	0.000000
3.729960	0.000000	0.000000
4.033411	0.000000	0.000000
4.335093	0.000000	0.000000
4.634872	0.000000	0.000000
4.932620	0.000000	0.000000
5.228203	0.000000	0.000000
5.521494	0.000000	0.000000
5.812362	0.000000	0.000000
6.100681	0.000000	0.000000
6.386324	0.000000	0.000000
6.669166	0.000000	0.000000
6.949082	0.000000	0.000000
7.225951	0.000000	0.000000
7.499650	0.000000	0.000000
7.770059	0.000000	0.000000
8.037060	0.000000	0.000000
8.300535	0.000000	0.000000
8.560370	0.000000	0.000000
8.816450	0.000000	0.000000
9.068663	0.000000	0.000000
9.316898	0.000000	0.000000
9.561047	0.000000	0.000000
9.801001	0.000000	0.000000
10.036656	0.000000	0.000000
10.267909	0.000000	0.000000
10.494658	0.000000	0.000000
10.716805	0.000000	0.000000
10.934250	0.000000	0.000000
11.146899	0.000000	0.000000
11.354659	0.000000	0.000000
11.557438	0.000000	0.000000
11.755148	0.000000	0.000000
11.947701	0.000000	0.000000
12.135014	0.000000	0.000000
12.317004	0.000000	0.000000
12.493591	0.000000	0.000000
12.664699	0.000000	0.000000
12.830251	0.000000	0.000000
12.990175	0.000000	0.000000
13.144402	0.000000	0.000000
13.292863	0.000000	0.000000
13.435493	0.000000	0.000000
13.572230	0.000000	0.000000
13.703014	0.000000	0.000000
13.827787	0.000000	0.000000
13.946495	0.000000	0.000000
14.059086	0.000000	0.000000
14.165509	0.000000	0.000000
14.265719	0.000000	0.000000
14.359673	0.000000	0.000000
14.447327	0.000000	0.000000
14.528645	0.000000	0.000000
14.603589	0.000000	0.000000
14.672128	0.000000	0.000000
14.734231	0.000000	0.000000
14.789871	0.000000	0.000000
14.839025	0.000000	0.000000
14.881668	0.000000	0.000000
14.917785	0.000000	0.000000
14.947358	0.000000	0.000000
14.970375	0.000000	0.000000
14.986825	0.000000	0.000000
14.996701	0.000000	0.000000
15.000000	0.000000	0.000000
14.996719	0.000000	0.000000
14.986860	0.000000	0.000000
14.970428	0.000000	0.000000
14.947428	0.000000	0.000000
14.917872	0.000000	0.000000
14.881773	0.000000	0.000000
14.839147	0.000000	0.000000
14.790010	0.000000	0.000000
14.734387	0.000000	0.000000
14.672301	0.000000	0.000000
14.603780	0.000000	0.000000
14.528852	0.000000	0.000000
14.447552	0.000000	0.000000
14.359915	0.000000	0.000000
14.265978	0.000000	0.000000
14.165785	0.000000	0.000000
14.059377	0.000000	0.000000
13.946803	0.000000	0.000000
13.828112	0.000000	0.000000
13.703354	0.000000	0.000000
13.572586	0.000000	0.000000
13.435864	0.000000	0.000000
13.293250	0.000000	0.000000
13.144805	0.000000	0.000000
12.990593	0.000000	0.000000
12.830684	0.000000	0.000000
12.665147	0.000000	0.000000
12.494054	0.000000	0.000000
12.317481	0.000000	0.000000
12.135506	0.000000	0.000000
11.948207	0.000000	0.000000
11.755667	0.000000	0.000000
11.557971	0.000000	0.000000
11.355205	0.000000	0.000000
11.147458	0.000000	0.000000
10.934822	0.000000	0.000000
10.717389	0.000000	0.000000
10.495255	0.000000	0.000000
10.268518	0.000000	0.000000
10.037277	0.000000	0.000000
9.801634	0.000000	0.000000
9.561690	0.000000	0.000000
9.317554	0.000000	0.000000
9.069329	0.000000	0.000000
8.817126	0.000000	0.000000
8.561057	0.000000	0.000000
8.301231	0.000000	0.000000
8.037766	0.000000	0.000000
7.770774	0.000000	0.000000
7.500373	0.000000	0.000000
7.226683	0.000000	0.000000
6.949823	0.000000	0.000000
6.669915	0.000000	0.000000
6.387081	0.000000	0.000000
6.101445	0.000000	0.000000
5.813133	0.000000	0.000000
5.522271	0.000000	0.000000
5.228987	0.000000	0.000000
4.933409	0.000000	0.000000
4.635667	0.000000	0.000000
4.335893	0.000000	0.000000
4.034216	0.000000	0.000000
3.730769	0.000000	0.000000
3.425687	0.000000	0.000000
3.119101	0.000000	0.000000
2.811147	0.000000	0.000000
2.501961	0.000000	0.000000
2.191677	0.000000	0.000000
1.880431	0.000000	0.000000
1.568361	0.000000	0.000000
1.255603	0.000000	0.000000
0.942294	0.000000	0.000000
0.628572	0.000000	0.000000
0.314574	0.000000	0.000000
0.000438	0.000000	0.000000
-0.313698	0.000000	0.000000
-0.627697	0.000000	0.000000
-0.941420	0.000000	0.000000
-1.254730	0.000000	0.000000
-1.567490	0.000000	0.000000
-1.879562	0.000000	0.000000
-2.190810	0.000000	0.000000
-2.501097	0.000000	0.000000
-2.810287	0.000000	0.000000
-3.118244	0.000000	0.000000
-3.424834	0.000000	0.000000
-3.729921	0.000000	0.000000
-4.033372	0.000000	0.000000
-4.335054	0.000000	0.000000
-4.634835	0.000000	0.000000
-4.932582	0.000000	0.000000
-5.228166	0.000000	0.000000
-5.521457	0.000000	0.000000
-5.812325	0.000000	0.000000
-6.100645	0.000000	0.000000
-6.386288	0.000000	0.000000
-6.669130	0.000000	0.000000
-6.949047	0.000000	0.000000
-7.225916	0.000000	0.000000
-7.499615	0.000000	0.000000
-7.770025	0.000000	0.000000
-8.037026	0.000000	0.000000
-8.300503	0.000000	0.000000
-8.560338	0.000000	0.000000
-8.816418	0.000000	0.000000
-9.068631	0.000000	0.000000
-9.316867	0.000000	0.000000
-9.561016	0.000000	0.000000
-9.800971	0.000000	0.000000
-10.036627	0.000000	0.000000
-10.267880	0.000000	0.000000
-10.494630	0.000000	0.000000
-10.716777	0.000000	0.000000
-10.934222	0.000000	0.000000
-11.146873	0.000000	0.000000
-11.354632	0.000000	0.000000
-11.557412	0.000000	0.000000
-11.755123	0.000000	0.000000
-11.947677	0.000000	0.000000
-12.134991	0.000000	0.000000
-12.316981	0.000000	0.000000
-12.493569	0.000000	0.000000
-12.664678	0.000000	0.000000
-12.830231	0.000000	0.000000
-12.990155	0.000000	0.000000
-13.144382	0.000000	0.000000
-13.292845	0.000000	0.000000
-13.435475	0.000000	0.000000
-13.572213	0.000000	0.000000
-13.702998	0.000000	0.000000
-13.827772	0.000000	0.000000
-13.946481	0.000000	0.000000
-14.059072	0.000000	0.000000
-14.165497	0.000000	0.000000
-14.265708	0.000000	0.000000
-14.359661	0.000000	0.000000
-14.447316	0.000000	0.000000
-14.528634	0.000000	0.000000
-14.603580	0.000000	0.000000
-14.672119	0.000000	0.000000
-14.734223	0.000000	0.000000
-14.789865	0.000000	0.000000
-14.839019	0.000000	0.000000
-14.881663	0.000000	0.000000
-14.917781	0.000000	0.000000
-14.947354	0.000000	0.000000
-14.970372	0.000000	0.000000
-14.986823	0.000000	0.000000
-14.996700	0.000000	0.000000
-15.000000	0.000000	0.000000
-14.996719	0.000000	0.000000
-14.986861	0.000000	0.000000
-14.970429	0.000000	0.000000
-14.947432	0.000000	0.000000
-14.917876	0.000000	0.000000
-14.881778	0.000000	0.000000
-14.839152	0.000000	0.000000
-14.790017	0.000000	0.000000
-14.734395	0.000000	0.000000
-14.672310	0.000000	0.000000
-14.603788	0.000000	0.000000
-14.528862	0.000000	0.000000
-14.447562	0.000000	0.000000
-14.359926	0.000000	0.000000
-14.265990	0.000000	0.000000
-14.165797	0.000000	0.000000
-14.059391	0.000000	0.000000
-13.946817	0.000000	0.000000
-13.828127	0.000000	0.000000
-13.703370	0.000000	0.000000
-13.572603	0.000000	0.000000
-13.435883	0.000000	0.000000
-13.293268	0.000000	0.000000
-13.144824	0.000000	0.000000
-12.990613	0.000000	0.000000
-12.830705	0.000000	0.000000
-12.665168	0.000000	0.000000
-12.494076	0.000000	0.000000
-12.317504	0.000000	0.000000
-12.135529	0.000000	0.000000
-11.948231	0.000000	0.000000
-11.755692	0.000000	0.000000
-11.557996	0.000000	0.000000
-11.355231	0.000000	0.000000
-11.147485	0.000000	0.000000
-10.934850	0.000000	0.000000
-10.717418	0.000000	0.000000
-10.495284	0.000000	0.000000
-10.268548	0.000000	0.000000
-10.037307	0.000000	0.000000
-9.801663	0.000000	0.000000
-9.561721	0.000000	0.000000
-9.317584	0.000000	0.000000
-9.069361	0.000000	0.000000
-8.817159	0.000000	0.000000
-8.561090	0.000000	0.000000
-8.301265	0.000000	0.000000
-8.037799	0.000000	0.000000
-7.770808	0.000000	0.000000
-7.500408	0.000000	0.000000
-7.226718	0.000000	0.000000
-6.949858	0.000000	0.000000
-6.669950	0.000000	0.000000
-6.387116	0.000000	0.000000
-6.101481	0.000000	0.000000
-5.813169	0.000000	0.000000
-5.522308	0.000000	0.000000
-5.229024	0.000000	0.000000
-4.933447	0.000000	0.000000
-4.635705	0.000000	0.000000
-4.335931	0.000000	0.000000
-4.034254	0.000000	0.000000
-3.730808	0.000000	0.000000
-3.425725	0.000000	0.000000
-3.119140	0.000000	0.000000
-2.811187	0.000000	0.000000
-2.502000	0.000000	0.000000
-2.191716	0.000000	0.000000
-1.880471	0.000000	0.000000
-1.568401	0.000000	0.000000
-1.255643	0.000000	0.000000
-0.942334	0.000000	0.000000
-0.628612	0.000000	0.000000
-0.314614	0.000000	0.000000
-0.000478	0.000000	0.000000
0.313659	0.000000	0.000000
0.627657	0.000000	0.000000
0.941380	0.000000	0.000000
1.254691	0.000000	0.000000
1.567451	0.000000	0.000000
1.879523	0.000000	0.000000
2.190771	0.000000	0.000000
2.501058	0.000000	0.000000
2.810248	0.000000	0.000000
3.118206	0.000000	0.000000
3.424795	0.000000	0.000000
3.729882	0.000000	0.000000
4.033334	0.000000	0.000000
4.335016	0.000000	0.000000
4.634797	0.000000	0.000000
4.932545	0.000000	0.000000
5.228129	0.000000	0.000000
5.521420	0.000000	0.000000
5.812289	0.000000	0.000000
6.100608	0.000000	0.000000
6.386252	0.000000	0.000000
6.669095	0.000000	0.000000
6.949012	0.000000	0.000000
7.225881	0.000000	0.000000
7.499580	0.000000	0.000000
7.769990	0.000000	0.000000
8.036993	0.000000	0.000000
8.300469	0.000000	0.000000
8.560305	0.000000	0.000000
8.816386	0.000000	0.000000
9.068600	0.000000	0.000000
9.316835	0.000000	0.000000
9.560985	0.000000	0.000000
9.800941	0.000000	0.000000
10.036597	0.000000	0.000000
10.267852	0.000000	0.000000
10.494602	0.000000	0.000000
10.716749	0.000000	0.000000
10.934196	0.000000	0.000000
11.146846	0.000000	0.000000
11.354607	0.000000	0.000000
11.557387	0.000000	0.000000
11.755098	0.000000	0.000000
11.947653	0.000000	0.000000
12.134967	0.000000	0.000000
12.316958	0.000000	0.000000
12.493547	0.000000	0.000000
12.664656	0.000000	0.000000
12.830210	0.000000	0.000000
12.990135	0.000000	0.000000
13.144363	0.000000	0.000000
13.292826	0.000000	0.000000
13.435458	0.000000	0.000000
13.572196	0.000000	0.000000
13.702982	0.000000	0.000000
13.827757	0.000000	0.000000
13.946465	0.000000	0.000000
14.059058	0.000000	0.000000
14.165483	0.000000	0.000000
14.265696	0.000000	0.000000
14.359650	0.000000	0.000000
14.447306	0.000000	0.000000
14.528625	0.000000	0.000000
14.603571	0.000000	0.000000
14.672112	0.000000	0.000000
14.734216	0.000000	0.000000
14.789858	0.000000	0.000000
14.839012	0.000000	0.000000
14.881659	0.000000	0.000000
14.917776	0.000000	0.000000
14.947351	0.000000	0.000000
14.970369	0.000000	0.000000
14.986821	0.000000	0.000000
14.996700	0.000000	0.000000
15.000000	0.000000	0.000000
14.996720	0.000000	0.000000
14.986863	0.000000	0.000000
14.970432	0.000000	0.000000
14.947434	0.000000	0.000000
14.917881	0.000000	0.000000
14.881783	0.000000	0.000000
14.839158	0.000000	0.000000
14.790024	0.000000	0.000000
14.734403	0.000000	0.000000
14.672318	0.000000	0.000000
14.603798	0.000000	0.000000
14.528872	0.000000	0.000000
14.447574	0.000000	0.000000
14.359938	0.000000	0.000000
14.266003	0.000000	0.000000
14.165811	0.000000	0.000000
14.059404	0.000000	0.000000
13.946833	0.000000	0.000000
13.828142	0.000000	0.000000
13.703386	0.000000	0.000000
13.572620	0.000000	0.000000
13.435901	0.000000	0.000000
13.293287	0.000000	0.000000
13.144843	0.000000	0.000000
12.990633	0.000000	0.000000
12.830726	0.000000	0.000000
12.665190	0.000000	0.000000
12.494098	0.000000	0.000000
12.317527	0.000000	0.000000
12.135552	0.000000	0.000000
11.948255	0.000000	0.000000
11.755716	0.000000	0.000000
11.558022	0.000000	0.000000
11.355257	0.000000	0.000000
11.147511	0.000000	0.000000
10.934876	0.000000	0.000000
10.717445	0.000000	0.000000
10.495313	0.000000	0.000000
10.268577	0.000000	0.000000
10.037336	0.000000	0.000000
9.801694	0.000000	0.000000
9.561751	0.000000	0.000000
9.317616	0.000000	0.000000
9.069392	0.000000	0.000000
8.817191	0.000000	0.000000
8.561122	0.000000	0.000000
8.301298	0.000000	0.000000
8.037833	0.000000	0.000000
7.770842	0.000000	0.000000
7.500443	0.000000	0.000000
7.226753	0.000000	0.000000
6.949893	0.000000	0.000000
6.669986	0.000000	0.000000
6.387153	0.000000	0.000000
6.101518	0.000000	0.000000
5.813206	0.000000	0.000000
5.522345	0.000000	0.000000
5.229062	0.000000	0.000000
4.933485	0.000000	0.000000
4.635743	0.000000	0.000000
4.335969	0.000000	0.000000
4.034292	0.000000	0.000000
3.730846	0.000000	0.000000
3.425764	0.000000	0.000000
3.119179	0.000000	0.000000
2.811226	0.000000	0.000000
2.502039	0.000000	0.000000
2.191756	0.000000	0.000000
1.880510	0.000000	0.000000
1.568440	0.000000	0.000000
1.255682	0.000000	0.000000
0.942373	0.000000	0.000000
0.628651	0.000000	0.000000
0.314653	0.000000	0.000000
0.000517	0.000000	0.000000
-0.313619	0.000000	0.000000
-0.627617	0.000000	0.000000
-0.941341	0.000000	0.000000
-1.254651	0.000000	0.000000
-1.567411	0.000000	0.000000
-1.879484	0.000000	0.000000
-2.190732	0.000000	0.000000
-2.501019	0.000000	0.000000
-2.810209	0.000000	0.000000
-3.118167	0.000000	0.000000
-3.424757	0.000000	0.000000
-3.729844	0.000000	0.000000
-4.033296	0.000000	0.000000
-4.334978	0.000000	0.000000
-4.634759	0.000000	0.000000
-4.932507	0.000000	0.000000
-5.228092	0.000000	0.000000
-5.521383	0.000000	0.000000
-5.812252	0.000000	0.000000
-6.100572	0.000000	0.000000
-6.386216	0.000000	0.000000
-6.669059	0.000000	0.000000
-6.948977	0.000000	0.000000
-7.225846	0.000000	0.000000
-7.499546	0.000000	0.000000
-7.769957	0.000000	0.000000
-8.036959	0.000000	0.000000
-8.300436	0.000000	0.000000
-8.560272	0.000000	0.000000
-8.816354	0.000000	0.000000
-9.068568	0.000000	0.000000
-9.316805	0.000000	0.000000
-9.560954	0.000000	0.000000
-9.800911	0.000000	0.000000
-10.036568	0.000000	0.000000
-10.267822	0.000000	0.000000
-10.494574	0.000000	0.000000
-10.716722	0.000000	0.000000
-10.934168	0.000000	0.000000
-11.146819	0.000000	0.000000
-11.354581	0.000000	0.000000
-11.557362	0.000000	0.000000
-11.755074	0.000000	0.000000
-11.947629	0.000000	0.000000
-12.134944	0.000000	0.000000
-12.316936	0.000000	0.000000
-12.493526	0.000000	0.000000
-12.664635	0.000000	0.000000
-12.830189	0.000000	0.000000
-12.990116	0.000000	0.000000
-13.144344	0.000000	0.000000
-13.292808	0.000000	0.000000
-13.435440	0.000000	0.000000
-13.572180	0.000000	0.000000
-13.702966	0.000000	0.000000
-13.827741	0.000000	0.000000
-13.946451	0.000000	0.000000
-14.059044	0.000000	0.000000
-14.165470	0.000000	0.000000
-14.265683	0.000000	0.000000
-14.359638	0.000000	0.000000
-14.447295	0.000000	0.000000
-14.528615	0.000000	0.000000
-14.603561	0.000000	0.000000
-14.672103	0.000000	0.000000
-14.734208	0.000000	0.000000
-14.789851	0.000000	0.000000
-14.839006	0.000000	0.000000
-14.881654	0.000000	0.000000
-14.917772	0.000000	0.000000
-14.947348	0.000000	0.000000
-14.970367	0.000000	0.000000
-14.986820	0.000000	0.000000
-14.996699	0.000000	0.000000
-15.000000	0.000000	0.000000
-14.996721	0.000000	0.000000
-14.986865	0.000000	0.000000
-14.970435	0.000000	0.000000
-14.947438	0.000000	0.000000
-14.917885	0.000000	0.000000
-14.881788	0.000000	0.000000
-14.839164	0.000000	0.000000
-14.790030	0.000000	0.000000
-14.734410	0.000000	0.000000
-14.672326	0.000000	0.000000
-14.603806	0.000000	0.000000
-14.528882	0.000000	0.000000
-14.447584	0.000000	0.000000
-14.359949	0.000000	0.000000
-14.266015	0.000000	0.000000
-14.165824	0.000000	0.000000
-14.059419	0.000000	0.000000
-13.946847	0.000000	0.000000
-13.828157	0.000000	0.000000
-13.703403	0.000000	0.000000
-13.572637	0.000000	0.000000
-13.435918	0.000000	0.000000
-13.293305	0.000000	0.000000
-13.144862	0.000000	0.000000
-12.990653	0.000000	0.000000
-12.830746	0.000000	0.000000
-12.665211	0.000000	0.000000
-12.494120	0.000000	0.000000
-12.317549	0.000000	0.000000
-12.135575	0.000000	0.000000
-11.948278	0.000000	0.000000
-11.755741	0.000000	0.000000
-11.558046	0.000000	0.000000
-11.355283	0.000000	0.000000
-11.147538	0.000000	0.000000
-10.934904	0.000000	0.000000
-10.717473	0.000000	0.000000
-10.495341	0.000000	0.000000
-10.268606	0.000000	0.000000
-10.037366	0.000000	0.000000
-9.801724	0.000000	0.000000
-9.561783	0.000000	0.000000
-9.317647	0.000000	0.000000
-9.069424	0.000000	0.000000
-8.817224	0.000000	0.000000
-8.561154	0.000000	0.000000
-8.301332	0.000000	0.000000
-8.037867	0.000000	0.000000
-7.770876	0.000000	0.000000
-7.500477	0.000000	0.000000
-7.226788	0.000000	0.000000
-6.949929	0.000000	0.000000
-6.670022	0.000000	0.000000
-6.387188	0.000000	0.000000
-6.101554	0.000000	0.000000
-5.813243	0.000000	0.000000
-5.522382	0.000000	0.000000
-5.229099	0.000000	0.000000
-4.933522	0.000000	0.000000
-4.635781	0.000000	0.000000
-4.336007	0.000000	0.000000
-4.034331	0.000000	0.000000
-3.730885	0.000000	0.000000
-3.425803	0.000000	0.000000
-3.119218	0.000000	0.000000
-2.811265	0.000000	0.000000
-2.502079	0.000000	0.000000
-2.191795	0.000000	0.000000
-1.880550	0.000000	0.000000
-1.568480	0.000000	0.000000
-1.255722	0.000000	0.000000
-0.942413	0.000000	0.000000
-0.628691	0.000000	0.000000
-0.314693	0.000000	0.000000
-0.000557	0.000000	0.000000
0.313579	0.000000	0.000000
0.627577	0.000000	0.000000
0.941301	0.000000	0.000000
1.254611	0.000000	0.000000
1.567371	0.000000	0.000000
1.879444	0.000000	0.000000
2.190692	0.000000	0.000000
2.500980	0.000000	0.000000
2.810170	0.000000	0.000000
3.118128	0.000000	0.000000
3.424718	0.000000	0.000000
3.729805	0.000000	0.000000
4.033257	0.000000	0.000000
4.334940	0.000000	0.000000
4.634721	0.000000	0.000000
4.932469	0.000000	0.000000
5.228054	0.000000	0.000000
5.521346	0.000000	0.000000
5.812215	0.000000	0.000000
6.100536	0.000000	0.000000
6.386180	0.000000	0.000000
6.669024	0.000000	0.000000
6.948941	0.000000	0.000000
7.225811	0.000000	0.000000
7.499512	0.000000	0.000000
7.769923	0.000000	0.000000
8.036925	0.000000	0.000000
8.300403	0.000000	0.000000
8.560240	0.000000	0.000000
8.816321	0.000000	0.000000
9.068537	0.000000	0.000000
9.316773	0.000000	0.000000
9.560924	0.000000	0.000000
9.800880	0.000000	0.000000
10.036538	0.000000	0.000000
10.267794	0.000000	0.000000
10.494545	0.000000	0.000000
10.716693	0.000000	0.000000
10.934141	0.000000	0.000000
11.146792	0.000000	0.000000
11.354554	0.000000	0.000000
11.557336	0.000000	0.000000
11.755049	0.000000	0.000000
11.947605	0.000000	0.000000
12.134920	0.000000	0.000000
12.316914	0.000000	0.000000
12.493504	0.000000	0.000000
12.664614	0.000000	0.000000
12.830169	0.000000	0.000000
12.990096	0.000000	0.000000
13.144325	0.000000	0.000000
13.292789	0.000000	0.000000
13.435422	0.000000	0.000000
13.572163	0.000000	0.000000
13.702950	0.000000	0.000000
13.827725	0.000000	0.000000
13.946437	0.000000	0.000000
14.059031	0.000000	0.000000
14.165457	0.000000	0.000000
14.265671	0.000000	0.000000
14.359627	0.000000	0.000000
14.447284	0.000000	0.000000
14.528605	0.000000	0.000000
14.603553	0.000000	0.000000
14.672094	0.000000	0.000000
14.734201	0.000000	0.000000
14.789845	0.000000	0.000000
14.839001	0.000000	0.000000
14.881648	0.000000	0.000000
14.917768	0.000000	0.000000
14.947345	0.000000	0.000000
14.970365	0.000000	0.000000
14.986818	0.000000	0.000000
14.996698	0.000000	0.000000
15.000000	0.000000	0.000000
14.996722	0.000000	0.000000
14.986867	0.000000	0.000000
14.970437	0.000000	0.000000
14.947441	0.000000	0.000000
14.917889	0.000000	0.000000
14.881793	0.000000	0.000000
14.839170	0.000000	0.000000
14.790037	0.000000	0.000000
14.734417	0.000000	0.000000
14.672335	0.000000	0.000000
14.603816	0.000000	0.000000
14.528892	0.000000	0.000000
14.447595	0.000000	0.000000
14.359961	0.000000	0.000000
14.266027	0.000000	0.000000
14.165836	0.000000	0.000000
14.059433	0.000000	0.000000
13.946861	0.000000	0.000000
13.828173	0.000000	0.000000
13.703419	0.000000	0.000000
13.572654	0.000000	0.000000
13.435936	0.000000	0.000000
13.293324	0.000000	0.000000
13.144881	0.000000	0.000000
12.990673	0.000000	0.000000
12.830767	0.000000	0.000000
12.665232	0.000000	0.000000
12.494143	0.000000	0.000000
12.317572	0.000000	0.000000
12.135599	0.000000	0.000000
11.948302	0.000000	0.000000
11.755766	0.000000	0.000000
11.558072	0.000000	0.000000
11.355309	0.000000	0.000000
11.147565	0.000000	0.000000
10.934931	0.000000	0.000000
10.717501	0.000000	0.000000
10.495370	0.000000	0.000000
10.268635	0.000000	0.000000
10.037395	0.000000	0.000000
9.801754	0.000000	0.000000
9.561813	0.000000	0.000000
9.317677	0.000000	0.000000
9.069456	0.000000	0.000000
8.817255	0.000000	0.000000
8.561188	0.000000	0.000000
8.301364	0.000000	0.000000
8.037900	0.000000	0.000000
7.770910	0.000000	0.000000
7.500511	0.000000	0.000000
7.226823	0.000000	0.000000
6.949964	0.000000	0.000000
6.670057	0.000000	0.000000
6.387225	0.000000	0.000000
6.101590	0.000000	0.000000
5.813280	0.000000	0.000000
5.522419	0.000000	0.000000
5.229136	0.000000	0.000000
4.933559	0.000000	0.000000
4.635819	0.000000	0.000000
4.336045	0.000000	0.000000
4.034369	0.000000	0.000000
3.730923	0.000000	0.000000
3.425842	0.000000	0.000000
3.119257	0.000000	0.000000
2.811304	0.000000	0.000000
2.502118	0.000000	0.000000
2.191834	0.000000	0.000000
1.880589	0.000000	0.000000
1.568519	0.000000	0.000000
1.255762	0.000000	0.000000
0.942453	0.000000	0.000000
0.628731	0.000000	0.000000
0.314733	0.000000	0.000000
0.000597	0.000000	0.000000
-0.313539	0.000000	0.000000
-0.627538	0.000000	0.000000
-0.941261	0.000000	0.000000
-1.254572	0.000000	0.000000
-1.567332	0.000000	0.000000
-1.879405	0.000000	0.000000
-2.190653	0.000000	0.000000
-2.500940	0.000000	0.000000
-2.810131	0.000000	0.000000
-3.118089	0.000000	0.000000
-3.424679	0.000000	0.000000
-3.729767	0.000000	0.000000
-4.033219	0.000000	0.000000
-4.334902	0.000000	0.000000
-4.634683	0.000000	0.000000
-4.932432	0.000000	0.000000
-5.228017	0.000000	0.000000
-5.521309	0.000000	0.000000
-5.812179	0.000000	0.000000
-6.100499	0.000000	0.000000
-6.386144	0.000000	0.000000
-6.668988	0.000000	0.000000
-6.948906	0.000000	0.000000
-7.225776	0.000000	0.000000
-7.499477	0.000000	0.000000
-7.769888	0.000000	0.000000
-8.036892	0.000000	0.000000
-8.300370	0.000000	0.000000
-8.560207	0.000000	0.000000
-8.816289	0.000000	0.000000
-9.068504	0.000000	0.000000
-9.316742	0.000000	0.000000
-9.560893	0.000000	0.000000
-9.800850	0.000000	0.000000
-10.036509	0.000000	0.000000
-10.267764	0.000000	0.000000
-10.494516	0.000000	0.000000
-10.716665	0.000000	0.000000
-10.934114	0.000000	0.000000
-11.146766	0.000000	0.000000
-11.354528	0.000000	0.000000
-11.557311	0.000000	0.000000
-11.755024	0.000000	0.000000
-11.947580	0.000000	0.000000
-12.134897	0.000000	0.000000
-12.316891	0.000000	0.000000
-12.493482	0.000000	0.000000
-12.664592	0.000000	0.000000
-12.830148	0.000000	0.000000
-12.990076	0.000000	0.000000
-13.144306	0.000000	0.000000
-13.292770	0.000000	0.000000
-13.435405	0.000000	0.000000
-13.572145	0.000000	0.000000
-13.702933	0.000000	0.000000
-13.827710	0.000000	0.000000
-13.946422	0.000000	0.000000
-14.059016	0.000000	0.000000
-14.165444	0.000000	0.000000
-14.265658	0.000000	0.000000
-14.359615	0.000000	0.000000
-14.447273	0.000000	0.000000
-14.528595	0.000000	0.000000
-14.603543	0.000000	0.000000
-14.672087	0.000000	0.000000
-14.734194	0.000000	0.000000
-14.789838	0.000000	0.000000
-14.838995	0.000000	0.000000
-14.881643	0.000000	0.000000
-14.917764	0.000000	0.000000
-14.947341	0.000000	0.000000
-14.970363	0.000000	0.000000
-14.986816	0.000000	0.000000
-14.996697	0.000000	0.000000
-15.000000	0.000000	0.000000
-14.996723	0.000000	0.000000
-14.986868	0.000000	0.000000
-14.970440	0.000000	0.000000
-14.947445	0.000000	0.000000
-14.917893	0.000000	0.000000
-14.881798	0.000000	0.000000
-14.839175	0.000000	0.000000
-14.790044	0.000000	0.000000
-14.734425	0.000000	0.000000
-14.672343	0.000000	0.000000
-14.603825	0.000000	0.000000
-14.528902	0.000000	0.000000
-14.447605	0.000000	0.000000
-14.359972	0.000000	0.000000
-14.266040	0.000000	0.000000
-14.165850	0.000000	0.000000
-14.059446	0.000000	0.000000
-13.946877	0.000000	0.000000
-13.828188	0.000000	0.000000
-13.703435	0.000000	0.000000
-13.572671	0.000000	0.000000
-13.435953	0.000000	0.000000
-13.293343	0.000000	0.000000
-13.144900	0.000000	0.000000
-12.990693	0.000000	0.000000
-12.830787	0.000000	0.000000
-12.665254	0.000000	0.000000
-12.494164	0.000000	0.000000
-12.317595	0.000000	0.000000
-12.135622	0.000000	0.000000
-11.948327	0.000000	0.000000
-11.755791	0.000000	0.000000
-11.558098	0.000000	0.000000
-11.355335	0.000000	0.000000
-11.147592	0.000000	0.000000
-10.934958	0.000000	0.000000
-10.717528	0.000000	0.000000
-10.495399	0.000000	0.000000
-10.268663	0.000000	0.000000
-10.037425	0.000000	0.000000
-9.801785	0.000000	0.000000
-9.561844	0.000000	0.000000
-9.317709	0.000000	0.000000
-9.069488	0.000000	0.000000
-8.817287	0.000000	0.000000
-8.561220	0.000000	0.000000
-8.301397	0.000000	0.000000
-8.037933	0.000000	0.000000
-7.770944	0.000000	0.000000
-7.500546	0.000000	0.000000
-7.226858	0.000000	0.000000
-6.949999	0.000000	0.000000
-6.670093	0.000000	0.000000
-6.387260	0.000000	0.000000
-6.101626	0.000000	0.000000
-5.813316	0.000000	0.000000
-5.522456	0.000000	0.000000
-5.229173	0.000000	0.000000
-4.933597	0.000000	0.000000
-4.635857	0.000000	0.000000
-4.336083	0.000000	0.000000
-4.034408	0.000000	0.000000
-3.730962	0.000000	0.000000
-3.425880	0.000000	0.000000
-3.119296	0.000000	0.000000
-2.811343	0.000000	0.000000
-2.502157	0.000000	0.000000
-2.191874	0.000000	0.000000
-1.880629	0.000000	0.000000
-1.568559	0.000000	0.000000
-1.255801	0.000000	0.000000
-0.942493	0.000000	0.000000
-0.628771	0.000000	0.000000
-0.314773	0.000000	0.000000
-0.000637	0.000000	0.000000
0.313499	0.000000	0.000000
0.627498	0.000000	0.000000
0.941221	0.000000	0.000000
1.254532	0.000000	0.000000
1.567292	0.000000	0.000000
1.879365	0.000000	0.000000
2.190614	0.000000	0.000000
2.500901	0.000000	0.000000
2.810092	0.000000	0.000000
3.118050	0.000000	0.000000
3.424640	0.000000	0.000000
3.729728	0.000000	0.000000
4.033181	0.000000	0.000000
4.334864	0.000000	0.000000
4.634645	0.000000	0.000000
4.932394	0.000000	0.000000
5.227980	0.000000	0.000000
5.521272	0.000000	0.000000
5.812142	0.000000	0.000000
6.100463	0.000000	0.000000
6.386108	0.000000	0.000000
6.668952	0.000000	0.000000
6.948871	0.000000	0.000000
7.225741	0.000000	0.000000
7.499443	0.000000	0.000000
7.769855	0.000000	0.000000
8.036859	0.000000	0.000000
8.300337	0.000000	0.000000
8.560174	0.000000	0.000000
8.816257	0.000000	0.000000
9.068473	0.000000	0.000000
9.316710	0.000000	0.000000
9.560863	0.000000	0.000000
9.800820	0.000000	0.000000
10.036479	0.000000	0.000000
10.267735	0.000000	0.000000
10.494488	0.000000	0.000000
10.716638	0.000000	0.000000
10.934087	0.000000	0.000000
11.146739	0.000000	0.000000
11.354503	0.000000	0.000000
11.557285	0.000000	0.000000
11.754999	0.000000	0.000000
11.947556	0.000000	0.000000
12.134873	0.000000	0.000000
12.316868	0.000000	0.000000
12.493460	0.000000	0.000000
12.664571	0.000000	0.000000
12.830128	0.000000	0.000000
12.990056	0.000000	0.000000
13.144287	0.000000	0.000000
13.292752	0.000000	0.000000
13.435387	0.000000	0.000000
13.572128	0.000000	0.000000
13.702917	0.000000	0.000000
13.827695	0.000000	0.000000
13.946407	0.000000	0.000000
14.059003	0.000000	0.000000
14.165431	0.000000	0.000000
14.265646	0.000000	0.000000
14.359604	0.000000	0.000000
14.447263	0.000000	0.000000
14.528584	0.000000	0.000000
14.603535	0.000000	0.000000
14.672078	0.000000	0.000000
14.734186	0.000000	0.000000
14.789831	0.000000	0.000000
14.838989	0.000000	0.000000
14.881639	0.000000	0.000000
14.917760	0.000000	0.000000
14.947338	0.000000	0.000000
14.970360	0.000000	0.000000
14.986814	0.000000	0.000000
14.996696	0.000000	0.000000
15.000000	0.000000	0.000000
14.996724	0.000000	0.000000
14.986870	0.000000	0.000000
14.970442	0.000000	0.000000
14.947448	0.000000	0.000000
14.917897	0.000000	0.000000
14.881803	0.000000	0.000000
14.839181	0.000000	0.000000
14.790051	0.000000	0.000000
14.734432	0.000000	0.000000
14.672351	0.000000	0.000000
14.603834	0.000000	0.000000
14.528912	0.000000	0.000000
14.447616	0.000000	0.000000
14.359983	0.000000	0.000000
14.266052	0.000000	0.000000
14.165863	0.000000	0.000000
14.059461	0.000000	0.000000
13.946891	0.000000	0.000000
13.828204	0.000000	0.000000
13.703451	0.000000	0.000000
13.572688	0.000000	0.000000
13.435971	0.000000	0.000000
13.293361	0.000000	0.000000
13.144919	0.000000	0.000000
12.990713	0.000000	0.000000
12.830808	0.000000	0.000000
12.665275	0.000000	0.000000
12.494186	0.000000	0.000000
12.317617	0.000000	0.000000
12.135646	0.000000	0.000000
11.948351	0.000000	0.000000
11.755816	0.000000	0.000000
11.558123	0.000000	0.000000
11.355361	0.000000	0.000000
11.147618	0.000000	0.000000
10.934985	0.000000	0.000000
10.717557	0.000000	0.000000
10.495426	0.000000	0.000000
10.268693	0.000000	0.000000
10.037455	0.000000	0.000000
9.801814	0.000000	0.000000
9.561874	0.000000	0.000000
9.317740	0.000000	0.000000
9.069519	0.000000	0.000000
8.817320	0.000000	0.000000
8.561253	0.000000	0.000000
8.301431	0.000000	0.000000
8.037967	0.000000	0.000000
7.770978	0.000000	0.000000
7.500580	0.000000	0.000000
7.226892	0.000000	0.000000
6.950035	0.000000	0.000000
6.670128	0.000000	0.000000
6.387297	0.000000	0.000000
6.101663	0.000000	0.000000
5.813353	0.000000	0.000000
5.522493	0.000000	0.000000
5.229211	0.000000	0.000000
4.933635	0.000000	0.000000
4.635895	0.000000	0.000000
4.336121	0.000000	0.000000
4.034446	0.000000	0.000000
3.731001	0.000000	0.000000
3.425919	0.000000	0.000000
3.119335	0.000000	0.000000
2.811382	0.000000	0.000000
2.502196	0.000000	0.000000
2.191913	0.000000	0.000000
1.880668	0.000000	0.000000
1.568599	0.000000	0.000000
1.255841	0.000000	0.000000
0.942532	0.000000	0.000000
0.628810	0.000000	0.000000
0.314813	0.000000	0.000000
0.000677	0.000000	0.000000
-0.313460	0.000000	0.000000
-0.627458	0.000000	0.000000
-0.941182	0.000000	0.000000
-1.254492	0.000000	0.000000
-1.567253	0.000000	0.000000
-1.879326	0.000000	0.000000
-2.190574	0.000000	0.000000
-2.500862	0.000000	0.000000
-2.810053	0.000000	0.000000
-3.118011	0.000000	0.000000
-3.424601	0.000000	0.000000
-3.729690	0.000000	0.000000
-4.033142	0.000000	0.000000
-4.334826	0.000000	0.000000
-4.634608	0.000000	0.000000
-4.932357	0.000000	0.000000
-5.227942	0.000000	0.000000
-5.521235	0.000000	0.000000
-5.812105	0.000000	0.000000
-6.100427	0.000000	0.000000
-6.386072	0.000000	0.000000
-6.668916	0.000000	0.000000
-6.948835	0.000000	0.000000
-7.225707	0.000000	0.000000
-7.499408	0.000000	0.000000
-7.769820	0.000000	0.000000
-8.036824	0.000000	0.000000
-8.300303	0.000000	0.000000
-8.560142	0.000000	0.000000
-8.816225	0.000000	0.000000
-9.068441	0.000000	0.000000
-9.316680	0.000000	0.000000
-9.560832	0.000000	0.000000
-9.800790	0.000000	0.000000
-10.036449	0.000000	0.000000
-10.267706	0.000000	0.000000
-10.494459	0.000000	0.000000
-10.716610	0.000000	0.000000
-10.934059	0.000000	0.000000
-11.146712	0.000000	0.000000
-11.354477	0.000000	0.000000
-11.557261	0.000000	0.000000
-11.754974	0.000000	0.000000
-11.947533	0.000000	0.000000
-12.134851	0.000000	0.000000
-12.316845	0.000000	0.000000
-12.493437	0.000000	0.000000
-12.664550	0.000000	0.000000
-12.830107	0.000000	0.000000
-12.990036	0.000000	0.000000
-13.144268	0.000000	0.000000
-13.292734	0.000000	0.000000
-13.435369	0.000000	0.000000
-13.572111	0.000000	0.000000
-13.702901	0.000000	0.000000
-13.827680	0.000000	0.000000
-13.946393	0.000000	0.000000
-14.058989	0.000000	0.000000
-14.165418	0.000000	0.000000
-14.265634	0.000000	0.000000
-14.359592	0.000000	0.000000
-14.447252	0.000000	0.000000
-14.528575	0.000000	0.000000
-14.603525	0.000000	0.000000
-14.672070	0.000000	0.000000
-14.734179	0.000000	0.000000
-14.789824	0.000000	0.000000
-14.838984	0.000000	0.000000
-14.881634	0.000000	0.000000
-14.917756	0.000000	0.000000
-14.947334	0.000000	0.000000
-14.970357	0.000000	0.000000
-14.986814	0.000000	0.000000
-14.996696	0.000000	0.000000
-15.000000	0.000000	0.000000
-14.996725	0.000000	0.000000
-14.986872	0.000000	0.000000
-14.970445	0.000000	0.000000
-14.947452	0.000000	0.000000
-14.917901	0.000000	0.000000
-14.881808	0.000000	0.000000
-14.839187	0.000000	0.000000
-14.790057	0.000000	0.000000
-14.734440	0.000000	0.000000
-14.672359	0.000000	0.000000
-14.603844	0.000000	0.000000
-14.528921	0.000000	0.000000
-14.447627	0.000000	0.000000
-14.359995	0.000000	0.000000
-14.266065	0.000000	0.000000
-14.165876	0.000000	0.000000
-14.059474	0.000000	0.000000
-13.946905	0.000000	0.000000
-13.828219	0.000000	0.000000
-13.703467	0.000000	0.000000
-13.572704	0.000000	0.000000
-13.435988	0.000000	0.000000
-13.293379	0.000000	0.000000
-13.144938	0.000000	0.000000
-12.990732	0.000000	0.000000
-12.830829	0.000000	0.000000
-12.665296	0.000000	0.000000
-12.494208	0.000000	0.000000
-12.317640	0.000000	0.000000
-12.135669	0.000000	0.000000
-11.948375	0.000000	0.000000
-11.755839	0.000000	0.000000
-11.558148	0.000000	0.000000
-11.355387	0.000000	0.000000
-11.147645	0.000000	0.000000
-10.935013	0.000000	0.000000
-10.717585	0.000000	0.000000
-10.495455	0.000000	0.000000
-10.268722	0.000000	0.000000
-10.037484	0.000000	0.000000
-9.801845	0.000000	0.000000
-9.561905	0.000000	0.000000
-9.317772	0.000000	0.000000
-9.069551	0.000000	0.000000
-8.817352	0.000000	0.000000
-8.561286	0.000000	0.000000
-8.301464	0.000000	0.000000
-8.038001	0.000000	0.000000
-7.771012	0.000000	0.000000
-7.500615	0.000000	0.000000
-7.226927	0.000000	0.000000
-6.950070	0.000000	0.000000
-6.670164	0.000000	0.000000
-6.387332	0.000000	0.000000
-6.101699	0.000000	0.000000
-5.813390	0.000000	0.000000
-5.522530	0.000000	0.000000
-5.229248	0.000000	0.000000
-4.933672	0.000000	0.000000
-4.635932	0.000000	0.000000
-4.336159	0.000000	0.000000
-4.034484	0.000000	0.000000
-3.731039	0.000000	0.000000
-3.425958	0.000000	0.000000
-3.119374	0.000000	0.000000
-2.811421	0.000000	0.000000
-2.502236	0.000000	0.000000
-2.191952	0.000000	0.000000
-1.880708	0.000000	0.000000
-1.568638	0.000000	0.000000
-1.255881	0.000000	0.000000
-0.942572	0.000000	0.000000
-0.628850	0.000000	0.000000
-0.314852	0.000000	0.000000
-0.000716	0.000000	0.000000
0.313420	0.000000	0.000000
0.627418	0.000000	0.000000
0.941142	0.000000	0.000000
1.254453	0.000000	0.000000
1.567213	0.000000	0.000000
1.879286	0.000000	0.000000
2.190535	0.000000	0.000000
2.500823	0.000000	0.000000
2.810014	0.000000	0.000000
3.117972	0.000000	0.000000
3.424563	0.000000	0.000000
3.729651	0.000000	0.000000
4.033104	0.000000	0.000000
4.334787	0.000000	0.000000
4.634570	0.000000	0.000000
4.932319	0.000000	0.000000
5.227905	0.000000	0.000000
5.521198	0.000000	0.000000
5.812068	0.000000	0.000000
6.100390	0.000000	0.000000
6.386036	0.000000	0.000000
6.668880	0.000000	0.000000
6.948800	0.000000	0.000000
7.225672	0.000000	0.000000
7.499374	0.000000	0.000000
7.769786	0.000000	0.000000
8.036791	0.000000	0.000000
8.300270	0.000000	0.000000
8.560109	0.000000	0.000000
8.816193	0.000000	0.000000
9.068410	0.000000	0.000000
9.316648	0.000000	0.000000
9.560802	0.000000	0.000000
9.800760	0.000000	0.000000
10.036420	0.000000	0.000000
10.267677	0.000000	0.000000
10.494431	0.000000	0.000000
10.716582	0.000000	0.000000
10.934031	0.000000	0.000000
11.146686	0.000000	0.000000
11.354450	0.000000	0.000000
11.557235	0.000000	0.000000
11.754950	0.000000	0.000000
11.947509	0.000000	0.000000
12.134827	0.000000	0.000000
12.316822	0.000000	0.000000
12.493415	0.000000	0.000000
12.664528	0.000000	0.000000
12.830086	0.000000	0.000000
12.990016	0.000000	0.000000
13.144249	0.000000	0.000000
13.292715	0.000000	0.000000
13.435351	0.000000	0.000000
13.572095	0.000000	0.000000
13.702885	0.000000	0.000000
13.827663	0.000000	0.000000
13.946378	0.000000	0.000000
14.058974	0.000000	0.000000
14.165404	0.000000	0.000000
14.265621	0.000000	0.000000
14.359581	0.000000	0.000000
14.447242	0.000000	0.000000
14.528565	0.000000	0.000000
14.603516	0.000000	0.000000
14.672062	0.000000	0.000000
14.734171	0.000000	0.000000
14.789818	0.000000	0.000000
14.838978	0.000000	0.000000
14.881628	0.000000	0.000000
14.917751	0.000000	0.000000
14.947331	0.000000	0.000000
14.970355	0.000000	0.000000
14.986812	0.000000	0.000000
14.996695	0.000000	0.000000
15.000000	0.000000	0.000000
14.996726	0.000000	0.000000
14.986874	0.000000	0.000000
14.970448	0.000000	0.000000
14.947454	0.000000	0.000000
14.917906	0.000000	0.000000
14.881813	0.000000	0.000000
14.839192	0.000000	0.000000
14.790064	0.000000	0.000000
14.734447	0.000000	0.000000
14.672368	0.000000	0.000000
14.603852	0.000000	0.000000
14.528932	0.000000	0.000000
14.447638	0.000000	0.000000
14.360006	0.000000	0.000000
14.266076	0.000000	0.000000
14.165889	0.000000	0.000000
14.059488	0.000000	0.000000
13.946920	0.000000	0.000000
13.828235	0.000000	0.000000
13.703484	0.000000	0.000000
13.572721	0.000000	0.000000
13.436007	0.000000	0.000000
13.293398	0.000000	0.000000
13.144958	0.000000	0.000000
12.990752	0.000000	0.000000
12.830849	0.000000	0.000000
12.665318	0.000000	0.000000
12.494230	0.000000	0.000000
12.317663	0.000000	0.000000
12.135693	0.000000	0.000000
11.948399	0.000000	0.000000
11.755864	0.000000	0.000000
11.558173	0.000000	0.000000
11.355412	0.000000	0.000000
11.147672	0.000000	0.000000
10.935040	0.000000	0.000000
10.717612	0.000000	0.000000
10.495483	0.000000	0.000000
10.268751	0.000000	0.000000
10.037514	0.000000	0.000000
9.801875	0.000000	0.000000
9.561935	0.000000	0.000000
9.317802	0.000000	0.000000
9.069583	0.000000	0.000000
8.817384	0.000000	0.000000
8.561318	0.000000	0.000000
8.301497	0.000000	0.000000
8.038034	0.000000	0.000000
7.771046	0.000000	0.000000
7.500649	0.000000	0.000000
7.226962	0.000000	0.000000
6.950105	0.000000	0.000000
6.670200	0.000000	0.000000
6.387369	0.000000	0.000000
6.101736	0.000000	0.000000
5.813426	0.000000	0.000000
5.522567	0.000000	0.000000
5.229285	0.000000	0.000000
4.933710	0.000000	0.000000
4.635971	0.000000	0.000000
4.336197	0.000000	0.000000
4.034523	0.000000	0.000000
3.731078	0.000000	0.000000
3.425997	0.000000	0.000000
3.119412	0.000000	0.000000
2.811460	0.000000	0.000000
2.502275	0.000000	0.000000
2.191992	0.000000	0.000000
1.880747	0.000000	0.000000
1.568678	0.000000	0.000000
1.255920	0.000000	0.000000
0.942612	0.000000	0.000000
0.628890	0.000000	0.000000
0.314892	0.000000	0.000000
0.000756	0.000000	0.000000
-0.313380	0.000000	0.000000
-0.627379	0.000000	0.000000
-0.941102	0.000000	0.000000
-1.254413	0.000000	0.000000
-1.567173	0.000000	0.000000
-1.879247	0.000000	0.000000
-2.190495	0.000000	0.000000
-2.500783	0.000000	0.000000
-2.809974	0.000000	0.000000
-3.117933	0.000000	0.000000
-3.424524	0.000000	0.000000
-3.729613	0.000000	0.000000
-4.033066	0.000000	0.000000
-4.334749	0.000000	0.000000
-4.634532	0.000000	0.000000
-4.932281	0.000000	0.000000
-5.227868	0.000000	0.000000
-5.521161	0.000000	0.000000
-5.812032	0.000000	0.000000
-6.100354	0.000000	0.000000
-6.386000	0.000000	0.000000
-6.668845	0.000000	0.000000
-6.948765	0.000000	0.000000
-7.225637	0.000000	0.000000
-7.499339	0.000000	0.000000
-7.769753	0.000000	0.000000
-8.036757	0.000000	0.000000
-8.300237	0.000000	0.000000
-8.560076	0.000000	0.000000
-8.816160	0.000000	0.000000
-9.068377	0.000000	0.000000
-9.316617	0.000000	0.000000
-9.560770	0.000000	0.000000
-9.800730	0.000000	0.000000
-10.036390	0.000000	0.000000
-10.267649	0.000000	0.000000
-10.494403	0.000000	0.000000
-10.716554	0.000000	0.000000
-10.934005	0.000000	0.000000
-11.146659	0.000000	0.000000
-11.354424	0.000000	0.000000
-11.557209	0.000000	0.000000
-11.754925	0.000000	0.000000
-11.947484	0.000000	0.000000
-12.134804	0.000000	0.000000
-12.316799	0.000000	0.000000
-12.493393	0.000000	0.000000
-12.664507	0.000000	0.000000
-12.830066	0.000000	0.000000
-12.989996	0.000000	0.000000
-13.144229	0.000000	0.000000
-13.292697	0.000000	0.000000
-13.435334	0.000000	0.000000
-13.572078	0.000000	0.000000
-13.702868	0.000000	0.000000
-13.827648	0.000000	0.000000
-13.946363	0.000000	0.000000
-14.058961	0.000000	0.000000
-14.165392	0.000000	0.000000
-14.265609	0.000000	0.000000
-14.359570	0.000000	0.000000
-14.447230	0.000000	0.000000
-14.528555	0.000000	0.000000
-14.603507	0.000000	0.000000
-14.672053	0.000000	0.000000
-14.734163	0.000000	0.000000
-14.789811	0.000000	0.000000
-14.838972	0.000000	0.000000
-14.881623	0.000000	0.000000
-14.917747	0.000000	0.000000
-14.947328	0.000000	0.000000
-14.970352	0.000000	0.000000
-14.986810	0.000000	0.000000
-14.996694	0.000000	0.000000
-15.000000	0.000000	0.000000
-14.996726	0.000000	0.000000
-14.986875	0.000000	0.000000
-14.970449	0.000000	0.000000
-14.947458	0.000000	0.000000
-14.917910	0.000000	0.000000
-14.881818	0.000000	0.000000
-14.839199	0.000000	0.000000
-14.790071	0.000000	0.000000
-14.734454	0.000000	0.000000
-14.672376	0.000000	0.000000
-14.603862	0.000000	0.000000
-14.528941	0.000000	0.000000
-14.447648	0.000000	0.000000
-14.360018	0.000000	0.000000
-14.266088	0.000000	0.000000
-14.165902	0.000000	0.000000
-14.059502	0.000000	0.000000
-13.946935	0.000000	0.000000
-13.828250	0.000000	0.000000
-13.703500	0.000000	0.000000
-13.572739	0.000000	0.000000
-13.436024	0.000000	0.000000
-13.293416	0.000000	0.000000
-13.144978	0.000000	0.000000
-12.990772	0.000000	0.000000
-12.830870	0.000000	0.000000
-12.665339	0.000000	0.000000
-12.494252	0.000000	0.000000
-12.317685	0.000000	0.000000
-12.135715	0.000000	0.000000
-11.948423	0.000000	0.000000
-11.755889	0.000000	0.000000
-11.558199	0.000000	0.000000
-11.355439	0.000000	0.000000
-11.147698	0.000000	0.000000
-10.935067	0.000000	0.000000
-10.717640	0.000000	0.000000
-10.495512	0.000000	0.000000
-10.268780	0.000000	0.000000
-10.037544	0.000000	0.000000
-9.801905	0.000000	0.000000
-9.561967	0.000000	0.000000
-9.317834	0.000000	0.000000
-9.069614	0.000000	0.000000
-8.817416	0.000000	0.000000
-8.561351	0.000000	0.000000
-8.301530	0.000000	0.000000
-8.038068	0.000000	0.000000
-7.771080	0.000000	0.000000
-7.500684	0.000000	0.000000
-7.226997	0.000000	0.000000
-6.950140	0.000000	0.000000
-6.670236	0.000000	0.000000
-6.387404	0.000000	0.000000
-6.101772	0.000000	0.000000
-5.813463	0.000000	0.000000
-5.522604	0.000000	0.000000
-5.229322	0.000000	0.000000
-4.933747	0.000000	0.000000
-4.636008	0.000000	0.000000
-4.336236	0.000000	0.000000
-4.034561	0.000000	0.000000
-3.731116	0.000000	0.000000
-3.426035	0.000000	0.000000
-3.119452	0.000000	0.000000
-2.811499	0.000000	0.000000
-2.502314	0.000000	0.000000
-2.192031	0.000000	0.000000
-1.880787	0.000000	0.000000
-1.568717	0.000000	0.000000
-1.255960	0.000000	0.000000
-0.942652	0.000000	0.000000
-0.628930	0.000000	0.000000
-0.314932	0.000000	0.000000
-0.000796	0.000000	0.000000
0.313340	0.000000	0.000000
0.627339	0.000000	0.000000
0.941063	0.000000	0.000000
1.254373	0.000000	0.000000
1.567134	0.000000	0.000000
1.879207	0.000000	0.000000
2.190456	0.000000	0.000000
2.500744	0.000000	0.000000
2.809935	0.000000	0.000000
3.117894	0.000000	0.000000
3.424485	0.000000	0.000000
3.729574	0.000000	0.000000
4.033027	0.000000	0.000000
4.334711	0.000000	0.000000
4.634494	0.000000	0.000000
4.932244	0.000000	0.000000
5.227830	0.000000	0.000000
5.521124	0.000000	0.000000
5.811995	0.000000	0.000000
6.100317	0.000000	0.000000
6.385964	0.000000	0.000000
6.668809	0.000000	0.000000
6.948730	0.000000	0.000000
7.225602	0.000000	0.000000
7.499305	0.000000	0.000000
7.769718	0.000000	0.000000
8.036724	0.000000	0.000000
8.300204	0.000000	0.000000
8.560043	0.000000	0.000000
8.816129	0.000000	0.000000
9.068346	0.000000	0.000000
9.316586	0.000000	0.000000
9.560740	0.000000	0.000000
9.800699	0.000000	0.000000
10.036361	0.000000	0.000000
10.267619	0.000000	0.000000
10.494374	0.000000	0.000000
10.716526	0.000000	0.000000
10.933977	0.000000	0.000000
11.146632	0.000000	0.000000
11.354399	0.000000	0.000000
11.557184	0.000000	0.000000
11.754900	0.000000	0.000000
11.947460	0.000000	0.000000
12.134780	0.000000	0.000000
12.316777	0.000000	0.000000
12.493371	0.000000	0.000000
12.664486	0.000000	0.000000
12.830045	0.000000	0.000000
12.989976	0.000000	0.000000
13.144210	0.000000	0.000000
13.292679	0.000000	0.000000
13.435316	0.000000	0.000000
13.572061	0.000000	0.000000
13.702852	0.000000	0.000000
13.827633	0.000000	0.000000
13.946348	0.000000	0.000000
14.058947	0.000000	0.000000
14.165379	0.000000	0.000000
14.265596	0.000000	0.000000
14.359558	0.000000	0.000000
14.447220	0.000000	0.000000
14.528545	0.000000	0.000000
14.603498	0.000000	0.000000
14.672045	0.000000	0.000000
14.734157	0.000000	0.000000
14.789804	0.000000	0.000000
14.838966	0.000000	0.000000
14.881618	0.000000	0.000000
14.917744	0.000000	0.000000
14.947325	0.000000	0.000000
14.970349	0.000000	0.000000
14.986808	0.000000	0.000000
14.996694	0.000000	0.000000
15.000000	0.000000	0.000000
14.996727	0.000000	0.000000
14.986876	0.000000	0.000000
14.970452	0.000000	0.000000
14.947461	0.000000	0.000000
14.917913	0.000000	0.000000
14.881823	0.000000	0.000000
14.839205	0.000000	0.000000
14.790077	0.000000	0.000000
14.734462	0.000000	0.000000
14.672384	0.000000	0.000000
14.603870	0.000000	0.000000
14.528951	0.000000	0.000000
14.447659	0.000000	0.000000
14.360029	0.000000	0.000000
14.266101	0.000000	0.000000
14.165915	0.000000	0.000000
14.059516	0.000000	0.000000
13.946949	0.000000	0.000000
13.828265	0.000000	0.000000
13.703516	0.000000	0.000000
13.572756	0.000000	0.000000
13.436042	0.000000	0.000000
13.293434	0.000000	0.000000
13.144997	0.000000	0.000000
12.990792	0.000000	0.000000
12.830890	0.000000	0.000000
12.665359	0.000000	0.000000
12.494274	0.000000	0.000000
12.317708	0.000000	0.000000
12.135739	0.000000	0.000000
11.948447	0.000000	0.000000
11.755914	0.000000	0.000000
11.558225	0.000000	0.000000
11.355465	0.000000	0.000000
11.147724	0.000000	0.000000
10.935095	0.000000	0.000000
10.717668	0.000000	0.000000
10.495541	0.000000	0.000000
10.268809	0.000000	0.000000
10.037574	0.000000	0.000000
9.801935	0.000000	0.000000
9.561997	0.000000	0.000000
9.317865	0.000000	0.000000
9.069646	0.000000	0.000000
8.817449	0.000000	0.000000
8.561383	0.000000	0.000000
8.301563	0.000000	0.000000
8.038101	0.000000	0.000000
7.771114	0.000000	0.000000
7.500718	0.000000	0.000000
7.227032	0.000000	0.000000
6.950176	0.000000	0.000000
6.670271	0.000000	0.000000
6.387441	0.000000	0.000000
6.101809	0.000000	0.000000
5.813500	0.000000	0.000000
5.522641	0.000000	0.000000
5.229360	0.000000	0.000000
4.933785	0.000000	0.000000
4.636046	0.000000	0.000000
4.336274	0.000000	0.000000
4.034599	0.000000	0.000000
3.731155	0.000000	0.000000
3.426074	0.000000	0.000000
3.119490	0.000000	0.000000
2.811538	0.000000	0.000000
2.502353	0.000000	0.000000
2.192070	0.000000	0.000000
1.880826	0.000000	0.000000
1.568757	0.000000	0.000000
1.256000	0.000000	0.000000
0.942691	0.000000	0.000000
0.628969	0.000000	0.000000
0.314972	0.000000	0.000000
0.000836	0.000000	0.000000
-0.313300	0.000000	0.000000
-0.627299	0.000000	0.000000
-0.941023	0.000000	0.000000
-1.254334	0.000000	0.000000
-1.567094	0.000000	0.000000
-1.879168	0.000000	0.000000
-2.190417	0.000000	0.000000
-2.500705	0.000000	0.000000
-2.809896	0.000000	0.000000
-3.117855	0.000000	0.000000
-3.424446	0.000000	0.000000
-3.729536	0.000000	0.000000
-4.032989	0.000000	0.000000
-4.334673	0.000000	0.000000
-4.634456	0.000000	0.000000
-4.932206	0.000000	0.000000
-5.227793	0.000000	0.000000
-5.521087	0.000000	0.000000
-5.811959	0.000000	0.000000
-6.100281	0.000000	0.000000
-6.385928	0.000000	0.000000
-6.668774	0.000000	0.000000
-6.948694	0.000000	0.000000
-7.225567	0.000000	0.000000
-7.499270	0.000000	0.000000
-7.769684	0.000000	0.000000
-8.036690	0.000000	0.000000
-8.300171	0.000000	0.000000
-8.560011	0.000000	0.000000
-8.816096	0.000000	0.000000
-9.068315	0.000000	0.000000
-9.316555	0.000000	0.000000
-9.560709	0.000000	0.000000
-9.800670	0.000000	0.000000
-10.036331	0.000000	0.000000
-10.267591	0.000000	0.000000
-10.494346	0.000000	0.000000
-10.716498	0.000000	0.000000
-10.933950	0.000000	0.000000
-11.146605	0.000000	0.000000
-11.354373	0.000000	0.000000
-11.557158	0.000000	0.000000
-11.754875	0.000000	0.000000
-11.947436	0.000000	0.000000
-12.134756	0.000000	0.000000
-12.316754	0.000000	0.000000
-12.493349	0.000000	0.000000
-12.664464	0.000000	0.000000
-12.830024	0.000000	0.000000
-12.989957	0.000000	0.000000
-13.144191	0.000000	0.000000
-13.292660	0.000000	0.000000
-13.435299	0.000000	0.000000
-13.572043	0.000000	0.000000
-13.702836	0.000000	0.000000
-13.827618	0.000000	0.000000
-13.946334	0.000000	0.000000
-14.058933	0.000000	0.000000
-14.165365	0.000000	0.000000
-14.265585	0.000000	0.000000
-14.359546	0.000000	0.000000
-14.447209	0.000000	0.000000
-14.528535	0.000000	0.000000
-14.603489	0.000000	0.000000
-14.672036	0.000000	0.000000
-14.734149	0.000000	0.000000
-14.789798	0.000000	0.000000
-14.838961	0.000000	0.000000
-14.881614	0.000000	0.000000
-14.917739	0.000000	0.000000
-14.947321	0.000000	0.000000
-14.970347	0.000000	0.000000
-14.986807	0.000000	0.000000
-14.996693	0.000000	0.000000
-15.000000	0.000000	0.000000
-14.996728	0.000000	0.000000
-14.986878	0.000000	0.000000
-14.970454	0.000000	0.000000
-14.947465	0.000000	0.000000
-14.917918	0.000000	0.000000
-14.881828	0.000000	0.000000
-14.839211	0.000000	0.000000
-14.790084	0.000000	0.000000
-14.734469	0.000000	0.000000
-14.672393	0.000000	0.000000
-14.603880	0.000000	0.000000
-14.528961	0.000000	0.000000
-14.447670	0.000000	0.000000
-14.360041	0.000000	0.000000
-14.266113	0.000000	0.000000
-14.165929	0.000000	0.000000
-14.059529	0.000000	0.000000
-13.946964	0.000000	0.000000
-13.828280	0.000000	0.000000
-13.703532	0.000000	0.000000
-13.572773	0.000000	0.000000
-13.436060	0.000000	0.000000
-13.293453	0.000000	0.000000
-13.145016	0.000000	0.000000
-12.990812	0.000000	0.000000
-12.830911	0.000000	0.000000
-12.665381	0.000000	0.000000
-12.494296	0.000000	0.000000
-12.317731	0.000000	0.000000
-12.135762	0.000000	0.000000
-11.948471	0.000000	0.000000
-11.755939	0.000000	0.000000
-11.558249	0.000000	0.000000
-11.355491	0.000000	0.000000
-11.147751	0.000000	0.000000
-10.935122	0.000000	0.000000
-10.717696	0.000000	0.000000
-10.495568	0.000000	0.000000
-10.268838	0.000000	0.000000
-10.037603	0.000000	0.000000
-9.801965	0.000000	0.000000
-9.562028	0.000000	0.000000
-9.317896	0.000000	0.000000
-9.069677	0.000000	0.000000
-8.817481	0.000000	0.000000
-8.561417	0.000000	0.000000
-8.301597	0.000000	0.000000
-8.038136	0.000000	0.000000
-7.771148	0.000000	0.000000
-7.500752	0.000000	0.000000
-7.227067	0.000000	0.000000
-6.950211	0.000000	0.000000
-6.670307	0.000000	0.000000
-6.387476	0.000000	0.000000
-6.101845	0.000000	0.000000
-5.813536	0.000000	0.000000
-5.522678	0.000000	0.000000
-5.229397	0.000000	0.000000
-4.933823	0.000000	0.000000
-4.636084	0.000000	0.000000
-4.336312	0.000000	0.000000
-4.034637	0.000000	0.000000
-3.731193	0.000000	0.000000
-3.426113	0.000000	0.000000
-3.119529	0.000000	0.000000
-2.811578	0.000000	0.000000
-2.502393	0.000000	0.000000
-2.192110	0.000000	0.000000
-1.880866	0.000000	0.000000
-1.568797	0.000000	0.000000
-1.256039	0.000000	0.000000
-0.942731	0.000000	0.000000
-0.629009	0.000000	0.000000
-0.315012	0.000000	0.000000
-0.000876	0.000000	0.000000
0.313261	0.000000	0.000000
0.627259	0.000000	0.000000
0.940983	0.000000	0.000000
1.254294	0.000000	0.000000
1.567055	0.000000	0.000000
1.879128	0.000000	0.000000
2.190377	0.000000	0.000000
2.500666	0.000000	0.000000
2.809857	0.000000	0.000000
3.117816	0.000000	0.000000
3.424408	0.000000	0.000000
3.729497	0.000000	0.000000
4.032950	0.000000	0.000000
4.334635	0.000000	0.000000
4.634418	0.000000	0.000000
4.932168	0.000000	0.000000
5.227756	0.000000	0.000000
5.521049	0.000000	0.000000
5.811922	0.000000	0.000000
6.100245	0.000000	0.000000
6.385892	0.000000	0.000000
6.668738	0.000000	0.000000
6.948659	0.000000	0.000000
7.225532	0.000000	0.000000
7.499236	0.000000	0.000000
7.769650	0.000000	0.000000
8.036656	0.000000	0.000000
8.300138	0.000000	0.000000
8.559978	0.000000	0.000000
8.816064	0.000000	0.000000
9.068283	0.000000	0.000000
9.316524	0.000000	0.000000
9.560678	0.000000	0.000000
9.800639	0.000000	0.000000
10.036302	0.000000	0.000000
10.267561	0.000000	0.000000
10.494317	0.000000	0.000000
10.716471	0.000000	0.000000
10.933923	0.000000	0.000000
11.146580	0.000000	0.000000
11.354346	0.000000	0.000000
11.557134	0.000000	0.000000
11.754850	0.000000	0.000000
11.947412	0.000000	0.000000
12.134733	0.000000	0.000000
12.316731	0.000000	0.000000
12.493327	0.000000	0.000000
12.664443	0.000000	0.000000
12.830004	0.000000	0.000000
12.989937	0.000000	0.000000
13.144172	0.000000	0.000000
13.292642	0.000000	0.000000
13.435281	0.000000	0.000000
