0.001410
0.000549
0.002286
0.008837
0.014424
0.014330
0.011190
0.010646
0.009868
0.005815
0.002703
0.002830
0.004696
0.007606
0.009712
0.009895
0.007547
0.004117
0.001253
-0.000628
-0.000047
0.001689
0.003734
0.004993
0.003289
0.001121
0.000091
-0.000932
-0.002100
-0.001453
-0.000903
-0.001036
-0.000087
-0.000943
-0.005091
-0.008179
-0.008781
-0.005825
-0.001176
0.001115
0.000460
-0.000300
-0.001146
-0.001846
-0.001760
-0.001752
-0.003745
-0.005863
-0.005370
-0.003977
-0.002478
0.000494
0.003133
0.004010
0.005432
0.007061
0.006719
0.005235
0.005048
0.005906
0.006781
0.006460
0.005413
0.004248
0.003705
0.001517
-0.001767
-0.005560
-0.007033
-0.005791
-0.003246
-0.001476
-0.001837
-0.003689
-0.005994
-0.006750
-0.005790
-0.004822
-0.002460
-0.000165
0.000232
-0.000075
-0.001428
-0.002766
-0.004214
-0.006359
-0.007652
-0.007247
-0.005744
-0.003321
-0.001374
-0.003642
-0.005634
-0.005999
-0.006907
-0.007819
-0.006008
-0.005527
-0.005443
-0.004181
-0.004127
-0.004683
-0.004431
-0.004140
-0.004214
-0.003716
-0.001887
0.000044
0.001774
0.002991
0.000192
-0.004779
-0.008526
-0.009775
-0.008782
-0.007889
-0.010523
-0.015739
-0.018061
-0.017083
-0.014258
-0.011492
-0.009804
-0.008091
-0.006511
-0.004839
-0.006070
-0.007574
-0.006390
-0.005682
-0.006538
-0.007362
-0.008650
-0.009461
-0.010196
-0.009893
-0.008513
-0.008184
-0.009884
-0.012706
-0.014481
-0.013582
-0.012016
-0.010657
-0.009863
-0.007442
-0.006646
-0.009482
-0.012378
-0.012253
-0.011695
-0.011414
-0.010803
-0.011621
-0.011885
-0.012700
-0.016124
-0.020110
-0.022954
-0.023787
-0.023686
-0.022824
-0.019015
-0.014364
-0.009725
-0.006943
-0.007720
-0.009059
-0.009100
-0.008900
-0.009752
-0.011341
-0.012872
-0.012464
-0.009416
-0.004931
-0.002970
-0.005692
-0.009544
-0.013486
-0.017710
-0.018776
-0.016383
-0.015467
-0.014136
-0.010936
-0.008888
-0.006776
-0.004854
-0.004258
-0.005857
-0.007245
-0.006189
-0.003841
-0.000381
0.001829
0.001623
-0.000946
-0.003186
-0.004312
-0.005358
-0.005196
-0.003287
-0.003806
-0.006851
-0.007666
-0.007162
-0.005728
-0.003770
-0.004095
-0.008092
-0.011223
-0.010454
-0.007858
-0.005050
-0.003331
-0.003482
-0.004132
-0.004898
-0.008418
-0.012132
-0.012940
-0.012515
-0.011025
-0.007350
-0.005803
-0.004643
-0.001521
0.001178
0.002700
0.002212
0.000826
-0.000432
-0.002629
-0.005960
-0.007633
-0.006383
-0.004015
-0.002470
-0.003532
-0.005838
-0.006821
-0.005401
-0.006116
-0.006884
-0.004337
-0.003670
-0.002060
0.001737
0.003387
0.003978
0.000864
-0.003945
-0.007095
-0.007389
-0.005365
-0.003122
0.000233
0.001207
-0.002260
-0.004601
-0.006162
-0.006899
-0.006187
-0.004508
-0.000331
0.004370
0.006566
0.007127
0.007989
0.009999
0.011385
0.010235
0.007153
0.004248
0.002843
0.004111
0.004387
0.003496
0.002581
0.002616
0.002957
0.002320
0.001541
0.001640
0.001768
0.003177
0.004157
0.003803
0.004834
0.007452
0.011239
0.012324
0.008915
0.004713
0.002929
0.003828
0.006546
0.009248
0.010751
0.010491
0.010659
0.007444
0.004665
0.001408
-0.000789
-0.001143
0.001355
0.004364
0.007777
0.007763
0.004830
0.003268
0.002053
0.001202
0.002739
0.006907
0.009939
0.010692
0.010670
0.010951
0.011777
0.010959
0.010737
0.011337
0.008251
0.006013
0.003215
0.001255
0.004277
0.008682
0.011024
0.011012
0.009555
0.009537
0.008971
0.006894
0.006051
0.006562
0.004113
0.003103
0.007381
0.011833
0.013390
0.010787
0.007181
0.005867
0.006872
0.007639
0.009405
0.011816
0.010616
0.008767
0.007941
0.007585
0.005666
0.003445
0.000842
-0.001820
-0.002110
-0.001644
-0.002536
-0.002726
-0.001962
-0.000595
0.001881
0.002446
0.002277
0.005344
0.009852
0.010311
0.006546
0.003286
0.002323
0.002618
0.002871
0.001066
-0.001805
-0.001170
-0.000552
0.001238
0.006352
0.011123
0.011645
0.008435
0.006657
0.005566
0.003100
-0.001028
-0.004561
-0.006040
-0.005227
-0.002720
-0.001098
-0.001099
-0.002917
-0.006388
-0.009796
-0.011585
-0.011747
-0.011864
-0.009352
-0.003988
0.001766
0.004569
0.006484
0.006599
0.004573
0.003062
0.004128
0.007985
0.011357
0.010147
0.006560
0.004259
0.005654
0.005029
0.001348
-0.001620
-0.003461
-0.004097
-0.000080
0.003207
0.001928
-0.001437
-0.002225
-0.001983
-0.002649
-0.002587
-0.003398
-0.002607
-0.001369
-0.001712
-0.003658
-0.006248
-0.007170
-0.009733
-0.014278
-0.016520
-0.016182
-0.015859
-0.014668
-0.015377
-0.015895
-0.013019
-0.009521
-0.007008
-0.006515
-0.006956
-0.007838
-0.007661
-0.005735
-0.003670
-0.004662
-0.007189
-0.011382
-0.014694
-0.016047
-0.014472
-0.011874
-0.008191
-0.005710
-0.005660
-0.007069
-0.006001
-0.001906
0.001192
0.003751
0.005143
0.004397
0.000549
-0.001595
-0.000744
-0.001925
-0.004268
-0.005155
-0.004510
-0.006121
-0.006649
-0.003333
0.000557
0.002967
0.002614
-0.001293
-0.005033
-0.006033
-0.003821
-0.001205
-0.001710
-0.002818
-0.003036
-0.002853
-0.004291
-0.007513
-0.010070
-0.009802
-0.008800
-0.007713
-0.005362
-0.003041
-0.002880
-0.003580
-0.002325
-0.000561
-0.002569
-0.004347
-0.002696
0.000409
0.003846
0.003800
0.000357
-0.004500
-0.006733
-0.004167
0.000992
0.004370
0.004627
0.004819
0.005492
0.005323
0.004281
0.002352
-0.000691
-0.002729
-0.002589
-0.000524
0.001601
0.000488
-0.002861
-0.005505
-0.004483
-0.001933
0.000542
0.000112
-0.000972
-0.001430
-0.002332
-0.002521
-0.001423
0.000324
0.001655
0.003294
0.004996
0.005385
0.004701
0.003277
0.001861
0.003300
0.004576
0.005205
0.004669
0.003310
0.003921
0.005149
0.003773
0.002664
0.003533
0.004743
0.003913
0.003881
0.006333
0.008433
0.007518
0.005379
0.003751
0.003671
0.002656
0.000627
0.000188
0.002184
0.005777
0.009333
0.011201
0.009955
0.008013
0.006805
0.005565
0.005604
0.005329
0.005068
0.006688
0.007441
0.005624
0.003556
0.001762
-0.000484
-0.000895
0.000159
0.000445
0.000377
-0.000132
0.001051
0.004357
0.006245
0.007317
0.007050
0.005401
0.005196
0.005719
0.004609
0.000645
-0.004986
-0.002159
0.000758
0.003223
0.005530
0.007397
0.005671
0.002595
0.002156
0.004033
0.006019
0.006434
0.005888
0.004174
0.000797
-0.004076
-0.007593
-0.006690
-0.003159
-0.000430
0.000978
0.001834
0.001826
0.001572
0.003199
0.003633
0.004023
0.004010
0.003390
0.003060
0.003011
0.002670
0.002344
0.002675
0.001206
0.000775
0.002029
0.002315
0.001356
-0.000417
0.000416
0.003745
0.003628
-0.000046
-0.003357
-0.005060
-0.004740
-0.002092
0.000894
-0.000398
-0.000803
-0.000025
0.001067
0.003958
0.005902
0.003611
-0.000122
-0.002144
-0.003428
-0.001459
0.003379
0.006493
0.007537
0.006384
0.002770
0.001813
0.002982
0.004935
0.005011
0.002422
-0.001836
-0.006292
-0.009070
-0.005994
0.001576
0.007721
0.007968
0.006470
0.003871
0.001754
0.001578
0.002747
0.002381
-0.001312
-0.004767
-0.006996
-0.006473
-0.005236
-0.004678
-0.003654
-0.003234
0.000005
0.004650
0.006095
0.004774
0.002090
-0.001441
-0.005129
-0.007589
-0.008598
-0.007063
-0.004586
-0.003518
-0.003669
-0.002523
-0.001748
-0.001295
0.000543
0.002387
0.002571
0.003997
0.004283
0.001327
-0.003077
-0.004036
-0.003270
-0.004761
-0.008512
-0.007869
-0.005154
-0.005118
-0.007942
-0.010750
-0.010606
-0.007911
-0.005041
-0.005119
-0.006366
-0.004985
-0.002385
0.000091
0.002668
0.001171
-0.003104
-0.003229
-0.001881
-0.003548
-0.008952
-0.013816
-0.015928
-0.016998
-0.015580
-0.013823
-0.011764
-0.010039
-0.010196
-0.012471
-0.015373
-0.017180
-0.015468
-0.013961
-0.015353
-0.017727
-0.018917
-0.018728
-0.018411
-0.019476
-0.019959
-0.019132
-0.019288
-0.018329
-0.015953
-0.015080
-0.013614
-0.010475
-0.007221
-0.004751
-0.006941
-0.011302
-0.013172
-0.014063
-0.014102
-0.013652
-0.011512
-0.007588
-0.006493
-0.008391
-0.009794
-0.009293
-0.008125
-0.008103
-0.009173
-0.011287
-0.010560
-0.006265
-0.003313
-0.004062
-0.008372
-0.011725
-0.010834
-0.009723
-0.009589
-0.007986
-0.004965
-0.001950
-0.001578
-0.000931
-0.001257
-0.005147
-0.008293
-0.008994
-0.009691
-0.009093
-0.007340
-0.007192
-0.007593
-0.006767
-0.006202
-0.007320
-0.006880
-0.004279
-0.003733
-0.002945
-0.001870
-0.002428
-0.002943
-0.000716
-0.001411
-0.004942
-0.007318
-0.007391
-0.006269
-0.005915
-0.005939
-0.003646
-0.000555
0.001071
0.001438
0.001708
0.001737
0.001635
0.002992
0.004067
0.004928
0.003108
-0.000340
-0.004664
-0.007380
-0.006516
-0.005346
-0.006907
-0.007281
-0.004653
-0.002045
-0.000289
0.001279
0.002133
0.001572
0.000844
-0.000864
-0.002969
-0.001955
0.001640
0.002403
0.001778
-0.000245
-0.004659
-0.008925
-0.010368
-0.008160
-0.005402
-0.003686
-0.000747
0.003979
0.008034
0.009020
0.008308
0.005861
0.000560
-0.003025
-0.003064
-0.001019
0.001854
0.003512
0.003981
0.002966
-0.000833
-0.003572
-0.003272
-0.003980
-0.004611
-0.004142
-0.005225
-0.006020
-0.005882
-0.007059
-0.007031
-0.006020
-0.005039
-0.004208
-0.003047
0.001480
0.006298
0.007493
0.006634
0.004436
-0.000778
-0.004651
-0.004279
-0.001309
0.004718
0.006020
0.006327
0.006557
0.006617
0.005831
0.007489
0.008784
0.006871
0.006168
0.008490
0.010047
0.009670
0.009049
0.008578
0.008031
0.008964
0.009511
0.009658
0.011071
0.011584
0.013477
0.013248
0.010655
0.007776
0.004841
0.003752
0.004484
0.003867
0.003634
0.001275
-0.001463
-0.000396
0.000183
0.002118
0.003085
0.002426
0.003138
0.003843
0.003886
0.003237
0.002792
0.005132
0.008709
0.008980
0.007245
0.005882
0.003688
0.001414
-0.000101
-0.002192
-0.004613
-0.002002
0.002585
0.005227
0.006577
0.007511
0.007891
0.005868
0.003313
0.001972
0.001422
-0.000494
-0.003101
-0.003148
-0.001429
0.000186
0.002142
0.003112
0.004496
0.008237
0.010760
0.011730
0.010842
0.006758
0.002104
-0.000052
0.000330
0.002733
0.003768
0.004267
0.003967
0.002326
0.001733
0.001136
0.000324
-0.001680
-0.001290
0.001724
0.004759
0.007637
0.007379
0.005538
0.004095
0.002327
0.000569
0.001360
0.002721
0.003443
0.003393
0.004200
0.006697
0.008446
0.008214
0.006734
0.002386
-0.004101
-0.007714
-0.005867
-0.001423
0.000126
-0.000878
-0.003733
-0.005383
-0.005006
-0.005310
-0.007420
-0.010112
-0.011301
-0.010403
-0.007293
-0.004133
-0.003462
-0.004327
-0.006917
-0.008822
-0.009836
-0.009379
-0.006231
-0.003423
-0.003256
-0.004109
-0.004458
-0.007115
-0.009509
-0.008461
-0.006141
-0.004090
-0.003604
-0.003761
-0.004147
-0.005155
-0.006151
-0.004776
-0.003014
-0.001984
-0.000956
-0.002724
-0.007185
-0.010441
-0.010314
-0.009246
-0.008655
-0.007706
-0.006479
-0.005658
-0.008411
-0.011668
-0.012051
-0.010230
-0.008886
-0.006942
-0.004960
-0.004111
-0.002682
-0.001841
-0.003041
-0.004712
-0.004159
-0.001512
0.002072
0.004267
0.004291
0.002691
-0.001229
-0.005365
-0.009258
-0.012236
-0.012274
-0.010082
-0.007710
-0.006433
-0.005361
-0.002123
0.001645
0.003305
0.002804
0.001506
0.001166
0.001338
-0.003118
-0.006952
-0.005365
-0.001753
0.001442
0.003228
0.002702
0.001251
-0.000580
-0.004720
-0.008460
-0.007997
-0.005444
-0.001535
0.001187
0.000855
0.000366
0.000848
0.000527
-0.002283
-0.005724
-0.007083
-0.007311
-0.006142
-0.003580
-0.002749
-0.003351
-0.003966
-0.007522
-0.010324
-0.008954
-0.004591
0.001243
0.006735
0.009221
0.007223
0.002267
-0.002478
-0.004266
-0.005249
-0.005669
-0.004127
-0.000668
0.002223
0.002629
0.004276
0.007904
0.010616
0.009245
0.006839
0.004123
0.003037
0.004256
0.006083
0.005968
0.005501
0.006134
0.004469
0.002693
0.002508
0.002261
0.001062
-0.000224
0.000485
0.002856
0.005446
0.007270
0.007656
0.007498
0.006341
0.003980
0.001522
-0.000776
-0.001244
-0.000349
0.000529
0.002695
0.006937
0.010258
0.008826
0.005843
0.004080
0.003824
0.003965
0.004130
0.005858
0.007031
0.005463
0.002647
0.001182
0.000124
0.000367
-0.000002
-0.000898
-0.001179
-0.000932
0.000678
0.004211
0.008313
0.009685
0.009953
0.010395
0.008233
0.005156
0.004721
0.004114
0.002340
0.002212
0.002508
0.003165
0.001141
0.002348
0.004265
0.008268
0.011594
0.010039
0.006616
0.006070
0.004948
0.004201
0.003369
0.003366
0.004047
0.002826
0.000524
-0.001783
-0.003217
-0.003437
0.000441
0.005182
0.007761
0.009053
0.009347
0.006860
0.003695
0.002105
0.001778
0.001941
0.001994
0.000914
-0.001182
-0.000991
0.002252
0.006202
0.007277
0.006650
0.004641
0.001846
0.001175
0.001937
0.000104
-0.004068
-0.008018
-0.006332
-0.004597
-0.004790
-0.004927
-0.003914
-0.000346
0.004908
0.007740
0.006342
0.004086
0.003758
0.002486
-0.001642
-0.006102
-0.008453
-0.010801
-0.011748
-0.007832
-0.005648
-0.004495
-0.003341
-0.003845
-0.003411
-0.002361
-0.000941
-0.000886
-0.002061
-0.005972
-0.009191
-0.008642
-0.006573
-0.004085
-0.003114
-0.004110
-0.005494
-0.004401
-0.002139
-0.000323
0.000524
-0.000183
-0.002220
-0.005893
-0.009405
-0.009521
-0.008328
-0.006079
-0.001568
0.003646
0.007280
0.007275
0.005312
0.002887
-0.001315
-0.004528
-0.008164
-0.010257
-0.009544
-0.007221
-0.003661
-0.001991
-0.003125
-0.004364
-0.003279
-0.002977
-0.003696
-0.002955
-0.000627
-0.000156
0.000237
0.001853
0.003759
0.003021
-0.000859
-0.005347
-0.008667
-0.011091
-0.013619
-0.016086
-0.018380
-0.018697
-0.016744
-0.014318
-0.012989
-0.011385
-0.009783
-0.009271
-0.005942
-0.003782
-0.006091
-0.009116
-0.010519
-0.011350
-0.012845
-0.014775
-0.015643
-0.015150
-0.013097
-0.010991
-0.007369
-0.003426
-0.002289
-0.005466
-0.009519
-0.011281
-0.011427
-0.012387
-0.014902
-0.016043
-0.017341
-0.018232
-0.016918
-0.013471
-0.014257
-0.017339
-0.017732
-0.015902
-0.014776
-0.015025
-0.015488
-0.014870
-0.014014
-0.013838
-0.014716
-0.014491
-0.011398
-0.011288
-0.011787
-0.012836
-0.015711
-0.017558
-0.019044
-0.020196
-0.019605
-0.015426
-0.011830
-0.010691
-0.007290
-0.002825
-0.002984
-0.004829
-0.005241
-0.005336
-0.005925
-0.006687
-0.007494
-0.009000
-0.011372
-0.014463
-0.015005
-0.013405
-0.010029
-0.006383
-0.005595
-0.004218
-0.001531
-0.002136
-0.001991
-0.000696
0.000667
0.002003
0.001862
0.000709
-0.000620
-0.000761
-0.003745
-0.006731
-0.007328
-0.007019
-0.006841
-0.006991
-0.004758
-0.001259
-0.000007
-0.000053
-0.000063
-0.000870
-0.001280
-0.002162
-0.002020
-0.000912
0.000179
0.001141
0.000313
0.001840
0.004233
0.005389
0.004900
0.002120
-0.002661
-0.007379
-0.009591
-0.010037
-0.009415
-0.008335
-0.007431
-0.007023
-0.005432
-0.002322
0.000328
0.002043
0.002089
0.001381
-0.001193
-0.004335
-0.007143
-0.008191
-0.009004
-0.009196
-0.008308
-0.007687
-0.004027
-0.002374
-0.000740
0.002431
0.004676
0.005498
0.005701
0.003527
0.000860
-0.002231
-0.005241
-0.005703
-0.004254
-0.002130
0.001822
0.004586
0.003562
0.003515
0.005158
0.004972
0.003109
-0.000317
-0.002716
-0.002713
-0.001371
-0.001107
-0.002166
-0.002237
0.000607
0.000074
-0.001178
0.000278
0.001175
0.003503
0.004716
0.003744
0.002343
0.001776
0.002791
0.002807
0.001820
0.002439
0.004093
0.001044
-0.005703
-0.006631
-0.004585
0.001039
0.002337
0.004318
0.007451
0.010818
0.012649
0.011293
0.009836
0.008117
0.005692
0.007186
0.010230
0.011617
0.012147
0.011665
0.010197
0.008954
0.006523
0.005735
0.007995
0.011479
0.014810
0.017571
0.017203
0.014806
0.014211
0.012541
0.011270
0.012889
0.016405
0.016538
0.015040
0.015341
0.015045
0.012908
0.008407
0.003373
0.000717
-0.001593
-0.001405
-0.000052
0.004070
0.010823
0.015476
0.015146
0.013240
0.010955
0.009359
0.007195
0.005469
0.004139
0.003237
0.002245
0.001631
0.003386
0.004404
0.003062
0.000728
-0.000634
-0.000417
0.002577
0.006469
0.008985
0.010831
0.011702
0.009414
0.005583
0.003921
0.003987
0.001978
-0.002549
-0.006218
-0.005364
-0.000422
0.002814
0.001695
-0.000049
-0.000324
0.001213
0.003698
0.003247
0.001366
0.001861
0.003791
0.005263
0.005646
0.004674
0.003381
0.002774
0.001432
0.000544
0.000981
0.001719
0.003080
0.004120
0.002677
-0.000213
-0.003329
-0.006497
-0.009167
-0.010972
-0.009432
-0.005395
-0.001562
0.002010
0.005577
0.004125
0.003436
0.005018
0.003562
0.002622
0.003161
0.002085
-0.001500
-0.001747
0.000084
-0.001010
-0.002949
-0.003400
-0.004382
-0.005728
-0.007740
-0.006857
-0.004878
-0.004605
-0.005028
-0.005498
-0.004811
-0.001939
0.001185
0.002633
0.002697
0.001989
-0.000116
0.000554
0.001908
0.003056
0.002972
0.001003
-0.001788
-0.004731
-0.004824
-0.004939
-0.004854
-0.002526
-0.002358
-0.004832
-0.007935
-0.011347
-0.013323
-0.014227
-0.014919
-0.012173
-0.007319
-0.003225
-0.001666
-0.003042
-0.003632
-0.002629
-0.002360
-0.002946
-0.003611
-0.004082
-0.003997
-0.004622
-0.006497
-0.008056
-0.009065
-0.009688
-0.008023
-0.004548
-0.002238
0.000898
0.000304
-0.001865
-0.001775
-0.002081
-0.002627
-0.001920
0.001956
0.005552
0.005352
0.003606
0.001678
-0.000509
-0.002835
-0.005823
-0.008608
-0.009932
-0.009730
-0.008100
-0.004623
-0.002416
-0.003577
-0.002383
0.000266
0.002001
0.003464
0.003242
-0.000055
-0.002955
-0.002296
-0.002782
-0.005281
-0.005785
-0.005041
-0.002164
0.000240
-0.000936
-0.003563
-0.005512
-0.008056
-0.011224
-0.013145
-0.011139
-0.006448
-0.002807
-0.001879
-0.002619
-0.001191
0.001118
0.001626
-0.001180
-0.003512
-0.002836
0.000297
0.001150
0.000071
-0.000739
0.000277
0.002135
0.004501
0.005345
0.003465
0.000212
-0.001100
-0.003075
-0.004765
-0.003980
-0.002301
-0.001253
-0.001248
-0.004341
-0.007341
-0.008025
-0.005282
-0.000809
0.002059
0.000744
-0.001547
-0.000520
0.000738
0.000623
0.000823
0.001148
0.003360
0.005052
0.004624
0.003755
0.002693
0.002130
0.004068
0.007180
0.009937
0.010648
0.008978
0.005691
0.000795
-0.002535
-0.003682
-0.003237
-0.002003
-0.001159
0.002701
0.007420
0.009144
0.008079
0.007855
0.008340
0.008880
0.009992
0.010659
0.009534
0.008162
0.005643
0.002331
0.000592
-0.000663
-0.000565
0.001842
0.004764
0.005075
0.007432
0.010620
0.010665
0.007790
0.005540
0.003342
0.000951
-0.000446
-0.006560
-0.005776
-0.002477
0.000845
-0.000276
-0.001322
0.000130
0.002695
0.005853
0.008285
0.006875
0.004907
0.004928
0.004757
0.006351
0.007977
0.007001
0.004794
0.004741
0.006209
0.007597
0.009273
0.010930
0.012506
0.013522
0.011411
0.008156
0.005281
0.002160
-0.000414
-0.001617
0.000566
0.002361
0.001803
0.001096
0.000311
-0.000279
0.000126
0.000971
0.001501
0.001632
0.003487
0.005971
0.006092
0.006598
0.007706
0.007196
0.005799
0.003529
0.001690
0.001137
0.001370
0.003728
0.006833
0.010515
0.012263
0.010766
0.008151
0.005070
0.000296
-0.002797
-0.004650
-0.004740
-0.003954
-0.004183
-0.002967
-0.001643
-0.001442
-0.002622
-0.005190
-0.006583
-0.006293
-0.005769
-0.005310
-0.002835
-0.000064
-0.000816
-0.001152
-0.002967
-0.006313
-0.007829
-0.008554
-0.008954
-0.009499
-0.008138
-0.004781
-0.001557
0.001295
0.002891
0.002107
0.000628
0.000622
0.000361
-0.001380
-0.000080
0.001380
0.000682
-0.004784
-0.010273
-0.011899
-0.011456
-0.009933
-0.007804
-0.005319
-0.002792
-0.001415
-0.001122
-0.001253
-0.001087
-0.003154
-0.007357
-0.010558
-0.009810
-0.006304
-0.003705
-0.002522
-0.002893
-0.002394
-0.001548
-0.002947
-0.004929
-0.005798
-0.007500
-0.010240
-0.012451
-0.013776
-0.013225
-0.010991
-0.009143
-0.007167
-0.008485
-0.009726
-0.008740
-0.006980
-0.004847
-0.004247
-0.003430
-0.005043
-0.008697
-0.012035
-0.016046
-0.018672
-0.018588
-0.017212
-0.016062
-0.017427
-0.019275
-0.017721
-0.013097
-0.006847
-0.002917
-0.004957
-0.009918
-0.013697
-0.016246
-0.016601
-0.017112
-0.016917
-0.014938
-0.014947
-0.016149
-0.016248
-0.014682
-0.011841
-0.009370
-0.006482
-0.005434
-0.006476
-0.007457
-0.007315
-0.007154
-0.007352
-0.008572
-0.009458
-0.009886
-0.010016
-0.009381
-0.008243
-0.007169
-0.006287
-0.005195
-0.007243
-0.009196
-0.009575
-0.010943
-0.011328
-0.009339
-0.007780
-0.008660
-0.008809
-0.007320
-0.006103
-0.004483
-0.005554
-0.008432
-0.009472
-0.009581
-0.011515
-0.011016
-0.006733
-0.002034
0.002805
0.005316
0.005875
0.005876
0.004534
0.003774
0.001154
-0.001961
-0.003614
-0.004894
-0.008379
-0.009913
-0.007988
-0.007023
-0.005800
-0.006229
-0.007368
-0.007669
-0.008222
-0.007256
-0.004890
-0.002793
-0.001992
-0.002752
-0.002861
-0.002905
-0.002679
-0.003181
-0.004574
-0.006103
-0.008519
-0.011085
-0.011637
-0.010680
-0.007613
-0.003705
-0.001437
-0.001497
-0.003120
-0.005292
-0.006809
-0.004882
-0.001476
-0.000353
-0.002324
-0.005494
-0.006996
-0.008162
-0.009200
-0.010208
-0.008966
-0.006576
-0.003806
-0.002353
-0.002527
-0.001096
-0.000814
-0.001521
-0.001626
-0.001888
-0.002295
-0.003444
-0.005314
-0.005207
-0.003482
-0.001892
-0.000832
0.000884
0.003823
0.003982
0.001789
-0.000218
0.000447
0.003367
0.005441
0.005302
0.005032
0.004429
0.002332
-0.000929
-0.004483
-0.007002
-0.008443
-0.007254
-0.004601
-0.001446
0.000086
-0.000085
-0.001046
-0.002713
-0.001342
0.001885
0.002045
-0.000053
-0.002198
-0.002992
-0.001430
0.000709
0.003561
0.008608
0.005883
0.004231
0.005767
0.007728
0.008705
0.010264
0.010928
0.009875
0.008484
0.008011
0.009034
0.009705
0.009154
0.008887
0.009167
0.008216
0.005892
0.005023
0.006879
0.008832
0.009976
0.008245
0.004052
0.000124
-0.002506
-0.001730
0.000328
0.001638
0.002495
0.003427
0.002009
-0.001141
-0.001861
-0.002220
0.000272
0.003326
0.004085
0.004539
0.004272
0.004202
0.004308
0.003099
0.004212
0.005713
0.006656
0.008111
0.008533
0.008100
0.007633
0.008485
0.010868
0.012858
0.011857
0.009123
0.006861
0.006310
0.005143
0.003555
0.003858
0.002596
-0.001020
-0.002611
-0.000370
0.004213
0.005599
0.005180
0.006010
0.006285
0.005122
0.004271
0.005371
0.007859
0.009924
0.007167
0.002225
-0.000890
-0.001546
-0.000965
0.000014
0.001970
0.004984
0.004904
0.002558
0.001545
-0.000268
-0.002993
-0.003591
-0.001369
0.000458
0.002954
0.004900
0.004155
0.003035
0.001610
-0.001826
-0.004442
-0.005993
-0.004397
0.000725
0.005981
0.008909
0.007147
0.002612
-0.000970
-0.001679
-0.000411
0.000249
-0.000418
-0.000031
0.002747
0.005901
0.005567
0.001210
-0.004146
-0.008085
-0.008138
-0.008238
-0.008812
-0.008833
-0.009715
-0.007504
-0.005004
-0.004827
-0.003837
-0.004989
-0.007118
-0.005598
-0.001766
0.000751
0.001381
0.002466
0.002546
0.000637
-0.001711
-0.004423
-0.004732
-0.003796
-0.003712
-0.003207
-0.002329
-0.004177
-0.009023
-0.014332
-0.015537
-0.014625
-0.014365
-0.015012
-0.014409
-0.011237
-0.006926
-0.005004
-0.004646
-0.005192
-0.008532
-0.011718
-0.012631
-0.011753
-0.009221
-0.006037
-0.003312
-0.003124
-0.004388
-0.005115
-0.006603
-0.007939
-0.006437
-0.004124
-0.002759
-0.006285
-0.014192
-0.020749
-0.018633
-0.012952
-0.011023
-0.010625
-0.009778
-0.006848
-0.004756
-0.004200
-0.003761
-0.005075
-0.005981
-0.006812
-0.008071
-0.007454
-0.006966
-0.005808
-0.004623
-0.004761
-0.005914
-0.006094
-0.005412
-0.005942
-0.006549
-0.004931
-0.001710
0.000666
0.002313
0.004560
0.006359
0.006243
0.005134
0.004474
0.004455
0.003355
0.002023
0.000104
-0.003054
-0.005615
-0.005695
-0.002020
0.002726
0.004210
0.002909
0.002254
0.002203
0.003289
0.004385
0.004233
0.002993
0.001678
0.000876
0.000870
0.001910
0.004590
0.005936
0.007018
0.007340
0.002547
-0.002619
-0.005570
-0.006152
-0.004769
-0.003076
-0.000772
0.001675
0.003458
0.006253
0.007365
0.005200
0.001060
0.000816
0.003374
0.004978
0.005024
0.003888
0.003104
0.003248
0.002929
0.001103
-0.000325
-0.002397
-0.003472
-0.000999
0.001973
0.003951
0.005731
0.007711
0.009451
0.010795
0.011238
0.010615
0.010476
0.009970
0.008963
0.007497
0.006958
0.006933
0.006569
0.006592
0.004062
0.002117
0.000319
-0.001649
-0.002265
-0.002194
-0.000606
0.000365
-0.001877
-0.003268
-0.002015
-0.002298
-0.005095
-0.005548
-0.001059
0.004267
0.005515
0.003080
0.000478
0.001785
0.005674
0.007654
0.008398
0.008863
0.009989
0.012023
0.013688
0.013171
0.010197
0.004290
0.000556
-0.003737
-0.004202
-0.001869
0.000142
0.003594
0.007120
0.007788
0.007135
0.006335
0.006052
0.004706
0.003143
0.004972
0.008103
0.007621
0.005831
0.006758
0.008261
0.008153
0.007087
0.007435
0.009230
0.011219
0.013782
0.014862
0.015579
0.015053
0.013815
0.012377
0.007802
0.002033
-0.001477
-0.001894
-0.000025
0.000854
0.000078
-0.000486
-0.000405
-0.000468
-0.000499
0.002304
0.004794
0.005499
0.003802
0.001340
-0.000156
-0.001832
-0.002014
-0.000026
0.000063
-0.002109
-0.004047
-0.003201
-0.000531
0.000577
0.001580
0.003139
0.003084
0.001973
0.000518
-0.001174
-0.002588
-0.003693
-0.002899
-0.000510
0.001766
0.003567
0.004067
0.003317
0.001314
-0.000841
-0.004060
-0.007406
-0.010950
-0.011000
-0.008837
-0.004809
-0.001847
-0.003172
-0.006874
-0.009426
-0.006800
-0.003169
-0.000932
0.001693
0.001514
0.000386
-0.000032
-0.000336
-0.000312
0.000246
0.001144
0.001909
0.003026
0.003662
0.003396
0.000553
-0.003941
-0.004565
-0.004051
-0.004980
-0.005193
-0.005014
-0.006057
-0.007331
-0.010413
-0.016340
-0.023037
-0.022222
-0.014591
-0.008531
-0.007214
-0.010288
-0.012543
-0.010574
-0.007753
-0.007029
-0.007876
-0.008603
-0.008695
-0.008780
-0.009306
-0.007917
-0.004982
-0.006369
-0.010001
-0.011758
-0.010916
-0.008745
-0.006286
-0.003594
-0.001848
-0.002500
-0.003273
-0.005068
-0.007690
-0.008926
-0.009882
-0.009706
-0.008896
-0.007449
-0.005721
-0.005566
-0.007736
-0.010819
-0.011656
-0.008664
-0.006340
-0.006841
-0.008846
-0.010643
-0.009933
-0.008488
-0.011383
-0.013192
-0.011662
-0.010769
-0.009559
-0.009200
-0.012716
-0.017262
-0.019663
-0.018312
-0.015466
-0.013331
-0.012366
-0.012685
-0.013421
-0.013038
-0.011779
-0.011239
-0.010466
-0.010170
-0.008686
-0.005678
-0.002811
-0.003289
-0.006134
-0.007326
-0.007641
-0.007659
-0.008637
-0.009156
-0.006756
-0.001962
0.001295
0.002028
-0.001659
-0.006186
-0.009261
-0.009919
-0.009013
-0.010917
-0.013302
-0.014049
-0.014059
-0.012691
-0.010513
-0.009391
-0.011469
-0.014036
-0.014019
-0.013527
-0.011921
-0.007823
-0.004855
-0.004005
-0.003537
-0.005374
-0.009388
-0.009889
-0.007419
-0.006941
-0.006717
-0.004492
-0.003232
-0.002298
-0.000905
0.000485
0.002489
0.003226
-0.001242
-0.006016
-0.007971
-0.008617
-0.007971
-0.005432
-0.002987
-0.001016
-0.000626
-0.002063
-0.001965
-0.000269
0.001111
0.000859
-0.003102
-0.004927
-0.004298
-0.003998
-0.005504
-0.009363
-0.011590
-0.013786
-0.013611
-0.010172
-0.005528
-0.000656
0.002648
0.002447
0.000263
-0.002256
-0.003887
-0.004938
-0.004090
-0.001361
-0.001067
-0.003853
-0.004537
-0.004522
-0.003705
-0.001122
0.001164
-0.000975
-0.004166
-0.003112
-0.002263
-0.003529
-0.002922
-0.001963
-0.002397
-0.002015
-0.000674
0.001199
0.002660
0.003385
0.003866
0.002973
0.001190
0.000797
0.001798
0.001570
0.001138
0.003083
0.003488
0.002878
0.002097
0.001691
0.004278
0.008428
0.010493
0.010061
0.007736
0.006666
0.005286
0.002517
0.001406
0.000028
0.000283
0.006741
0.008484
0.005937
0.003135
0.003261
0.005525
0.006997
0.008500
0.008899
0.009230
0.009975
0.008686
0.009755
0.013343
0.017199
0.017907
0.016539
0.014791
0.012117
0.008998
0.006564
0.004874
0.005085
0.007164
0.008348
0.009309
0.008113
0.003380
-0.001125
-0.002741
-0.002627
-0.001045
0.002401
0.006793
0.008226
0.006609
0.001547
-0.003780
-0.003025
0.000607
0.002210
0.003541
0.005964
0.007739
0.006041
0.004021
0.003384
0.002582
0.000377
-0.000269
0.003102
0.005559
0.004379
0.004104
0.004119
0.002824
0.002294
0.003110
0.003623
0.001682
-0.000357
0.000085
0.001621
0.003306
0.005146
0.005814
0.003012
-0.002001
-0.006209
-0.006921
-0.008650
-0.009232
-0.006059
-0.000409
0.004659
0.005253
0.003251
0.003053
0.003834
0.002761
0.002090
0.002620
0.002535
0.002229
-0.000327
-0.001852
0.002765
0.005683
0.003724
0.000932
-0.000849
0.000833
0.002781
0.002644
0.001735
0.000330
-0.001610
-0.003857
-0.004467
-0.003287
-0.000562
0.000471
-0.002915
-0.006234
-0.008493
-0.007857
-0.004436
-0.000394
0.002524
0.003642
0.003993
0.003181
0.002150
0.001395
0.002601
0.002688
0.000862
-0.001038
-0.002839
-0.002807
-0.004210
-0.007275
-0.008436
-0.008366
-0.009546
-0.008678
-0.007469
-0.008158
-0.009101
-0.006560
-0.004004
-0.002083
0.000424
0.001857
0.001890
-0.000454
-0.002921
-0.003879
-0.004565
-0.005539
-0.007197
-0.008206
-0.007628
-0.005500
-0.003234
-0.002951
-0.002104
-0.002631
-0.004945
-0.005677
-0.005176
-0.005909
-0.007177
-0.009176
-0.007081
-0.004331
-0.003775
-0.002852
-0.002071
-0.002744
-0.006131
-0.008790
-0.010343
-0.011662
-0.011084
-0.007513
-0.003818
-0.001577
-0.001512
-0.004367
-0.008448
-0.010324
-0.009468
-0.007547
-0.006510
-0.005608
-0.004437
-0.002267
0.001548
0.002817
0.002258
0.001865
0.001566
-0.000530
-0.003789
-0.004482
-0.003092
-0.002769
-0.003257
-0.002112
-0.001887
-0.001909
-0.003012
-0.004166
-0.003187
-0.002185
-0.004857
-0.005770
-0.003182
-0.001306
-0.000127
0.000973
0.000762
0.000750
-0.002036
-0.005502
-0.006697
-0.006885
-0.006698
-0.004990
-0.002187
-0.000460
-0.000524
-0.002067
-0.004499
-0.006698
-0.006432
-0.003486
-0.000117
-0.001966
-0.006679
-0.008407
-0.005814
-0.003483
-0.001773
-0.000555
0.000205
-0.000604
-0.003623
-0.006652
-0.008269
-0.007474
-0.003918
-0.000791
-0.000975
-0.003203
-0.003614
-0.001491
0.000681
0.000753
0.000311
0.000555
0.002622
0.006665
0.008535
0.005321
0.000082
-0.003918
-0.004471
-0.002568
0.000472
0.003337
0.005082
0.006175
0.005733
0.002769
-0.001181
-0.004038
-0.005678
-0.004332
0.000051
0.003441
0.003571
0.002913
0.004447
0.005915
0.004820
0.003509
0.004369
0.004761
0.003637
0.002634
0.004552
0.007505
0.008510
0.005402
0.002394
0.002946
0.004285
0.004511
0.004079
0.003595
0.001993
-0.000864
-0.001549
-0.001010
0.000911
0.001598
0.001483
0.002909
0.005856
0.009404
0.011848
0.014027
0.016137
0.017081
0.017439
0.016756
0.013348
0.008844
0.003257
0.001355
-0.000686
0.000095
0.003040
0.005706
0.005916
0.006185
0.006687
0.005408
0.004814
0.005913
0.005735
0.007030
0.009903
0.008473
0.005618
0.003958
0.003121
0.002971
0.002264
-0.000175
-0.001204
-0.001695
-0.001062
0.000770
0.001107
0.001887
0.004908
0.006676
0.004314
-0.000060
-0.002422
-0.002705
-0.003166
-0.000614
0.001078
-0.000204
-0.002052
-0.003645
-0.004788
-0.004153
-0.002216
-0.000527
-0.001113
-0.000736
0.001533
0.004052
0.006813
0.006577
0.005273
0.003027
0.001158
0.001885
0.002012
-0.000131
-0.003982
-0.003366
-0.003711
-0.005084
-0.003342
-0.001269
-0.000071
-0.000284
-0.001907
-0.003363
-0.002200
-0.000652
0.000061
0.001749
0.000505
-0.003511
-0.004667
-0.006015
-0.006372
-0.004836
-0.002507
-0.000597
-0.000890
-0.000679
-0.001111
-0.003341
-0.005116
-0.005005
-0.003163
-0.001976
-0.005154
-0.006878
-0.004173
-0.001105
0.001219
0.001087
-0.000423
-0.003765
-0.008508
-0.010374
-0.009629
-0.008068
-0.007705
-0.008896
-0.008014
-0.006498
-0.006476
-0.004283
0.000586
0.002183
0.000066
-0.001862
-0.003030
-0.001233
0.003487
0.007337
0.006532
0.003202
-0.000000
-0.002946
-0.005400
-0.006687
-0.006856
-0.007154
-0.008501
-0.009155
-0.009920
-0.011434
-0.013401
-0.015197
-0.014418
-0.012676
-0.007214
-0.000705
0.002148
0.000866
-0.003743
-0.007664
-0.010670
-0.011679
-0.010279
-0.010733
-0.013049
-0.014465
-0.010576
-0.007456
-0.008019
-0.007421
-0.006327
-0.009604
-0.012597
-0.013438
-0.012167
-0.010014
-0.008749
-0.010943
-0.016223
-0.021068
-0.022499
-0.021870
-0.019937
-0.017294
-0.015025
-0.013273
-0.012343
-0.011679
-0.011429
-0.011121
-0.011046
-0.012352
-0.014213
-0.015316
-0.014222
-0.009804
-0.006684
-0.008706
-0.012734
-0.013713
-0.014414
-0.016367
-0.015720
-0.012368
-0.009433
-0.008870
-0.009686
-0.009888
-0.008501
-0.007743
-0.009306
-0.010876
-0.011228
-0.010034
-0.007776
-0.005498
-0.005665
-0.007308
-0.008487
-0.010650
-0.013321
-0.014177
-0.013394
-0.011555
-0.009848
-0.010024
-0.012087
-0.012125
-0.010570
-0.010203
-0.006313
-0.001742
-0.000066
-0.001096
-0.001778
-0.003440
-0.005899
-0.006583
-0.006924
-0.004815
-0.001548
0.001180
0.004422
0.005843
0.003753
-0.000986
-0.003936
-0.004584
-0.004833
-0.005215
-0.005922
-0.007880
-0.008593
-0.009220
-0.009209
-0.007665
-0.006499
-0.002867
0.002762
0.005668
0.005527
0.001931
-0.002424
-0.003307
-0.002738
-0.005706
-0.007332
-0.006662
-0.005520
-0.002550
0.002517
0.008548
0.012259
0.012796
0.012641
0.009268
0.004402
-0.001147
-0.001577
0.001652
0.000169
-0.002443
-0.002622
-0.001484
0.000569
0.002690
0.003899
0.002254
0.000942
0.003624
0.007263
0.010444
0.010182
0.007680
0.005143
0.002288
-0.000280
-0.002437
-0.003799
-0.004862
-0.003564
-0.000182
0.000558
0.002516
0.004945
0.003399
0.000372
0.000531
0.003669
0.005963
0.005942
0.006971
0.010236
0.009176
0.003610
0.001022
0.001540
0.002931
0.004408
0.004594
0.003310
0.001312
0.000241
0.000874
0.001599
0.001888
0.004905
0.002362
-0.000807
-0.001407
0.001919
0.006235
0.008470
0.008288
0.008663
0.008515
0.005534
0.002150
0.001351
0.003740
0.003523
0.003157
0.004916
0.005073
0.005243
0.006447
0.007342
0.007253
0.007167
0.004972
0.002907
0.002251
0.002845
0.005814
0.006961
0.004899
0.005307
0.007409
0.004164
0.000666
0.000493
0.001629
0.004232
0.006832
0.005750
0.005965
0.008186
0.010467
0.010870
0.008570
0.005787
0.006590
0.006748
0.004667
0.003551
0.003821
0.004930
0.008902
