-0.012565
-0.030893
-0.030541
-0.001376
0.057126
0.140091
0.218020
0.256381
0.254409
0.224946
0.167899
0.087396
0.010231
-0.051639
-0.106319
-0.152243
-0.197139
-0.252935
-0.323264
-0.413202
-0.523167
-0.648200
-0.769744
-0.867937
-0.954051
-1.035928
-1.123131
-1.221546
-1.329481
-1.443949
-1.561044
-1.681126
-1.803894
-1.917906
-2.025358
-2.148038
-2.272197
-2.389926
-2.504767
-2.622663
-2.755274
-2.899091
-3.048200
-3.195735
-3.346020
-3.512828
-3.700286
-3.903791
-4.102746
-4.287009
-4.455794
-4.607139
-4.744785
-4.873269
-5.004028
-5.149076
-5.297234
-5.442767
-5.587729
-5.731411
-5.873338
-6.027223
-6.182937
-6.330737
-6.466264
-6.581481
-6.687400
-6.781257
-6.857592
-6.912181
-6.945482
-6.955182
-6.945267
-6.945056
-6.957039
-6.964105
-6.971216
-6.973807
-6.977027
-6.987491
-6.999245
-7.004726
-7.006114
-7.000398
-6.990884
-6.985891
-6.981513
-6.978290
-6.981369
-7.005616
-7.052196
-7.103207
-7.131912
-7.125188
-7.094796
-7.058731
-7.022488
-6.975667
-6.906586
-6.815214
-6.697200
-6.556527
-6.412177
-6.263130
-6.104537
-5.939175
-5.757452
-5.551538
-5.324513
-5.083596
-4.826972
-4.545894
-4.240012
-3.934080
-3.643107
-3.378304
-3.162703
-3.006151
-2.926522
-2.938219
-3.044597
-3.243369
-3.525354
-3.875094
-4.251561
-4.624138
-4.976816
-5.301445
-5.570878
-5.772297
-5.912058
-5.965347
-5.923172
-5.807098
-5.636192
-5.442687
-5.261030
-5.105927
-4.978318
-4.887547
-4.833668
-4.798933
-4.756183
-4.716822
-4.680189
-4.626836
-4.550595
-4.453444
-4.328512
-4.157278
-3.952137
-3.743726
-3.547315
-3.349093
-3.137983
-2.923038
-2.732669
-2.588533
-2.491364
-2.435687
-2.420824
-2.458314
-2.550164
-2.675433
-2.814924
-2.949821
-3.063873
-3.149686
-3.212212
-3.263440
-3.301631
-3.320180
-3.318145
-3.306129
-3.293510
-3.275903
-3.265640
-3.274223
-3.292640
-3.320024
-3.333965
-3.322181
-3.298613
-3.287346
-3.285490
-3.277911
-3.264083
-3.268358
-3.302123
-3.331818
-3.351109
-3.381349
-3.425491
-3.476593
-3.520443
-3.556040
-3.576934
-3.588198
-3.603992
-3.632891
-3.676671
-3.727442
-3.772688
-3.806231
-3.835911
-3.872221
-3.907296
-3.916778
-3.919794
-3.938616
-3.966719
-3.996104
-4.015049
-4.014207
-4.000134
-3.984329
-3.960447
-3.931128
-3.911200
-3.896634
-3.885226
-3.881696
-3.885737
-3.896116
-3.910959
-3.930732
-3.958645
-3.994718
-4.037099
-4.078519
-4.107612
-4.115542
-4.105731
-4.095255
-4.086109
-4.071225
-4.056508
-4.033853
-4.014774
-4.006124
-3.997675
-3.984328
-3.961072
-3.928980
-3.894398
-3.860320
-3.828153
-3.797825
-3.765550
-3.754477
-3.788859
-3.862581
-3.969438
-4.110737
-4.274275
-4.442972
-4.605274
-4.762386
-4.918697
-5.088275
-5.273482
-5.453552
-5.622856
-5.779522
-5.908483
-6.002919
-6.081975
-6.165044
-6.266711
-6.394502
-6.544702
-6.702560
-6.854185
-7.012757
-7.183736
-7.352932
-7.506432
-7.639764
-7.746107
-7.836856
-7.899279
-7.906576
-7.864741
-7.790683
-7.698945
-7.604770
-7.532765
-7.479516
-7.451695
-7.443121
-7.459988
-7.506306
-7.576428
-7.670451
-7.779859
-7.889048
-7.980622
-8.034638
-8.059209
-8.061877
-8.013742
-3.525442
-3.448193
-3.397843
-3.365154
-3.334436
-3.299151
-3.263140
-3.234245
-3.216565
-3.210926
-3.213689
-3.215754
-3.220778
-3.244192
-3.276747
-3.298598
-3.301917
-3.289407
-3.265823
-3.227880
-3.168537
-3.087687
-3.010972
-2.945695
-2.869351
-2.778841
-2.693241
-2.619396
-2.565987
-2.542143
-2.541888
-2.556250
-2.585885
-2.615761
-2.632486
-2.628715
-2.611712
-2.596990
-2.578603
-2.550283
-2.520348
-2.475538
-2.414407
-2.355515
-2.312782
-2.291734
-2.288201
-2.275656
-2.236118
-2.175115
-2.112315
-2.054565
-2.001159
-1.953418
-1.914548
-1.886060
-1.853435
-1.795887
-1.732705
-1.691854
-1.673233
-1.659052
-1.637722
-1.618745
-1.615544
-1.604645
-1.584854
-1.570964
-1.556499
-1.520997
-1.469503
-1.415686
-1.366870
-1.321154
-1.261244
-1.201008
-1.151382
-1.096618
-1.023548
-0.944796
-0.874387
-0.805305
-0.728579
-0.652234
-0.594176
-0.549798
-0.508708
-0.468464
-0.427353
-0.387254
-0.343031
-0.287388
-0.208554
-0.095265
0.048087
0.209096
0.369393
0.532028
0.707141
0.895355
1.095462
1.293568
1.462724
1.599622
1.698994
1.753964
1.775534
1.759044
1.699153
1.604491
1.486290
1.357066
1.230761
1.126795
1.051034
1.003465
0.982066
0.967998
0.953913
0.947989
0.949203
0.953564
0.955071
0.940728
0.931777
0.928377
0.924588
0.932712
0.965698
1.036057
1.147031
1.282744
1.422400
1.564924
1.711919
1.863921
2.022135
2.180923
2.324089
2.468896
2.640111
2.836024
3.056731
3.284974
3.520525
3.769532
4.025638
4.279504
4.534219
4.779266
4.997717
5.189259
5.344869
5.453610
5.512712
5.517033
5.482468
5.433063
5.373534
5.320112
5.291917
5.299709
5.359780
5.458558
5.567232
5.672400
5.772335
5.863763
5.941092
5.999067
6.033373
6.065493
6.092032
6.114769
6.146205
6.187545
6.241784
6.298680
6.348345
6.391782
6.435962
6.483774
6.520604
6.565420
6.616760
6.673394
6.732631
6.792346
6.849884
6.902320
6.942077
6.976959
7.024361
7.088354
7.158299
7.225176
7.284408
7.330082
7.360016
7.381416
7.401268
7.436227
7.475106
7.505021
7.532174
7.565925
7.616274
7.686331
7.758321
7.835970
7.924160
8.026635
8.139112
8.234066
8.290763
8.323950
8.358289
8.408871
8.481555
8.560266
8.634403
8.713592
8.788067
8.849810
8.900902
8.944960
9.005327
9.103372
9.240796
9.392746
9.542952
9.678434
9.782282
9.858017
9.911673
9.954933
10.016209
10.101008
10.189024
10.284566
10.396196
10.516905
10.637650
10.732906
10.794483
10.830839
10.857555
10.873419
10.864523
10.826758
10.760787
10.685141
10.607921
10.537426
10.478138
10.415276
10.327288
10.224519
10.126629
10.044814
9.990225
9.959986
9.938076
9.908152
9.867403
9.819236
9.776305
9.737156
9.689214
9.625870
9.536999
9.419216
9.282282
9.152736
9.041975
8.969234
8.946550
8.978400
9.073645
9.219452
9.378538
9.514051
9.617806
9.706810
9.799959
9.884817
9.953709
10.007788
10.053793
10.096137
10.130310
10.161209
10.188164
10.200203
10.198446
10.193714
10.182611
10.157953
2.075268
10.081213
1.808019
1.685765
1.550122
1.398298
1.244115
1.100951
0.966476
0.826019
0.679666
0.530113
0.375376
0.216202
0.050264
-0.123331
-0.295314
-0.462795
-0.637081
-0.833552
-1.056646
-1.302152
-1.566111
-1.838308
-2.106911
-2.359663
-2.579000
-2.757552
-2.917903
-3.060179
-3.163795
-3.221464
-3.235451
-3.218448
-3.187134
-3.153453
-3.111686
-3.068516
-3.043854
-3.047899
-3.076720
-3.132569
-3.221204
-3.330085
-3.441410
-3.543018
-3.634307
-3.714856
-3.787415
-3.857231
-3.913959
-3.950614
-3.977427
-4.011412
-4.058350
-4.103888
-4.120595
-4.111548
-4.088981
-4.070303
-4.080971
-4.114110
-4.150924
-4.186185
-4.211769
-4.222812
-4.231271
-4.244171
-4.269563
-4.311517
-4.363015
-4.420269
-4.482750
-4.553283
-4.629725
-4.702398
-4.760900
-4.793555
-4.810001
-4.821117
-4.842001
-4.900057
-4.980809
-5.063100
-5.142648
-5.211558
-5.260525
-5.294832
-5.337572
-5.394748
-5.462652
-5.547657
-5.656222
-5.760690
-5.837725
-5.889908
-5.920711
-5.933641
-5.945056
-5.958394
-5.960423
-5.945590
-5.915166
-5.863024
-5.786035
-5.692189
-5.585163
-5.455325
-5.290042
-5.087660
-4.857898
-4.612032
-4.361735
-4.114658
-3.861459
-3.594514
-3.322568
-3.078981
-2.888650
-2.750944
-2.678491
-2.686442
-2.784899
-2.977562
-3.260180
-3.630446
-4.073073
-4.556491
-5.053783
-5.529678
-5.944354
-6.253203
-6.441754
-6.535959
-6.571678
-6.547720
-6.468349
-6.351536
-6.220244
-6.088756
-5.974356
-5.876233
-5.789483
-5.705255
-5.617352
-5.531343
-5.451664
-5.387653
-5.328350
-5.262086
-5.196907
-5.139545
-5.072733
-4.983920
-4.881271
-4.777442
-4.668523
-4.544494
-4.400271
-4.235624
-4.049568
-3.857217
-3.693309
-3.588150
-3.562087
-3.603211
-3.689610
-3.809769
-3.952714
-4.088251
-4.203475
-4.293392
-4.363836
-4.428338
-4.483600
-4.533554
-4.589026
-4.656999
-4.735178
-4.797077
-4.835993
-4.866019
-4.898757
-4.937656
-4.982780
-5.024973
-5.063800
-5.106891
-5.153466
-5.198163
-5.238824
-5.276108
-5.311656
-5.356501
-5.405385
-5.445456
-5.473230
-5.497812
-5.522991
-5.552368
-5.591695
-5.640294
-5.690252
-5.740112
-5.794242
-5.856112
-5.922108
-5.983955
-6.027295
-6.044582
-6.039880
-6.026599
-6.016771
-6.020049
-6.045230
-6.081695
-6.114541
-6.156688
-6.198400
-6.238555
-6.292474
-6.360388
-6.430549
-6.496098
-6.555047
-6.599916
-6.643391
-6.701133
-6.758550
-6.816311
-6.885283
-6.962230
-7.043142
-7.128495
-7.217455
-7.310315
-7.385886
-7.436856
-7.488643
-7.560905
-7.641854
-7.710810
-7.762435
-7.804044
-7.846697
-7.903007
-7.971272
-8.038610
-8.102612
-8.175550
-8.270149
-8.378527
-8.497933
-8.630520
-8.769417
-8.914234
-9.067574
-9.221042
-9.368667
-9.514020
-9.658410
-9.801004
-9.953234
-10.134847
-10.342173
-10.543576
-10.717895
-10.883883
-11.053365
-11.244285
-11.455181
-11.674011
-11.901906
-12.135188
-12.349638
-12.540277
-12.704066
-12.822334
-12.888049
-12.907583
-12.897168
-12.868491
-12.840065
-12.820848
-12.822371
-12.863833
-12.948475
-13.070114
-13.186365
-13.278620
-13.357670
-13.428840
-13.483309
-13.528003
-13.581150
-13.645192
-13.719364
-13.809484
-13.915420
-14.034790
-16.486015
-14.231847
-4.746274
-4.812649
-4.905469
-5.002509
-5.091539
-5.171150
-5.246504
-5.328667
-5.420739
-5.517159
-5.617831
-5.732640
-5.869164
-6.028951
-6.202122
-6.378664
-6.550365
-6.710917
-6.879259
-7.064950
-7.236013
-7.361822
-7.434912
-7.464585
-7.461600
-7.429820
-7.376478
-7.309997
-7.227838
-7.121814
-6.997754
-6.866179
-6.735190
-6.616840
-6.520266
-6.446907
-6.395374
-6.347402
-6.289025
-6.219349
-6.135264
-6.032695
-5.911658
-5.777071
-5.652201
-5.544627
-5.453394
-5.392402
-5.362651
-5.342740
-5.318057
-5.272735
-5.196375
-5.107231
-5.024996
-4.952088
-4.883320
-4.815636
-4.740793
-4.664032
-4.589022
-4.505162
-4.418791
-4.340915
-4.269462
-4.204573
-4.147744
-4.110669
-4.090057
-4.078523
-4.088389
-4.110150
-4.134471
-4.158785
-4.158565
-4.112525
-4.021483
-3.916889
-3.807292
-3.684766
-3.567958
-3.460500
-3.366327
-3.296867
-3.238950
-3.176235
-3.123995
-3.096043
-3.080289
-3.065091
-3.045330
-3.015851
-2.968229
-2.906530
-2.845541
-2.786327
-2.723183
-2.647843
-2.554683
-2.446411
-2.337572
-2.233360
-2.109946
-1.948941
-1.752158
-1.516541
-1.228948
-0.900103
-0.544469
-0.153794
0.267707
0.699191
1.120217
1.524536
1.913292
2.299882
2.662939
2.977464
3.252019
3.470752
3.608580
3.655183
3.609485
3.463154
3.223379
2.916624
2.573923
2.215603
1.856037
1.515634
1.260267
1.132738
1.114987
1.189345
1.347307
1.579091
1.854140
2.145026
2.428616
2.686300
2.918594
3.124514
3.307620
3.481491
3.665357
3.856922
4.049407
4.243214
4.442888
4.649700
4.875157
5.106237
5.321095
5.522186
5.718390
5.921491
6.125942
6.345241
6.594536
6.868225
7.151382
7.427927
7.679070
7.889398
8.041964
8.121818
8.132617
8.095799
8.034661
7.976464
7.942867
7.935749
7.953812
7.998192
8.050696
8.104973
8.165379
8.228198
8.294312
8.373734
8.475220
8.604380
8.748657
8.879333
8.992388
9.086579
9.155981
9.207876
9.263689
9.334599
9.417561
9.497255
9.570477
9.645002
9.720884
9.794936
9.858969
9.906715
9.940024
9.968328
9.999264
10.031353
10.070904
10.132421
10.216795
10.317501
10.427744
10.536411
10.639875
10.744468
10.836504
10.912840
10.987219
11.066584
11.147534
11.213966
11.268505
11.326448
11.393507
11.462849
11.518510
11.555658
11.580940
11.600080
11.618612
11.637806
11.663347
11.691742
11.717688
11.728882
11.724770
11.717801
11.725747
11.753466
11.798014
11.860876
11.933507
11.996056
12.048814
12.104383
12.168687
12.237079
12.303318
12.369308
12.416382
12.449641
12.478240
12.499269
12.502935
12.476831
12.424485
12.360562
12.294657
12.227844
12.168055
12.111655
12.051823
11.999758
11.967737
11.940992
11.902607
11.855159
11.808897
11.759716
11.693579
11.604659
11.506191
11.416090
11.325286
11.242938
11.169283
11.098410
11.042262
10.999734
10.974579
10.984800
11.024134
11.097422
11.214414
11.362749
11.511826
11.658632
11.791513
11.905575
11.996617
12.065874
12.131880
12.195518
12.235289
12.240601
12.221745
12.193557
12.179766
12.181107
12.188654
12.208675
12.230375
12.259043
-0.422710
12.289860
2.741123
2.649656
2.534411
2.387773
2.202174
1.999289
1.797018
1.582527
1.341372
1.085701
0.825490
0.565140
0.298770
0.018573
-0.268281
-0.551043
-0.824241
-1.102050
-1.392375
-1.683960
-1.947632
-2.174282
-2.363370
-2.513324
-2.624850
-2.700413
-2.755578
-2.804765
-2.852069
-2.893477
-2.933044
-2.969250
-2.985416
-2.988609
-2.998936
-3.039226
-3.096738
-3.153826
-3.207643
-3.264500
-3.324920
-3.379171
-3.422725
-3.446023
-3.455683
-3.464860
-3.486551
-3.522673
-3.563767
-3.599610
-3.639815
-3.694509
-3.747895
-3.797017
-3.857044
-3.937224
-4.034905
-4.134657
-4.229420
-4.312705
-4.390818
-4.471643
-4.542390
-4.589823
-4.628170
-4.679309
-4.753001
-4.831142
-4.901503
-4.972664
-5.037483
-5.094170
-5.159190
-5.230270
-5.301416
-5.370407
-5.435926
-5.500295
-5.570580
-5.635714
-5.690733
-5.739648
-5.774017
-5.797534
-5.820416
-5.851874
-5.910610
-5.981256
-6.051838
-6.130033
-6.208048
-6.270698
-6.307727
-6.333552
-6.358345
-6.376340
-6.388885
-6.398568
-6.400569
-6.392169
-6.387157
-6.392769
-6.376362
-6.309658
-6.193138
-6.037078
-5.856796
-5.664363
-5.464146
-5.240230
-4.980469
-4.687781
-4.386096
-4.081384
-3.776957
-3.491167
-3.249936
-3.107404
-3.097909
-3.208923
-3.422354
-3.711376
-4.036611
-4.376218
-4.736836
-5.138275
-5.566867
-5.996198
-6.396573
-6.741875
-7.015032
-7.179032
-7.215216
-7.147925
-7.006859
-6.821834
-6.630700
-6.452234
-6.303392
-6.193923
-6.124026
-6.093628
-6.096659
-6.101704
-6.076314
-6.040190
-6.027243
-6.041961
-6.061059
-6.052799
-5.993305
-5.891730
-5.782521
-5.677090
-5.570874
-5.461732
-5.337638
-5.191681
-5.029048
-4.885565
-4.785155
-4.725402
-4.701817
-4.723084
-4.793894
-4.908145
-5.042785
-5.178012
-5.312672
-5.449953
-5.579789
-5.682242
-5.763542
-5.841061
-5.923099
-6.007010
-6.069356
-6.119815
-6.179659
-6.244312
-6.307693
-6.352157
-6.366675
-6.381067
-6.407100
-6.440047
-6.481129
-6.527270
-6.572437
-6.608677
-6.647501
-6.692792
-6.743723
-6.802786
-6.871986
-6.951265
-7.028062
-7.089136
-7.140385
-7.198271
-7.273273
-7.373141
-7.498131
-7.636212
-7.758368
-7.853487
-7.925063
-7.992414
-8.061233
-8.128642
-8.183318
-8.222303
-8.263348
-8.307429
-8.347030
-8.391984
-8.449675
-8.512318
-8.571516
-8.629580
-8.687290
-8.745665
-8.802917
-8.860636
-8.929182
-9.002378
-9.063946
-9.115528
-9.165129
-9.216560
-9.278197
-9.351174
-9.425869
-9.483114
-9.525463
-9.567821
-9.617135
-9.670386
-9.714672
-9.758238
-9.816666
-9.881048
-9.950632
-10.020643
-10.078371
-10.139244
-10.219717
-10.319368
-10.432669
-10.556155
-10.693190
-10.847637
-11.020580
-11.198962
-11.383189
-11.570283
-11.747997
-11.925461
-12.119297
-12.331165
-12.542555
-12.728624
-12.892267
-13.067471
-13.269812
-13.493490
-13.729794
-13.964901
-14.193537
-14.409510
-14.611095
-14.793613
-14.933455
-15.021460
-15.071146
-15.105360
-15.137056
-15.151716
-15.140711
-15.112001
-15.076715
-15.043716
-15.020136
-15.011909
-15.035944
-15.093014
-15.157434
-15.228813
-15.315578
-15.423065
-15.550552
-15.683876
-15.809050
-15.934433
-16.051399
-16.160946
-16.272585
-16.377863
-22.654285
-16.528511
-6.007409
-6.053815
-6.116140
-6.194365
-6.292587
-6.410417
-6.533642
-6.669899
-6.824028
-6.977023
-7.121866
-7.260119
-7.399802
-7.552217
-7.717665
-7.889214
-8.060642
-8.210449
-8.312258
-8.368368
-8.394056
-8.395060
-8.372303
-8.317577
-8.226704
-8.099766
-7.941617
-7.772546
-7.614577
-7.484190
-7.376819
-7.286456
-7.211339
-7.147626
-7.085700
-7.017599
-6.945062
-6.885968
-6.845756
-6.808506
-6.765219
-6.719394
-6.675462
-6.633303
-6.576225
-6.492186
-6.387238
-6.274601
-6.167519
-6.074780
-5.990760
-5.902146
-5.804842
-5.708011
-5.613783
-5.523691
-5.443790
-5.377514
-5.308895
-5.228878
-5.142588
-5.053844
-4.945447
-4.819151
-4.691516
-4.560166
-4.431715
-4.314607
-4.214272
-4.113904
-3.988916
-3.837122
-3.683017
-3.557716
-3.462830
-3.387825
-3.323783
-3.268162
-3.228759
-3.186306
-3.131295
-3.078691
-3.022311
-2.945849
-2.848247
-2.741238
-2.634945
-2.545515
-2.475611
-2.420323
-2.367633
-2.304717
-2.237657
-2.174341
-2.102618
-2.013999
-1.918611
-1.825020
-1.735713
-1.650822
-1.553296
-1.432241
-1.284611
-1.098005
-0.861932
-0.574012
-0.241766
0.120301
0.507629
0.918848
1.344851
1.768529
2.177629
2.570732
2.963615
3.366024
3.753332
4.103389
4.398713
4.612489
4.727850
4.738608
4.653651
4.489024
4.267389
4.018131
3.761623
3.506475
3.267795
3.062300
2.918867
2.852946
2.866087
2.979077
3.180442
3.424889
3.694084
3.972138
4.239089
4.483881
4.700370
4.904160
5.116041
5.332878
5.549429
5.780339
6.034459
6.305410
6.579920
6.841571
7.095806
7.327775
7.542908
7.788142
8.066513
8.347417
8.634748
8.919231
9.196140
9.478947
9.732990
9.922932
10.048203
10.119047
10.128474
10.100910
10.055893
10.010426
9.976210
9.954920
9.951549
9.986544
10.069161
10.184240
10.301040
10.394100
10.458256
10.511250
10.556091
10.607883
10.680718
10.755438
10.839296
10.935193
11.024097
11.098263
11.154047
11.201029
11.242191
11.275539
11.306923
11.351297
11.420309
11.493962
11.551175
11.595335
11.632627
11.679744
11.740534
11.802374
11.863522
11.933779
12.018608
12.114506
12.215357
12.304354
12.373121
12.442035
12.531507
12.630669
12.725638
12.827195
12.937450
13.047459
13.148957
13.241463
13.329243
13.405987
13.474236
13.537775
13.588884
13.627512
13.652945
13.675531
13.707544
13.750612
13.803492
13.857257
13.909216
13.980700
14.074144
14.177957
14.271128
14.346315
14.402812
14.452887
14.511374
14.581143
14.660624
14.743933
14.824722
14.911625
15.012072
15.098942
15.158707
15.206738
15.256834
15.306189
15.341063
15.345627
15.313505
15.240807
15.135946
15.022442
14.926144
14.849403
14.787933
14.740954
14.712396
14.705187
14.709110
14.711030
14.719864
14.738831
14.747126
14.734581
14.706093
14.664716
14.613848
14.558744
14.519258
14.506674
14.511215
14.534359
14.573599
14.616580
14.677578
14.765298
14.862123
14.947863
15.015650
15.075432
15.129143
15.191317
15.278305
15.381292
15.493860
15.597277
15.674723
15.721561
15.737850
15.740450
15.737919
15.732994
15.728048
15.717678
15.704149
15.692169
-3.244931
15.629963
3.637746
3.530946
3.409554
3.266496
3.105215
2.927657
2.739668
2.536144
2.307719
2.052863
1.793186
1.545557
1.300786
1.049706
0.794426
0.539077
0.289637
0.045765
-0.200914
-0.464702
-0.748374
-1.031800
-1.296241
-1.541770
-1.760769
-1.933686
-2.062731
-2.169352
-2.268435
-2.365573
-2.458694
-2.544835
-2.611007
-2.651021
-2.670923
-2.688700
-2.720854
-2.770121
-2.834381
-2.888268
-2.924839
-2.955424
-2.979217
-3.003481
-3.035216
-3.068579
-3.099664
-3.139836
-3.190468
-3.233109
-3.251916
-3.243242
-3.233117
-3.238171
-3.262084
-3.319293
-3.408543
-3.515745
-3.621702
-3.711345
-3.785918
-3.859825
-3.931207
-3.995011
-4.059437
-4.131748
-4.207509
-4.281727
-4.347889
-4.416002
-4.499310
-4.598080
-4.707989
-4.819675
-4.922120
-5.017820
-5.101768
-5.174800
-5.244076
-5.305592
-5.359996
-5.417825
-5.473680
-5.518119
-5.557216
-5.603333
-5.663589
-5.738752
-5.820060
-5.900790
-5.969515
-6.032372
-6.104907
-6.183529
-6.253604
-6.288869
-6.300269
-6.303194
-6.288087
-6.247903
-6.180086
-6.091188
-5.994002
-5.893734
-5.777660
-5.639942
-5.490928
-5.317003
-5.113410
-4.887225
-4.640354
-4.395268
-4.161245
-3.929755
-3.694299
-3.457758
-3.234655
-3.048847
-2.928013
-2.906248
-2.986865
-3.150706
-3.397358
-3.715064
-4.092673
-4.514474
-4.933415
-5.306821
-5.619299
-5.884960
-6.109424
-6.274014
-6.366343
-6.373453
-6.306266
-6.188229
-6.053456
-5.926153
-5.814044
-5.720236
-5.648112
-5.589538
-5.543668
-5.501647
-5.444296
-5.374717
-5.303854
-5.239437
-5.186936
-5.146101
-5.110831
-5.061491
-4.982326
-4.880885
-4.762702
-4.622282
-4.465435
-4.286477
-4.095244
-3.903507
-3.725966
-3.596534
-3.530951
-3.523285
-3.576581
-3.700981
-3.872234
-4.056605
-4.237992
-4.402328
-4.551306
-4.688806
-4.812621
-4.929262
-5.026978
-5.103993
-5.176364
-5.254824
-5.337517
-5.422569
-5.504306
-5.574934
-5.643127
-5.705444
-5.758565
-5.809381
-5.882433
-5.969437
-6.043889
-6.098045
-6.136260
-6.167938
-6.201760
-6.237788
-6.283138
-6.331755
-6.384239
-6.446562
-6.502411
-6.549035
-6.604329
-6.659188
-6.712955
-6.766244
-6.812189
-6.854486
-6.901928
-6.956663
-7.004975
-7.048421
-7.090191
-7.132093
-7.174232
-7.210075
-7.236833
-7.264020
-7.292959
-7.320918
-7.353116
-7.395700
-7.451517
-7.507236
-7.554441
-7.613331
-7.673990
-7.716683
-7.753874
-7.806511
-7.870113
-7.941046
-8.011565
-8.088512
-8.184596
-8.292870
-8.410603
-8.531261
-8.631971
-8.714912
-8.795090
-8.873032
-8.948044
-9.006529
-9.045135
-9.098701
-9.187490
-9.307518
-9.455978
-9.631950
-9.834538
-10.054304
-10.288980
-10.518437
-10.727985
-10.922277
-11.097521
-11.249858
-11.371771
-11.481268
-11.591364
-11.698423
-11.796030
-11.873367
-11.930692
-11.986673
-12.062620
-12.177551
-12.324453
-12.499529
-12.699215
-12.919776
-13.165060
-13.427404
-13.687681
-13.908869
-14.069067
-14.175024
-14.248018
-14.286503
-14.287817
-14.285494
-14.304180
-14.346163
-14.412848
-14.506897
-14.632563
-14.775137
-14.915964
-15.047129
-15.168270
-15.273769
-15.369259
-15.462006
-15.564911
-15.698563
-15.865396
-16.054714
-16.253214
-16.455025
-26.725628
-16.796665
-5.688261
-5.768530
-5.844739
-5.925117
-6.015571
-6.125279
-6.242794
-6.352586
-6.457363
-6.563106
-6.673209
-6.782270
-6.904094
-7.048405
-7.208232
-7.370473
-7.511166
-7.629516
-7.724789
-7.787830
-7.819238
-7.817974
-7.773974
-7.688057
-7.578850
-7.452939
-7.328606
-7.224010
-7.127783
-7.032457
-6.956374
-6.881626
-6.793138
-6.702964
-6.608650
-6.512261
-6.429583
-6.369662
-6.329888
-6.288984
-6.232173
-6.168985
-6.099774
-6.034612
-5.988327
-5.961053
-5.954130
-5.955355
-5.940503
-5.900681
-5.845670
-5.782452
-5.708799
-5.637715
-5.569901
-5.504201
-5.439661
-5.379166
-5.330424
-5.306141
-5.312707
-5.341758
-5.364510
-5.352948
-5.307047
-5.256970
-5.214774
-5.173555
-5.135520
-5.087503
-5.027465
-4.963386
-4.890001
-4.796153
-4.692753
-4.580690
-4.467231
-4.370796
-4.304025
-4.252316
-4.197834
-4.132316
-4.062447
-3.981925
-3.895275
-3.809626
-3.723813
-3.647974
-3.583543
-3.520085
-3.456339
-3.390231
-3.330206
-3.276980
-3.215081
-3.132036
-3.023417
-2.900692
-2.772845
-2.643165
-2.517916
-2.401408
-2.289402
-2.177464
-2.063775
-1.931578
-1.751037
-1.513265
-1.240872
-0.939265
-0.614117
-0.283617
0.059311
0.430469
0.830709
1.249491
1.680429
2.087431
2.445400
2.740258
2.940056
3.025407
3.004628
2.885938
2.684497
2.432558
2.141634
1.838091
1.553892
1.294974
1.068709
0.911163
0.856130
0.920742
1.099113
1.359866
1.668769
1.991746
2.282934
2.520959
2.707217
2.862133
3.011012
3.166003
3.333711
3.515519
3.726278
3.978936
4.277197
4.598848
4.907160
5.191080
5.467637
5.736790
6.001091
6.296291
6.646770
7.044445
7.458914
7.856305
8.205993
8.505312
8.739380
8.894119
8.970511
8.983712
8.971146
8.956595
8.940487
8.942256
8.983609
9.061643
9.155582
9.233467
9.286602
9.327064
9.372574
9.429527
9.500181
9.587132
9.689984
9.796398
9.901737
9.995914
10.067888
10.125827
10.182596
10.247316
10.320866
10.402894
10.491652
10.580765
10.668816
10.764542
10.866157
10.958309
11.026873
11.074692
11.115702
11.162811
11.207857
11.246059
11.289757
11.346448
11.411551
11.473608
11.532021
11.590716
11.650787
11.715794
11.784443
11.852802
11.922134
11.997625
12.083267
12.180979
12.277076
12.372226
12.466188
12.549414
12.616732
12.668244
12.720479
12.774031
12.831497
12.894389
12.947217
12.993665
13.040874
13.075911
13.103386
13.142045
13.202635
13.286016
13.380411
13.466852
13.538618
13.598982
13.651955
13.700713
13.761907
13.837127
13.908087
13.960924
13.986169
13.999483
14.007803
14.005091
13.993097
13.965057
13.917871
13.864336
13.814260
13.760651
13.707205
13.661940
13.622683
13.589451
13.574017
13.584885
13.606411
13.621933
13.630569
13.635863
13.633750
13.617887
13.589338
13.542327
13.469195
13.368682
13.254442
13.128605
13.003517
12.897351
12.844742
12.873695
12.972677
13.120056
13.292577
13.471508
13.640957
13.792025
13.908097
13.983218
14.025974
14.044281
14.048165
14.041335
14.030928
14.035267
14.068731
14.101790
14.113461
14.114407
14.102673
14.085465
14.078743
14.085699
-7.595466
13.983710
3.576172
3.405236
3.231812
3.053451
2.879893
2.717380
2.565361
2.414862
2.251965
2.072368
1.880199
1.675313
1.448434
1.191715
0.899077
0.580649
0.249659
-0.081674
-0.402391
-0.718206
-1.027364
-1.328678
-1.615686
-1.842409
-1.974264
-2.017797
-1.997005
-1.925926
-1.832975
-1.744562
-1.668882
-1.619043
-1.599355
-1.608123
-1.638259
-1.702251
-1.811105
-1.939706
-2.058965
-2.161581
-2.240539
-2.298141
-2.333896
-2.349868
-2.355098
-2.373039
-2.409374
-2.453866
-2.509351
-2.589897
-2.694578
-2.799652
-2.884931
-2.944974
-2.985670
-3.013675
-3.034994
-3.055778
-3.080478
-3.132553
-3.210783
-3.295703
-3.375515
-3.440462
-3.488025
-3.519662
-3.539814
-3.554164
-3.582313
-3.624654
-3.678764
-3.745550
-3.800626
-3.836439
-3.866720
-3.890018
-3.914405
-3.955505
-4.010868
-4.061056
-4.093324
-4.111873
-4.141437
-4.204002
-4.294330
-4.401212
-4.511329
-4.622947
-4.735248
-4.842662
-4.934085
-5.008066
-5.072570
-5.131086
-5.180547
-5.211475
-5.221744
-5.225715
-5.235176
-5.240272
-5.228282
-5.205537
-5.167240
-5.094303
-4.981784
-4.837999
-4.678743
-4.503612
-4.304243
-4.086412
-3.856405
-3.618499
-3.390998
-3.171728
-2.947038
-2.713300
-2.475700
-2.241975
-2.036514
-1.888561
-1.812482
-1.843523
-2.006456
-2.286190
-2.637493
-3.026546
-3.440187
-3.864282
-4.284235
-4.681880
-5.052021
-5.376585
-5.626659
-5.793199
-5.873958
-5.868913
-5.803985
-5.709756
-5.610034
-5.525419
-5.462657
-5.417873
-5.367618
-5.290212
-5.180553
-5.046371
-4.914629
-4.797653
-4.679765
-4.556243
-4.443433
-4.340925
-4.235237
-4.133007
-4.034843
-3.918836
-3.771745
-3.597999
-3.409301
-3.222108
-3.032554
-2.838649
-2.661907
-2.537431
-2.488136
-2.507115
-2.566668
-2.649237
-2.764090
-2.908185
-3.058097
-3.199632
-3.334590
-3.459234
-3.574573
-3.664777
-3.729148
-3.787014
-3.832510
-3.857643
-3.884798
-3.929277
-3.984684
-4.034685
-4.075183
-4.116441
-4.166662
-4.204496
-4.223646
-4.227254
-4.229764
-4.248127
-4.291393
-4.342329
-4.394762
-4.458082
-4.528091
-4.605567
-4.687547
-4.766889
-4.841051
-4.907375
-4.963027
-5.006893
-5.041475
-5.079347
-5.130178
-5.181346
-5.225925
-5.272092
-5.328763
-5.398214
-5.487979
-5.589336
-5.692777
-5.792665
-5.879514
-5.940250
-5.987298
-6.036008
-6.085647
-6.131996
-6.176208
-6.224002
-6.283998
-6.354412
-6.427694
-6.506422
-6.591987
-6.677436
-6.767473
-6.863386
-6.954662
-7.035165
-7.109052
-7.183586
-7.264694
-7.341865
-7.405279
-7.465221
-7.520219
-7.565866
-7.622098
-7.710142
-7.822916
-7.949466
-8.090839
-8.261906
-8.474777
-8.724451
-8.984774
-9.245495
-9.492180
-9.722500
-9.931345
-10.108843
-10.269979
-10.430984
-10.598192
-10.767216
-10.931120
-11.090094
-11.248367
-11.418953
-11.595415
-11.757866
-11.911936
-12.066868
-12.210344
-12.357931
-12.532080
-12.726940
-12.924520
-13.114908
-13.280687
-13.388834
-13.423897
-13.398199
-13.334211
-13.262651
-13.214334
-13.190321
-13.197515
-13.240316
-13.313353
-13.407585
-13.514248
-13.616385
-13.709957
-13.815931
-13.953054
-14.129160
-14.323973
-14.521347
-14.713018
-14.895910
-15.055201
-15.191063
-29.058493
-15.400797
-6.133210
-6.181912
-6.259866
-6.378258
-6.543457
-6.743674
-6.949563
-7.138256
-7.322318
-7.511152
-7.700827
-7.888382
-8.070139
-8.256248
-8.448174
-8.639429
-8.819332
-8.970522
-9.085360
-9.164471
-9.203112
-9.215054
-9.201714
-9.155151
-9.078297
-8.978518
-8.863836
-8.756605
-8.682829
-8.627417
-8.563482
-8.485561
-8.396463
-8.301411
-8.202888
-8.109535
-8.032139
-7.966072
-7.917254
-7.883718
-7.846772
-7.791951
-7.712347
-7.625924
-7.548076
-7.472825
-7.390507
-7.291507
-7.187953
-7.100225
-7.028401
-6.964377
-6.901079
-6.837182
-6.763296
-6.674878
-6.575892
-6.481149
-6.397866
-6.324956
-6.269413
-6.220484
-6.162042
-6.101754
-6.054464
-6.008725
-5.950320
-5.881706
-5.811419
-5.745752
-5.673270
-5.591301
-5.498479
-5.392775
-5.298112
-5.220767
-5.156275
-5.095582
-5.031395
-4.970815
-4.907593
-4.830615
-4.747652
-4.669104
-4.608375
-4.552958
-4.499623
-4.446029
-4.378165
-4.323442
-4.290663
-4.246352
-4.187795
-4.120141
-4.036376
-3.934353
-3.813735
-3.677835
-3.540392
-3.420452
-3.319697
-3.221079
-3.121858
-3.005421
-2.847488
-2.650200
-2.427661
-2.187040
-1.922070
-1.628929
-1.312283
-0.981860
-0.631329
-0.255673
0.143713
0.561148
0.979346
1.374283
1.729450
2.024006
2.233274
2.357493
2.396258
2.350088
2.233063
2.042768
1.792211
1.493359
1.161684
0.842541
0.567978
0.351237
0.209780
0.159772
0.201573
0.328711
0.532857
0.788467
1.056619
1.310481
1.537409
1.736930
1.921257
2.096036
2.269278
2.457010
2.654004
2.850512
3.047452
3.257092
3.497806
3.747882
3.988424
4.239757
4.510016
4.791439
5.081126
5.381424
5.688440
5.978756
6.251183
6.527993
6.795124
7.032104
7.223902
7.352995
7.413466
7.420193
7.390256
7.346013
7.316059
7.309293
7.318752
7.335500
7.367543
7.428734
7.507144
7.593195
7.692044
7.800135
7.899958
7.989636
8.072786
8.132668
8.169554
8.203354
8.247514
8.308065
8.391601
8.500284
8.621132
8.746123
8.871191
8.984233
9.082775
9.169670
9.240504
9.316582
9.404884
9.484852
9.544083
9.585198
9.614393
9.647465
9.699608
9.766642
9.831704
9.891762
9.951729
10.018278
10.089190
10.174186
10.281176
10.400698
10.524698
10.652819
10.775928
10.878536
10.964064
11.041651
11.113131
11.171174
11.216660
11.268225
11.326761
11.379835
11.433129
11.494017
11.556263
11.611719
11.663021
11.727810
11.799881
11.876764
11.952236
12.006420
12.049636
12.095547
12.157347
12.235537
12.319746
12.405932
12.488482
12.562397
12.610979
12.654823
12.708282
12.755559
12.773043
12.754633
12.710146
12.647550
12.575006
12.493690
12.408855
12.330111
12.259032
12.197262
12.140953
12.089096
12.042263
12.007997
11.982313
11.954428
11.925266
11.888760
11.847180
11.806351
11.756853
11.679773
11.566534
11.425902
11.296328
11.198225
11.135668
11.129614
11.181178
11.283701
11.424320
11.580338
11.736841
11.874537
11.978193
12.057404
12.123356
12.181843
12.235457
12.276066
12.309233
12.341984
12.362688
12.361220
12.330904
12.290964
12.247904
12.204329
12.176259
12.180185
-12.736103
12.224649
4.157042
4.040323
3.905455
3.745065
3.561234
3.368714
3.174499
2.977834
2.783938
2.606000
2.430326
2.238234
2.042732
1.849855
1.665320
1.503648
1.358051
1.216374
1.077489
0.941629
0.806101
0.663317
0.498828
0.308689
0.102080
-0.119357
-0.363295
-0.631338
-0.911403
-1.180218
-1.419586
-1.629651
-1.796946
-1.910002
-1.978425
-2.019003
-2.040531
-2.058473
-2.069707
-2.075039
-2.099365
-2.143872
-2.195362
-2.256790
-2.313981
-2.363135
-2.409944
-2.457108
-2.512597
-2.575702
-2.636823
-2.694733
-2.754385
-2.810159
-2.869923
-2.934553
-2.991426
-3.036057
-3.086300
-3.147972
-3.224105
-3.317242
-3.412775
-3.506932
-3.597149
-3.682308
-3.765855
-3.851660
-3.941978
-4.035563
-4.123755
-4.205334
-4.278718
-4.330993
-4.370148
-4.415763
-4.467292
-4.507875
-4.544870
-4.591294
-4.650536
-4.719868
-4.793767
-4.865702
-4.937117
-5.010980
-5.087832
-5.162718
-5.227468
-5.295581
-5.378363
-5.472129
-5.565495
-5.655346
-5.724220
-5.753619
-5.744699
-5.704674
-5.636222
-5.545784
-5.439083
-5.323480
-5.194523
-5.048691
-4.884530
-4.706084
-4.499313
-4.266761
-4.029346
-3.787971
-3.541065
-3.296216
-3.057167
-2.824230
-2.598170
-2.379508
-2.208820
-2.131965
-2.171080
-2.311443
-2.531547
-2.824321
-3.196299
-3.622629
-4.061904
-4.497759
-4.901756
-5.258746
-5.546289
-5.739349
-5.819942
-5.790003
-5.678122
-5.517976
-5.349082
-5.208303
-5.109134
-5.039963
-4.987947
-4.952592
-4.946153
-4.947535
-4.929410
-4.883281
-4.791485
-4.655956
-4.497933
-4.332442
-4.175108
-4.031169
-3.887251
-3.719888
-3.514873
-3.274251
-3.015297
-2.742311
-2.492238
-2.303642
-2.179071
-2.117089
-2.122935
-2.204769
-2.348094
-2.527935
-2.715996
-2.899600
-3.079400
-3.249023
-3.392864
-3.502581
-3.587379
-3.648309
-3.694752
-3.732927
-3.742010
-3.723622
-3.696350
-3.667337
-3.654094
-3.662752
-3.677339
-3.683265
-3.680317
-3.676130
-3.684630
-3.718291
-3.769215
-3.812280
-3.828532
-3.840715
-3.865802
-3.895106
-3.931034
-3.983747
-4.053355
-4.129644
-4.201807
-4.276326
-4.358654
-4.453804
-4.558343
-4.655427
-4.733620
-4.783704
-4.813010
-4.845211
-4.892371
-4.939025
-4.981085
-5.022775
-5.069280
-5.128548
-5.198976
-5.265107
-5.328863
-5.401695
-5.485463
-5.573973
-5.659716
-5.739886
-5.819481
-5.902571
-5.980773
-6.046945
-6.098642
-6.138080
-6.171746
-6.212761
-6.271463
-6.351510
-6.448389
-6.550741
-6.645457
-6.713715
-6.765030
-6.818377
-6.885283
-6.962746
-7.038896
-7.104835
-7.154985
-7.191979
-7.225324
-7.264290
-7.310835
-7.368894
-7.435076
-7.495781
-7.568248
-7.675655
-7.811661
-7.961545
-8.120709
-8.287947
-8.456433
-8.622386
-8.783699
-8.938701
-9.086503
-9.215351
-9.342257
-9.488627
-9.640150
-9.768885
-9.878242
-9.991816
-10.121973
-10.271625
-10.441963
-10.626278
-10.822965
-11.029284
-11.235209
-11.442387
-11.635623
-11.782866
-11.874815
-11.915936
-11.913109
-11.882257
-11.842948
-11.816880
-11.817289
-11.829257
-11.850047
-11.886406
-11.931516
-11.991023
-12.066063
-12.152145
-12.252950
-12.376778
-12.525206
-12.693654
-12.862812
-13.017159
-13.155732
-13.287749
-31.333530
-13.431804
-5.793842
-5.737019
-5.685657
-5.635360
-5.581189
-5.521457
-5.454933
-5.392380
-5.344484
-5.303827
-5.268429
-5.254451
-5.241484
-5.230883
-5.234569
-5.246502
-5.256720
-5.271007
-5.282692
-5.291594
-5.312170
-5.343255
-5.379450
-5.423479
-5.453789
-5.461478
-5.454399
-5.439354
-5.415669
-5.389165
-5.341696
-5.261096
-5.172645
-5.102789
-5.065365
-5.056510
-5.053187
-5.051868
-5.048259
-5.033379
-5.006755
-4.984201
-4.959118
-4.919481
-4.868495
-4.796238
-4.701358
-4.617828
-4.574835
-4.569694
-4.578157
-4.571629
