-0.002193
-0.003199
0.000061
0.005090
0.010211
0.014480
0.013598
0.006684
-0.000367
-0.005175
-0.009998
-0.014100
-0.013523
-0.010856
-0.009607
-0.008085
-0.007909
-0.009811
-0.012344
-0.015764
-0.019259
-0.021890
-0.021282
-0.017208
-0.015105
-0.014370
-0.015300
-0.017250
-0.018904
-0.020040
-0.020498
-0.021018
-0.021485
-0.019953
-0.018809
-0.021467
-0.021722
-0.020593
-0.020083
-0.020613
-0.023181
-0.025137
-0.026062
-0.025789
-0.026267
-0.029146
-0.032745
-0.035541
-0.034745
-0.032180
-0.029478
-0.026433
-0.024041
-0.022440
-0.022838
-0.025330
-0.025870
-0.025412
-0.025313
-0.025090
-0.024783
-0.026870
-0.027189
-0.025809
-0.023669
-0.020126
-0.018501
-0.016397
-0.013340
-0.009544
-0.005826
-0.001706
0.001718
0.000026
-0.002099
-0.001242
-0.001250
-0.000460
-0.000567
-0.001831
-0.002056
-0.000962
-0.000246
0.000997
0.001663
0.000873
0.000764
0.000563
-0.000535
-0.004228
-0.008124
-0.008897
-0.005005
0.001175
0.005304
0.006293
0.006324
0.008169
0.012052
0.015940
0.020588
0.024541
0.025182
0.026000
0.027665
0.028845
0.031699
0.035921
0.039607
0.042033
0.044775
0.049041
0.053367
0.053372
0.050757
0.046186
0.037598
0.027289
0.013859
-0.002082
-0.018606
-0.034732
-0.049258
-0.061091
-0.065763
-0.065090
-0.061629
-0.056746
-0.047128
-0.035269
-0.024512
-0.009424
0.007234
0.020126
0.029692
0.033627
0.031546
0.026902
0.022101
0.015673
0.009237
0.005895
0.007288
0.006687
0.006200
0.009113
0.013105
0.016761
0.021604
0.029679
0.035590
0.036141
0.034038
0.034355
0.036606
0.037269
0.032963
0.024870
0.016644
0.009375
0.002226
-0.006931
-0.016434
-0.022279
-0.024759
-0.023944
-0.020297
-0.015362
-0.011300
-0.009327
-0.007052
-0.003639
-0.000067
0.001665
0.001762
0.002630
0.001366
-0.001911
-0.003640
-0.005221
-0.002860
0.001654
0.003709
0.001543
-0.000116
0.000876
0.001969
-0.001194
-0.006353
-0.005651
-0.003829
-0.005748
-0.008191
-0.009395
-0.008113
-0.006639
-0.004022
-0.002292
-0.003039
-0.005299
-0.007886
-0.009102
-0.008156
-0.006137
-0.005463
-0.006610
-0.006383
-0.001912
-0.000783
-0.003538
-0.005144
-0.005363
-0.003537
-0.000073
0.002244
0.002545
0.003988
0.004967
0.003329
0.002379
0.001820
0.000440
-0.000881
-0.001982
-0.002751
-0.003577
-0.004957
-0.006358
-0.007459
-0.007280
-0.005112
-0.001419
0.001682
0.001817
0.001596
0.002612
0.002622
0.004040
0.003444
0.001631
0.001566
0.002376
0.004072
0.005569
0.006001
0.005901
0.005594
0.005371
0.005792
0.002149
-0.005745
-0.012585
-0.018360
-0.024376
-0.028274
-0.029201
-0.028108
-0.027186
-0.027060
-0.029405
-0.032129
-0.031255
-0.029383
-0.027126
-0.022227
-0.016162
-0.013497
-0.014223
-0.017489
-0.022084
-0.026027
-0.027354
-0.026234
-0.027402
-0.029525
-0.029174
-0.026356
-0.022769
-0.018049
-0.015316
-0.010353
-0.000727
0.007850
0.013489
0.016605
0.017047
0.013155
0.009859
0.005424
0.002050
-0.002401
-0.007522
-0.011675
-0.015845
-0.018499
-0.018445
-0.015390
-0.008854
-0.003708
0.000122
0.004276
0.011397
0.009346
0.004655
0.001585
0.001253
0.002069
0.002231
0.001004
-0.000953
-0.003059
-0.004544
-0.004444
-0.004954
-0.008141
-0.009734
-0.007903
-0.004716
-0.001971
-0.000027
0.002477
0.006190
0.009922
0.009206
0.007213
0.009138
0.011596
0.010728
0.008655
0.005064
-0.000100
-0.004221
-0.006782
-0.009454
-0.009498
-0.007196
-0.003627
-0.001342
-0.001761
-0.001135
0.000583
0.000864
0.003461
0.006318
0.005943
0.003131
-0.000648
-0.003700
-0.002136
0.002548
0.006283
0.006583
0.005666
0.004885
0.003866
0.002269
0.000445
0.001162
0.005508
0.006487
0.002568
-0.001340
-0.002127
-0.000866
-0.001252
-0.003987
-0.002650
-0.001120
-0.002165
-0.002073
0.001594
0.004371
0.004767
0.003896
0.003341
0.005783
0.005824
0.003997
0.004911
0.008106
0.009090
0.007619
0.007361
0.008668
0.008589
0.005402
0.003020
0.002440
0.002293
0.002443
0.002255
0.002967
0.004961
0.009015
0.015029
0.020271
0.023352
0.023235
0.023650
0.025815
0.028081
0.030133
0.029780
0.024736
0.019113
0.012565
0.004798
-0.001064
-0.007727
-0.015298
-0.021350
-0.025450
-0.027390
-0.026900
-0.023019
-0.018100
-0.013175
-0.008593
-0.007303
-0.007321
-0.005921
-0.004706
-0.004164
-0.004640
-0.007391
-0.006449
-0.005482
-0.005551
-0.003479
0.000853
0.007366
0.014423
0.018714
0.019396
0.019883
0.020661
0.021545
0.022633
0.022722
0.019981
0.020255
0.024855
0.029155
0.033477
0.034799
0.036075
0.038421
0.039658
0.039259
0.039389
0.037689
0.033047
0.028365
0.022098
0.013906
0.005222
-0.004365
-0.011167
-0.013784
-0.015595
-0.014570
-0.010183
-0.003885
0.005255
0.012017
0.013757
0.013160
0.012268
0.010793
0.008348
0.004983
0.000848
0.000460
-0.000515
-0.001200
0.000298
0.002035
0.004311
0.004785
0.003516
0.002421
0.002568
0.003223
0.001320
0.002714
0.003843
0.004781
0.005260
0.005351
0.004968
0.004071
0.001874
0.001056
0.003270
0.006200
0.007269
0.006746
0.005395
0.003009
0.000249
-0.001244
-0.001527
0.001100
0.001803
0.000277
-0.000166
0.001011
0.003907
0.007328
0.007659
0.008651
0.010510
0.013027
0.014808
0.011779
0.005121
0.001019
0.001205
0.004024
0.007880
0.008914
0.008119
0.009047
0.008271
0.006082
0.004249
0.003026
0.005865
0.012435
0.019293
0.021828
0.021517
0.018933
0.013424
0.008535
0.004712
0.002921
0.006072
0.010192
0.010756
0.012056
0.014880
0.016519
0.016581
0.012156
0.006293
0.001894
0.000164
-0.001762
-0.006072
-0.011086
-0.016010
-0.017740
-0.018017
-0.016822
-0.014853
-0.015454
-0.019811
-0.022377
-0.021543
-0.018758
-0.013984
-0.009707
-0.008260
-0.009685
-0.011582
-0.012886
-0.011983
-0.011317
-0.012821
-0.015463
-0.019873
-0.024886
-0.028213
-0.026923
-0.023642
-0.017012
-0.008279
0.001243
0.012319
0.021156
0.023483
0.019383
0.013849
0.011269
0.011981
0.010506
0.007689
0.005103
0.003728
0.003111
0.001692
0.001123
0.000425
-0.002187
-0.004599
-0.005104
-0.006195
-0.008556
-0.007884
-0.005986
-0.015683
-0.017621
-0.019983
-0.022811
-0.023195
-0.021238
-0.019691
-0.020706
-0.021728
-0.022319
-0.023283
-0.024102
-0.025299
-0.026642
-0.026348
-0.025542
-0.026740
-0.030643
-0.035312
-0.039224
-0.042447
-0.043892
-0.043278
-0.040518
-0.034664
-0.027522
-0.024324
-0.021164
-0.014435
-0.006429
0.001188
0.006598
0.009107
0.009528
0.010954
0.011223
0.007999
0.002960
-0.001381
-0.006093
-0.011812
-0.015362
-0.015830
-0.014165
-0.012386
-0.010501
-0.009052
-0.008505
-0.006181
-0.002690
-0.001018
-0.002323
-0.004607
-0.004392
0.000601
0.005080
0.007436
0.006750
0.001623
-0.002297
-0.002930
-0.002649
-0.000961
0.001544
0.001959
0.001167
-0.001010
-0.003896
-0.005565
-0.006578
-0.007518
-0.008955
-0.009990
-0.009331
-0.006871
-0.002378
0.000440
0.001358
-0.000368
-0.006867
-0.010828
-0.011089
-0.010598
-0.008736
-0.005240
-0.002664
-0.004141
-0.006690
-0.008597
-0.011606
-0.015734
-0.015036
-0.010253
-0.005900
-0.002149
0.000984
0.001252
0.000913
0.002876
0.005785
0.008482
0.012276
0.016631
0.019590
0.021885
0.025842
0.032010
0.038481
0.043257
0.046064
0.046838
0.046268
0.047319
0.049704
0.050564
0.045615
0.036333
0.027153
0.015766
0.001740
-0.014065
-0.030533
-0.046270
-0.061590
-0.074232
-0.081397
-0.083862
-0.080140
-0.069451
-0.050976
-0.029977
-0.013511
-0.003311
0.007096
0.016754
0.023277
0.025802
0.025821
0.022819
0.019963
0.017972
0.017542
0.018199
0.017878
0.016755
0.013976
0.013127
0.014327
0.014153
0.012830
0.014490
0.018303
0.020675
0.020862
0.021750
0.024397
0.027893
0.031409
0.035129
0.036246
0.031287
0.021017
0.007218
-0.004494
-0.012407
-0.018313
-0.022277
-0.020996
-0.017481
-0.013093
-0.009718
-0.008713
-0.007123
-0.006182
-0.007113
-0.009279
-0.011054
-0.008214
-0.004200
-0.002631
-0.003095
-0.004184
-0.005238
-0.004687
-0.004099
-0.004840
-0.005465
-0.005152
-0.004439
-0.003823
-0.003495
-0.005083
-0.005733
-0.004154
-0.002008
-0.001498
-0.001640
-0.002374
-0.004100
-0.005671
-0.005854
-0.005804
-0.006547
-0.007923
-0.008696
-0.007993
-0.004711
-0.000080
0.003835
0.005366
0.004769
0.002487
-0.001313
-0.003230
-0.002591
-0.004260
-0.004230
-0.003997
-0.006391
-0.008777
-0.009095
-0.008248
-0.007096
-0.004631
-0.004378
-0.006827
-0.006708
-0.006733
-0.008679
-0.010069
-0.010765
-0.011570
-0.012257
-0.012961
-0.009918
-0.005562
-0.005669
-0.009216
-0.010691
-0.008565
-0.005537
-0.003815
-0.004030
-0.006432
-0.008488
-0.008288
-0.007683
-0.009260
-0.013057
-0.015412
-0.017268
-0.019506
-0.020578
-0.021607
-0.023098
-0.023163
-0.022207
-0.021847
-0.021676
-0.021390
-0.023118
-0.028235
-0.032650
-0.031547
-0.026729
-0.025230
-0.025838
-0.029579
-0.033072
-0.034468
-0.036060
-0.036989
-0.033674
-0.029484
-0.024737
-0.016715
-0.007475
0.000625
0.005865
0.009052
0.009030
0.007449
0.003826
-0.003105
-0.010554
-0.016937
-0.015985
-0.011857
-0.009552
-0.008160
-0.005270
-0.003585
-0.005052
-0.006945
-0.008702
-0.011472
-0.014207
-0.016517
-0.017827
-0.017176
-0.010441
-0.016516
-0.021263
-0.022076
-0.020721
-0.019122
-0.018386
-0.019560
-0.021272
-0.022034
-0.022792
-0.025262
-0.029045
-0.033093
-0.035427
-0.036062
-0.035246
-0.033309
-0.034698
-0.037767
-0.035238
-0.027340
-0.018092
-0.010477
-0.004799
0.000203
0.003953
0.006238
0.009018
0.013261
0.016456
0.017760
0.017621
0.015386
0.011570
0.007496
0.003670
0.003072
0.004909
0.006883
0.009395
0.012615
0.015828
0.018134
0.016360
0.013302
0.010411
0.005090
-0.000394
-0.002158
-0.001351
0.002246
0.007652
0.009889
0.008711
0.007115
0.006425
0.006233
0.007466
0.007788
0.007479
0.009010
0.009424
0.007905
0.006740
0.005535
0.004019
0.000497
-0.002382
-0.003954
-0.007654
-0.009683
-0.010088
-0.010099
-0.005858
0.002113
0.009943
0.012300
0.013179
0.015437
0.014388
0.012681
0.010340
0.006046
0.004059
0.004905
0.003068
-0.001173
-0.003327
-0.003475
-0.002736
-0.001090
0.002058
0.004490
0.004364
0.004067
0.004770
0.006926
0.010054
0.012685
0.012781
0.011977
0.015297
0.021801
0.027997
0.034748
0.043845
0.051097
0.055770
0.061829
0.067160
0.068904
0.067099
0.064232
0.061553
0.061136
0.056958
0.048441
0.041459
0.031732
0.017597
0.001615
-0.014505
-0.032044
-0.048357
-0.060052
-0.066365
-0.069139
-0.069399
-0.066104
-0.051282
-0.028962
-0.009797
0.006306
0.020890
0.033767
0.041317
0.044044
0.042733
0.038195
0.033777
0.029228
0.025282
0.023666
0.025419
0.026763
0.026911
0.027126
0.028107
0.029309
0.032563
0.033581
0.030797
0.028439
0.027597
0.028753
0.028912
0.031472
0.036681
0.040947
0.042637
0.041482
0.037047
0.029858
0.019681
0.006961
-0.005085
-0.013399
-0.017611
-0.017066
-0.012752
-0.008088
-0.003671
0.000904
0.002292
0.002559
0.003627
0.004103
0.004704
0.007033
0.010903
0.015757
0.018419
0.016091
0.013028
0.009744
0.005425
0.002360
0.003027
0.005609
0.007671
0.007060
0.005962
0.006288
0.006591
0.006289
0.004586
0.001821
-0.000670
-0.001585
-0.001152
-0.000983
0.000311
0.004185
0.008216
0.011102
0.012820
0.012581
0.011665
0.011821
0.009642
0.006944
0.006631
0.007525
0.007799
0.005253
0.003150
0.003724
0.005342
0.005758
0.003377
0.000195
-0.001791
-0.002762
-0.002807
-0.002703
-0.001624
-0.001127
-0.001505
-0.004071
-0.006764
-0.007275
-0.004648
-0.001168
0.001796
0.005022
0.006747
0.005021
0.003373
0.003896
0.005428
0.006143
0.005742
0.005704
0.002426
0.000014
-0.000745
-0.001986
-0.004992
-0.010221
-0.014857
-0.016922
-0.017278
-0.017398
-0.016162
-0.015616
-0.016240
-0.014866
-0.011343
-0.010386
-0.012389
-0.013982
-0.013798
-0.014303
-0.017242
-0.021201
-0.022860
-0.021368
-0.021422
-0.019903
-0.018375
-0.017868
-0.015292
-0.012939
-0.009906
-0.003692
0.001467
0.007471
0.015143
0.020640
0.020802
0.020414
0.017954
0.014640
0.010629
0.006860
0.006314
0.005928
0.001788
-0.004235
-0.008488
-0.010130
-0.007610
-0.004972
-0.003902
-0.001745
-0.001461
-0.000259
0.002004
0.002696
-0.008612
-0.011442
-0.015604
-0.021092
-0.027908
-0.030964
-0.030860
-0.032952
-0.037546
-0.040062
-0.040873
-0.040933
-0.042040
-0.044490
-0.045648
-0.044938
-0.043299
-0.044122
-0.046287
-0.046483
-0.041616
-0.035147
-0.028582
-0.021745
-0.014995
-0.008678
-0.005088
-0.004017
-0.003671
-0.002650
-0.002339
-0.001765
0.001694
0.003943
0.002685
-0.002545
-0.005552
-0.005496
-0.004960
-0.005541
-0.006199
-0.005138
-0.003280
0.000271
0.002683
0.002777
0.000560
-0.002027
-0.002946
-0.002051
-0.002825
-0.005373
-0.005150
-0.004379
-0.006283
-0.009841
-0.012933
-0.013315
-0.012448
-0.010433
-0.009528
-0.009963
-0.008189
-0.004145
-0.002604
-0.004908
-0.008879
-0.009632
-0.008254
-0.008404
-0.007350
-0.005997
-0.007504
-0.008575
-0.008539
-0.008144
-0.007579
-0.007430
-0.008486
-0.007598
-0.005816
-0.004756
-0.002230
-0.000350
-0.000273
-0.001768
-0.006519
-0.008626
-0.008686
-0.010079
-0.010072
-0.007382
-0.002896
-0.000935
-0.000765
0.000417
0.001371
0.001893
0.003244
0.005030
0.004394
0.002525
0.006382
0.015135
0.023759
0.030585
0.034790
0.036910
0.038255
0.042396
0.048690
0.054491
0.056108
0.056683
0.056651
0.053360
0.045523
0.028225
0.004922
-0.016196
-0.034154
-0.047396
-0.053726
-0.056219
-0.059854
-0.066977
-0.071740
-0.071859
-0.066757
-0.057147
-0.044620
-0.025645
-0.003407
0.014602
0.027492
0.035224
0.036302
0.034073
0.028863
0.022000
0.015155
0.008291
0.002432
0.002043
0.007328
0.009166
0.005088
0.000253
-0.000531
0.004262
0.013259
0.020634
0.021968
0.021278
0.021361
0.021825
0.024374
0.028149
0.031005
0.027612
0.020093
0.013011
0.006741
-0.001051
-0.009707
-0.017305
-0.020897
-0.021053
-0.020973
-0.021461
-0.020197
-0.015457
-0.011780
-0.011105
-0.011889
-0.012223
-0.008425
-0.006313
-0.007929
-0.008705
-0.008428
-0.005110
0.000113
0.000091
-0.001939
-0.003055
-0.004403
-0.005250
-0.005060
-0.003479
-0.003923
-0.005047
-0.006055
-0.007535
-0.009342
-0.011091
-0.010615
-0.007790
-0.005968
-0.007056
-0.009985
-0.014305
-0.018728
-0.021051
-0.018281
-0.013524
-0.009416
-0.008636
-0.008807
-0.008547
-0.006391
-0.003705
-0.004078
-0.004563
-0.003688
-0.004564
-0.006754
-0.007520
-0.006795
-0.006573
-0.006549
-0.006639
-0.006400
-0.006483
-0.008411
-0.009249
-0.007208
-0.005410
-0.005004
-0.005293
-0.007058
-0.009046
-0.009413
-0.006386
-0.003754
-0.003714
-0.004865
-0.005499
-0.003933
-0.003771
-0.006319
-0.007305
-0.008180
-0.008287
-0.006200
-0.006752
-0.010169
-0.013472
-0.015807
-0.017540
-0.019793
-0.022695
-0.025832
-0.026733
-0.027715
-0.028234
-0.026638
-0.026636
-0.029561
-0.032732
-0.032648
-0.028272
-0.024438
-0.026499
-0.031181
-0.034811
-0.036945
-0.036702
-0.035537
-0.033326
-0.030771
-0.027377
-0.019963
-0.010973
-0.004179
-0.001288
-0.000747
0.002272
0.006806
0.009965
0.011202
0.010862
0.009237
0.006563
0.000890
-0.004951
-0.006252
-0.007471
-0.010208
-0.013865
-0.017288
-0.018211
-0.016748
-0.016744
-0.015257
-0.013950
-0.014333
-0.013309
-0.012263
-0.015341
-0.009835
-0.014048
-0.016751
-0.019535
-0.023067
-0.026445
-0.027387
-0.029681
-0.032811
-0.032657
-0.031230
-0.030123
-0.030445
-0.032715
-0.035025
-0.036089
-0.036090
-0.032320
-0.023933
-0.015993
-0.010730
-0.006437
-0.002233
0.003433
0.009829
0.016129
0.021544
0.023408
0.021405
0.016549
0.012515
0.009548
0.006861
0.004819
0.004478
0.005571
0.006384
0.004124
0.000899
0.000320
0.001267
0.001663
0.001317
0.000965
0.003524
0.008213
0.011818
0.013100
0.012077
0.009586
0.008035
0.008778
0.010294
0.010239
0.009819
0.009117
0.007361
0.005021
0.005339
0.007173
0.008165
0.008527
0.011954
0.015062
0.015273
0.015930
0.015421
0.013428
0.010494
0.010478
0.014736
0.019379
0.019766
0.014754
0.009436
0.005939
0.004040
0.002570
-0.000279
0.000217
0.002362
0.001911
0.002517
0.005928
0.009523
0.011109
0.010996
0.008079
0.004643
0.002007
0.001476
0.003256
0.004029
0.003438
0.004908
0.007840
0.008994
0.008613
0.007798
0.006984
0.009195
0.013340
0.018056
0.024864
0.033448
0.042466
0.050185
0.055431
0.059862
0.064015
0.066551
0.066100
0.063534
0.060707
0.060640
0.062295
0.059620
0.053140
0.043598
0.029329
0.012120
-0.006178
-0.022951
-0.036932
-0.046946
-0.051834
-0.053151
-0.052912
-0.050030
-0.044196
-0.033290
-0.019767
-0.006052
0.011283
0.026671
0.034161
0.038491
0.040054
0.038118
0.034317
0.029421
0.027165
0.028527
0.029371
0.029327
0.031890
0.036023
0.039005
0.039627
0.037339
0.035972
0.032028
0.029090
0.034359
0.040144
0.040555
0.041676
0.041205
0.039837
0.040843
0.035852
0.024665
0.013329
0.003769
-0.007047
-0.013609
-0.016647
-0.016665
-0.014695
-0.012411
-0.009221
-0.002517
0.005795
0.011482
0.011826
0.007741
0.002728
0.000818
-0.000530
0.000712
0.004401
0.004756
0.006341
0.008403
0.007153
0.004571
0.001345
-0.000210
-0.001226
-0.002573
-0.002891
-0.000530
0.003811
0.004582
0.001706
-0.000547
-0.001694
0.000046
0.002461
0.002666
0.002530
0.004134
0.006721
0.008691
0.009573
0.007502
0.003959
0.003988
0.007590
0.009297
0.008596
0.009796
0.011372
0.011359
0.009904
0.008357
0.007564
0.005655
0.004179
0.003392
0.001287
-0.000814
-0.003035
-0.003468
-0.001795
0.000116
0.001803
0.001902
0.001574
0.004983
0.008802
0.010639
0.008838
0.005756
0.002554
0.001446
0.002867
0.004836
0.006606
0.007373
0.006980
0.008091
0.010492
0.008104
0.003345
0.001321
0.001692
0.001538
-0.001022
-0.006366
-0.012811
-0.019831
-0.025295
-0.026667
-0.023577
-0.020156
-0.017542
-0.015068
-0.011888
-0.008178
-0.006211
-0.006550
-0.005369
-0.003660
-0.005526
-0.009141
-0.011913
-0.014109
-0.015643
-0.016333
-0.013604
-0.008923
-0.005937
-0.002590
0.000303
0.001007
0.004235
0.009008
0.010671
0.008759
0.005614
0.004171
0.003082
0.004556
0.008899
0.011689
0.013331
0.011709
0.007194
0.001854
-0.003530
-0.005908
-0.006720
-0.007069
-0.007069
-0.008071
-0.008701
-0.008445
-0.006563
-0.004309
-0.014022
-0.012403
-0.014978
-0.018732
-0.021855
-0.024721
-0.026619
-0.029319
-0.033549
-0.038040
-0.038860
-0.036834
-0.036450
-0.037640
-0.038419
-0.038453
-0.037397
-0.036395
-0.036847
-0.039813
-0.043331
-0.043379
-0.040128
-0.036818
-0.032147
-0.024060
-0.016416
-0.012564
-0.011292
-0.010963
-0.010224
-0.008996
-0.005524
-0.000917
0.002620
0.003010
0.000528
-0.002467
-0.005156
-0.003410
-0.000423
0.000578
0.001728
0.001658
0.000345
0.000019
0.000404
-0.001171
-0.003011
-0.001657
0.002463
0.007217
0.007443
0.004867
0.001656
-0.004157
-0.009823
-0.013039
-0.012917
-0.010160
-0.007541
-0.007353
-0.006899
-0.005626
-0.005787
-0.007214
-0.007857
-0.007621
-0.006185
-0.006487
-0.009158
-0.011897
-0.013879
-0.014253
-0.012665
-0.011481
-0.009388
-0.007424
-0.006765
-0.005443
-0.004260
-0.004891
-0.004539
-0.002564
-0.001723
-0.003075
-0.005628
-0.008218
-0.009243
-0.009151
-0.007053
-0.006022
-0.007746
-0.008844
-0.007409
-0.001368
0.002829
0.004358
0.007514
0.011868
0.016673
0.020364
0.021838
0.022345
0.025010
0.028719
0.030650
0.034956
0.040095
0.044020
0.047624
0.047292
0.045374
0.044989
0.045736
0.045957
0.043571
0.036974
0.025638
0.008356
-0.009580
-0.024215
-0.038715
-0.051123
-0.061653
-0.069474
-0.069069
-0.061188
-0.050570
-0.042316
-0.035073
-0.024674
-0.012101
0.002732
0.015699
0.024602
0.027523
0.026205
0.023493
0.020245
0.016453
0.014031
0.011766
0.011132
0.013863
0.015977
0.016146
0.015032
0.013008
0.011002
0.010053
0.012524
0.017694
0.021530
0.024402
0.028276
0.031132
0.034959
0.037093
0.037181
0.034739
0.026403
0.015311
0.005218
-0.005464
-0.017962
-0.026246
-0.028576
-0.028100
-0.025200
-0.022585
-0.020609
-0.018148
-0.016766
-0.013374
-0.009728
-0.008883
-0.009855
-0.010505
-0.010944
-0.010413
-0.008463
-0.008022
-0.007045
-0.005492
-0.005009
-0.008816
-0.011198
-0.008983
-0.005470
-0.002719
-0.001597
-0.001964
-0.002293
-0.003863
-0.004348
-0.004962
-0.006712
-0.005574
-0.003983
-0.005544
-0.005511
-0.005353
-0.005233
-0.003850
-0.003080
-0.003937
-0.005232
-0.004156
-0.003355
-0.002968
-0.002837
-0.002775
-0.001645
-0.000016
-0.000081
-0.000473
-0.000316
-0.000965
-0.002691
-0.004974
-0.004918
-0.003332
-0.005322
-0.005564
-0.002399
-0.001528
-0.004317
-0.006249
-0.007484
-0.007390
-0.008490
-0.011797
-0.013908
-0.015555
-0.016050
-0.012549
-0.009368
-0.008816
-0.008324
-0.007725
-0.004807
-0.001277
-0.003861
-0.009983
-0.015397
-0.020336
-0.025114
-0.029795
-0.032810
-0.035402
-0.034395
-0.030827
-0.028181
-0.024919
-0.020951
-0.015683
-0.013555
-0.013580
-0.012924
-0.011207
-0.007679
-0.004259
-0.004130
-0.007664
-0.014506
-0.020066
-0.024872
-0.029022
-0.032566
-0.036784
-0.039747
-0.039379
-0.032490
-0.021769
-0.012207
-0.006427
-0.000343
0.006268
0.006974
0.003394
-0.000569
-0.004818
-0.009560
-0.015042
-0.017963
-0.017703
-0.016098
-0.014390
-0.011662
-0.009927
-0.009446
-0.011251
-0.016670
-0.022482
-0.026428
-0.028075
-0.028651
-0.028491
-0.029603
-0.019532
-0.019089
-0.018476
-0.019237
-0.020950
-0.024315
-0.025743
-0.024382
-0.023384
-0.023430
-0.024142
-0.023988
-0.026270
-0.030270
-0.033051
-0.033537
-0.029862
-0.025975
-0.021933
-0.016220
-0.010595
-0.004880
0.002548
0.009822
0.013845
0.016800
0.016623
0.013244
0.011874
0.011786
0.008392
0.008048
0.010299
0.010495
0.011129
0.011428
0.009000
0.004962
0.001343
0.001522
0.004321
0.005430
0.006479
0.005737
0.002461
-0.000782
-0.004280
-0.005685
-0.002927
0.001379
0.003977
0.005343
0.007124
0.006646
0.006037
0.005648
0.005469
0.004720
0.002540
-0.001878
-0.007363
-0.011383
-0.010254
-0.004171
0.001880
0.002651
0.001261
0.001070
0.000492
0.002183
0.004200
0.004829
0.006410
0.009967
0.011612
0.013034
0.013229
0.010290
0.005155
0.002568
0.003085
0.005013
0.005695
0.007441
0.008427
0.008115
0.007949
0.006046
0.004011
0.003926
0.004123
0.004648
0.003598
0.002387
0.003926
0.007647
0.012042
0.014413
0.015202
0.015534
0.014914
0.013503
0.012754
0.012669
0.012756
0.015803
0.024144
0.034056
0.040079
0.045240
0.049431
0.050357
0.052465
0.057314
0.062294
0.065426
0.067527
0.063366
0.054841
0.043817
0.027258
0.007304
-0.011289
-0.028522
-0.043037
-0.051879
-0.058743
-0.060984
-0.057616
-0.053198
-0.047522
-0.035535
-0.017614
0.003328
0.023166
0.037498
0.045933
0.048382
0.042781
0.033474
0.024434
0.018918
0.017761
0.018710
0.020969
0.023635
0.028816
0.036146
0.044054
0.048071
0.045745
0.041470
0.040173
0.038901
0.038043
0.043402
0.053007
0.061209
0.064060
0.061037
0.052734
0.043889
0.032413
0.018521
0.004791
-0.006298
-0.010861
-0.011205
-0.011402
-0.008235
-0.001329
0.005027
0.007740
0.005003
0.000819
-0.001338
-0.000526
0.001447
0.003926
0.006844
0.009674
0.010309
0.010077
0.008082
0.004183
0.001734
0.001578
0.003025
0.004667
0.006251
0.007450
0.007535
0.007369
0.008693
0.009690
0.008083
0.004054
0.000560
-0.000497
0.000604
0.000278
-0.000882
0.000103
0.002450
0.003940
0.003422
0.002858
0.002924
0.003152
0.003967
0.004475
0.004329
0.004537
0.005791
0.007708
0.009838
0.009613
0.009543
0.009363
0.007483
0.004726
0.002019
0.002141
0.002360
0.003058
0.003966
0.002211
0.001170
0.001435
-0.000589
-0.001843
0.000182
0.003996
0.007862
0.009651
0.008208
0.005667
0.003790
0.002693
0.002047
0.004215
0.006596
0.005787
0.002644
-0.002082
-0.004034
-0.004827
-0.006741
-0.008350
-0.011123
-0.014438
-0.015607
-0.015073
-0.015670
-0.015649
-0.014199
-0.013058
-0.011928
-0.008789
-0.004179
-0.002244
-0.003189
-0.004322
-0.004920
-0.006291
-0.008697
-0.010979
-0.014278
-0.018800
-0.023521
-0.025893
-0.027773
-0.027465
-0.024024
-0.014539
-0.000173
0.012176
0.020675
0.025055
0.026169
0.024495
0.021301
0.015193
0.008007
0.002310
-0.001990
-0.004494
-0.006419
-0.007127
-0.004562
0.000568
0.000573
-0.003105
-0.005000
-0.007335
-0.008320
-0.006377
-0.003847
-0.006247
-0.010105
-0.023426
-0.023665
-0.024126
-0.025027
-0.024252
-0.022346
-0.020553
-0.020276
-0.022414
-0.025319
-0.027468
-0.029622
-0.033465
-0.038793
-0.045199
-0.049823
-0.052122
-0.052209
-0.050320
-0.049440
-0.048266
-0.046830
-0.044306
-0.033770
-0.017144
-0.001655
0.009662
0.018532
0.022371
0.021558
0.019303
0.014696
0.009360
0.004426
0.000769
-0.005117
-0.013041
-0.016651
-0.015208
-0.012501
-0.008433
-0.004553
-0.000528
0.003039
0.004929
0.002655
-0.000719
-0.002283
-0.004286
-0.008663
-0.012871
-0.012974
-0.009532
-0.005094
-0.001721
0.000410
0.001520
0.001622
0.000973
-0.003766
-0.008318
-0.009576
-0.008756
-0.006137
-0.003072
-0.000306
0.001651
0.002622
0.000174
-0.002357
-0.004487
-0.006761
-0.004795
-0.001468
-0.000509
0.000669
0.000393
-0.002622
-0.005229
-0.004372
-0.001182
0.001321
-0.000557
-0.006378
-0.011286
-0.014188
-0.014774
-0.015054
-0.015120
-0.014193
-0.011410
-0.008420
-0.006786
-0.005751
-0.004178
-0.000911
0.002668
0.003609
0.002513
0.003201
0.006141
0.007984
0.010650
0.016631
0.023452
0.028856
0.031584
0.034456
0.038818
0.042172
0.044316
0.045638
0.043772
0.042276
0.043157
0.044758
0.045401
0.044520
0.039405
0.029298
0.016757
-0.001849
-0.024722
-0.044959
-0.057465
-0.064257
-0.068814
-0.070853
-0.070246
-0.066345
-0.061420
-0.053439
-0.040453
-0.025855
-0.010931
0.003980
0.014400
0.019480
0.020352
0.017689
0.013883
0.010685
0.011565
0.016258
0.021884
0.026227
0.025886
0.023332
0.023474
0.024413
0.022529
0.020682
0.021229
0.020705
0.020008
0.023096
0.028494
0.033122
0.035745
0.035525
0.035943
0.036564
0.033485
0.024335
0.011221
-0.000668
-0.007722
-0.011668
-0.017271
-0.022471
-0.023628
-0.022252
-0.021124
-0.019320
-0.017650
-0.013230
-0.008701
-0.007521
-0.005350
-0.001764
-0.002079
-0.005175
-0.007120
-0.006046
-0.004128
-0.004007
-0.005440
-0.003237
-0.000059
0.002544
0.002745
0.000004
-0.004331
-0.005691
-0.005963
-0.007851
-0.009124
-0.010564
-0.011407
-0.010962
-0.010066
-0.008635
-0.006644
-0.004494
-0.002721
-0.003104
-0.005286
-0.005335
-0.004186
-0.004430
-0.006301
-0.008604
-0.012099
-0.014063
-0.014372
-0.013676
-0.011341
-0.006700
-0.004198
-0.004402
-0.004497
-0.003846
-0.003512
-0.004172
-0.006238
-0.008032
-0.008592
-0.009513
-0.010595
-0.010515
-0.011258
-0.012187
-0.011410
-0.009655
-0.008572
-0.008666
-0.009712
-0.008899
-0.006341
-0.005600
-0.004631
-0.002962
-0.004731
-0.010215
-0.014544
-0.016910
-0.019401
-0.024539
-0.031838
-0.038237
-0.040032
-0.040037
-0.037587
-0.034795
-0.031104
-0.025728
-0.022853
-0.022811
-0.023905
-0.024157
-0.023388
-0.022606
-0.022337
-0.024307
-0.025211
-0.022725
-0.021293
-0.021455
-0.019514
-0.020214
-0.024753
-0.028326
-0.028725
-0.027403
-0.022952
-0.012663
0.000230
0.010852
0.017558
0.018998
0.015108
0.010938
0.005456
-0.000763
-0.006089
-0.009836
-0.012109
-0.011537
-0.010148
-0.012205
-0.017458
-0.024109
-0.027258
-0.027638
-0.026684
-0.025244
-0.021241
-0.017233
-0.016711
-0.018230
-0.009202
-0.013006
-0.018074
-0.025153
-0.033336
-0.039401
-0.040430
-0.037543
-0.036879
-0.037772
-0.037881
-0.037465
-0.036436
-0.037195
-0.038257
-0.038092
-0.035963
-0.030851
-0.024454
-0.018185
-0.011194
-0.006713
-0.002382
0.003412
0.008737
0.012747
0.015336
0.014055
0.008232
0.004961
0.006434
0.008911
0.010878
0.011964
0.012616
0.011667
0.008755
0.006737
0.003687
0.000998
0.001551
0.004684
0.008993
0.010117
0.008555
0.008005
0.009150
0.012034
0.012820
0.010000
0.007195
0.005749
0.005575
0.005761
0.007625
0.010194
0.012067
0.011325
0.009234
0.007245
0.004009
0.002735
0.004334
0.004586
0.002312
0.002055
0.004262
0.006048
0.006362
0.005511
0.006490
0.007956
0.009819
0.012136
0.010242
0.007256
0.005095
0.004459
0.005015
0.004309
0.004646
0.006869
0.007722
0.006795
0.003616
0.002704
0.002410
0.002486
0.004953
0.002608
-0.001192
0.000949
0.003487
0.005016
0.007855
0.011171
0.014495
0.017026
0.017086
0.013879
0.010446
0.010037
0.010152
0.013160
0.020401
0.027175
0.031494
0.034662
0.038850
0.043618
0.047628
0.050089
0.053693
0.058085
0.062079
0.065081
0.065292
0.061290
0.054318
0.043728
0.028752
0.013834
-0.001189
-0.016225
-0.028817
-0.041694
-0.052109
-0.060462
-0.066194
-0.064024
-0.056250
-0.046109
-0.032877
-0.016910
-0.000935
0.013923
0.027410
0.036420
0.038550
0.036033
0.031447
0.026795
0.024106
0.022303
0.021884
0.024278
0.025845
0.025726
0.025869
0.028226
0.033717
0.035486
0.033872
0.035654
0.038884
0.040792
0.042218
0.044069
0.045207
0.042206
0.039070
0.039898
0.038255
0.032936
0.024997
0.013989
0.001875
-0.007600
-0.013985
-0.016472
-0.014020
-0.009924
-0.006895
-0.005359
-0.002558
0.002437
0.005311
0.006666
0.008909
0.010464
0.009004
0.007305
0.006232
0.002162
-0.001839
-0.002374
-0.000612
0.002208
0.006212
0.010674
0.012941
0.013713
0.013600
0.011393
0.008894
0.006976
0.004299
0.005228
0.007393
0.006073
0.002627
-0.000345
-0.002307
-0.001680
0.001516
0.003972
0.003568
0.002718
0.002769
0.004020
0.004914
0.007453
0.011375
0.013647
0.014462
0.015165
0.014283
0.010736
0.007826
0.006483
0.005363
0.003027
0.000952
0.002222
0.003632
0.002763
0.002830
0.004016
0.003985
0.002616
0.001849
0.004351
0.005791
0.006677
0.006522
0.003002
0.001235
0.001796
0.004616
0.007469
0.008614
0.009090
0.008503
0.006981
0.002580
0.001690
0.003291
0.002290
-0.002868
-0.009132
-0.013686
-0.016882
-0.018589
-0.020114
-0.020631
-0.019493
-0.018220
-0.016656
-0.015673
-0.014824
-0.013874
-0.011578
-0.009971
-0.010366
-0.010670
-0.012018
-0.012858
-0.012680
-0.014172
-0.018899
-0.025062
-0.029660
-0.027577
-0.022058
-0.015845
-0.005885
0.004285
0.013299
0.020065
0.022815
0.022944
0.019708
0.013773
0.009510
0.007233
0.005840
0.004919
0.002724
0.001401
0.001231
-0.000880
-0.004683
-0.009613
-0.011193
-0.011748
-0.011983
-0.009321
-0.003694
0.003312
0.006409
-0.008528
-0.014255
-0.017533
-0.022025
-0.026097
-0.027636
-0.027996
-0.028459
-0.027871
-0.024870
-0.024397
-0.027359
-0.028004
-0.027546
-0.026154
-0.022247
-0.019538
-0.019032
-0.018594
-0.017911
-0.017642
-0.018741
-0.022508
-0.027253
-0.030405
-0.033133
-0.037160
-0.041364
-0.043451
-0.041508
-0.036403
-0.031223
-0.023518
-0.013726
-0.005597
-0.000648
0.002492
0.002909
0.003959
0.004884
0.001484
-0.002081
-0.003275
-0.005045
-0.004440
-0.003168
-0.002834
-0.002899
-0.004317
-0.005518
-0.005116
-0.004616
-0.005008
-0.004474
-0.005336
-0.006347
-0.005100
-0.002965
-0.003889
-0.005834
-0.008304
-0.011239
-0.011678
-0.011499
-0.010897
-0.010150
-0.009979
-0.010379
-0.011082
-0.011557
-0.010664
-0.009662
-0.008315
-0.004678
-0.002463
-0.003659
-0.004728
-0.002882
-0.002286
-0.003937
-0.006191
-0.008048
-0.008994
-0.008740
-0.008712
-0.009226
-0.009793
-0.009439
-0.007643
-0.008160
-0.010632
-0.012504
-0.012482
-0.011992
-0.008424
-0.001538
0.005197
0.010651
0.015529
0.019284
0.022053
0.023475
0.025650
0.028608
0.031973
0.034512
0.039402
0.043828
0.044524
0.045123
0.046138
0.045883
0.044919
0.043807
0.042531
0.041194
0.032707
0.016241
-0.004006
-0.021672
-0.035674
-0.048605
-0.062673
-0.072316
-0.074660
-0.074054
-0.068534
-0.060331
-0.048145
-0.031571
-0.011873
0.007406
0.021602
0.029874
0.031268
0.026419
0.019327
0.014157
0.011156
0.008289
0.003302
0.001955
0.005220
0.010019
0.018099
0.025826
0.029746
0.030932
0.029288
0.026835
0.026873
0.030984
0.037516
0.043719
0.046959
0.049468
0.045507
0.034785
0.023577
0.012477
0.000504
-0.012746
-0.023393
-0.029736
-0.031310
-0.030593
-0.029823
-0.027925
-0.023372
-0.017391
-0.013137
-0.009112
-0.006642
-0.005165
-0.000087
0.004712
0.006300
0.006708
0.003936
0.000126
-0.000780
0.000747
0.002317
0.002520
0.000304
-0.004083
-0.007182
-0.005775
-0.000966
-0.000187
-0.002478
-0.003214
-0.004284
-0.007182
-0.010204
-0.011505
-0.010933
-0.011333
-0.012489
-0.014489
-0.015961
-0.014527
-0.011061
-0.006093
-0.002435
-0.002793
-0.005262
-0.005080
-0.004346
-0.004528
-0.005470
-0.007599
-0.009393
-0.008506
-0.007994
-0.009538
-0.011441
-0.012146
-0.011429
-0.010398
-0.010374
-0.011000
-0.010102
-0.007920
-0.005422
-0.003313
-0.002205
-0.003493
-0.006563
-0.010122
-0.012853
-0.013759
-0.012418
-0.007725
-0.004783
-0.005143
-0.007533
-0.009490
-0.009309
-0.007528
-0.004698
-0.002293
-0.001545
-0.002372
-0.003486
-0.005329
-0.006618
-0.005589
-0.007649
-0.013737
-0.018731
-0.021256
-0.022943
-0.024386
-0.024619
-0.024270
-0.023561
-0.022486
-0.021210
-0.017734
-0.017283
-0.020666
-0.021557
-0.017486
-0.013992
-0.014580
-0.017349
-0.020747
-0.024366
-0.026754
-0.028906
-0.030666
-0.030668
-0.030917
-0.028432
-0.020290
-0.010484
-0.001441
0.006447
0.011514
0.013171
0.011090
0.006667
0.004770
0.003243
0.000418
-0.001201
-0.003701
-0.006373
-0.008291
-0.010922
-0.015020
-0.019354
-0.022823
-0.022911
-0.020251
-0.017551
-0.016521
-0.013370
-0.009107
0.004409
0.006248
0.005328
0.005168
0.005902
0.006938
0.008152
0.007511
0.004974
0.003722
0.002782
-0.001061
-0.001255
-0.001607
-0.004017
-0.005448
-0.005230
-0.006010
-0.005678
-0.005317
-0.007434
-0.009377
-0.010334
-0.011599
-0.009061
-0.005126
-0.002703
-0.001434
-0.000037
0.000477
0.004263
0.010170
0.011692
0.008548
0.002869
-0.002241
-0.003283
-0.003668
-0.003391
-0.001581
0.000356
-0.000325
0.000153
0.002689
0.004745
0.008428
0.012213
0.010156
0.003084
-0.003562
-0.005986
-0.003405
