-0.010765
-0.033025
-0.051321
-0.059437
-0.064592
-0.063077
-0.019175
0.096017
0.283815
0.532803
0.828237
1.169031
1.531093
1.886993
2.242708
2.601394
2.950232
3.281009
3.592201
3.890178
4.190094
4.493592
4.793519
5.093248
5.405159
5.728908
6.055593
6.355440
6.627697
6.890572
7.151331
7.411491
7.664842
7.906588
8.156536
8.424668
8.698494
8.952579
9.183498
9.401104
9.618692
9.840690
10.076274
10.325148
10.569431
10.795749
11.003679
11.199160
11.392923
11.592369
11.794221
11.993589
12.174949
12.336895
12.491997
12.629559
12.743877
12.851930
12.960623
13.065308
13.163757
13.259508
13.350796
13.439965
13.536291
13.632392
13.721567
13.814846
13.912950
14.006755
14.087139
14.157669
14.223372
14.282324
14.332934
14.388266
14.449884
14.502468
14.544361
14.584726
14.626338
14.667082
14.696972
14.696486
14.669611
14.652401
14.651082
14.645123
14.615818
14.572689
14.529031
14.472730
14.403295
14.343235
14.310674
14.310168
14.314504
14.290306
14.225606
14.124179
14.010450
13.901800
13.790260
13.670343
13.544031
13.414508
13.285063
13.167479
13.072318
12.999262
12.939199
12.868763
12.769077
12.638148
12.474228
12.283268
12.090699
11.890389
11.681610
11.479616
11.289882
11.107439
10.918659
10.709813
10.486354
10.252114
9.995532
9.714875
9.406737
9.083671
8.760584
8.442982
8.131156
7.821290
7.514131
7.199045
6.865049
6.519641
6.180463
5.855081
5.548529
5.252546
4.958127
4.658428
4.349993
4.039733
3.732118
3.439331
3.147798
2.855431
2.562155
2.250951
1.935625
1.629133
1.332469
1.035492
0.727984
0.404682
0.063564
-0.292028
-0.658922
-1.030439
-1.403925
-1.778746
-2.144933
-2.494735
-2.833311
-3.161788
-3.488067
-3.809123
-4.126473
-4.451316
-4.786831
-5.123739
-5.462474
-5.799882
-6.122354
-6.433529
-6.751143
-7.076085
-7.383508
-7.667036
-7.945406
-8.231440
-8.523587
-8.816406
-9.103968
-9.391612
-9.685965
-9.984166
-10.276204
-10.571669
-10.876029
-11.172108
-11.457460
-11.721863
-11.955064
-12.157291
-12.332621
-12.490767
-12.642284
-12.790980
-12.949830
-13.122033
-13.293366
-13.457617
-13.613609
-13.765258
-13.915583
-14.063630
-14.203126
-14.338860
-14.470710
-14.594696
-14.712958
-14.831318
-14.930479
-15.012311
-15.093465
-15.182527
-15.274934
-15.369123
-15.462308
-15.552229
-15.636285
-15.702196
-15.746970
-15.780163
-15.813504
-15.841236
-15.860252
-15.878670
-15.893760
-15.899278
-15.899022
-15.891159
-15.863828
-15.819746
-15.761434
-15.700014
-15.654409
-15.630737
-15.623627
-15.638114
-15.653835
-15.675382
-15.683981
-15.645411
-15.567280
-15.461996
-15.338818
-15.204123
-15.067006
-14.933903
-14.809933
-14.699478
-14.599962
-14.492809
-14.392145
-14.305976
-14.218273
-14.141699
-14.068555
-13.970829
-13.842754
-13.695642
-13.556613
-13.429193
-13.310892
-13.209455
-13.123421
-13.031798
-12.923423
-12.792349
-12.639551
-12.466039
-12.252019
-12.002754
-11.747302
-11.484449
-11.210670
-10.932731
-10.651671
-10.362156
-10.056826
-9.742274
-9.439189
-9.147178
-8.852941
-8.565485
-8.282749
-7.987450
-7.688567
-7.386186
-7.064791
-6.733978
-6.412050
-6.098660
-5.778405
-5.450935
-5.132403
-4.280020
-3.961429
-3.639093
-3.308648
-2.971560
-2.623921
-2.255839
-1.877865
-1.497271
-1.116221
-0.743575
-0.382652
-0.017149
0.362689
0.744659
1.105998
1.442250
1.771159
2.111204
2.454012
2.787198
3.110500
3.441458
3.779067
4.115969
4.446086
4.770643
5.081749
5.377464
5.672111
5.967216
6.259262
6.550525
6.843622
7.145157
7.444017
7.727563
7.997727
8.259539
8.510974
8.763073
9.019826
9.287851
9.573235
9.868846
10.170495
10.479342
10.783968
11.070476
11.352481
11.627013
11.873749
12.103626
12.307930
12.470088
12.621218
12.768401
12.913006
13.053476
13.172756
13.264412
13.344330
13.437105
13.551919
13.682738
13.808291
13.914616
14.008027
14.094069
14.178477
14.251436
14.314788
14.380532
14.432367
14.451226
14.454351
14.480631
14.524767
14.569360
14.607338
14.629951
14.626740
14.596076
14.551177
14.508966
14.472068
14.427912
14.384529
14.339560
14.282495
14.218262
14.156138
14.102379
14.051156
13.996590
13.941656
13.895185
13.856807
13.807084
13.738351
13.649189
13.557166
13.471867
13.390998
13.308933
13.207417
13.071099
12.912462
12.755277
12.611609
12.473148
12.315226
12.135383
11.936061
11.732048
11.532759
11.348601
11.176408
10.988742
10.776824
10.533319
10.281241
10.051353
9.837808
9.626470
9.413822
9.200665
8.981393
8.755934
8.523460
8.258397
7.967209
7.670497
7.362854
7.055862
6.763408
6.480449
6.193692
5.901383
5.604388
5.306445
5.006597
4.709198
4.423096
4.141517
3.861650
3.582764
3.299835
3.005649
2.703881
2.404687
2.118444
1.836464
1.548169
1.248014
0.933001
0.613382
0.280692
-0.077536
-0.459163
-0.848605
-1.223755
-1.585415
-1.939618
-2.283990
-2.618151
-2.939151
-3.255447
-3.562818
-3.861975
-4.164038
-4.470312
-4.776775
-5.096582
-5.427987
-5.751940
-6.057010
-6.352997
-6.652178
-6.956422
-7.249695
-7.529916
-7.801589
-8.072393
-8.346981
-8.611229
-8.858690
-9.101315
-9.345025
-9.591896
-9.828191
-10.043504
-10.239000
-10.410782
-10.562225
-10.704247
-10.855611
-11.017733
-11.187229
-11.358478
-11.536485
-11.719949
-11.891322
-12.040289
-12.165701
-12.275909
-12.385890
-12.506274
-12.631337
-12.753769
-12.864319
-12.959417
-13.033379
-13.090909
-13.138437
-13.186398
-13.243659
-13.309511
-13.376446
-13.453852
-13.529632
-13.577291
-13.597466
-13.598826
-13.584963
-13.568493
-13.555814
-13.545612
-13.542708
-13.539249
-13.539698
-13.549375
-13.552668
-13.547128
-13.524564
-13.488645
-13.448460
-13.399271
-13.347995
-13.304726
-13.251265
-13.165853
-13.047445
-12.915871
-12.775728
-12.634427
-12.521425
-12.426751
-12.325662
-12.210402
-12.095881
-12.006607
-11.917793
-11.815823
-11.704684
-11.579188
-11.436547
-11.284779
-11.142904
-11.012306
-10.865827
-10.699838
-10.536956
-10.390463
-10.248652
-10.112172
-9.982620
-9.848858
-9.695090
-9.510065
-9.293965
-9.053398
-8.798800
-8.540732
-8.278266
-8.017247
-7.755261
-7.487642
-7.209474
-6.919822
-6.620564
-6.308951
-5.989339
-5.672860
-5.364945
-5.077933
-4.814073
-4.550261
-4.261624
-3.956818
-3.646659
-3.333518
-3.025405
-2.721164
-2.417173
-2.099490
-1.763235
-1.421157
-1.076045
-0.730019
-1.121426
-0.825258
-0.548627
-0.274719
0.022744
0.349762
0.704365
1.084679
1.471704
1.834308
2.150857
2.433103
2.704132
2.971673
3.250003
3.544523
3.828192
4.082878
4.317166
4.550208
4.780640
5.005220
5.219735
5.429012
5.656945
5.906101
6.175094
6.449931
6.710878
6.962427
7.209696
7.459795
7.720337
7.988970
8.271972
8.575738
8.885478
9.171090
9.441754
9.717131
9.994210
10.257042
10.484177
10.684997
10.865981
11.054948
11.290458
11.583650
11.910634
12.227572
12.504815
12.736602
12.947861
13.134787
13.290163
13.434087
13.575351
13.710367
13.838736
13.967394
14.103767
14.249733
14.396997
14.517258
14.605320
14.678667
14.754634
14.834242
14.911062
14.980004
15.022406
15.035430
15.044594
15.054993
15.054322
15.038816
15.013449
14.977387
14.920435
14.850513
14.779006
14.714449
14.661702
14.614934
14.582964
14.568356
14.548556
14.501871
14.422984
14.322344
14.207203
14.077046
13.943818
13.825170
13.723501
13.634871
13.549460
13.461935
13.365671
13.241750
13.098612
12.960670
12.839601
12.735096
12.626439
12.498205
12.355455
12.210606
12.063658
11.912706
11.761820
11.602734
11.427202
11.239564
11.040911
10.842105
10.653988
10.469627
10.287272
10.110014
9.924356
9.717352
9.480989
9.228736
8.968732
8.675014
8.350291
8.019861
7.697487
7.382617
7.072349
6.763133
6.448041
6.127371
5.798210
5.461684
5.125256
4.779621
4.424596
4.064843
3.707567
3.364419
3.037422
2.722129
2.398708
2.049965
1.687882
1.321976
0.972153
0.653477
0.346658
0.028112
-0.309541
-0.652131
-0.988271
-1.313334
-1.647489
-2.001584
-2.357796
-2.697924
-3.030139
-3.365779
-3.694589
-4.012835
-4.333320
-4.658366
-4.976239
-5.298133
-5.632010
-5.975627
-6.326075
-6.687418
-7.055083
-7.412465
-7.753294
-8.085371
-8.412971
-8.738935
-9.060898
-9.373220
-9.679768
-9.990257
-10.284952
-10.560884
-10.834595
-11.106367
-11.384635
-11.667546
-11.944914
-12.209344
-12.461734
-12.698971
-12.913288
-13.110333
-13.306595
-13.520926
-13.750214
-13.979729
-14.205203
-14.411302
-14.595159
-14.765512
-14.933999
-15.111183
-15.307873
-15.511408
-15.694030
-15.843513
-15.963099
-16.069464
-16.173586
-16.275558
-16.369650
-16.445057
-16.517412
-16.606796
-16.712679
-16.832680
-16.949930
-17.046633
-17.116112
-17.170115
-17.223604
-17.274006
-17.320330
-17.352667
-17.363028
-17.360687
-17.354988
-17.349077
-17.344570
-17.351126
-17.378178
-17.413881
-17.439875
-17.442543
-17.432251
-17.413488
-17.380241
-17.334980
-17.288017
-17.250175
-17.224224
-17.205051
-17.175632
-17.132912
-17.081810
-17.037119
-16.998812
-16.943260
-16.863945
-16.763210
-16.652443
-16.539970
-16.428816
-16.332708
-16.259005
-16.198275
-16.136917
-16.085526
-16.050543
-16.012442
-15.950093
-15.863371
-15.744092
-15.608011
-15.470186
-15.332368
-15.196593
-15.065131
-14.937661
-14.806412
-14.664470
-14.509089
-14.330850
-14.123393
-13.890405
-13.642377
-13.389510
-13.136971
-12.877422
-12.609474
-12.343699
-12.066113
-11.759944
-11.429734
-11.096475
-10.784673
-10.473655
-10.157585
-9.850460
-9.550384
-9.246897
-8.939228
-8.626330
-8.308017
-7.980719
-7.641969
-7.290359
-6.917104
-4.761263
-4.373834
-4.030853
-3.713305
-3.409442
-3.120043
-2.831940
-2.537112
-2.234704
-1.932178
-1.633611
-1.334618
-1.031340
-0.721646
-0.409830
-0.113506
0.173788
0.459636
0.736064
0.998733
1.254230
1.512232
1.791256
2.087549
2.377419
2.659113
2.936993
3.212229
3.505877
3.831704
4.177351
4.520120
4.847531
5.163330
5.473091
5.774083
6.068845
6.373761
6.688239
7.004191
7.319982
7.634461
7.945705
8.234697
8.492807
8.735773
8.963317
9.173007
9.369324
9.545691
9.711107
9.874275
10.032756
10.194114
10.367475
10.555193
10.757784
10.960214
11.156538
11.348341
11.538790
11.723688
11.898619
12.057338
12.196379
12.309468
12.375080
12.407991
12.438236
12.474035
12.524858
12.596463
12.687277
12.773059
12.841684
12.899841
12.947775
12.992504
13.039907
13.088495
13.114196
13.104632
13.084564
13.072922
13.074001
13.078927
13.079724
13.078735
13.066055
13.029836
12.966754
12.880204
12.784960
12.678219
12.569927
12.467630
12.373067
12.291798
12.219379
12.143511
12.065908
11.989916
11.898600
11.779176
11.636346
11.480027
11.336739
11.220738
11.104538
10.961547
10.794833
10.628603
10.471990
10.339389
10.225064
10.092438
9.925888
9.737411
9.547056
9.364929
9.176163
8.958937
8.736505
8.524724
8.311402
8.096409
7.865150
7.614296
7.346355
7.057850
6.762471
6.472697
6.187659
5.916278
5.644123
5.371021
5.099119
4.812379
4.510244
4.201821
3.899638
3.620986
3.358361
3.095050
2.835905
2.577717
2.314566
2.044901
1.758682
1.456346
1.156031
0.872904
0.610498
0.367668
0.130322
-0.124954
-0.409135
-0.703643
-1.005839
-1.302121
-1.581794
-1.860204
-2.138538
-2.440991
-2.779457
-3.129265
-3.476569
-3.824832
-4.159973
-4.482788
-4.797898
-5.097342
-5.388789
-5.687789
-5.998106
-6.323563
-6.648138
-6.949744
-7.239294
-7.524449
-7.800552
-8.066122
-8.321781
-8.560450
-8.794950
-9.026906
-9.257068
-9.491242
-9.731556
-9.990860
-10.264735
-10.552576
-10.827998
-11.067551
-11.282973
-11.492613
-11.686312
-11.852770
-12.009122
-12.180069
-12.359959
-12.550364
-12.742610
-12.919662
-13.081409
-13.230209
-13.359556
-13.476230
-13.595768
-13.729753
-13.859360
-13.973764
-14.078087
-14.173099
-14.268875
-14.369297
-14.479188
-14.595784
-14.702189
-14.802058
-14.899344
-14.980256
-15.032538
-15.050975
-15.048385
-15.050082
-15.061198
-15.072810
-15.067391
-15.059541
-15.059604
-15.063985
-15.059608
-15.044982
-15.020333
-14.985194
-14.942716
-14.888530
-14.813581
-14.726684
-14.636733
-14.545745
-14.463490
-14.379232
-14.287122
-14.195156
-14.083724
-13.943827
-13.795197
-13.659048
-13.543365
-13.443777
-13.347925
-13.238381
-13.124633
-13.026784
-12.937538
-12.841175
-12.734622
-12.614023
-12.482757
-12.355662
-12.236983
-12.116709
-11.989303
-11.856144
-11.720004
-11.571266
-11.395936
-11.203225
-11.004861
-10.797645
-10.587070
-10.384976
-10.181341
-9.961201
-9.709171
-9.425300
-9.122518
-8.808808
-8.482226
-8.152698
-7.835032
-7.529145
-7.221460
-6.901416
-6.573285
-6.233970
-5.883187
-5.534328
-5.197289
-4.863279
-4.523829
-4.183955
-3.848003
-3.519177
-3.193079
-2.871985
-2.553749
-2.233008
-2.346015
-2.053768
-1.766069
-1.480532
-1.200148
-0.933737
-0.666934
-0.381820
-0.070316
0.249796
0.562847
0.861417
1.136477
1.396173
1.658100
1.917912
2.164164
2.402002
2.648086
2.904698
3.160463
3.421477
3.688572
3.960425
4.252706
4.563893
4.888891
5.226978
5.573243
5.916257
6.255027
6.587479
6.902980
7.212914
7.518725
7.825679
8.133322
8.433100
8.717510
8.979423
9.224976
9.462967
9.695692
9.934736
10.186901
10.442806
10.682901
10.891489
11.076530
11.252769
11.423815
11.587042
11.748697
11.922722
12.096531
12.251541
12.388893
12.516218
12.641094
12.770241
12.899435
13.044170
13.195135
13.335669
13.456699
13.546341
13.619925
13.703270
13.795744
13.883526
13.948452
13.985325
13.999500
14.007740
14.035769
14.071781
14.090673
14.088118
14.075624
14.058819
14.049314
14.037621
14.020845
13.998911
13.962872
13.927868
13.896236
13.853338
13.782251
13.685282
13.578697
13.475424
13.377722
13.282337
13.182621
13.081022
12.981077
12.890766
12.804985
12.708515
12.595041
12.475554
12.362309
12.240532
12.092106
11.915588
11.730814
11.546232
11.356754
11.169706
10.998049
10.847654
10.715357
10.600849
10.492714
10.369019
10.221443
10.044903
9.835129
9.592625
9.319288
9.030167
8.740528
8.459951
8.193621
7.929661
7.659241
7.394263
7.148493
6.903676
6.638032
6.347842
6.035976
5.709790
5.391249
5.095434
4.806163
4.513234
4.209443
3.910561
3.633335
3.366740
3.093011
2.807371
2.514154
2.210823
1.898697
1.585958
1.269283
0.960795
0.672601
0.396610
0.123920
-0.155738
-0.449303
-0.754295
-1.074713
-1.403655
-1.745260
-2.098996
-2.450804
-2.796765
-3.128291
-3.448008
-3.768768
-4.092271
-4.423054
-4.766523
-5.113146
-5.466342
-5.826789
-6.194958
-6.564093
-6.926217
-7.283926
-7.640392
-7.984990
-8.318192
-8.644196
-8.953175
-9.247644
-9.537472
-9.827122
-10.127054
-10.426138
-10.702311
-10.960064
-11.208344
-11.450768
-11.686398
-11.919039
-12.149185
-12.383995
-12.632328
-12.889046
-13.143015
-13.386343
-13.609909
-13.807467
-13.988539
-14.156282
-14.319902
-14.493282
-14.676577
-14.861773
-15.037024
-15.211843
-15.376402
-15.520487
-15.660948
-15.816162
-15.982977
-16.152506
-16.311314
-16.448174
-16.571484
-16.687346
-16.780760
-16.844984
-16.903704
-16.971157
-17.032505
-17.083820
-17.135580
-17.196629
-17.263786
-17.328207
-17.379408
-17.416607
-17.446611
-17.473515
-17.502676
-17.547710
-17.596189
-17.636442
-17.667028
-17.683205
-17.687319
-17.690750
-17.685942
-17.671135
-17.644312
-17.610142
-17.583416
-17.569180
-17.555864
-17.542458
-17.519556
-17.486341
-17.443600
-17.376144
-17.278662
-17.161516
-17.033890
-16.898003
-16.766415
-16.643415
-16.529659
-16.431355
-16.338631
-16.245504
-16.161114
-16.094120
-16.037348
-15.969398
-15.880720
-15.777130
-15.665546
-15.545734
-15.424713
-15.293215
-15.145906
-15.004683
-14.874640
-14.719568
-14.520538
-14.298491
-14.065998
-13.820433
-13.558830
-13.277216
-12.982359
-12.683460
-12.383835
-12.094610
-11.823193
-11.555470
-11.288595
-11.033180
-10.787170
-10.526007
-10.242603
-9.949360
-9.646509
-9.338953
-9.028194
-8.721027
-8.433945
-8.170105
-7.909774
-6.790598
-6.455189
-6.102310
-5.750841
-5.407921
-5.053361
-4.697080
-4.343930
-3.992036
-3.649381
-3.304602
-2.968673
-2.648345
-2.338147
-2.034866
-1.729885
-1.429178
-1.127687
-0.822608
-0.524565
-0.236360
0.049727
0.352535
0.679765
1.031569
1.387389
1.737464
2.078710
2.404717
2.721640
3.036226
3.353367
3.665561
3.965944
4.260422
4.560879
4.872693
5.207944
5.562178
5.899306
6.207286
6.502838
6.795038
7.077599
7.350046
7.620080
7.879558
8.123514
8.353348
8.587025
8.813066
9.022731
9.232409
9.450542
9.678833
9.912907
10.153954
10.406065
10.631907
10.813309
10.965488
11.099041
11.232346
11.362196
11.486004
11.613186
11.740046
11.862957
11.983885
12.098587
12.202190
12.295574
12.383833
12.476255
12.565138
12.645683
12.730335
12.814810
12.893730
12.961910
13.016542
13.062027
13.091806
13.094032
13.068243
13.025942
12.987051
12.955633
12.915562
12.849178
12.759192
12.667873
12.592087
12.534811
12.478384
12.417381
12.347876
12.257910
12.147728
12.024782
11.904245
11.796333
11.712351
11.630714
11.535208
11.431114
11.322145
11.225771
11.136169
11.041416
10.933180
10.811245
10.682058
10.541866
10.392929
10.241749
10.078238
9.920967
9.766050
9.599291
9.421856
9.231153
9.019816
8.785295
8.531590
8.258536
7.971017
7.685035
7.402062
7.131938
6.884146
6.635650
6.362745
6.063663
5.755026
5.437788
5.123534
4.813743
4.504108
4.213750
3.936566
3.648112
3.345915
3.038279
2.733011
2.444974
2.181540
1.932331
1.684413
1.425288
1.147266
0.854595
0.564002
0.279353
-0.003780
-0.295157
-0.586402
-0.869936
-1.165615
-1.467427
-1.760880
-2.054247
-2.361490
-2.685463
-3.036110
-3.415370
-3.791651
-4.149877
-4.504621
-4.850110
-5.177384
-5.501706
-5.825061
-6.142100
-6.447251
-6.736765
-7.018009
-7.288886
-7.539460
-7.782156
-8.020555
-8.252344
-8.487270
-8.732916
-8.986448
-9.242769
-9.503716
-9.769005
-10.033405
-10.292257
-10.543566
-10.769028
-10.982767
-11.206327
-11.431770
-11.650736
-11.856295
-12.055214
-12.246450
-12.432165
-12.621609
-12.806993
-12.980125
-13.142691
-13.300175
-13.458214
-13.619522
-13.779888
-13.936096
-14.087423
-14.230555
-14.360098
-14.473789
-14.579247
-14.676632
-14.768143
-14.851360
-14.930550
-15.008312
-15.077391
-15.130333
-15.164074
-15.177713
-15.175327
-15.165621
-15.160316
-15.160936
-15.175676
-15.193575
-15.210470
-15.230127
-15.242662
-15.241348
-15.226068
-15.196259
-15.163301
-15.142078
-15.120825
-15.080063
-15.014521
-14.937363
-14.849104
-14.750984
-14.658281
-14.573797
-14.483683
-14.391211
-14.304928
-14.227129
-14.163654
-14.111481
-14.045012
-13.942280
-13.805574
-13.646681
-13.484972
-13.335249
-13.198769
-13.070271
-12.945087
-12.813372
-12.678740
-12.550207
-12.435890
-12.322342
-12.202974
-12.080727
-11.944765
-11.777714
-11.598179
-11.417803
-11.240372
-11.063620
-10.860516
-10.634985
-10.395407
-10.132792
-9.840387
-9.527479
-9.207561
-8.889795
-8.582867
-8.282343
-7.981338
-7.675626
-7.369711
-7.071691
-6.780644
-6.485341
-6.189930
-5.908309
-5.623238
-5.314960
-4.986537
-4.655429
-4.338293
-4.041682
-3.748124
-3.448610
-3.129122
-3.188883
-2.893745
-2.607100
-2.313233
-2.003740
-1.701304
-1.420355
-1.136077
-0.819728
-0.468816
-0.110883
0.227046
0.533951
0.816729
1.087493
1.353264
1.626925
1.909814
2.204133
2.504889
2.792818
3.055811
3.302488
3.553405
3.818042
4.097971
4.375675
4.636539
4.885157
5.130645
5.387190
5.646791
5.902797
6.171436
6.448546
6.731488
7.022196
7.310478
7.577209
7.824971
8.062640
8.287925
8.503191
8.722641
8.940046
9.145639
9.348422
9.555154
9.757755
9.948205
10.127067
10.293608
10.452229
10.633419
10.839937
11.046581
11.231146
11.390318
11.520275
11.622004
11.720663
11.841403
11.966183
12.075211
12.167580
12.244040
12.307431
12.360662
12.423191
12.497412
12.565206
12.619898
12.662644
12.685900
12.701804
12.719574
12.750566
12.799586
12.849558
12.889798
12.912410
12.924871
12.939675
12.949446
12.932047
12.877289
12.797310
12.720663
12.657555
12.591804
12.527059
12.464399
12.391210
12.307419
12.207109
12.097189
11.997095
11.912180
11.830328
11.742826
11.650979
11.563585
11.484646
11.396844
11.282868
11.149542
11.004830
10.848833
10.681898
10.510353
10.337425
10.159458
9.985681
9.828537
9.687204
9.555011
9.411185
9.242475
9.073866
8.906515
8.719420
8.501228
8.269507
8.036273
7.782990
7.501197
7.195914
6.875142
6.552610
6.254225
5.971332
5.677000
5.374490
5.063400
4.753926
4.453186
4.153087
3.849662
3.531334
3.200262
2.869242
2.526072
2.173724
1.833378
1.509484
1.183154
0.845908
0.513846
0.197293
-0.110759
-0.412820
-0.710637
-1.015551
-1.331031
-1.656041
-1.980214
-2.304504
-2.633455
-2.961998
-3.288588
-3.605004
-3.906294
-4.195117
-4.479833
-4.773548
-5.087075
-5.424224
-5.769884
-6.124520
-6.494619
-6.877906
-7.265880
-7.636783
-7.978135
-8.298819
-8.610942
-8.914343
-9.197508
-9.461061
-9.729991
-10.008176
-10.283264
-10.554154
-10.834204
-11.123890
-11.395494
-11.651416
-11.895854
-12.134142
-12.377275
-12.625769
-12.877492
-13.127275
-13.365288
-13.591358
-13.799574
-13.994704
-14.195969
-14.394779
-14.596411
-14.807596
-15.027279
-15.254023
-15.473726
-15.673470
-15.846533
-16.011787
-16.181854
-16.360931
-16.549231
-16.718288
-16.855879
-16.972317
-17.082081
-17.182579
-17.280769
-17.396080
-17.513908
-17.613600
-17.696201
-17.773849
-17.843573
-17.893530
-17.934122
-17.961590
-17.982819
-18.021099
-18.078318
-18.139145
-18.191565
-18.239773
-18.283781
-18.322018
-18.357292
-18.392086
-18.423981
-18.451443
-18.462936
-18.461170
-18.439730
-18.401728
-18.356915
-18.299856
-18.238216
-18.172989
-18.101736
-18.027058
-17.949043
-17.878761
-17.812387
-17.744856
-17.659140
-17.555689
-17.455034
-17.365227
-17.280436
-17.202274
-17.131165
-17.045124
-16.935558
-16.813522
-16.692501
-16.584404
-16.495888
-16.417410
-16.347374
-16.274521
-16.182005
-16.063620
-15.927151
-15.773170
-15.616735
-15.458748
-15.287127
-15.099407
-14.892218
-14.678549
-14.452135
-14.201216
-13.936511
-13.656227
-13.357734
-13.048587
-12.734614
-12.415551
-12.091851
-11.776732
-11.476176
-11.183072
-10.889984
-10.599092
-10.307718
-10.022676
-9.747755
-9.477189
-9.210884
-8.953546
-8.695888
-8.417338
-8.124807
-6.655511
-6.346961
-6.055546
-5.769918
-5.475231
-5.180831
-4.898045
-4.611462
-4.300434
-3.965245
-3.619600
-3.278213
-2.946467
-2.628450
-2.323678
-2.030503
-1.752626
-1.476171
-1.196133
-0.897711
-0.577613
-0.253416
0.066302
0.378897
0.683932
0.996736
1.328800
1.673486
2.036052
2.412611
2.782198
3.130225
3.449144
3.748721
4.030641
4.299841
4.562006
4.811228
5.040223
5.265784
5.496470
5.726749
5.956969
6.180325
6.407596
6.650079
6.903811
7.161643
7.410752
7.650331
7.879995
8.097081
8.306921
8.511698
8.709221
8.903048
9.102238
9.292774
9.456573
9.588934
9.699999
9.790663
9.887601
10.004832
10.134597
10.273434
10.409619
10.541736
10.669307
10.786305
10.886557
10.971164
11.046744
11.119827
11.188697
11.238639
11.277999
11.324167
11.378850
11.442142
11.512590
11.583671
11.638277
11.668882
11.681521
11.664706
11.605858
11.511927
11.408506
11.323406
11.269589
11.240175
11.213219
11.180597
11.153779
11.133851
11.099409
11.045846
10.969925
10.896696
10.856383
10.840342
10.832027
10.807963
10.736579
10.625679
10.494644
10.347828
10.197208
10.060569
9.941970
9.821621
9.687469
9.536670
9.365478
9.172231
8.974951
8.781497
8.594987
8.406270
8.223577
8.044091
7.848542
7.621191
7.377710
7.127741
6.865076
6.594751
6.323842
6.054271
5.780316
5.505736
5.238466
4.985521
4.730821
4.467556
4.211931
3.955373
3.687436
3.413352
3.137659
2.852310
2.546007
2.216552
1.897209
1.622148
1.375130
1.133553
0.883530
0.621851
0.361448
0.097641
-0.168078
-0.429359
-0.692318
-0.960551
-1.235322
-1.515084
-1.808950
-2.110605
-2.408004
-2.716390
-3.042391
-3.378111
-3.725231
-4.084181
-4.455471
-4.825859
-5.181241
-5.526868
-5.871187
-6.221428
-6.580976
-6.926862
-7.246360
-7.554622
-7.874662
-8.198106
-8.504384
-8.796096
-9.077037
-9.354984
-9.640552
-9.934336
-10.232272
-10.529638
-10.817595
-11.093944
-11.351286
-11.589065
-11.821688
-12.049725
-12.273841
-12.499986
-12.731104
-12.953978
-13.161481
-13.346864
-13.508927
-13.664435
-13.814139
-13.958156
-14.097455
-14.222394
-14.343093
-14.461783
-14.567445
-14.670161
-14.775004
-14.887824
-15.023501
-15.176322
-15.322053
-15.435533
-15.522294
-15.604648
-15.676669
-15.731551
-15.781487
-15.833097
-15.881785
-15.921582
-15.962153
-16.004539
-16.044167
-16.090670
-16.137333
-16.170990
-16.180496
-16.171820
-16.151413
-16.117144
-16.084810
-16.072193
-16.083708
-16.105392
-16.123934
-16.122168
-16.085379
-16.032198
-15.978868
-15.937352
-15.908046
-15.875693
-15.827523
-15.755710
-15.669236
-15.581086
-15.490849
-15.396043
-15.296817
-15.208892
-15.134082
-15.055644
-14.978629
-14.897235
-14.798373
-14.684501
-14.563792
-14.438315
-14.298091
-14.137937
-13.964484
-13.793210
-13.636420
-13.480681
-13.337995
-13.210159
-13.075598
-12.930102
-12.779992
-12.601967
-12.389289
-12.148897
-11.880243
-11.584470
-11.262563
-10.929518
-10.597610
-10.266690
-9.940060
-9.611340
-9.283960
-8.965378
-8.657366
-8.356596
-8.053288
-7.760266
-7.482932
-7.206908
-6.921190
-6.620479
-6.308728
-6.000822
-5.716135
-5.436237
-5.132987
-4.799891
-4.443057
-4.090221
-3.970838
-3.663470
-3.361619
-3.068108
-2.787379
-2.510874
-2.241583
-1.969340
-1.691300
-1.410887
-1.120739
-0.816917
-0.513641
-0.234618
0.016334
0.242695
0.447982
0.648158
0.856347
1.070268
1.287378
1.519244
1.757546
2.000395
2.259731
2.536875
2.835353
3.155771
3.483150
3.807755
4.126592
4.425586
4.708793
4.998496
5.303460
5.612656
5.901196
6.153849
6.366111
6.535789
6.692800
6.882989
7.119319
7.381000
7.646536
7.900267
8.118443
8.306012
8.474936
8.642677
8.811055
8.971931
9.130194
9.296016
9.460992
9.607887
9.742583
9.879271
10.023340
10.175594
10.330410
10.465454
10.585080
10.710232
10.842181
10.971477
11.090405
11.200517
11.302052
11.391574
11.464409
11.523795
11.566407
11.601650
11.635685
11.660890
11.667550
11.652786
11.612886
11.563131
11.527084
11.514540
11.511152
11.494226
11.463719
11.429993
11.391884
11.349895
11.319264
11.304377
11.287872
11.260365
11.228884
11.195102
11.160018
11.132102
11.099020
11.032390
10.936282
10.824698
10.704729
10.577970
10.441473
10.291964
10.125071
9.947882
9.777250
9.628473
9.508034
9.416113
9.328995
9.231099
9.123306
9.003689
8.871262
8.743954
8.611076
8.437694
8.227978
8.003866
7.780169
7.572977
7.393222
7.241238
7.085605
6.890277
6.643292
6.355230
6.045894
5.739823
5.458920
5.184551
4.908848
4.638304
4.360036
4.071031
3.777432
3.478542
3.164115
2.845390
2.528938
2.201815
1.861647
1.514120
1.167230
0.833172
0.515801
0.203686
-0.110515
-0.432082
-0.755732
-1.087555
-1.419698
-1.736394
-2.049922
-2.366838
-2.686828
-3.009293
-3.327936
-3.637942
-3.945963
-4.276990
-4.621402
-4.969606
-5.315894
-5.656953
-5.992733
-6.315496
-6.632388
-6.964966
-7.320594
-7.689403
-8.060246
-8.429150
-8.789083
-9.141978
-9.490204
-9.830474
-10.168155
-10.499560
-10.824128
-11.160285
-11.502216
-11.821849
-12.097720
-12.331503
-12.543807
-12.748964
-12.967274
-13.203250
-13.437177
-13.667014
-13.895009
-14.126052
-14.358157
-14.587972
-14.834073
-15.101436
-15.377032
-15.654176
-15.931655
-16.198242
-16.443317
-16.672546
-16.876762
-17.050541
-17.211975
-17.371635
-17.531010
-17.685062
-17.845257
-18.016769
-18.180836
-18.335785
-18.482307
-18.616837
-18.741634
-18.852497
-18.945583
-19.025593
-19.095425
-19.153519
-19.217407
-19.286777
-19.346897
-19.403675
-19.469360
-19.530746
-19.575260
-19.610855
-19.637814
-19.650425
-19.667717
-19.703457
-19.749931
-19.793495
-19.821968
-19.831253
-19.816334
-19.780987
-19.729420
-19.671986
-19.603249
-19.525764
-19.451408
-19.372200
-19.279404
-19.181271
-19.085247
-18.986954
-18.879440
-18.762280
-18.644402
-18.535378
-18.434227
-18.346035
-18.254395
-18.159851
-18.067284
-17.965267
-17.881584
-17.809292
-17.715485
-17.595581
-17.457851
-17.313557
-17.173672
-17.035656
-16.905746
-16.773670
-16.628265
-16.477329
-16.315369
-16.143497
-15.947650
-15.715789
-15.461122
-15.201749
-14.937634
-14.655688
-14.349811
-14.034104
-13.724366
-13.416292
-13.116071
-12.823235
-12.545778
-12.300299
-12.070046
-11.824048
-11.551046
-11.255788
-10.942558
-10.618539
-10.299788
-9.994235
-9.705065
-9.427306
-9.159827
-8.893430
-7.412340
-7.108078
-6.798170
-6.492052
-6.188828
-5.878911
-5.574244
-5.285888
-5.018798
-4.760270
-4.495097
-4.221942
-3.945482
-3.667960
-3.396717
-3.116348
-2.811129
-2.488102
-2.154577
-1.814007
-1.483459
-1.180312
-0.889486
-0.598136
-0.299618
0.001667
0.301848
0.605599
0.911441
1.206082
1.498389
1.796402
2.097383
2.406488
2.723659
3.034000
3.323815
3.606459
3.882291
4.154073
4.419390
4.687229
4.953207
5.209119
5.454695
5.684777
5.900686
6.112579
6.323094
6.523980
6.719743
6.901821
7.076326
7.264383
7.472772
7.687018
7.906476
8.125699
8.329899
8.504542
8.645018
8.765414
8.875856
8.974806
9.072699
9.173059
9.273185
9.374201
9.478689
9.575580
9.637451
9.668160
9.693858
9.731009
9.773442
9.821722
9.883538
9.949535
10.006872
10.051539
10.075574
10.070338
10.033358
9.970337
9.895424
9.823157
9.762275
9.706528
9.647015
9.578560
9.514750
9.472417
9.438892
9.395843
9.357674
9.341371
9.338547
9.313236
9.252969
9.167148
9.066979
8.960737
8.856156
8.752595
8.649608
8.532101
8.400645
8.271635
8.132658
7.969521
7.791485
7.622607
7.469684
7.318106
7.142264
6.942062
6.754506
6.576230
6.392175
6.205335
6.002205
5.785627
5.550031
5.278746
4.969586
4.645287
4.337667
4.042286
3.746520
3.448730
3.151169
2.862684
2.590637
2.321117
2.045232
1.764823
1.493507
1.227861
0.953460
0.675337
0.415952
0.177719
-0.066276
-0.331800
-0.621043
-0.931416
-1.249297
-1.572430
-1.884291
-2.173020
-2.449837
-2.704597
-2.951133
-3.212876
-3.484936
-3.762776
-4.042560
-4.321881
-4.606163
-4.904036
-5.204066
-5.493323
-5.774711
-6.064636
-6.362856
-6.671549
-7.002450
-7.349035
-7.694160
-8.037886
-8.387202
-8.727543
-9.036449
-9.304235
-9.551161
-9.810949
-10.089820
-10.364958
-10.638337
-10.920386
-11.205327
-11.479880
-11.744497
-12.011276
-12.276591
-12.541036
-12.812032
-13.088574
-13.365203
-13.629947
-13.872193
-14.106845
-14.360309
-14.630090
-14.895312
-15.143470
-15.372832
-15.599694
-15.821071
-16.022434
-16.198437
-16.346800
-16.477757
-16.615957
-16.773434
-16.951517
-17.138426
-17.321671
-17.494591
-17.651785
-17.788956
-17.913507
-18.024746
-18.122822
-18.215786
-18.310743
-18.406931
-18.499092
-18.581350
-18.657648
-18.741905
-18.825220
-18.891857
-18.927502
-18.934563
-18.929527
-18.920286
-18.931082
-18.981075
-19.058107
-19.141291
-19.202181
-19.238066
-19.267138
-19.282900
-19.271286
-19.238791
-19.193007
-19.139750
-19.087103
-19.020447
-18.934786
-18.842413
-18.752392
-18.660196
-18.577147
-18.504934
-18.421682
-18.333603
-18.246984
-18.161650
-18.082060
-17.998474
-17.914274
-17.815794
-17.706017
-17.605352
-17.513248
-17.416607
-17.309494
-17.191601
-17.058067
-16.908155
-16.759808
-16.623222
-16.496279
-16.362698
-16.221930
-16.078207
-15.922463
-15.745877
-15.542909
-15.316758
-15.085160
-14.850516
-14.598788
-14.328092
-14.037637
-13.728431
-13.409122
-13.082994
-12.750232
-12.417312
-12.084717
-11.747027
-11.423134
-11.110036
-10.786010
-10.465596
-10.159545
-9.854770
-9.539916
-9.209046
-8.862350
-8.515740
-8.189562
-7.868368
-7.538352
-7.202722
-6.856733
-5.557738
-5.245195
-4.950054
-4.661187
-4.369734
-4.081525
-3.802880
-3.529260
-3.238636
-2.913280
-2.575145
-2.251984
-1.936035
-1.619393
-1.312024
-1.016384
-0.735248
-0.482005
-0.236293
0.034369
0.338902
0.670268
1.004479
1.295418
1.541810
1.765632
1.973055
2.180841
2.390345
2.597162
2.799261
3.012582
3.265069
3.570439
3.930739
4.305627
4.651165
4.963401
5.256435
5.532502
5.794386
6.048645
6.306644
6.558646
6.789295
6.999217
7.197251
7.394836
7.598210
7.822405
8.055740
8.279781
8.489884
8.677216
8.837992
8.972868
9.090685
9.208158
9.334390
9.468149
9.610157
9.756746
9.899848
10.033414
10.153276
10.251481
10.332150
10.411707
10.504766
10.612837
10.713385
10.789870
10.853192
10.909250
10.953561
10.986822
11.014133
11.031519
11.044125
11.055885
11.064530
11.057901
11.027753
10.983654
10.929781
10.862258
10.787752
10.714956
10.646753
10.589531
10.545807
10.508768
10.464399
10.400737
10.323141
10.245926
10.176958
10.112668
10.036201
9.947577
9.848815
9.730280
9.588323
9.448697
9.335091
9.228673
9.114526
8.989628
8.841343
8.679095
8.524570
8.385812
8.253899
8.114792
7.963825
7.805568
7.629250
7.437590
7.243193
7.048071
6.838932
6.591189
6.305494
5.995761
5.674154
5.355064
5.031660
4.710193
4.400589
4.105474
3.822671
3.539953
3.243287
2.925565
2.589173
2.261848
1.959668
1.667297
1.374510
1.088398
0.811302
0.537363
0.244238
-0.060691
-0.348234
-0.620796
-0.892851
-1.180582
-1.498986
-1.833063
-2.160417
-2.483713
-2.810464
-3.136512
-3.454587
-3.762069
-4.063095
-4.363012
-4.667890
-4.997128
-5.345349
-5.692819
-6.029396
-6.362004
-6.712805
-7.070763
-7.413537
-7.738668
-8.055079
-8.366338
-8.689009
-9.029121
-9.375648
-9.716409
-10.055099
-10.391330
-10.720959
-11.036123
-11.353417
-11.669120
-11.967757
-12.263553
-12.555701
-12.848989
-13.142274
-13.435288
-13.739064
-14.037360
-14.317777
-14.588933
-14.865121
-15.141126
-15.406083
-15.667109
-15.937257
-16.223789
-16.527699
-16.829609
-17.105591
-17.352112
-17.577915
-17.786503
-17.973095
-18.150658
-18.323174
-18.477673
-18.615368
-18.741589
-18.875919
-19.040241
-19.217106
-19.382240
-19.528931
-19.658611
-19.776291
-19.889553
-20.002636
-20.101185
-20.171101
-20.233776
-20.305775
-20.379894
-20.448112
-20.505840
-20.566261
-20.629852
-20.680820
-20.732662
-20.783211
-20.814644
-20.821880
-20.823593
-20.823822
-20.813900
-20.804977
-20.796806
-20.792095
-20.801666
-20.816978
-20.831821
-20.837120
-20.828831
-20.806980
-20.766994
-20.702438
-20.618309
-20.518883
-20.410233
-20.302692
-20.195007
-20.088814
-19.995537
-19.910892
-19.830589
-19.752163
-19.684963
-19.629704
-19.577396
-19.522427
-19.446259
-19.356289
-19.265301
-19.173557
-19.069336
-18.950504
-18.813457
-18.661545
-18.509563
-18.359127
-18.202785
-18.045864
-17.898979
-17.760727
-17.626347
-17.485077
-17.327946
-17.149574
-16.948105
-16.718048
-16.465054
-16.189400
-15.886075
-15.559251
-15.217612
-14.874263
-14.544301
-14.225392
-13.904866
-13.579413
-13.253011
-12.934577
-12.626550
-12.324109
-12.018882
-11.708705
-11.388408
-11.074162
-10.773834
-10.477370
-10.184841
-9.635967
-9.321641
-9.003274
-8.681772
-8.352884
-8.015427
-7.673613
-7.324838
-6.973228
-6.619546
-6.268356
-5.930636
-5.595082
-5.251420
-4.897538
-4.542408
-4.197283
-3.860789
-3.539220
-3.233064
-2.937014
-2.654536
-2.380060
-2.092134
-1.785172
-1.479194
-1.192641
-0.921087
-0.663291
-0.402277
-0.124002
0.171564
0.487291
0.815784
1.141294
1.450139
1.749216
2.043876
2.323263
2.582682
2.828190
3.078032
3.333209
3.588788
3.854980
4.118037
4.360497
4.592919
4.825048
5.051306
5.270990
5.486585
