0.097290	0.039624	0.101705
0.088291	-0.039897	0.104597
0.079742	-0.072049	0.110981
0.078559	-0.093056	0.130817
0.081746	-0.108152	0.148311
0.085503	-0.121402	0.151498
0.082842	-0.132437	0.144316
0.076989	-0.140154	0.134602
0.073176	-0.159683	0.130462
0.103220	-0.190473	0.133422
0.144039	-0.211851	0.137560
0.181223	-0.223091	0.140557
0.203352	-0.226584	0.137269
0.213168	-0.222867	0.112563
0.212957	-0.212910	0.089816
0.209268	-0.200775	0.059251
0.201119	-0.194025	0.027837
0.189326	-0.193661	0.002565
0.180022	-0.194317	-0.017041
0.178699	-0.191846	-0.032878
0.182207	-0.184709	-0.046486
0.185196	-0.177128	-0.057584
0.189490	-0.171269	-0.066098
0.193255	-0.167716	-0.072632
0.187490	-0.165916	-0.078283
0.168565	-0.166215	-0.083639
0.146871	-0.167934	-0.089667
0.131191	-0.170092	-0.095069
0.115949	-0.169758	-0.100041
0.107407	-0.165852	-0.104807
0.108582	-0.160090	-0.109996
0.112376	-0.155209	-0.115073
0.114195	-0.150634	-0.118746
0.113751	-0.147576	-0.121595
0.106918	-0.143926	-0.124384
0.099251	-0.139561	-0.127269
0.099466	-0.135535	-0.130318
0.120136	-0.132068	-0.133442
0.149458	-0.130601	-0.136282
0.174268	-0.128182	-0.139309
0.194143	-0.124418	-0.143474
0.204989	-0.120296	-0.147145
0.211651	-0.117399	-0.150564
0.224293	-0.114672	-0.161607
0.237906	-0.110370	-0.173331
0.241303	-0.105652	-0.184695
0.241273	-0.100911	-0.194675
0.248770	-0.097388	-0.203739
0.254757	-0.095072	-0.212145
0.258040	-0.093615	-0.219695
0.266051	-0.091207	-0.226049
0.279247	-0.087229	-0.229613
0.292813	-0.083262	-0.230362
0.303463	-0.078926	-0.231042
0.309431	-0.075018	-0.233542
0.308324	-0.070004	-0.238126
0.303019	-0.063623	-0.244797
0.303208	-0.057493	-0.253965
0.314009	-0.051661	-0.265324
0.331474	-0.045597	-0.278475
0.341584	-0.036676	-0.290436
0.339744	-0.027508	-0.299683
0.325188	-0.017124	-0.305632
0.296604	-0.005579	-0.308902
0.260240	0.003402	-0.311303
0.227671	0.008707	-0.314365
0.203302	0.018007	-0.319161
0.183761	0.034720	-0.325178
0.166821	0.055994	-0.329837
0.153227	0.083678	-0.331903
0.144542	0.132669	-0.332748
0.132905	0.190167	-0.333450
0.113974	0.232864	-0.333305
0.099043	0.259192	-0.331602
0.093708	0.277876	-0.328701
0.084793	0.296589	-0.324971
0.079420	0.308014	-0.320518
0.075839	0.316001	-0.316418
0.068089	0.327208	-0.313461
0.054766	0.339791	-0.312424
0.040966	0.353208	-0.312991
0.031897	0.361401	-0.314553
0.026970	0.368608	-0.315044
0.023519	0.380220	-0.313952
0.020997	0.392344	-0.312388
0.017248	0.402284	-0.310419
0.010903	0.412462	-0.309074
0.004348	0.426925	-0.309122
-0.000183	0.442770	-0.309155
-0.003500	0.455424	-0.306778
-0.006429	0.465292	-0.302333
-0.004369	0.474337	-0.296957
0.000024	0.482690	-0.292851
-0.001138	0.489521	-0.288522
-0.002787	0.497978	-0.281199
-0.007588	0.507988	-0.270732
-0.016593	0.518010	-0.257535
-0.026549	0.526612	-0.241479
-0.035013	0.534275	-0.225634
-0.040798	0.543287	-0.209379
-0.043542	0.555144	-0.188965
-0.043083	0.569127	-0.167679
-0.040484	0.583245	-0.144319
-0.039502	0.595815	-0.134863
-0.040471	0.606468	-0.125555
-0.041284	0.615275	-0.119770
-0.043931	0.622339	-0.117289
-0.049037	0.628094	-0.119782
-0.054302	0.631733	-0.122308
-0.058119	0.634006	-0.125366
-0.061506	0.635560	-0.130159
-0.065121	0.638430	-0.135691
-0.067937	0.642866	-0.142436
-0.069845	0.648030	-0.160947
-0.071809	0.653597	-0.202314
-0.074307	0.658623	-0.248078
-0.077037	0.660583	-0.301231
-0.079569	0.659478	-0.358688
-0.082052	0.658343	-0.412731
-0.084189	0.657218	-0.460041
-0.085880	0.657143	-0.498021
-0.088044	0.657143	-0.523807
-0.090042	0.657143	-0.532287
-0.091038	0.657143	-0.525337
-0.091441	0.657143	-0.506726
-0.092172	0.658454	-0.480336
-0.093248	0.659571	-0.449879
-0.094688	0.659567	-0.421452
-0.096808	0.658510	-0.400417
-0.099662	0.657292	-0.387393
-0.103011	0.657143	-0.380485
-0.106999	0.657143	-0.377496
-0.112288	0.657176	-0.374323
-0.117213	0.658177	-0.367345
-0.121442	0.659098	-0.357342
-0.124894	0.659858	-0.344107
-0.127550	0.660660	-0.327526
-0.129681	0.661270	-0.310213
-0.131759	0.662175	-0.294152
-0.134041	0.662719	-0.282640
-0.136359	0.660441	-0.275217
-0.139152	0.657133	-0.267843
-0.143673	0.655498	-0.257706
-0.148580	0.656208	-0.243182
-0.158303	0.657345	-0.223430
-0.169268	0.660182	-0.199125
-0.177838	0.660524	-0.174097
-0.186870	0.659900	-0.150564
-0.196882	0.659361	-0.138043
-0.206841	0.658814	-0.128076
-0.215783	0.658342	-0.115084
-0.225033	0.657758	-0.100347
-0.233820	0.657143	-0.082554
-0.241734	0.657143	-0.064963
-0.249526	0.657143	-0.047047
-0.257895	0.657143	-0.035278
-0.268088	0.657143	-0.033948
-0.282439	0.658320	-0.040844
-0.300634	0.658290	-0.046296
-0.320734	0.658548	-0.050012
-0.340929	0.659473	-0.057439
-0.358070	0.661390	-0.066759
-0.371822	0.663972	-0.075807
-0.382764	0.664029	-0.083543
-0.389981	0.654639	-0.091599
-0.394854	0.645508	-0.098488
-0.401388	0.637475	-0.104916
-0.411882	0.630699	-0.111677
-0.424575	0.624336	-0.117906
-0.438626	0.618924	-0.121606
-0.454949	0.615674	-0.120372
-0.472586	0.614761	-0.112734
-0.487912	0.614526	-0.105607
-0.498353	0.612453	-0.099942
-0.506754	0.607519	-0.096484
-0.513916	0.600399	-0.096388
-0.520740	0.592017	-0.096564
-0.528775	0.583390	-0.098774
-0.535169	0.576230	-0.099689
-0.536364	0.570992	-0.101628
-0.536364	0.566380	-0.103941
-0.536364	0.562348	-0.106798
-0.536364	0.558562	-0.110289
-0.536364	0.553060	-0.112926
-0.536364	0.544765	-0.114388
-0.536364	0.534368	-0.114675
-0.536364	0.522725	-0.114134
-0.536364	0.508556	-0.113630
-0.536364	0.491589	-0.112025
-0.536364	0.475427	-0.109961
-0.536364	0.464460	-0.108791
-0.536364	0.451899	-0.108032
-0.536364	0.439275	-0.108644
-0.536364	0.427689	-0.109195
-0.536364	0.416113	-0.109477
-0.536364	0.400945	-0.107603
-0.536364	0.380158	-0.107144
-0.536364	0.360313	-0.107688
-0.536364	0.341881	-0.108112
-0.536364	0.318968	-0.109135
-0.536364	0.295221	-0.110432
-0.536364	0.266490	-0.111568
-0.536364	0.214517	-0.112744
-0.536364	0.130418	-0.114106
-0.536364	0.080355	-0.115497
-0.536364	0.031323	-0.116847
-0.536364	-0.007102	-0.118287
-0.536364	-0.031899	-0.119703
-0.536364	-0.047540	-0.120526
-0.536364	-0.056391	-0.119879
-0.536364	-0.061193	-0.119395
-0.536364	-0.064734	-0.120126
-0.536364	-0.069207	-0.121208
-0.536364	-0.074363	-0.123139
-0.536364	-0.078462	-0.125146
-0.536364	-0.081719	-0.126880
-0.536364	-0.084403	-0.128260
-0.536364	-0.086947	-0.129127
-0.536364	-0.090002	-0.129588
-0.536364	-0.091856	-0.129831
-0.536364	-0.090828	-0.129168
-0.536364	-0.089529	-0.127399
-0.536364	-0.090811	-0.125821
-0.536364	-0.091611	-0.124656
-0.536364	-0.093529	-0.124302
-0.536364	-0.096027	-0.124280
-0.536364	-0.098940	-0.123872
-0.536364	-0.101967	-0.123497
-0.536364	-0.104508	-0.123745
-0.536364	-0.106915	-0.124047
-0.536364	-0.109681	-0.124396
-0.536364	-0.112690	-0.124777
-0.536364	-0.116233	-0.125384
-0.536364	-0.120672	-0.126368
-0.536364	-0.125728	-0.127431
-0.536364	-0.130779	-0.128142
-0.536364	-0.135530	-0.128384
-0.536364	-0.140350	-0.128386
-0.536364	-0.147191	-0.128348
-0.536364	-0.155805	-0.128528
-0.536364	-0.164864	-0.129026
-0.536364	-0.170918	-0.129679
-0.536364	-0.174949	-0.130181
-0.536364	-0.177723	-0.130632
-0.536364	-0.180787	-0.131088
-0.536364	-0.186611	-0.131361
-0.536364	-0.197575	-0.129786
-0.536364	-0.214845	-0.125333
-0.536364	-0.237049	-0.118833
-0.536364	-0.260783	-0.112338
-0.536364	-0.287472	-0.107516
-0.536364	-0.317068	-0.106983
-0.536364	-0.346985	-0.110754
-0.536364	-0.375638	-0.113320
-0.536364	-0.404136	-0.118799
-0.536364	-0.433993	-0.125762
-0.536364	-0.464474	-0.132940
-0.536364	-0.492202	-0.138661
-0.536364	-0.513039	-0.147713
-0.536364	-0.528745	-0.171812
-0.536364	-0.535434	-0.204667
-0.536364	-0.536364	-0.240611
-0.536364	-0.536364	-0.283629
-0.536364	-0.536364	-0.337682
-0.536364	-0.536364	-0.399630
-0.536364	-0.536364	-0.460159
-0.536364	-0.536364	-0.515936
-0.536364	-0.536364	-0.534556
-0.536364	-0.536364	-0.536364
-0.536364	-0.536364	-0.536364
-0.536364	-0.536364	-0.536364
-0.536364	-0.536364	-0.536364
-0.536364	-0.536364	-0.536364
-0.536364	-0.536364	-0.536364
-0.536364	-0.536364	-0.536364
-0.536364	-0.536364	-0.536364
-0.536364	-0.536364	-0.536364
-0.536364	-0.536364	-0.536364
-0.536364	-0.536364	-0.536364
-0.536364	-0.536364	-0.536364
-0.536364	-0.536364	-0.536364
-0.536364	-0.536364	-0.536364
-0.536364	-0.536364	-0.536364
-0.536364	-0.536364	-0.536364
-0.536364	-0.536364	-0.536364
-0.536364	-0.536364	-0.536364
-0.536364	-0.536364	-0.536364
-0.536364	-0.536364	-0.536364
-0.536364	-0.536364	-0.536364
-0.536364	-0.536364	-0.536364
-0.536364	-0.536364	-0.536364
-0.536364	-0.536364	-0.536364
-0.536364	-0.536364	-0.536364
-0.536364	-0.536364	-0.536364
-0.536364	-0.536364	-0.536364
-0.536364	-0.536364	-0.536364
-0.536364	-0.536364	-0.536364
-0.536364	-0.536364	-0.536364
-0.536364	-0.536364	-0.536364
-0.536364	-0.536364	-0.536364
-0.536364	-0.536364	-0.536364
-0.263889	-0.536364	-0.121399
-0.200852	-0.536364	-0.120490
-0.184744	-0.536364	-0.119900
-0.174213	-0.536364	-0.120347
-0.164358	-0.536364	-0.120424
-0.154585	-0.536364	-0.121307
-0.148370	-0.536364	-0.121978
-0.146521	-0.536364	-0.123183
-0.144424	-0.536364	-0.124600
-0.142511	-0.530402	-0.126183
-0.141485	-0.518515	-0.128061
-0.140827	-0.502254	-0.130248
-0.139872	-0.482214	-0.132388
-0.138384	-0.456689	-0.134055
-0.136272	-0.430429	-0.135261
-0.133480	-0.409328	-0.136278
-0.132418	-0.392344	-0.137266
-0.133402	-0.377171	-0.139625
-0.133922	-0.360953	-0.143070
-0.133317	-0.343723	-0.146484
-0.130056	-0.325366	-0.149223
-0.125836	-0.306552	-0.151223
-0.122138	-0.289665	-0.154812
-0.119044	-0.274605	-0.157386
-0.116616	-0.260147	-0.158625
-0.114329	-0.243799	-0.158032
-0.111653	-0.226127	-0.156565
-0.108894	-0.208169	-0.155030
-0.105145	-0.190714	-0.153405
-0.099335	-0.177648	-0.150298
-0.093494	-0.169555	-0.148300
-0.089820	-0.163775	-0.146132
-0.086550	-0.158794	-0.143578
-0.087049	-0.154586	-0.141252
-0.087700	-0.151644	-0.139048
-0.085481	-0.150164	-0.137850
-0.083789	-0.148740	-0.138322
-0.084138	-0.147547	-0.138719
-0.085198	-0.146930	-0.140250
-0.084534	-0.146386	-0.142737
-0.082875	-0.145766	-0.146016
-0.078816	-0.143914	-0.149324
-0.071797	-0.139429	-0.152826
-0.063981	-0.133637	-0.156212
-0.054838	-0.127464	-0.157333
-0.044333	-0.123094	-0.158550
-0.032725	-0.118009	-0.161586
-0.021765	-0.113215	-0.165115
-0.009901	-0.109711	-0.167690
-0.001336	-0.105839	-0.169145
0.005413	-0.102636	-0.169697
0.016494	-0.101249	-0.168698
0.030424	-0.099986	-0.165982
0.048585	-0.097990	-0.161369
0.069408	-0.093285	-0.155955
0.094615	-0.087459	-0.150140
0.128217	-0.081982	-0.148818
0.169636	-0.074773	-0.148360
0.212292	-0.068037	-0.147926
0.238924	-0.061550	-0.147568
0.252790	-0.053853	-0.146508
0.268716	-0.046481	-0.144908
0.286331	-0.039265	-0.143704
0.305640	-0.034937	-0.142585
0.327850	-0.031047	-0.141571
0.350820	-0.025388	-0.140862
0.370980	-0.019661	-0.139909
0.389028	-0.011409	-0.138064
0.406965	0.004035	-0.135710
0.424425	0.029419	-0.132266
0.437889	0.066877	-0.129516
0.445174	0.123513	-0.127660
0.449619	0.181068	-0.127695
0.454702	0.237699	-0.129236
0.462433	0.277725	-0.129536
0.471495	0.307463	-0.130255
0.479579	0.329751	-0.131035
0.484153	0.344847	-0.131564
0.483746	0.354572	-0.131408
0.478617	0.362018	-0.129007
0.469271	0.370425	-0.125297
0.458546	0.380669	-0.121867
0.450733	0.393287	-0.119198
0.447149	0.405862	-0.117298
0.448005	0.419677	-0.116702
0.454047	0.436455	-0.118002
0.462363	0.455673	-0.118737
0.468856	0.473314	-0.119820
0.473703	0.487043	-0.120652
0.477678	0.502866	-0.119294
0.483461	0.519264	-0.117834
0.490968	0.533245	-0.115942
0.498253	0.544127	-0.112301
0.501838	0.552128	-0.107091
0.503124	0.558135	-0.101423
0.501713	0.565260	-0.096491
0.498661	0.575098	-0.092090
0.495636	0.586769	-0.085677
0.491635	0.598601	-0.077697
0.485988	0.607741	-0.070360
0.482468	0.614276	-0.067172
0.481352	0.619752	-0.068653
0.481597	0.625952	-0.073890
0.483285	0.634475	-0.075074
0.486849	0.645353	-0.078266
0.491598	0.656137	-0.082763
0.495550	0.660545	-0.088933
0.496097	0.659629	-0.096215
0.494852	0.659077	-0.104212
0.493080	0.658615	-0.113521
0.491688	0.658381	-0.123457
0.490793	0.658281	-0.131749
0.490536	0.657796	-0.137686
0.492261	0.657143	-0.144896
0.496888	0.657143	-0.151178
0.502888	0.657143	-0.160252
0.506112	0.657143	-0.166583
0.507223	0.657143	-0.171841
0.508467	0.657143	-0.175034
0.509121	0.657143	-0.175701
0.508331	0.657143	-0.173052
0.506817	0.657143	-0.166008
0.504848	0.657143	-0.155327
0.502665	0.657143	-0.145963
0.501754	0.657143	-0.140362
0.504567	0.657143	-0.133351
0.508093	0.657143	-0.124482
0.511316	0.657143	-0.118645
0.515064	0.657143	-0.113632
0.518445	0.657200	-0.109452
0.519360	0.657733	-0.106828
0.517556	0.657143	-0.105538
0.512725	0.657143	-0.103433
0.506293	0.657143	-0.098738
0.497974	0.657143	-0.092478
0.485440	0.657143	-0.087222
0.470590	0.657143	-0.080826
0.457413	0.657143	-0.073894
0.448623	0.657281	-0.068252
0.445107	0.657562	-0.061165
0.444415	0.657143	-0.052655
0.443398	0.657143	-0.037295
0.440903	0.657143	-0.007032
0.437251	0.657143	0.051326
0.431775	0.658623	0.168494
0.426047	0.659405	0.294313
0.421976	0.658401	0.389011
0.420569	0.657143	0.454249
0.421450	0.657143	0.505500
0.422297	0.657143	0.552255
0.418340	0.657143	0.588125
0.411098	0.657143	0.617132
0.404519	0.657143	0.640840
0.396798	0.657143	0.659468
0.388550	0.657143	0.659107
0.377413	0.658035	0.657756
0.358695	0.658435	0.657551
0.332340	0.659549	0.659985
0.304630	0.662911	0.662020
0.287837	0.665787	0.663077
0.281953	0.665632	0.663065
0.279281	0.663285	0.656221
0.278643	0.660681	0.647532
0.280903	0.659986	0.638133
0.284584	0.660489	0.629604
0.288449	0.662165	0.622161
0.294306	0.662696	0.617231
0.299245	0.661833	0.615545
0.297547	0.661207	0.617636
0.294298	0.661393	0.622552
0.297185	0.661995	0.629316
0.306693	0.662193	0.637184
0.320642	0.661867	0.645598
0.331069	0.661917	0.652684
0.335750	0.661635	0.658679
0.336186	0.660702	0.660644
0.336611	0.660122	0.660035
0.340347	0.659872	0.659721
0.344720	0.659832	0.659503
0.347252	0.659683	0.658992
0.346035	0.659860	0.658040
0.338137	0.660488	0.657143
0.319323	0.661470	0.657143
0.296993	0.662084	0.657143
0.283292	0.661785	0.657143
0.280014	0.660975	0.657143
0.282890	0.660692	0.657143
0.284920	0.660506	0.657143
0.282756	0.661508	0.657143
0.278841	0.660618	0.657143
0.278454	0.654853	0.657143
0.280244	0.648343	0.657143
0.282310	0.642544	0.657143
0.280238	0.638492	0.657143
0.273535	0.636625	0.657143
0.273882	0.636409	0.657143
0.290020	0.636189	0.657143
0.315022	0.634858	0.657143
0.341325	0.632282	0.657143
0.363689	0.629045	0.657678
0.377560	0.624375	0.658985
0.383715	0.618107	0.659625
0.384886	0.611524	0.658796
0.386011	0.605452	0.657210
0.387227	0.599262	0.657143
0.386056	0.591717	0.657143
0.383620	0.582512	0.657143
0.382859	0.574033	0.657143
0.382742	0.568347	0.657143
0.382019	0.564749	0.657143
0.388954	0.561798	0.657143
0.405280	0.557365	0.657143
0.423004	0.551209	0.657143
0.436899	0.544330	0.657143
0.444008	0.536907	0.657143
0.446994	0.527481	0.657143
0.450448	0.515761	0.657143
0.456552	0.505029	0.657143
0.464722	0.497877	0.657143
0.473251	0.493347	0.658664
0.481130	0.488697	0.663338
0.488709	0.483398	0.665707
0.497525	0.479383	0.664892
0.504055	0.476894	0.661460
0.508510	0.473651	0.657143
0.512398	0.470880	0.657143
0.513539	0.471013	0.657143
0.512986	0.472629	0.658953
0.513677	0.472466	0.659512
0.515551	0.468227	0.658317
0.518132	0.459231	0.657143
0.522015	0.444626	0.657143
0.528207	0.425801	0.657143
0.537522	0.404807	0.657143
0.549360	0.381261	0.657143
0.560334	0.356512	0.657143
0.568368	0.329612	0.657143
0.572610	0.304290	0.657143
0.573928	0.286766	0.657143
0.573521	0.272818	0.657143
0.572066	0.252665	0.657143
0.570089	0.223013	0.657143
0.570673	0.187505	0.657143
0.574949	0.145999	0.657143
0.578256	0.096621	0.657143
0.580344	0.072265	0.657143
0.581617	0.030389	0.657143
0.581408	0.000119	0.100000
0.579752	-0.020712	0.100000
0.576914	-0.035416	0.100000
0.576328	-0.047058	0.100000
0.581346	-0.057036	0.100000
0.588558	-0.065205	0.100000
0.596649	-0.072242	0.100000
0.605004	-0.077917	0.100000
0.612692	-0.082526	0.100000
0.618527	-0.086352	0.100000
0.622890	-0.089797	0.750000
0.626696	-0.093003	0.705070
0.630190	-0.096338	0.687064
0.634930	-0.099730	0.678870
0.642241	-0.103132	0.674169
0.651484	-0.107127	0.671529
0.660928	-0.112441	0.668745
0.659664	-0.117219	0.666028
0.658418	-0.121156	0.663702
0.657390	-0.124637	0.662145
0.657143	-0.128270	0.662048
0.657143	-0.132296	0.662377
0.657143	-0.136134	0.662988
0.657143	-0.140262	0.664978
0.657143	-0.145813	0.663635
0.657143	-0.152124	0.652337
0.657143	-0.165250	0.641444
0.657143	-0.176907	0.633291
0.657143	-0.188839	0.630220
0.657143	-0.200320	0.635582
0.657143	-0.211347	0.645868
0.657143	-0.219464	0.659509
0.657143	-0.223579	0.658162
0.657143	-0.224253	0.657143
0.657143	-0.220310	0.657143
0.657143	-0.212429	0.657143
0.657143	-0.202632	0.657143
0.657143	-0.191618	0.657143
0.657143	-0.181755	0.657143
0.657143	-0.175440	0.658515
0.657143	-0.171556	0.659112
0.657143	-0.169765	0.657969
0.657143	-0.168130	0.657143
0.657143	-0.165354	0.657143
0.657143	-0.162651	0.657143
0.657143	-0.160721	0.657143
0.657143	-0.158816	0.657143
0.657143	-0.157323	0.657143
0.657143	-0.155946	0.657143
0.657143	-0.152211	0.658405
0.100000	-0.147733	0.662704
0.000000	-0.143949	-0.100000
0.550000	-0.139889	0.550000
0.750000	-0.204748	0.525103
0.460440	-0.265099	0.269143
0.458894	-0.261242	0.246263
0.456825	-0.259438	0.224553
0.453711	-0.256291	0.203276
0.447493	-0.253302	0.179288
0.439511	-0.251921	0.140381
0.433909	-0.251595	0.092688
0.431992	-0.251725	0.062950
0.428584	-0.251137	0.026203
0.426890	-0.250440	0.001521
0.432147	-0.250319	-0.016814
0.440739	-0.249342	-0.030646
0.448597	-0.247603	-0.040997
0.454991	-0.246944	-0.050093
0.459244	-0.245703	-0.058501
0.462241	-0.242626	-0.064967
0.465627	-0.238763	-0.069629
0.470352	-0.234418	-0.073625
0.475960	-0.229294	-0.077666
0.483205	-0.223951	-0.081655
0.491447	-0.218369	-0.086231
0.501666	-0.211397	-0.092245
0.511648	-0.201725	-0.097576
0.519979	-0.191495	-0.102044
0.524484	-0.184219	-0.106593
0.526522	-0.179751	-0.112564
0.529063	-0.176862	-0.119210
0.532967	-0.176186	-0.126103
0.537777	-0.176879	-0.132740
0.541161	-0.178220	-0.138080
0.541995	-0.177666	-0.146087
0.542010	-0.174505	-0.164104
0.540761	-0.171378	-0.191541
0.538437	-0.170677	-0.218662
0.536562	-0.171367	-0.246138
0.536525	-0.172964	-0.277153
0.538155	-0.174543	-0.314324
0.539119	-0.176262	-0.355809
0.539942	-0.177776	-0.398776
0.541842	-0.177875	-0.442367
0.542337	-0.175480	-0.487678
0.542265	-0.172045	-0.528305
0.544342	-0.167456	-0.536364
0.547291	-0.163691	-0.536364
0.549721	-0.161979	-0.536364
0.552343	-0.160608	-0.536364
0.553871	-0.158733	-0.536364
0.555400	-0.156986	-0.536364
0.557544	-0.154318	-0.536364
0.559640	-0.149685	-0.536364
0.558970	-0.147079	-0.536364
0.554393	-0.144839	-0.536364
0.545801	-0.142769	-0.536364
0.535415	-0.140530	-0.536364
0.526462	-0.138177	-0.536364
0.519837	-0.136160	-0.536364
0.513162	-0.133751	-0.536364
0.507480	-0.131146	-0.536364
0.503840	-0.129394	-0.536364
0.501592	-0.129596	-0.536364
0.499968	-0.128417	-0.536364
0.498851	-0.124810	-0.536364
0.497486	-0.120836	-0.536364
0.493395	-0.116642	-0.536364
0.486750	-0.113636	-0.536364
0.481060	-0.113052	-0.536364
0.476253	-0.113937	-0.536364
0.470593	-0.114041	-0.536364
0.464252	-0.111994	-0.536364
0.457115	-0.109467	-0.536364
0.450013	-0.106483	-0.536364
0.445592	-0.104413	-0.536364
0.438735	-0.105127	-0.536364
0.427649	-0.106670	-0.536364
0.414411	-0.108644	-0.536364
0.403328	-0.110475	-0.536364
0.398006	-0.109669	-0.536364
0.395880	-0.106280	-0.536364
0.391409	-0.102734	-0.536364
0.381769	-0.099194	-0.536364
0.370065	-0.095682	-0.536364
0.357878	-0.091672	-0.536364
0.340614	-0.086880	-0.536364
0.314333	-0.082874	-0.536364
0.289420	-0.079562	-0.536364
0.269568	-0.076882	-0.536364
0.254209	-0.074650	-0.536364
0.244522	-0.072061	-0.536364
0.236461	-0.068261	-0.536364
0.227461	-0.062984	-0.536364
0.219078	-0.058313	-0.536364
0.209499	-0.054237	-0.536364
0.191183	-0.048765	-0.536364
0.156923	-0.040817	-0.536364
0.104734	-0.030561	-0.536364
0.084776	-0.019813	-0.536364
0.048010	-0.010201	-0.536364
0.022621	-0.004626	-0.536364
0.008031	0.004805	-0.536364
-0.001366	0.023923	-0.536364
-0.009535	0.045166	-0.536364
-0.017872	0.064923	-0.536364
-0.026764	0.082744	-0.536364
-0.036162	0.112702	-0.536364
-0.044577	0.145770	-0.536364
-0.052052	0.172976	-0.536364
-0.058924	0.190522	-0.535644
-0.064071	0.203014	-0.500527
-0.067271	0.210136	-0.451066
-0.069490	0.219971	-0.402623
-0.071443	0.239482	-0.353037
-0.072997	0.268335	-0.300562
-0.073845	0.299756	-0.253395
-0.074209	0.325869	-0.214236
-0.074825	0.351719	-0.182430
-0.076366	0.375083	-0.161643
-0.079249	0.391081	-0.147978
-0.082777	0.401102	-0.148093
-0.086038	0.406679	-0.149348
-0.089367	0.409545	-0.157805
-0.092146	0.409259	-0.182242
-0.094340	0.409265	-0.223492
-0.095919	0.413142	-0.279920
-0.097235	0.417679	-0.351650
-0.098240	0.421228	-0.430753
-0.098794	0.422745	-0.504087
-0.099519	0.419513	-0.532900
-0.101154	0.411746	-0.536364
-0.103829	0.400951	-0.536364
-0.107559	0.386371	-0.536364
-0.112244	0.371102	-0.536364
-0.116631	0.361849	-0.536364
-0.120983	0.357346	-0.536364
-0.125523	0.353108	-0.536364
-0.130175	0.353789	-0.528967
-0.134642	0.358512	-0.514545
-0.137981	0.363481	-0.499518
-0.143006	0.370090	-0.484912
-0.147046	0.380119	-0.469479
-0.149685	0.391814	-0.452979
-0.152321	0.401190	-0.434149
-0.158681	0.403157	-0.412698
-0.166522	0.395334	-0.389794
-0.175000	0.381256	-0.364845
-0.184609	0.367747	-0.337283
-0.194949	0.360376	-0.306457
-0.207559	0.356782	-0.273902
-0.223265	0.356488	-0.245211
-0.241165	0.355434	-0.218719
-0.259233	0.349116	-0.191236
-0.276844	0.338694	-0.166185
-0.295011	0.328571	-0.143702
-0.314103	0.325090	-0.135188
-0.332700	0.332787	-0.124462
-0.348025	0.350337	-0.115903
-0.360672	0.365431	-0.107562
-0.374901	0.370492	-0.096950
-0.393768	0.366959	-0.084000
-0.416499	0.355415	-0.072121
-0.439639	0.339868	-0.062245
-0.459828	0.322347	-0.058037
-0.480109	0.299820	-0.061274
-0.501974	0.277130	-0.068855
-0.522776	0.254426	-0.071045
-0.534458	0.226404	-0.076040
-0.536364	0.191410	-0.081967
-0.536364	0.147316	-0.088325
-0.536364	0.098218	-0.094185
-0.536364	0.081003	-0.099194
-0.536364	0.048424	-0.103301
-0.536364	0.026513	-0.106843
-0.536364	0.013699	-0.110444
-0.536364	0.007374	-0.113001
-0.536364	0.001504	-0.114218
-0.536364	-0.008618	-0.113455
-0.536364	-0.021500	-0.112932
-0.536364	-0.034230	-0.112161
-0.536364	-0.045611	-0.112273
-0.536364	-0.055618	-0.112840
-0.536364	-0.063980	-0.113331
-0.536364	-0.070308	-0.113210
-0.536364	-0.074668	-0.111725
-0.536364	-0.077590	-0.110498
-0.536364	-0.079745	-0.110992
-0.536364	-0.081864	-0.111573
-0.536364	-0.084460	-0.112339
-0.536364	-0.088274	-0.113264
-0.536364	-0.092905	-0.114416
-0.536364	-0.097600	-0.115961
-0.536364	-0.101591	-0.117421
-0.536364	-0.104869	-0.118534
-0.536364	-0.108379	-0.119633
-0.536364	-0.112428	-0.121165
-0.536364	-0.116748	-0.123274
-0.536364	-0.120942	-0.125797
-0.536364	-0.124554	-0.128265
-0.536364	-0.127838	-0.129911
-0.536364	-0.131198	-0.130171
-0.536364	-0.134615	-0.129081
-0.536364	-0.137410	-0.128644
-0.536364	-0.141433	-0.129456
-0.536364	-0.145447	-0.130198
-0.536364	-0.149016	-0.131483
-0.536364	-0.155809	-0.133245
-0.536364	-0.165127	-0.135281
-0.536364	-0.174093	-0.136974
-0.536364	-0.184663	-0.139247
-0.536364	-0.196901	-0.141914
-0.536364	-0.211757	-0.143910
-0.536364	-0.228207	-0.145007
-0.536364	-0.244471	-0.145952
-0.536364	-0.260042	-0.147163
-0.536364	-0.275578	-0.148831
-0.536364	-0.293379	-0.151445
-0.536364	-0.314144	-0.159074
-0.536364	-0.335784	-0.166150
-0.536364	-0.358578	-0.171103
-0.536364	-0.379492	-0.174755
-0.536364	-0.394428	-0.179731
-0.536364	-0.403473	-0.187036
-0.536364	-0.409812	-0.192632
-0.536364	-0.418647	-0.196923
-0.536364	-0.430222	-0.201758
-0.536364	-0.440904	-0.207561
-0.536364	-0.450185	-0.213611
-0.536364	-0.459423	-0.219583
-0.536364	-0.469970	-0.227189
-0.536364	-0.484455	-0.238345
-0.536364	-0.503296	-0.252287
-0.536364	-0.530380	-0.265300
-0.536364	-0.536364	-0.275518
-0.536364	-0.536364	-0.282741
-0.536364	-0.536364	-0.287252
-0.536364	-0.536364	-0.289823
-0.536364	-0.536364	-0.291075
-0.536364	-0.536364	-0.289881
-0.536364	-0.536364	-0.287289
-0.536364	-0.536364	-0.284832
-0.536364	-0.536364	-0.284776
-0.536364	-0.536364	-0.286563
-0.536364	-0.536364	-0.286512
-0.536364	-0.536364	-0.280676
-0.536364	-0.536364	-0.270059
-0.536364	-0.536364	-0.257381
-0.536364	-0.536364	-0.242409
-0.536364	-0.536364	-0.226819
-0.536364	-0.536364	-0.212963
-0.536364	-0.536364	-0.200647
-0.536364	-0.536364	-0.189950
-0.536364	-0.536364	-0.182678
-0.536364	-0.536364	-0.181431
-0.536364	-0.536364	-0.186023
-0.536364	-0.536364	-0.199214
-0.536364	-0.536364	-0.219602
-0.536364	-0.536364	-0.244623
-0.536364	-0.536364	-0.274166
-0.536364	-0.536364	-0.309923
-0.536364	-0.536364	-0.352608
-0.536364	-0.536364	-0.400664
-0.536364	-0.536364	-0.451872
-0.536364	-0.536364	-0.505225
-0.536364	-0.536364	-0.532350
-0.536364	-0.536364	-0.536364
-0.536364	-0.536364	-0.536364
-0.536364	-0.536364	-0.536364
-0.536364	-0.536364	-0.536364
-0.536364	-0.536364	-0.536364
-0.536364	-0.536364	-0.536364
-0.536364	-0.536364	-0.536364
-0.536364	-0.536364	-0.536364
-0.536364	-0.536364	-0.536364
-0.536364	-0.536364	-0.536364
-0.536364	-0.536364	-0.536364
-0.536364	-0.536364	-0.536364
-0.536364	-0.536364	-0.536364
-0.536364	-0.536364	-0.536364
-0.536364	-0.536364	-0.536364
-0.536364	-0.536364	-0.536364
-0.536364	-0.536364	-0.536364
-0.536364	-0.536364	-0.536364
-0.536364	-0.536364	-0.536364
-0.536364	-0.536364	-0.536364
-0.536364	-0.536364	-0.536364
-0.536364	-0.536364	-0.536364
-0.536364	-0.536364	-0.536364
-0.536364	-0.536364	-0.536364
-0.536364	-0.536364	-0.536364
-0.536364	-0.536364	-0.536364
-0.536364	-0.536364	-0.536364
-0.536364	-0.536364	-0.536364
-0.536364	-0.536364	-0.536364
-0.536364	-0.536364	-0.536364
-0.536364	-0.536364	-0.536364
-0.536364	-0.536364	-0.536364
-0.536364	-0.536364	-0.536364
-0.536364	-0.536364	-0.536364
-0.536364	-0.536364	-0.536364
-0.536364	-0.536364	-0.536364
-0.536364	-0.536364	-0.536364
-0.503580	-0.536364	-0.068656
-0.474073	-0.536364	-0.115280
-0.451042	-0.536364	-0.116800
-0.430480	-0.536364	-0.117865
-0.415237	-0.536364	-0.118426
-0.403760	-0.536364	-0.117251
-0.390903	-0.536364	-0.116940
-0.375261	-0.536364	-0.117517
-0.357776	-0.536364	-0.117755
-0.338259	-0.536364	-0.118479
-0.316841	-0.536364	-0.119885
-0.294616	-0.536364	-0.122044
-0.271318	-0.536364	-0.124892
-0.250529	-0.536364	-0.127682
-0.233974	-0.536364	-0.130113
-0.222235	-0.536364	-0.132423
-0.212925	-0.536364	-0.134511
-0.203213	-0.536364	-0.136440
-0.192398	-0.536364	-0.138803
-0.180693	-0.536364	-0.142509
-0.170387	-0.536364	-0.146254
-0.161077	-0.536364	-0.150091
-0.153451	-0.536364	-0.162894
-0.147869	-0.536364	-0.178383
-0.143681	-0.536364	-0.193787
-0.140140	-0.536364	-0.204383
-0.137998	-0.536364	-0.211071
-0.135241	-0.536364	-0.217810
-0.131038	-0.536364	-0.228179
-0.127854	-0.536364	-0.242903
-0.124089	-0.536364	-0.261586
-0.120345	-0.536364	-0.287673
-0.117244	-0.536364	-0.321651
-0.113833	-0.536364	-0.361182
-0.110362	-0.536364	-0.407769
-0.107360	-0.536364	-0.461274
-0.104828	-0.536364	-0.518006
-0.102731	-0.533486	-0.535083
-0.100831	-0.521318	-0.536364
-0.097826	-0.510467	-0.536364
-0.093114	-0.505291	-0.536364
-0.087437	-0.504187	-0.536364
-0.081685	-0.502732	-0.536364
-0.076127	-0.497373	-0.536364
-0.071173	-0.484363	-0.536364
-0.067181	-0.465824	-0.536364
-0.064506	-0.446247	-0.536364
-0.060950	-0.425212	-0.536364
-0.055606	-0.403024	-0.536364
-0.049563	-0.381123	-0.536364
-0.043677	-0.360162	-0.536364
-0.035757	-0.340005	-0.536364
-0.025158	-0.320728	-0.536364
-0.013134	-0.302014	-0.536364
0.001526	-0.282884	-0.536364
0.022538	-0.264363	-0.536364
0.046974	-0.246802	-0.536364
0.072698	-0.229461	-0.536364
0.107066	-0.212979	-0.536364
0.143552	-0.196695	-0.536364
0.185294	-0.180823	-0.536364
0.227273	-0.168740	-0.530442
0.261226	-0.157959	-0.516477
0.285215	-0.148180	-0.502175
0.306915	-0.143509	-0.491392
0.331093	-0.137304	-0.483931
0.358230	-0.130689	-0.478810
0.385768	-0.125842	-0.475260
0.410425	-0.122564	-0.473005
0.428484	-0.118176	-0.473112
0.440705	-0.112794	-0.475863
0.450445	-0.108236	-0.477405
0.460035	-0.105376	-0.478301
0.470242	-0.103966	-0.481143
0.480543	-0.102110	-0.482257
0.488386	-0.099379	-0.479418
0.491221	-0.097707	-0.473887
0.490463	-0.095492	-0.468135
0.490354	-0.092784	-0.463211
0.492364	-0.090661	-0.458680
0.496198	-0.087482	-0.455757
0.503025	-0.082437	-0.456265
0.512108	-0.076018	-0.460906
0.521450	-0.070872	-0.469778
0.528850	-0.065137	-0.479287
0.536116	-0.059867	-0.487695
0.543495	-0.056191	-0.493845
0.550168	-0.053425	-0.497779
0.555123	-0.050463	-0.502634
0.557402	-0.047062	-0.507490
0.557912	-0.043576	-0.510625
0.558370	-0.037292	-0.515562
0.560735	-0.027461	-0.521808
0.563283	-0.012264	-0.524566
0.565973	0.010579	-0.519621
0.570288	0.043734	-0.503281
0.575610	0.094297	-0.475184
0.582260	0.156475	-0.438425
0.588191	0.227050	-0.397302
0.593121	0.289827	-0.354356
0.599323	0.334360	-0.308775
0.605792	0.361406	-0.263407
0.611693	0.379212	-0.222119
0.616929	0.395511	-0.183777
0.620884	0.412170	-0.152999
0.623929	0.425305	-0.134040
0.628040	0.440242	-0.118895
0.633014	0.459852	-0.104915
0.637313	0.479322	-0.087426
0.639715	0.497515	-0.063558
0.640066	0.514279	-0.033918
0.639378	0.526413	0.008038
0.637788	0.534012	0.095549
0.636405	0.540292	0.250880
0.635951	0.548374	0.374017
0.636627	0.558928	0.443007
0.638244	0.568773	0.485343
0.640169	0.576415	0.517663
0.642449	0.583731	0.531966
0.644124	0.590385	0.529458
0.645278	0.596847	0.514246
0.645749	0.601932	0.480266
0.645428	0.605092	0.428646
0.644252	0.607766	0.355563
0.642041	0.611132	0.237371
0.639469	0.614698	0.085000
0.637586	0.616839	0.027322
0.636274	0.617624	-0.026512
0.634881	0.617529	-0.050000
0.633731	0.618127	-0.060264
0.632765	0.619346	-0.055902
0.631891	0.620169	-0.038011
0.631120	0.621805	-0.014278
0.629474	0.625597	0.019419
0.626090	0.631332	0.068221
0.621492	0.637914	0.139130
0.616901	0.642830	0.204588
0.613104	0.645551	0.259179
0.609999	0.647168	0.298758
0.606737	0.648639	0.333495
0.603723	0.650822	0.366355
0.601969	0.654267	0.394829
0.601183	0.658655	0.418846
0.600582	0.660801	0.442262
0.599798	0.660311	0.466647
0.598600	0.660096	0.489969
0.596918	0.659889	0.520175
0.595043	0.659471	0.550911
0.593393	0.658984	0.581280
0.591992	0.658766	0.609340
0.590276	0.659250	0.634353
0.587147	0.660009	0.659489
0.581074	0.660277	0.657143
0.571683	0.660959	0.657143
0.561197	0.661143	0.657143
0.552268	0.661103	0.657143
0.544736	0.660995	0.657143
0.537105	0.660797	0.657143
0.528596	0.660529	0.657143
0.520004	0.660196	0.657143
0.512048	0.659627	0.100000
0.505001	0.658877	0.100000
0.497894	0.658012	0.100000
0.490022	0.657143	0.100000
0.483154	0.657143	0.100000
0.479446	0.657143	0.100000
0.478532	0.657143	0.100000
0.481359	0.657540	0.100000
0.484952	0.658088	0.100000
0.485810	0.659375	0.100000
0.484951	0.661326	0.100000
0.483470	0.662730	0.100000
0.480963	0.663538	0.100000
0.476645	0.661483	0.100000
0.472501	0.658326	0.100000
0.471252	0.656739	0.100000
0.471782	0.654473	0.100000
0.473235	0.650622	0.100000
0.475422	0.646176	0.100000
0.477449	0.642061	0.100000
0.479324	0.638862	0.100000
0.481059	0.636538	0.100000
0.480601	0.634706	0.100000
0.477885	0.632799	0.100000
0.473920	0.630477	0.100000
0.468991	0.627615	0.100000
0.462939	0.624714	0.100000
0.454287	0.621755	0.100000
0.445407	0.618593	0.100000
0.441496	0.615566	0.100000
0.443596	0.612839	0.100000
0.449443	0.611142	0.100000
0.455750	0.612232	0.100000
0.459579	0.614443	0.100000
0.462012	0.615822	0.100000
0.464835	0.615819	0.100000
0.467181	0.614628	0.100000
0.469895	0.611664	0.100000
0.472566	0.607912	0.100000
0.474787	0.604145	0.100000
0.477325	0.600621	0.100000
0.480074	0.596896	0.100000
0.481633	0.591561	0.100000
0.481791	0.583247	0.100000
0.481283	0.572296	0.100000
0.479561	0.560681	0.100000
0.477768	0.550889	0.100000
0.477615	0.544392	0.100000
0.482557	0.540603	0.100000
0.492632	0.537518	0.100000
0.505644	0.534030	0.100000
0.517001	0.529808	0.100000
0.527406	0.523712	0.100000
0.536667	0.514434	0.100000
0.544124	0.501483	0.100000
0.550499	0.484860	0.100000
0.554679	0.470260	0.100000
0.557744	0.462778	0.100000
0.560767	0.460562	0.100000
0.563660	0.459570	0.100000
0.567769	0.455609	0.100000
0.574929	0.447932	0.100000
0.583960	0.438664	0.100000
0.592322	0.426563	0.100000
0.598927	0.408297	0.100000
0.603615	0.384672	0.100000
0.605788	0.361688	0.100000
0.606148	0.341875	0.100000
0.605777	0.324036	0.100000
0.604497	0.306896	0.100000
0.602805	0.291202	0.100000
0.603247	0.275001	0.100000
0.608178	0.255988	0.100000
0.614009	0.232370	0.100000
0.619271	0.200263	0.100000
0.623465	0.160507	0.100000
0.626520	0.118744	0.100000
0.628420	0.094216	0.100000
0.629576	0.072519	0.100000
0.630014	0.045660	0.100000
0.630218	0.025540	0.100000
0.631314	0.008363	0.100000
0.633525	-0.008293	0.100000
0.636093	-0.023096	0.100000
0.639265	-0.034997	0.100000
0.644458	-0.044293	0.100000
0.650556	-0.052635	0.100000
0.656626	-0.060539	0.100000
0.660926	-0.067615	0.100000
0.660046	-0.073267	0.100000
0.659333	-0.077179	0.100000
0.658700	-0.079798	0.100000
0.657833	-0.082323	0.100000
0.657143	-0.085590	0.100000
0.657143	-0.089945	0.100000
0.657143	-0.093707	0.100000
0.657143	-0.096904	0.100000
0.657143	-0.099732	0.100000
0.657143	-0.102362	0.100000
0.657143	-0.105098	0.100000
0.657143	-0.108355	0.100000
0.657143	-0.111950	0.100000
0.657143	-0.115854	0.100000
0.657143	-0.120195	0.100000
0.657143	-0.124776	0.100000
0.657143	-0.129194	0.100000
0.657143	-0.133126	0.100000
0.657143	-0.136202	0.100000
0.657143	-0.138805	0.100000
0.657143	-0.141785	0.100000
0.657143	-0.144741	0.100000
0.657143	-0.148213	0.100000
0.657143	-0.152066	0.100000
0.657143	-0.159807	0.100000
0.657143	-0.168360	0.100000
0.657143	-0.177279	0.100000
0.100000	-0.187293	0.100000
0.100000	-0.196126	0.100000
0.100000	-0.204357	0.100000
0.100000	-0.212724	0.100000
0.100000	-0.220616	0.100000
0.100000	-0.225954	0.100000
0.100000	-0.227166	0.100000
0.100000	-0.224198	0.100000
0.100000	-0.218323	0.100000
0.100000	-0.211540	0.100000
0.100000	-0.205636	0.100000
0.100000	-0.200733	0.100000
0.100000	-0.198090	0.100000
0.100000	-0.196702	0.100000
0.100000	-0.195577	0.100000
0.100000	-0.194927	0.100000
0.100000	-0.193502	0.100000
0.100000	-0.191311	0.100000
0.100000	-0.190216	0.100000
0.100000	-0.189154	0.100000
0.100000	-0.185857	0.100000
0.100000	-0.182160	0.100000
0.000000	-0.179576	0.000000
0.300000	-0.176348	0.550000
0.750000	-0.434946	0.750000
0.570084	-0.536364	0.393284
0.572220	-0.536364	0.379449
0.576385	-0.536364	0.362325
0.582583	-0.536364	0.338481
0.589502	-0.536364	0.299251
0.595801	-0.536364	0.237768
0.600523	-0.536364	0.148966
0.602848	-0.536364	0.085587
0.604232	-0.536364	0.045032
0.604085	-0.536364	0.010329
0.602228	-0.536364	-0.009340
0.598043	-0.536364	-0.021253
0.593928	-0.536364	-0.031416
0.592438	-0.536364	-0.042314
0.594706	-0.536364	-0.054245
0.599391	-0.536364	-0.066035
0.603729	-0.536364	-0.076679
0.606942	-0.536364	-0.086853
0.610261	-0.536364	-0.097194
0.613478	-0.536364	-0.107134
0.616705	-0.536364	-0.117883
0.619198	-0.536364	-0.127604
0.620209	-0.536364	-0.135294
0.620765	-0.536364	-0.142806
0.622131	-0.536364	-0.161895
0.624138	-0.536364	-0.200374
0.625148	-0.536364	-0.242807
0.624618	-0.536364	-0.291398
0.623616	-0.536364	-0.343572
0.624221	-0.536364	-0.391939
0.626037	-0.536364	-0.435207
0.627541	-0.536364	-0.471581
0.628851	-0.536364	-0.494884
0.629746	-0.536364	-0.501561
0.629874	-0.536364	-0.496705
0.630802	-0.536364	-0.485836
0.632852	-0.536364	-0.473740
0.632813	-0.536364	-0.465683
0.631519	-0.536364	-0.462189
0.628806	-0.536364	-0.458251
0.625092	-0.536364	-0.452722
0.620086	-0.536364	-0.449278
0.614333	-0.536364	-0.447563
0.608764	-0.536364	-0.444852
0.604014	-0.536364	-0.441561
0.600395	-0.536364	-0.436376
0.597878	-0.536364	-0.426104
0.596199	-0.536364	-0.410522
0.594864	-0.536364	-0.394894
0.593204	-0.536364	-0.386570
0.591535	-0.536364	-0.387820
0.590710	-0.536364	-0.391506
0.590537	-0.536364	-0.390491
0.589931	-0.536364	-0.385445
0.588565	-0.536364	-0.381075
0.586771	-0.536364	-0.379067
0.586491	-0.525413	-0.378598
0.589531	-0.513549	-0.379153
0.591385	-0.505383	-0.380092
0.590856	-0.497191	-0.381251
0.588955	-0.485560	-0.383698
0.586310	-0.470792	-0.389284
0.583265	-0.457111	-0.398858
0.579279	-0.444606	-0.409554
0.574697	-0.434022	-0.416762
0.570680	-0.426188	-0.419930
0.568283	-0.416218	-0.422036
0.566969	-0.403634	-0.425046
0.566887	-0.389268	-0.427835
0.567701	-0.374422	-0.429698
0.567616	-0.361395	-0.433053
0.566913	-0.351311	-0.443885
0.563777	-0.346603	-0.463007
0.557230	-0.346230	-0.482990
0.548289	-0.345636	-0.496695
0.538074	-0.340231	-0.502368
0.528045	-0.330167	-0.501086
0.518044	-0.317151	-0.497857
0.506679	-0.302957	-0.497190
0.492245	-0.290344	-0.501928
0.474858	-0.281331	-0.512770
0.457586	-0.275005	-0.525025
0.438984	-0.269453	-0.534569
0.424140	-0.262822	-0.536364
0.412142	-0.255406	-0.536364
0.398712	-0.248678	-0.536364
0.386181	-0.245049	-0.536364
0.377206	-0.243857	-0.536364
0.370517	-0.241577	-0.536364
0.366608	-0.235984	-0.536364
0.361990	-0.227185	-0.536364
0.351455	-0.217911	-0.536364
0.329580	-0.211185	-0.536364
0.294777	-0.206819	-0.536364
0.255585	-0.203565	-0.536364
0.211534	-0.200383	-0.536364
0.163124	-0.197218	-0.536364
0.107902	-0.194277	-0.536364
0.086467	-0.190088	-0.536364
0.051852	-0.184612	-0.536364
0.023651	-0.179016	-0.536364
0.002836	-0.173925	-0.536364
-0.011771	-0.169622	-0.503413
-0.021882	-0.165562	-0.449123
-0.028882	-0.160845	-0.391877
-0.032786	-0.156797	-0.333849
-0.033907	-0.153205	-0.276985
-0.033928	-0.149215	-0.226577
-0.034440	-0.146293	-0.178563
-0.037283	-0.142716	-0.136934
-0.043814	-0.139189	-0.116319
-0.052385	-0.135559	-0.095997
-0.061190	-0.130834	-0.077311
-0.068868	-0.127420	-0.056823
-0.074587	-0.123980	-0.033968
-0.078848	-0.120572	-0.005696
-0.082786	-0.118332	0.030959
-0.086707	-0.114559	0.061401
-0.090144	-0.111032	0.056220
-0.092667	-0.109200	0.038701
-0.094489	-0.109069	0.004461
-0.095344	-0.109123	-0.035094
-0.095550	-0.109633	-0.065448
-0.096141	-0.110212	-0.088662
-0.097587	-0.111532	-0.107013
-0.099838	-0.113568	-0.123061
-0.102690	-0.115665	-0.135653
-0.106187	-0.117230	-0.146966
-0.110901	-0.118629	-0.178235
-0.115553	-0.120685	-0.205965
-0.119557	-0.123508	-0.222723
-0.123154	-0.126447	-0.227916
-0.126651	-0.128835	-0.219824
-0.130181	-0.130715	-0.203794
-0.133514	-0.132293	-0.183207
-0.136357	-0.133190	-0.165025
-0.139513	-0.132098	-0.149257
-0.143992	-0.130132	-0.144881
-0.148307	-0.129068	-0.143798
-0.156593	-0.127706	-0.144080
-0.170539	-0.126868	-0.144449
-0.189870	-0.127567	-0.145160
-0.210256	-0.127518	-0.146042
-0.228751	-0.127032	-0.145729
-0.246768	-0.127035	-0.143432
-0.266135	-0.125649	-0.140418
-0.290052	-0.123047	-0.136634
-0.318653	-0.122803	-0.131284
-0.347572	-0.123767	-0.125687
-0.373527	-0.123700	-0.119772
-0.396499	-0.123619	-0.112688
-0.416282	-0.123718	-0.104450
-0.431664	-0.123341	-0.095363
-0.444763	-0.122446	-0.086049
-0.458009	-0.122167	-0.080466
-0.472908	-0.122649	-0.072817
-0.492274	-0.122608	-0.062901
-0.516624	-0.122024	-0.052838
-0.533418	-0.121290	-0.039821
-0.536364	-0.121110	-0.027285
-0.536364	-0.121686	-0.020501
-0.536364	-0.122421	-0.022695
-0.536364	-0.123855	-0.029199
-0.536364	-0.125821	-0.033503
-0.536364	-0.128111	-0.042221
-0.536364	-0.130391	-0.052770
-0.536364	-0.132408	-0.062849
-0.536364	-0.134397	-0.070840
-0.536364	-0.136427	-0.077011
-0.536364	-0.138571	-0.082560
-0.536364	-0.141262	-0.088740
-0.536364	-0.144388	-0.093096
-0.536364	-0.148223	-0.093914
-0.536364	-0.154252	-0.089237
-0.536364	-0.162893	-0.085516
-0.536364	-0.170365	-0.084118
-0.536364	-0.177440	-0.085160
-0.536364	-0.185859	-0.086938
-0.536364	-0.194229	-0.088113
-0.536364	-0.203667	-0.090403
-0.536364	-0.215313	-0.093159
-0.536364	-0.228034	-0.095640
-0.536364	-0.239533	-0.097059
-0.536364	-0.249539	-0.095349
-0.536364	-0.258537	-0.092639
-0.536364	-0.267408	-0.091184
-0.536364	-0.278962	-0.090824
-0.536364	-0.293116	-0.090839
-0.536364	-0.309912	-0.091415
-0.536364	-0.329192	-0.091886
-0.536364	-0.349571	-0.092146
-0.536364	-0.368980	-0.092245
-0.536364	-0.387514	-0.092174
-0.536364	-0.406774	-0.091994
-0.536364	-0.426597	-0.091230
-0.536364	-0.445212	-0.091867
-0.536364	-0.461958	-0.092459
-0.536364	-0.476068	-0.093350
-0.536364	-0.488958	-0.094053
-0.536364	-0.500684	-0.094672
-0.536364	-0.508251	-0.095141
-0.536364	-0.510474	-0.095093
-0.536364	-0.512424	-0.095238
-0.536364	-0.518960	-0.095444
-0.536364	-0.533121	-0.095750
-0.536364	-0.536364	-0.095887
-0.536364	-0.536364	-0.095926
-0.536364	-0.536364	-0.096526
-0.536364	-0.536364	-0.098335
-0.536364	-0.536364	-0.100738
-0.536364	-0.536364	-0.102751
-0.536364	-0.536364	-0.104061
-0.536364	-0.536364	-0.104742
-0.536364	-0.536364	-0.105076
-0.536364	-0.536364	-0.105115
-0.536364	-0.536364	-0.104603
-0.536364	-0.536364	-0.104807
-0.536364	-0.536364	-0.105315
-0.536364	-0.536364	-0.106775
-0.536364	-0.536364	-0.108799
-0.536364	-0.536364	-0.110773
-0.536364	-0.536364	-0.112348
-0.536364	-0.536364	-0.113362
-0.536364	-0.536364	-0.113054
-0.536364	-0.536364	-0.111976
-0.536364	-0.536364	-0.112284
-0.536364	-0.536364	-0.112541
-0.536364	-0.536364	-0.112736
-0.536364	-0.536364	-0.113424
-0.536364	-0.536364	-0.115005
-0.536364	-0.536364	-0.117403
-0.536364	-0.536364	-0.120197
-0.536364	-0.536364	-0.123019
-0.536364	-0.536364	-0.125569
-0.536364	-0.536364	-0.127959
-0.536364	-0.536364	-0.129998
-0.536364	-0.536364	-0.131376
-0.536364	-0.536364	-0.132326
-0.536364	-0.536364	-0.133140
-0.536364	-0.536364	-0.133731
-0.536364	-0.536364	-0.133794
-0.536364	-0.536364	-0.133243
-0.536364	-0.536364	-0.132461
-0.536364	-0.536364	-0.131621
-0.536364	-0.536364	-0.130764
-0.536364	-0.536364	-0.129083
-0.536364	-0.536364	-0.127704
-0.536364	-0.536364	-0.128319
-0.536364	-0.536364	-0.129108
-0.536364	-0.536364	-0.129792
-0.536364	-0.536364	-0.131142
-0.536364	-0.536364	-0.133787
-0.536364	-0.536364	-0.137453
-0.536364	-0.536364	-0.144044
-0.536364	-0.536364	-0.157224
-0.536364	-0.536364	-0.185454
-0.536364	-0.536364	-0.218955
-0.536364	-0.536364	-0.252484
-0.536364	-0.536364	-0.289007
-0.536364	-0.536364	-0.328772
-0.536364	-0.536364	-0.370698
-0.536364	-0.536364	-0.419198
-0.536364	-0.536364	-0.475308
-0.536364	-0.536364	-0.526259
-0.536364	-0.536364	-0.536364
-0.536364	-0.536364	-0.536364
-0.536364	-0.536364	-0.536364
-0.536364	-0.536364	-0.536364
-0.536364	-0.536364	-0.536364
-0.536364	-0.536364	-0.536364
-0.536364	-0.536364	-0.536364
-0.536364	-0.536364	-0.536364
-0.536364	-0.536364	-0.536364
-0.536364	-0.536364	-0.536364
-0.536364	-0.536364	-0.536364
-0.536364	-0.536364	-0.536364
-0.536364	-0.536364	-0.536364
-0.536364	-0.536364	-0.536364
-0.536364	-0.536364	-0.536364
-0.536364	-0.536364	-0.536364
-0.536364	-0.536364	-0.536364
-0.536364	-0.536364	-0.536364
-0.536364	-0.536364	-0.536364
-0.536364	-0.536364	-0.536364
-0.536364	-0.536364	-0.536364
-0.536364	-0.536364	-0.536364
-0.536364	-0.536364	-0.536364
-0.536364	-0.536364	-0.536364
-0.536364	-0.536364	-0.536364
-0.536364	-0.536364	-0.536364
-0.536364	-0.536364	-0.536364
-0.536364	-0.536364	-0.536364
-0.536364	-0.536364	-0.536364
-0.536364	-0.536364	-0.536364
-0.536364	-0.536364	-0.536364
-0.536364	-0.536364	-0.536364
-0.536364	-0.536364	-0.536364
-0.536364	-0.536364	-0.536364
-0.536364	-0.536364	-0.536364
-0.536364	-0.536364	-0.084895
-0.536364	-0.536364	-0.120259
-0.536364	-0.536364	-0.121835
-0.536364	-0.536364	-0.122617
-0.536364	-0.536364	-0.123310
-0.534874	-0.536364	-0.124374
-0.523506	-0.536364	-0.125587
-0.503336	-0.536364	-0.126877
-0.477038	-0.536364	-0.128351
-0.447770	-0.536364	-0.129975
-0.418042	-0.536364	-0.131580
-0.389794	-0.536364	-0.132992
-0.366179	-0.536364	-0.134203
-0.348692	-0.536364	-0.135304
-0.334681	-0.536364	-0.136446
-0.321308	-0.536364	-0.137925
-0.306289	-0.536364	-0.141247
-0.290975	-0.536364	-0.145691
-0.278833	-0.536364	-0.151302
-0.268193	-0.536364	-0.166322
-0.257549	-0.536364	-0.184513
-0.246478	-0.536364	-0.205974
-0.234275	-0.536364	-0.229611
-0.219592	-0.536364	-0.253734
-0.205825	-0.536364	-0.277010
-0.195106	-0.536364	-0.298968
-0.182955	-0.536364	-0.321692
-0.169117	-0.536364	-0.348754
-0.151093	-0.536364	-0.380853
-0.140175	-0.536364	-0.421494
-0.133077	-0.536364	-0.472646
-0.125282	-0.536364	-0.525471
-0.120474	-0.536364	-0.536364
-0.116070	-0.536364	-0.536364
-0.112555	-0.536364	-0.536364
-0.110312	-0.536364	-0.536364
-0.107411	-0.536364	-0.536364
-0.103185	-0.536364	-0.536364
-0.098655	-0.536364	-0.536364
-0.094509	-0.536364	-0.536364
-0.092289	-0.536364	-0.536364
-0.091422	-0.536364	-0.536364
-0.088802	-0.536364	-0.536364
-0.085926	-0.536364	-0.536364
-0.082887	-0.536364	-0.536364
-0.079579	-0.536364	-0.536364
-0.078303	-0.536364	-0.536364
-0.074536	-0.536364	-0.536364
-0.067625	-0.536364	-0.536364
-0.061719	-0.536364	-0.536364
-0.057038	-0.536364	-0.536364
-0.051558	-0.536364	-0.536364
-0.048514	-0.532027	-0.536364
-0.047736	-0.507756	-0.536364
-0.041149	-0.479529	-0.536364
-0.030110	-0.457697	-0.536364
-0.019733	-0.438630	-0.536364
-0.008016	-0.417199	-0.536364
0.005352	-0.393812	-0.536364
0.021234	-0.371784	-0.536364
0.041043	-0.355882	-0.536364
0.058020	-0.347750	-0.536364
0.065067	-0.343894	-0.536364
0.065923	-0.339741	-0.536364
0.076296	-0.334119	-0.536364
0.112720	-0.326928	-0.536364
0.154742	-0.318202	-0.536364
0.207139	-0.305841	-0.536364
0.258115	-0.290718	-0.536364
0.295061	-0.275460	-0.536364
0.322531	-0.261875	-0.536364
0.342265	-0.250045	-0.536364
0.352585	-0.240338	-0.536364
0.361308	-0.233256	-0.536364
0.370026	-0.227432	-0.536364
0.375278	-0.219032	-0.536364
0.377651	-0.205205	-0.536364
0.380691	-0.186713	-0.536364
0.387313	-0.170003	-0.536364
0.396598	-0.154648	-0.536364
0.401904	-0.145094	-0.536364
0.402914	-0.141228	-0.536364
0.406391	-0.137247	-0.536364
0.413309	-0.132264	-0.534829
0.418256	-0.126271	-0.530095
0.421339	-0.120744	-0.526756
0.423303	-0.115732	-0.526260
0.424744	-0.111630	-0.524480
0.426960	-0.108654	-0.519937
0.431321	-0.105821	-0.513642
0.438240	-0.102514	-0.505448
0.446652	-0.098768	-0.493956
0.457226	-0.095076	-0.479741
0.467536	-0.092637	-0.463223
0.474594	-0.090196	-0.441832
0.479856	-0.086101	-0.411679
0.485968	-0.081685	-0.373246
0.492835	-0.073860	-0.331996
0.500249	-0.065803	-0.292553
0.505705	-0.059058	-0.258052
0.510201	-0.049828	-0.226763
0.513953	-0.035878	-0.195224
0.516624	-0.019349	-0.164899
0.519122	0.005471	-0.137701
0.522172	0.054064	-0.121678
0.526815	0.154920	-0.105616
0.533636	0.265070	-0.089926
0.542956	0.345348	-0.069603
0.551775	0.394947	-0.043962
0.557176	0.430105	-0.007497
0.559861	0.457906	0.053250
0.560223	0.479666	0.188988
0.559934	0.498611	0.331443
0.559365	0.517689	0.422944
0.560961	0.534776	0.476984
0.564963	0.550398	0.515357
0.567874	0.565827	0.535754
0.568968	0.582191	0.537251
0.568261	0.598026	0.526881
0.566490	0.610825	0.501243
0.565877	0.620087	0.460984
0.569531	0.626178	0.409030
0.575596	0.629443	0.316667
0.582950	0.631222	0.130138
0.589759	0.632488	0.050203
0.594691	0.633042	-0.023247
0.597048	0.632856	-0.053623
0.598300	0.632697	-0.067926
0.599094	0.632290	-0.074929
0.599045	0.630972	-0.077484
0.598588	0.629390	-0.070761
0.597789	0.629553	-0.064649
0.596139	0.632090	-0.055948
0.593104	0.637399	-0.045818
0.590000	0.645951	-0.031708
0.589441	0.655432	-0.012565
0.591766	0.660569	0.003425
0.593206	0.659158	0.014328
0.593889	0.657910	0.036973
0.594763	0.657143	0.092574
0.596133	0.657143	0.186071
0.596944	0.657143	0.284548
0.596805	0.657143	0.352998
0.596122	0.657143	0.399096
0.595438	0.657143	0.435410
0.596221	0.657143	0.466990
0.597159	0.657143	0.497306
0.597349	0.657143	0.532247
0.598216	0.657143	0.564143
0.599450	0.657143	0.592076
0.600661	0.657143	0.616833
0.601646	0.657143	0.638452
0.601930	0.657143	0.658228
0.601894	0.657143	0.658263
0.603039	0.657143	0.657143
0.605788	0.657143	0.657143
0.608276	0.657143	0.657143
0.609668	0.657143	0.657143
0.609058	0.657143	0.657143
0.605870	0.657143	0.657143
0.599700	0.657143	0.657143
0.592859	0.658253	0.657143
0.588557	0.660531	0.665174
0.588025	0.660150	0.673381
0.589800	0.659249	0.673495
0.591878	0.659767	0.670751
0.591945	0.660703	0.666608
0.589908	0.661539	0.661475
0.584880	0.662173	0.657143
0.578628	0.660812	0.657143
0.573414	0.659834	0.657143
0.570381	0.658781	0.657143
0.569236	0.657143	0.657143
0.568152	0.657733	0.657143
0.565884	0.658181	0.657143
0.563207	0.657598	0.657143
0.560817	0.657904	0.657143
0.558648	0.658061	0.657143
0.556523	0.658926	0.657143
0.556737	0.659578	0.661504
0.563120	0.658723	0.668887
0.573628	0.657169	0.671551
0.585736	0.657143	0.671345
0.595451	0.657143	0.667347
0.600191	0.657718	0.661369
0.601671	0.659305	0.657143
0.601578	0.660447	0.657143
0.601300	0.660785	0.657143
0.600775	0.660494	0.657143
0.601502	0.660314	0.657143
0.604332	0.659707	0.657143
0.607440	0.659010	0.658006
0.609349	0.658968	0.661561
0.608810	0.659126	0.663807
0.607271	0.658769	0.660245
0.606116	0.658303	0.657143
0.607320	0.658427	0.657143
0.609993	0.658646	0.657143
0.613406	0.659027	0.657143
0.617626	0.658768	0.657143
0.621621	0.658140	0.657143
0.623995	0.658235	0.657143
0.624857	0.658591	0.100000
0.625411	0.659071	0.100000
0.625676	0.659146	0.100000
0.626422	0.659264	0.750000
0.628066	0.659657	0.690112
0.629785	0.660196	0.671185
0.631079	0.661281	0.661657
0.631458	0.663259	0.657143
0.631040	0.659249	0.657143
0.630443	0.650868	0.657143
0.630260	0.643316	0.657143
0.629827	0.636935	0.100000
0.628267	0.632136	0.100000
0.626110	0.629483	0.100000
0.624631	0.628636	0.100000
0.624365	0.628332	0.100000
0.625660	0.627792	0.100000
0.627383	0.627998	0.100000
0.630315	0.628851	0.100000
0.634525	0.628826	0.100000
0.638755	0.628447	0.100000
0.641976	0.627869	0.100000
0.644213	0.628028	0.100000
0.645634	0.627581	0.100000
0.647583	0.625492	0.100000
0.650998	0.622003	0.100000
0.654945	0.619276	0.100000
0.657642	0.618066	0.100000
0.658665	0.617038	0.100000
0.659706	0.615558	0.100000
0.660724	0.613820	0.100000
0.659895	0.611916	0.100000
0.659219	0.610078	0.100000
0.658736	0.608308	0.100000
0.658395	0.606641	0.100000
0.658099	0.604870	0.100000
0.657773	0.601999	0.100000
0.657377	0.597291	0.100000
0.657143	0.590317	0.100000
0.657143	0.580735	0.100000
0.657143	0.570445	0.100000
0.657143	0.561278	0.100000
0.657143	0.553489	0.100000
0.657143	0.547054	0.100000
0.657143	0.540760	0.100000
0.657143	0.532554	0.100000
0.657143	0.521966	0.100000
0.657143	0.508181	0.100000
0.657143	0.492072	0.100000
0.657143	0.477876	0.100000
0.657143	0.468265	0.100000
0.657143	0.458829	0.100000
0.657143	0.446219	0.100000
0.657143	0.427900	0.100000
0.657143	0.407044	0.100000
0.657143	0.388469	0.750000
0.657143	0.369194	0.721421
0.657143	0.345411	0.694483
0.657143	0.318227	0.681592
0.657143	0.286406	0.673338
0.657143	0.250436	0.668957
0.657143	0.205356	0.667741
0.657143	0.149875	0.667130
0.657143	0.095867	0.666299
0.657143	0.072949	0.665653
0.657143	0.037402	0.665030
0.657143	0.011827	0.666418
0.657143	-0.006507	0.662196
0.657143	-0.019848	0.651046
0.657143	-0.031596	0.640926
0.100000	-0.042837	0.633333
0.100000	-0.053205	0.628544
0.100000	-0.062251	0.625247
0.100000	-0.069499	0.624169
0.100000	-0.075232	0.628624
0.100000	-0.080129	0.639068
0.100000	-0.084055	0.655859
0.100000	-0.086945	0.658446
0.100000	-0.088720	0.657143
0.100000	-0.088094	0.657143
0.100000	-0.086353	0.657143
0.100000	-0.086107	0.657143
0.100000	-0.083666	0.657143
0.100000	-0.081546	0.657470
0.100000	-0.083588	0.657234
0.100000	-0.084783	0.657143
0.100000	-0.086167	0.657143
0.100000	-0.088135	0.657143
0.100000	-0.089925	0.657143
0.100000	-0.091384	0.657143
0.100000	-0.092026	0.657143
0.100000	-0.090411	0.657937
0.100000	-0.086425	0.658481
0.100000	-0.082182	0.657999
0.100000	-0.078590	0.657143
0.100000	-0.076070	0.657143
0.000000	-0.075156	-0.150000
0.300000	-0.073013	0.600000
0.750000	-0.285412	0.531573
0.563782	-0.536364	0.284742
0.565239	-0.536364	0.246956
0.568778	-0.536364	0.181947
0.573855	-0.536364	0.098074
0.579716	-0.536364	0.073277
0.584172	-0.536364	0.029238
0.585591	-0.536364	0.003087
0.587415	-0.536364	-0.015208
0.590364	-0.536364	-0.029816
0.592295	-0.536364	-0.041576
0.592279	-0.536364	-0.050487
0.591194	-0.536364	-0.057197
0.588769	-0.536364	-0.063162
0.585811	-0.536364	-0.069357
0.583307	-0.536364	-0.075540
0.581477	-0.536364	-0.081294
0.580705	-0.536364	-0.087219
0.582910	-0.536364	-0.092675
0.586566	-0.536364	-0.096877
0.590495	-0.536364	-0.100642
0.593726	-0.536364	-0.104878
0.595570	-0.536364	-0.110362
0.596592	-0.536364	-0.116702
0.597497	-0.536364	-0.122996
0.599536	-0.536364	-0.129236
0.601318	-0.536364	-0.135157
0.602125	-0.536364	-0.141049
0.603793	-0.536364	-0.150600
0.607752	-0.536364	-0.172332
0.612197	-0.536364	-0.195317
0.616210	-0.536364	-0.215337
0.621333	-0.536364	-0.235590
0.626324	-0.536364	-0.258783
0.630396	-0.536364	-0.286218
0.633196	-0.536364	-0.316272
0.634851	-0.536364	-0.348477
0.635932	-0.536364	-0.382634
0.637011	-0.536364	-0.419796
0.638483	-0.536364	-0.459699
0.639905	-0.536364	-0.501218
0.640715	-0.536364	-0.530969
0.640122	-0.536364	-0.536364
0.637698	-0.536364	-0.536364
0.633774	-0.536364	-0.536364
0.630543	-0.536364	-0.536364
0.628420	-0.536364	-0.536364
0.627753	-0.536364	-0.536364
0.629008	-0.536364	-0.536364
0.630071	-0.536364	-0.536364
0.631278	-0.536364	-0.536364
0.633199	-0.536364	-0.536364
0.635320	-0.536364	-0.536364
0.637080	-0.536364	-0.536364
0.638131	-0.536364	-0.536364
0.638806	-0.536364	-0.536364
0.639194	-0.528049	-0.536364
0.639226	-0.513091	-0.536364
0.639384	-0.497739	-0.536364
0.639169	-0.482952	-0.536364
0.637957	-0.468393	-0.536364
0.635437	-0.455069	-0.536364
0.631972	-0.446821	-0.536364
0.627514	-0.447416	-0.536364
0.621875	-0.456591	-0.536364
0.616097	-0.466435	-0.536364
0.611952	-0.471996	-0.536364
0.610290	-0.475419	-0.536364
0.609685	-0.477371	-0.536364
0.609036	-0.477645	-0.536364
0.608975	-0.472964	-0.536364
0.608403	-0.462545	-0.536364
0.606104	-0.450015	-0.536364
0.602080	-0.436729	-0.536364
0.597323	-0.425736	-0.536364
0.592173	-0.417368	-0.536364
0.586650	-0.411699	-0.536364
0.580556	-0.411178	-0.536364
0.572490	-0.415646	-0.536364
0.563088	-0.419720	-0.536364
0.553835	-0.421387	-0.536364
0.545183	-0.423200	-0.536364
0.537500	-0.425293	-0.536364
0.530431	-0.425142	-0.536364
0.522386	-0.423866	-0.536364
0.512317	-0.419958	-0.536364
0.500279	-0.411269	-0.536364
0.488303	-0.401811	-0.536364
0.478996	-0.392163	-0.536364
0.474384	-0.380163	-0.536364
0.474462	-0.369139	-0.536364
0.477790	-0.362534	-0.536364
0.481858	-0.358231	-0.536364
0.484348	-0.354582	-0.536364
0.483956	-0.352640	-0.536364
0.479722	-0.351450	-0.536364
0.471272	-0.348550	-0.536364
0.460083	-0.344217	-0.536364
0.448951	-0.340454	-0.536364
0.441155	-0.336824	-0.536364
0.436238	-0.333446	-0.536364
0.433697	-0.328162	-0.536364
0.434258	-0.317272	-0.536364
0.435024	-0.301071	-0.536364
0.433173	-0.282291	-0.513820
0.428048	-0.263719	-0.456617
0.419196	-0.245881	-0.389679
0.406544	-0.227883	-0.323082
0.395447	-0.211607	-0.261777
0.385532	-0.198359	-0.210681
0.369710	-0.187271	-0.168643
0.342325	-0.178873	-0.137060
0.312072	-0.172040	-0.121935
0.289906	-0.164045	-0.107246
0.270719	-0.153384	-0.094763
0.243987	-0.145622	-0.086584
0.206789	-0.141993	-0.088781
0.153760	-0.138660	-0.096408
0.095137	-0.136911	-0.100601
0.070419	-0.137453	-0.110194
0.036267	-0.137836	-0.124690
0.015650	-0.138780	-0.137489
0.000454	-0.140259	-0.167568
-0.013411	-0.142694	-0.230559
-0.026307	-0.145806	-0.297663
-0.036924	-0.148428	-0.367181
-0.045668	-0.149753	-0.428872
-0.053150	-0.150328	-0.472931
-0.059318	-0.151053	-0.496561
-0.064490	-0.152791	-0.504849
-0.069078	-0.155711	-0.501433
-0.072978	-0.159833	-0.488035
-0.076446	-0.164852	-0.467250
-0.080472	-0.169105	-0.442412
-0.085898	-0.171857	-0.416937
-0.093211	-0.173413	-0.395749
-0.100350	-0.174282	-0.382742
-0.107584	-0.175445	-0.377439
-0.115481	-0.176964	-0.375523
-0.121485	-0.177768	-0.372027
-0.125457	-0.178034	-0.362600
-0.128183	-0.178172	-0.345809
-0.130561	-0.177106	-0.323391
-0.133107	-0.175472	-0.294528
-0.135780	-0.173640	-0.261389
-0.138506	-0.172328	-0.226014
-0.143639	-0.171930	-0.187519
-0.148952	-0.171904	-0.154655
-0.161085	-0.171694	-0.133886
-0.175161	-0.171701	-0.119610
-0.191247	-0.172459	-0.108017
-0.206685	-0.174851	-0.097621
-0.220343	-0.178357	-0.088077
-0.231347	-0.181340	-0.079945
-0.242975	-0.181471	-0.070615
-0.258663	-0.179358	-0.058160
-0.281321	-0.176403	-0.045715
-0.308918	-0.173904	-0.034347
-0.337600	-0.173375	-0.028211
-0.367107	-0.173503	-0.032913
-0.395472	-0.174365	-0.039459
-0.418359	-0.177015	-0.045712
-0.433906	-0.182566	-0.055681
-0.445417	-0.191007	-0.065931
-0.457475	-0.201345	-0.074732
-0.470232	-0.212421	-0.081052
-0.484729	-0.224364	-0.085226
-0.502713	-0.237011	-0.088916
-0.523637	-0.250586	-0.091142
-0.534681	-0.266360	-0.091931
-0.536364	-0.285173	-0.090715
-0.536364	-0.305039	-0.086531
-0.536364	-0.325568	-0.082068
-0.536364	-0.346200	-0.079349
-0.536364	-0.366906	-0.081642
-0.536364	-0.390355	-0.084113
-0.536364	-0.420537	-0.086210
-0.536364	-0.455229	-0.090180
-0.536364	-0.486715	-0.093256
-0.536364	-0.512854	-0.094605
-0.536364	-0.532617	-0.094778
-0.536364	-0.536364	-0.092882
-0.536364	-0.536364	-0.090707
-0.536364	-0.536364	-0.090172
-0.536364	-0.536364	-0.091922
-0.536364	-0.536364	-0.092449
-0.536364	-0.536364	-0.092867
-0.536364	-0.536364	-0.091724
-0.536364	-0.536364	-0.092471
-0.536364	-0.536364	-0.092876
-0.536364	-0.536364	-0.093669
-0.536364	-0.536364	-0.094388
-0.536364	-0.536364	-0.094798
-0.536364	-0.536364	-0.094665
-0.536364	-0.536364	-0.092934
-0.536364	-0.536364	-0.092512
-0.536364	-0.536364	-0.093702
-0.536364	-0.536364	-0.094446
-0.536364	-0.536364	-0.095345
-0.536364	-0.536364	-0.095058
-0.536364	-0.536364	-0.094202
-0.536364	-0.536364	-0.095157
-0.536364	-0.536364	-0.095596
-0.536364	-0.536364	-0.096087
-0.536364	-0.536364	-0.096510
-0.536364	-0.536364	-0.096754
-0.536364	-0.536364	-0.096932
-0.536364	-0.536364	-0.097222
-0.536364	-0.536364	-0.097521
-0.536364	-0.536364	-0.097608
-0.536364	-0.536364	-0.096509
-0.536364	-0.536364	-0.096374
-0.536364	-0.536364	-0.095836
-0.536364	-0.536364	-0.095009
-0.536364	-0.536364	-0.095100
-0.536364	-0.536364	-0.095260
-0.536364	-0.536364	-0.094454
-0.536364	-0.536364	-0.092645
-0.536364	-0.536364	-0.092796
-0.536364	-0.536364	-0.093868
-0.536364	-0.536364	-0.094570
-0.536364	-0.536364	-0.095350
-0.536364	-0.536364	-0.095726
-0.536364	-0.536364	-0.094951
-0.536364	-0.536364	-0.092968
-0.536364	-0.536364	-0.091355
-0.536364	-0.536364	-0.089827
-0.536364	-0.536364	-0.090140
-0.536364	-0.536364	-0.091315
-0.536364	-0.536364	-0.091479
-0.536364	-0.536364	-0.091908
-0.536364	-0.536364	-0.092458
-0.536364	-0.536364	-0.092903
-0.536364	-0.536364	-0.093341
-0.536364	-0.536364	-0.093696
-0.536364	-0.536364	-0.094042
-0.536364	-0.536364	-0.094865
-0.536364	-0.536364	-0.096537
-0.536364	-0.536364	-0.098917
-0.536364	-0.536364	-0.101240
-0.536364	-0.536364	-0.102661
-0.536364	-0.536364	-0.103060
-0.536364	-0.536364	-0.102527
-0.536364	-0.536364	-0.101883
-0.536364	-0.536364	-0.100368
-0.536364	-0.536364	-0.099264
-0.536364	-0.536364	-0.100215
-0.536364	-0.536364	-0.101009
-0.536364	-0.536364	-0.102012
-0.536364	-0.536364	-0.103129
-0.536364	-0.536364	-0.104063
-0.536364	-0.536364	-0.105345
-0.536364	-0.536364	-0.107500
-0.536364	-0.536364	-0.109920
-0.536364	-0.536364	-0.112842
-0.536364	-0.536364	-0.117262
-0.536364	-0.536364	-0.123355
-0.536364	-0.536364	-0.130495
-0.536364	-0.536364	-0.137139
-0.536364	-0.536364	-0.145905
-0.536364	-0.536364	-0.168807
-0.536364	-0.536364	-0.200933
-0.536364	-0.536364	-0.230513
-0.536364	-0.536364	-0.259925
-0.536364	-0.536364	-0.295185
-0.536364	-0.536364	-0.334324
-0.536364	-0.536364	-0.374024
-0.536364	-0.536364	-0.414714
-0.536364	-0.536364	-0.458277
-0.536364	-0.536364	-0.505717
-0.536364	-0.536364	-0.532203
-0.536364	-0.536364	-0.536364
-0.536364	-0.536364	-0.536364
-0.536364	-0.536364	-0.536364
-0.536364	-0.536364	-0.536364
-0.536364	-0.536364	-0.536364
-0.536364	-0.536364	-0.536364
-0.536364	-0.536364	-0.536364
-0.536364	-0.536364	-0.536364
-0.536364	-0.536364	-0.536364
-0.536364	-0.536364	-0.536364
-0.536364	-0.536364	-0.522847
-0.536364	-0.536364	-0.505987
-0.536364	-0.536364	-0.493946
-0.536364	-0.536364	-0.486572
-0.536364	-0.536364	-0.481344
-0.536364	-0.536364	-0.476419
-0.536364	-0.536364	-0.470388
-0.536364	-0.536364	-0.461333
-0.536364	-0.536364	-0.452162
-0.536364	-0.536364	-0.447654
-0.536364	-0.536364	-0.452480
-0.536364	-0.536364	-0.468978
-0.536364	-0.536364	-0.492476
-0.536364	-0.536364	-0.519287
-0.536364	-0.536364	-0.534050
-0.536364	-0.536364	-0.536364
-0.536364	-0.536364	-0.536364
-0.536364	-0.536364	-0.536364
-0.536364	-0.536364	-0.536364
-0.432855	-0.536364	-0.006439
-0.389777	-0.536364	-0.098866
-0.380944	-0.536364	-0.101039
-0.375212	-0.536364	-0.103437
-0.371112	-0.536364	-0.106049
-0.367677	-0.536364	-0.109199
-0.361520	-0.536364	-0.112114
-0.349154	-0.536364	-0.115143
-0.331374	-0.536364	-0.118276
-0.313196	-0.536364	-0.121423
-0.297730	-0.536364	-0.124638
-0.284564	-0.536364	-0.127717
-0.270948	-0.536364	-0.130277
-0.256972	-0.536364	-0.132263
-0.245090	-0.536364	-0.134015
-0.237544	-0.536364	-0.135767
-0.233829	-0.536364	-0.137257
-0.231111	-0.536364	-0.139767
-0.225820	-0.536364	-0.142760
-0.215292	-0.536364	-0.145860
-0.199429	-0.536364	-0.149116
-0.181179	-0.536364	-0.156129
-0.166669	-0.536364	-0.168181
-0.153074	-0.536364	-0.185502
-0.144353	-0.536364	-0.204470
-0.139450	-0.536364	-0.220756
-0.134996	-0.536364	-0.234655
-0.129637	-0.536364	-0.248599
-0.124734	-0.536364	-0.264348
-0.119074	-0.536364	-0.283456
-0.113325	-0.536364	-0.303296
-0.107785	-0.536364	-0.322326
-0.103076	-0.536364	-0.342459
-0.100561	-0.536364	-0.365703
-0.098409	-0.536364	-0.393185
-0.094759	-0.536364	-0.425800
-0.090065	-0.536364	-0.464539
-0.087833	-0.536364	-0.506026
-0.084211	-0.536364	-0.531968
-0.078261	-0.536364	-0.536364
-0.073565	-0.536364	-0.536364
-0.069433	-0.536364	-0.536364
-0.065525	-0.536364	-0.536364
-0.062446	-0.536364	-0.536364
-0.060556	-0.536364	-0.536364
-0.056309	-0.536364	-0.536364
-0.047427	-0.536364	-0.536364
-0.038168	-0.536364	-0.536364
-0.030716	-0.536364	-0.536364
-0.023624	-0.536364	-0.536364
-0.015579	-0.536364	-0.536364
-0.008985	-0.536364	-0.536364
-0.004614	-0.536364	-0.536364
-0.001301	-0.536364	-0.536364
0.001587	-0.536364	-0.536364
-0.001240	-0.536364	-0.536364
-0.002070	-0.536364	-0.536364
-0.003576	-0.536364	-0.536364
0.001084	-0.536364	-0.536364
0.004708	-0.536364	-0.536364
0.013153	-0.536364	-0.536364
0.030591	-0.536364	-0.536364
0.053589	-0.536364	-0.535142
0.079766	-0.536364	-0.522448
0.099071	-0.536364	-0.505842
0.118452	-0.535058	-0.489966
0.148720	-0.512381	-0.476001
0.176917	-0.477906	-0.465663
0.199219	-0.445564	-0.458402
0.217133	-0.419665	-0.454356
0.229005	-0.400414	-0.451129
0.234501	-0.385986	-0.443522
0.235810	-0.373193	-0.429291
0.236747	-0.361112	-0.411308
0.237929	-0.347285	-0.393823
0.245024	-0.329898	-0.379646
0.262822	-0.310642	-0.368991
0.281354	-0.291653	-0.359880
0.298096	-0.271696	-0.352887
0.311885	-0.252537	-0.348519
0.319934	-0.235131	-0.346732
0.327733	-0.217209	-0.349019
0.338535	-0.199094	-0.355532
0.352263	-0.181474	-0.362741
0.363653	-0.166961	-0.367638
0.368082	-0.153832	-0.370131
0.364757	-0.146466	-0.371681
0.362067	-0.143730	-0.374429
0.368120	-0.141305	-0.378446
0.378954	-0.138945	-0.382554
0.391807	-0.134921	-0.386349
0.406613	-0.128538	-0.388828
0.421363	-0.123792	-0.386274
0.432746	-0.118440	-0.376469
0.439887	-0.111684	-0.362627
0.443740	-0.105045	-0.347869
0.445123	-0.097373	-0.332357
0.446711	-0.089097	-0.313429
0.448379	-0.086757	-0.284624
0.447840	-0.089370	-0.246649
0.444940	-0.091880	-0.203509
0.441730	-0.091708	-0.165455
0.443326	-0.090332	-0.137681
0.451828	-0.087075	-0.123336
0.462087	-0.081188	-0.108517
0.470900	-0.074090	-0.094146
0.479583	-0.066700	-0.075416
0.489783	-0.057675	-0.054038
0.503433	-0.042643	-0.026026
0.514191	-0.020331	0.017621
0.520241	0.012255	0.107333
0.518976	0.060144	0.255665
0.514236	0.138407	0.382028
0.511329	0.223093	0.458323
0.512172	0.298431	0.510875
0.515766	0.349688	0.552585
0.519804	0.389901	0.576950
0.522398	0.422207	0.588418
0.524955	0.447259	0.590994
0.526186	0.464604	0.586397
0.524630	0.474853	0.570595
0.520042	0.480802	0.539060
0.513861	0.482166	0.487626
0.509429	0.480758	0.417800
0.507669	0.480668	0.339166
0.506637	0.482307	0.243458
0.504275	0.484914	0.144163
0.499256	0.489339	0.090401
0.492358	0.497920	0.062262
0.484367	0.505340	0.039006
0.479327	0.510712	0.034188
0.476590	0.516411	0.057618
0.476004	0.521958	0.089725
0.475449	0.526074	0.128241
0.472268	0.528643	0.176849
0.466316	0.531489	0.224990
0.459579	0.535977	0.277738
0.453714	0.542979	0.328154
0.447305	0.551510	0.368636
0.440311	0.561799	0.403551
0.431600	0.574156	0.437227
0.418911	0.587228	0.467947
0.404296	0.599096	0.498308
0.388832	0.608656	0.534117
0.372304	0.615494	0.566152
0.353441	0.620045	0.593921
0.337139	0.623073	0.619121
0.330359	0.625808	0.643353
0.334050	0.629234	0.660039
0.346107	0.633297	0.657143
0.355626	0.638240	0.657143
0.358800	0.643861	0.657143
0.356695	0.649657	0.657143
0.350045	0.655234	0.657143
0.344545	0.659999	0.657143
0.340418	0.660510	0.657143
0.337601	0.659986	0.100000
0.340887	0.660119	0.100000
0.349028	0.661075	0.100000
0.352135	0.660740	0.100000
0.348349	0.660323	0.100000
0.337803	0.660482	0.100000
0.317241	0.662077	0.100000
0.284908	0.660307	0.100000
0.249702	0.654399	0.100000
0.217706	0.647679	0.100000
0.190453	0.640997	0.100000
0.165496	0.634261	0.100000
0.143366	0.627907	0.100000
0.125922	0.621399	0.100000
0.110438	0.615111	0.100000
0.106109	0.609505	0.100000
0.114148	0.605485	0.100000
0.117626	0.603691	0.100000
0.106343	0.604009	0.100000
0.100503	0.604824	0.100000
0.123643	0.604697	0.100000
0.172529	0.603675	0.100000
0.217547	0.601515	0.100000
0.247589	0.598913	0.100000
0.262025	0.595955	0.100000
0.262527	0.592373	0.100000
0.252518	0.588295	0.100000
0.241585	0.584508	0.100000
0.232056	0.581474	0.100000
0.228767	0.578568	0.100000
0.223602	0.575912	0.100000
0.219732	0.574727	0.100000
0.218180	0.573941	0.100000
0.212086	0.571612	0.100000
0.202851	0.567373	0.100000
0.190914	0.561998	0.100000
0.179244	0.557491	0.100000
0.166227	0.555609	0.100000
0.153572	0.556906	0.100000
0.148050	0.557635	0.100000
0.152529	0.556970	0.100000
0.164709	0.555456	0.100000
0.179305	0.553064	0.100000
0.194839	0.550151	0.100000
0.204029	0.546425	0.100000
0.198402	0.542707	0.100000
0.180871	0.540375	0.100000
0.163416	0.538912	0.100000
0.152266	0.535802	0.100000
0.158996	0.530609	0.100000
0.178586	0.526519	0.100000
0.199105	0.523336	0.100000
0.226694	0.518200	0.100000
0.256659	0.509777	0.100000
0.282294	0.500567	0.100000
0.306161	0.495305	0.100000
0.330626	0.496628	0.100000
0.349288	0.501549	0.100000
0.360865	0.506321	0.100000
0.366573	0.509932	0.100000
0.367541	0.512212	0.100000
0.365785	0.511678	0.100000
0.359503	0.507540	0.100000
0.346608	0.499571	0.100000
0.330971	0.489122	0.100000
0.318711	0.478732	0.100000
0.308091	0.471218	0.100000
0.295325	0.465256	0.100000
0.285425	0.460293	0.100000
0.284524	0.455881	0.100000
0.295811	0.451859	0.100000
0.312695	0.447973	0.100000
0.331928	0.443613	0.100000
0.353812	0.438782	0.100000
0.373885	0.434750	0.100000
0.387789	0.430349	0.100000
0.399699	0.426038	0.100000
0.411162	0.424958	0.100000
0.422914	0.425923	0.100000
0.433130	0.426690	0.100000
0.440299	0.425521	0.100000
0.446178	0.420106	0.100000
0.451426	0.410215	0.100000
0.455726	0.396608	0.100000
0.458696	0.378330	0.100000
0.462559	0.362131	0.100000
0.468425	0.346179	0.100000
0.475057	0.326037	0.100000
0.481511	0.303649	0.100000
0.487636	0.278599	0.100000
0.495516	0.244886	0.100000
0.503152	0.205288	0.100000
0.509399	0.167756	0.100000
0.514001	0.131067	0.100000
0.518978	0.094586	0.100000
0.525555	0.071095	0.100000
0.531823	0.039464	0.100000
0.535348	0.017443	0.100000
0.534488	0.001692	0.100000
0.532573	-0.011319	0.100000
0.529808	-0.023385	0.100000
0.526441	-0.033078	0.100000
0.524192	-0.040670	0.100000
0.523007	-0.046447	0.100000
0.525630	-0.051099	0.100000
0.534295	-0.055788	0.100000
0.545877	-0.059842	0.100000
0.558735	-0.063060	0.100000
0.570547	-0.066071	0.100000
0.580175	-0.068426	0.100000
0.588007	-0.070018	0.100000
0.594050	-0.072062	0.100000
0.598840	-0.075462	0.750000
0.602361	-0.080142	0.745960
0.604867	-0.086056	0.695565
0.607963	-0.093121	0.679696
0.614126	-0.098990	0.671806
0.623271	-0.103461	0.665591
0.631107	-0.107172	0.660189
0.636954	-0.110190	0.657143
0.641889	-0.110599	0.657143
0.646679	-0.109995	0.657143
0.651082	-0.110662	0.657143
0.655293	-0.111068	0.657143
0.659791	-0.111561	0.100000
0.660493	-0.112675	0.100000
0.659586	-0.114784	0.100000
0.658519	-0.117423	0.100000
0.657208	-0.119335	0.100000
0.657143	-0.116874	0.100000
0.657143	-0.111984	0.100000
0.657143	-0.108176	0.100000
0.657143	-0.104834	0.100000
0.657143	-0.104005	0.100000
0.657143	-0.106344	0.100000
0.657143	-0.106583	0.100000
0.657143	-0.105761	0.100000
0.657143	-0.103633	0.100000
0.657143	-0.100879	0.100000
0.657143	-0.097996	0.100000
0.657143	-0.095016	0.100000
0.657143	-0.092237	0.100000
-0.150000	-0.088835	0.000000
0.600000	-0.084893	0.300000
0.653705	-0.309766	0.750000
0.419873	-0.536364	0.362251
0.423993	-0.536364	0.339885
0.426755	-0.536364	0.309936
0.430546	-0.536364	0.266165
0.436058	-0.536364	0.201902
0.445380	-0.536364	0.108855
0.456021	-0.536364	0.076304
0.462561	-0.536364	0.026957
0.462419	-0.536364	-0.001910
0.455887	-0.536364	-0.019142
0.448587	-0.536364	-0.031692
0.444882	-0.536364	-0.043029
0.445439	-0.536364	-0.053891
0.451431	-0.536364	-0.063910
0.463742	-0.536364	-0.072917
0.478207	-0.536364	-0.081096
0.490211	-0.536364	-0.088923
0.499814	-0.536364	-0.094738
0.504364	-0.536364	-0.098952
0.507203	-0.536364	-0.102880
0.509342	-0.536364	-0.107510
0.510664	-0.536364	-0.114002
0.511630	-0.536364	-0.121049
0.512312	-0.536364	-0.128142
0.512390	-0.536364	-0.134691
0.511819	-0.536364	-0.140582
0.510417	-0.536364	-0.150493
0.507427	-0.536364	-0.177997
0.502727	-0.536364	-0.212821
0.497927	-0.536364	-0.249424
0.494308	-0.536364	-0.291838
0.490676	-0.536364	-0.339854
0.486527	-0.536364	-0.390147
0.482169	-0.536364	-0.444475
0.478587	-0.536364	-0.505830
0.475669	-0.536364	-0.532900
0.474251	-0.536364	-0.536364
0.473094	-0.536364	-0.536364
0.472005	-0.536364	-0.536364
0.472964	-0.536364	-0.536364
0.472607	-0.536364	-0.536364
0.470538	-0.536364	-0.536364
0.469969	-0.536364	-0.536364
0.471905	-0.536364	-0.536364
0.475391	-0.536364	-0.536364
0.479099	-0.536364	-0.536364
0.482464	-0.536364	-0.536364
0.484082	-0.536364	-0.536364
0.483224	-0.536364	-0.536364
0.481326	-0.536364	-0.536364
0.479674	-0.536364	-0.536364
0.474860	-0.536364	-0.536364
0.466873	-0.536364	-0.536364
0.460791	-0.536364	-0.536364
0.457518	-0.536364	-0.536364
0.458494	-0.536364	-0.536364
0.462154	-0.536364	-0.536364
0.464473	-0.536364	-0.536364
0.463879	-0.536364	-0.536364
0.461698	-0.536364	-0.536364
0.462224	-0.536364	-0.536364
0.461346	-0.536364	-0.536364
0.457894	-0.536364	-0.536364
0.457085	-0.536364	-0.536364
0.457791	-0.536364	-0.536364
0.459097	-0.536364	-0.536364
0.459433	-0.536364	-0.536364
0.457272	-0.536364	-0.536364
0.451448	-0.536364	-0.536364
0.444376	-0.536364	-0.536364
0.435593	-0.536364	-0.536364
0.420313	-0.536364	-0.536364
0.395615	-0.536364	-0.536364
0.363120	-0.536364	-0.536364
0.327409	-0.536364	-0.536364
0.291945	-0.536364	-0.536364
0.259179	-0.536364	-0.536364
0.229070	-0.536364	-0.536364
0.193876	-0.536364	-0.536364
0.156481	-0.536364	-0.536364
0.129229	-0.536364	-0.536364
0.112972	-0.536364	-0.536364
0.099535	-0.536364	-0.536364
0.091999	-0.536364	-0.536364
0.072910	-0.536364	-0.536364
0.056078	-0.536364	-0.536364
0.046454	-0.536364	-0.536364
0.043113	-0.536364	-0.536364
0.042563	-0.536364	-0.536364
0.039977	-0.536364	-0.536364
0.029705	-0.536364	-0.536364
0.011645	-0.536364	-0.536364
-0.007807	-0.536364	-0.536364
-0.023437	-0.536364	-0.536364
-0.035270	-0.536364	-0.536364
-0.045198	-0.536364	-0.536364
-0.052968	-0.536364	-0.536364
-0.059039	-0.536364	-0.536364
-0.064526	-0.536364	-0.536364
-0.069285	-0.536364	-0.536364
-0.073160	-0.536364	-0.536364
-0.076115	-0.536364	-0.536364
-0.077982	-0.536364	-0.536364
-0.079620	-0.536364	-0.536364
-0.081915	-0.536364	-0.536364
-0.084477	-0.536364	-0.536364
-0.086486	-0.536364	-0.500912
-0.088433	-0.536364	-0.437954
-0.090054	-0.536364	-0.371385
-0.091289	-0.536364	-0.306765
-0.092163	-0.536364	-0.248976
-0.092889	-0.536364	-0.198312
-0.093737	-0.536364	-0.158554
-0.094689	-0.536364	-0.133005
-0.095937	-0.528537	-0.116708
-0.097615	-0.506458	-0.107585
-0.099189	-0.480333	-0.105532
-0.100605	-0.457706	-0.110261
-0.102465	-0.437907	-0.114105
-0.104977	-0.420696	-0.121964
-0.108116	-0.407122	-0.133032
-0.111522	-0.395428	-0.144371
-0.114994	-0.386545	-0.204148
-0.118794	-0.384880	-0.278871
-0.122982	-0.389427	-0.360871
-0.127044	-0.396832	-0.436138
-0.130657	-0.403838	-0.489104
-0.133894	-0.410805	-0.516854
-0.136475	-0.419000	-0.524868
-0.138923	-0.427599	-0.519891
-0.141633	-0.436284	-0.506030
-0.144021	-0.445198	-0.491531
-0.146544	-0.454974	-0.481298
-0.148787	-0.463475	-0.474943
-0.150900	-0.466119	-0.472154
-0.158546	-0.460671	-0.471402
-0.168930	-0.449092	-0.471945
-0.183777	-0.437368	-0.470955
-0.202362	-0.428019	-0.464442
-0.221604	-0.421482	-0.448082
-0.239861	-0.416191	-0.419875
-0.256060	-0.411660	-0.384987
-0.268788	-0.408991	-0.347784
-0.280384	-0.404574	-0.309219
-0.294252	-0.398250	-0.270193
-0.311155	-0.393809	-0.231837
-0.329403	-0.390177	-0.191694
-0.347070	-0.385332	-0.157812
-0.364080	-0.379115	-0.135913
-0.382334	-0.370817	-0.123351
-0.402405	-0.363401	-0.113660
-0.420752	-0.358831	-0.105618
-0.435059	-0.357029	-0.096061
-0.446755	-0.359196	-0.085817
-0.459323	-0.366617	-0.077492
-0.474922	-0.377553	-0.070873
-0.495722	-0.388544	-0.066750
-0.523265	-0.397173	-0.067473
-0.534932	-0.402808	-0.072959
-0.536364	-0.406367	-0.074868
-0.536364	-0.411342	-0.078136
-0.536364	-0.421346	-0.083213
-0.536364	-0.437986	-0.088760
-0.536364	-0.461719	-0.092589
-0.536364	-0.493605	-0.095224
-0.536364	-0.528988	-0.097774
-0.536364	-0.536364	-0.099970
-0.536364	-0.536364	-0.101091
-0.536364	-0.536364	-0.101462
-0.536364	-0.536364	-0.100681
-0.536364	-0.536364	-0.098908
-0.536364	-0.536364	-0.097265
-0.536364	-0.536364	-0.097178
-0.536364	-0.536364	-0.097289
-0.536364	-0.536364	-0.096753
-0.536364	-0.536364	-0.097626
-0.536364	-0.536364	-0.098206
-0.536364	-0.536364	-0.099496
-0.536364	-0.536364	-0.101050
-0.536364	-0.536364	-0.102549
-0.536364	-0.536364	-0.103862
-0.536364	-0.536364	-0.104980
-0.536364	-0.536364	-0.105709
-0.536364	-0.536364	-0.104127
-0.536364	-0.536364	-0.102679
-0.536364	-0.536364	-0.101529
-0.536364	-0.536364	-0.101386
-0.536364	-0.536364	-0.101478
-0.536364	-0.536364	-0.100697
-0.536364	-0.536364	-0.101426
-0.536364	-0.536364	-0.102128
-0.536364	-0.536364	-0.103648
-0.536364	-0.536364	-0.105896
-0.536364	-0.536364	-0.108624
-0.536364	-0.536364	-0.110772
-0.536364	-0.536364	-0.112501
-0.536364	-0.536364	-0.113743
-0.536364	-0.536364	-0.114402
-0.536364	-0.536364	-0.114431
-0.536364	-0.536364	-0.114094
-0.536364	-0.536364	-0.114549
-0.536364	-0.536364	-0.115581
-0.536364	-0.536364	-0.117510
-0.536364	-0.536364	-0.119444
-0.536364	-0.536364	-0.120361
-0.536364	-0.536364	-0.117491
-0.536364	-0.536364	-0.115615
-0.536364	-0.536364	-0.115168
-0.536364	-0.536364	-0.115527
-0.536364	-0.536364	-0.116089
-0.536364	-0.536364	-0.116321
-0.536364	-0.536364	-0.116064
-0.536364	-0.536364	-0.115712
-0.536364	-0.536364	-0.116213
-0.536364	-0.536364	-0.116696
-0.536364	-0.536364	-0.117121
-0.536364	-0.536364	-0.115932
-0.536364	-0.536364	-0.113405
-0.536364	-0.536364	-0.111793
-0.536364	-0.536364	-0.110739
-0.536364	-0.536364	-0.110415
-0.536364	-0.536364	-0.111329
-0.536364	-0.536364	-0.111739
-0.536364	-0.536364	-0.112533
-0.536364	-0.536364	-0.113155
-0.536364	-0.536364	-0.113348
-0.536364	-0.536364	-0.111627
-0.536364	-0.536364	-0.112269
-0.536364	-0.536364	-0.112578
-0.536364	-0.536364	-0.113065
-0.536364	-0.536364	-0.113722
-0.536364	-0.536364	-0.114333
-0.536364	-0.536364	-0.115135
-0.536364	-0.536364	-0.116737
-0.536364	-0.536364	-0.119016
-0.536364	-0.536364	-0.121206
-0.536364	-0.536364	-0.122926
-0.536364	-0.536364	-0.124375
-0.536364	-0.536364	-0.126064
-0.536364	-0.536364	-0.127957
-0.536364	-0.536364	-0.129440
-0.536364	-0.536364	-0.130626
-0.536364	-0.536364	-0.131910
-0.536364	-0.536364	-0.133385
-0.536364	-0.536364	-0.134983
-0.536364	-0.536364	-0.136467
-0.536364	-0.536364	-0.138112
-0.536364	-0.536364	-0.141128
-0.536364	-0.536364	-0.144708
-0.536364	-0.536364	-0.148003
-0.536364	-0.536364	-0.153371
-0.536364	-0.536364	-0.167716
-0.536364	-0.536364	-0.189248
-0.536364	-0.536364	-0.215045
-0.536364	-0.536364	-0.244660
-0.536364	-0.536364	-0.279017
-0.536364	-0.536364	-0.319866
-0.536364	-0.536364	-0.365858
-0.536364	-0.536364	-0.412531
-0.536364	-0.536364	-0.458700
-0.536364	-0.536364	-0.506528
-0.536364	-0.536364	-0.532370
-0.536364	-0.536364	-0.536364
-0.536364	-0.536364	-0.536364
-0.536364	-0.536364	-0.536364
-0.536364	-0.536364	-0.536364
-0.536364	-0.536364	-0.536364
-0.536364	-0.536364	-0.536364
-0.536364	-0.536364	-0.536364
-0.536364	-0.536364	-0.536364
-0.536364	-0.536364	-0.536364
-0.536364	-0.536364	-0.536364
-0.536364	-0.536364	-0.536364
-0.536364	-0.536364	-0.536364
-0.536364	-0.536364	-0.536364
-0.536364	-0.536364	-0.536364
-0.536364	-0.536364	-0.536364
-0.536364	-0.536364	-0.536364
-0.536364	-0.536364	-0.536364
-0.536364	-0.536364	-0.536364
-0.536364	-0.536364	-0.536364
-0.536364	-0.536364	-0.536364
-0.536364	-0.536364	-0.536364
-0.536364	-0.536364	-0.536364
-0.536364	-0.536364	-0.536364
-0.536364	-0.536364	-0.536364
-0.536364	-0.536364	-0.536364
-0.536364	-0.536364	-0.536364
-0.536364	-0.536364	-0.536364
-0.536364	-0.536364	-0.536364
-0.536364	-0.536364	-0.536364
-0.536364	-0.536364	-0.536364
-0.536364	-0.536364	-0.536364
-0.536364	-0.536364	-0.536364
-0.536364	-0.536364	-0.536364
-0.536364	-0.536364	-0.536364
-0.536364	-0.536364	-0.536364
-0.536364	-0.536364	-0.536364
-0.536364	-0.536364	-0.536364
-0.317299	-0.536364	0.000201
-0.256937	-0.536364	-0.090489
-0.242030	-0.536364	-0.092517
-0.229648	-0.536364	-0.093896
-0.221226	-0.536364	-0.095030
-0.215895	-0.536364	-0.096830
-0.209747	-0.536364	-0.098905
-0.202021	-0.536364	-0.100714
-0.194442	-0.536364	-0.102109
-0.185937	-0.536364	-0.103719
-0.177007	-0.536364	-0.106932
-0.168213	-0.536364	-0.112908
-0.159345	-0.536364	-0.119677
-0.150288	-0.536364	-0.125761
-0.145455	-0.536364	-0.130743
-0.140180	-0.536364	-0.134529
-0.134191	-0.536364	-0.136955
-0.127952	-0.536364	-0.139678
-0.124404	-0.536364	-0.142940
-0.121388	-0.536364	-0.146367
-0.119578	-0.536364	-0.149542
-0.117547	-0.536364	-0.155085
-0.114692	-0.536364	-0.163154
-0.112063	-0.536364	-0.171470
-0.109972	-0.536364	-0.181770
-0.108103	-0.536364	-0.195142
-0.106467	-0.536364	-0.210314
-0.104940	-0.536364	-0.227058
-0.102781	-0.536364	-0.244803
-0.098914	-0.536364	-0.266101
-0.096561	-0.536364	-0.295020
-0.094862	-0.536364	-0.328971
-0.091300	-0.536364	-0.365280
-0.087396	-0.536364	-0.403844
-0.082254	-0.536364	-0.445781
-0.076284	-0.536364	-0.488537
-0.071849	-0.536364	-0.528333
-0.069453	-0.536364	-0.536364
-0.068209	-0.536364	-0.536364
-0.065823	-0.536364	-0.536364
-0.061424	-0.536364	-0.536364
-0.056223	-0.536364	-0.536364
-0.049684	-0.536364	-0.536364
-0.041234	-0.536364	-0.536364
-0.029833	-0.536364	-0.536364
-0.013535	-0.536364	-0.536364
0.008869	-0.536364	-0.536364
0.038432	-0.536364	-0.536364
0.073657	-0.536364	-0.536364
0.115802	-0.536364	-0.536364
0.158289	-0.536364	-0.536364
0.194109	-0.536364	-0.536364
0.214484	-0.536364	-0.536364
0.232923	-0.536364	-0.536364
0.253687	-0.536364	-0.536364
0.276140	-0.536364	-0.536364
0.302854	-0.536364	-0.536364
0.328204	-0.536364	-0.536364
0.345859	-0.536364	-0.536364
0.356412	-0.536364	-0.536364
0.361315	-0.536364	-0.536364
0.363911	-0.536364	-0.536364
0.366842	-0.536364	-0.536364
0.372565	-0.536364	-0.536364
0.382211	-0.536364	-0.536364
0.394887	-0.536364	-0.536364
0.408716	-0.536364	-0.536364
0.420985	-0.536364	-0.536364
0.426997	-0.536364	-0.536364
0.429018	-0.536364	-0.536364
0.431886	-0.536364	-0.536364
0.434042	-0.536364	-0.536364
0.435913	-0.536364	-0.536364
0.440382	-0.536364	-0.536364
0.448236	-0.536364	-0.536364
0.456938	-0.536364	-0.536364
0.463792	-0.536364	-0.536364
0.467699	-0.536364	-0.536364
0.469337	-0.536364	-0.536364
0.469698	-0.536364	-0.536364
0.470849	-0.527058	-0.536364
0.473828	-0.509353	-0.536364
0.478524	-0.488736	-0.536364
0.484244	-0.464495	-0.536364
0.492383	-0.437425	-0.536364
0.504928	-0.407942	-0.536364
0.516880	-0.377134	-0.536364
0.526075	-0.347419	-0.536364
0.532485	-0.319372	-0.536364
0.537573	-0.295556	-0.536364
0.542948	-0.277628	-0.536364
0.548434	-0.266242	-0.536364
0.554303	-0.259822	-0.536364
0.561915	-0.255612	-0.536364
0.569694	-0.249457	-0.532210
0.577763	-0.239641	-0.517027
0.586632	-0.228473	-0.490617
0.594534	-0.216961	-0.454133
0.601190	-0.206241	-0.410069
0.607407	-0.195147	-0.363098
0.612005	-0.181962	-0.313496
0.613861	-0.169231	-0.261968
0.613470	-0.154366	-0.212178
0.611886	-0.143313	-0.167767
0.609221	-0.137617	-0.133781
0.606704	-0.132207	-0.113578
0.605506	-0.128065	-0.095638
0.607445	-0.125095	-0.075491
0.611560	-0.121102	-0.050709
0.615624	-0.114984	-0.018577
0.620595	-0.106535	0.040293
0.626859	-0.097296	0.183063
0.632150	-0.088202	0.329218
0.635189	-0.080094	0.422823
0.635042	-0.071199	0.471532
0.633240	-0.061360	0.495332
0.629794	-0.050588	0.506950
0.626016	-0.037688	0.507766
0.623258	-0.022842	0.500747
0.621552	-0.008570	0.479584
0.620478	0.000146	0.440528
0.620498	0.000754	0.371686
0.622752	-0.002082	0.239822
0.625781	-0.003797	0.070502
0.627777	-0.004685	-0.002771
0.627693	-0.006332	-0.051376
0.626847	-0.011008	-0.071850
0.625077	-0.019230	-0.081714
0.622622	-0.025520	-0.086222
0.619263	-0.026509	-0.085992
0.615131	-0.014883	-0.080146
0.610636	-0.002900	-0.075406
0.607347	0.004409	-0.073673
0.607027	0.019721	-0.071827
0.609036	0.039658	-0.067678
0.610712	0.051309	-0.062766
0.611234	0.066656	-0.055678
0.610443	0.102331	-0.043569
0.607783	0.162157	-0.023630
0.604280	0.226981	0.009116
0.601011	0.271478	0.064100
0.597979	0.297265	0.161674
0.595886	0.313057	0.271817
0.594822	0.325685	0.364521
0.593492	0.336821	0.433153
0.590498	0.350201	0.483147
0.586579	0.367167	0.529381
0.584633	0.386799	0.566548
0.585729	0.407956	0.596998
0.587903	0.429336	0.624035
0.590767	0.448459	0.649457
0.591672	0.464768	0.659051
0.590258	0.478640	0.657143
0.586951	0.490822	0.657143
0.583500	0.503613	0.657143
0.581928	0.513411	0.657143
0.582161	0.522827	0.657143
0.581298	0.533392	0.657143
0.578100	0.544660	0.657143
0.572818	0.552910	0.657143
0.566897	0.557266	0.661346
0.561184	0.559688	0.665889
0.555946	0.559576	0.664956
0.551550	0.558710	0.662004
0.548722	0.557321	0.659342
0.548968	0.555583	0.657743
0.550823	0.552538	0.657143
0.550668	0.547604	0.657143
0.548893	0.540706	0.657143
0.546338	0.532566	0.657143
0.544212	0.525432	0.657143
0.542504	0.520739	0.657143
0.542432	0.517992	0.657143
0.543482	0.518184	0.657143
0.543881	0.520124	0.657143
0.544548	0.521211	0.657143
0.544487	0.520228	0.657143
0.542075	0.517153	0.657143
0.535824	0.512644	0.657143
0.527467	0.508489	0.657143
0.520739	0.505850	0.657143
0.517273	0.504107	0.100000
0.515990	0.503065	0.100000
0.515710	0.501759	0.100000
0.516926	0.499375	0.100000
0.519079	0.496579	0.100000
0.519983	0.492032	0.100000
0.520248	0.484886	0.100000
0.519484	0.475691	0.100000
0.516730	0.464934	0.100000
0.512600	0.453619	0.100000
0.509022	0.443089	0.100000
0.507362	0.435785	0.100000
0.507934	0.431628	0.100000
0.509174	0.430398	0.100000
0.509502	0.431824	0.100000
0.509137	0.434114	0.100000
0.507610	0.433325	0.100000
0.505875	0.428164	0.100000
0.507425	0.418892	0.100000
0.512785	0.410030	0.100000
0.520413	0.403236	0.100000
0.526660	0.399837	0.100000
0.531366	0.401728	0.100000
0.532859	0.404581	0.100000
0.532771	0.406673	0.100000
0.535571	0.408321	0.100000
0.541726	0.407798	0.100000
0.545934	0.404769	0.100000
0.546931	0.401550	0.100000
0.546745	0.395152	0.100000
0.545108	0.387600	0.100000
0.543390	0.381839	0.100000
0.543040	0.375603	0.100000
0.541976	0.367296	0.100000
0.538596	0.357749	0.100000
0.533302	0.344981	0.100000
0.528147	0.326155	0.100000
0.525699	0.306623	0.100000
0.530979	0.287748	0.100000
0.544839	0.264723	0.100000
0.563325	0.237923	0.100000
0.581367	0.214304	0.100000
0.595137	0.193469	0.100000
0.603368	0.161990	0.100000
0.606740	0.134554	0.100000
0.607640	0.119555	0.100000
0.607510	0.121550	0.100000
0.607360	0.136256	0.100000
0.608549	0.150723	0.100000
0.611239	0.155888	0.100000
0.614617	0.129132	0.100000
0.619283	0.089624	0.100000
0.623615	0.055763	0.100000
0.625022	0.022635	0.100000
0.623968	0.005879	0.100000
0.620829	-0.000696	0.100000
0.615835	-0.003856	0.100000
0.610515	-0.009311	0.100000
0.606767	-0.019551	0.100000
0.605493	-0.031250	0.100000
0.607620	-0.040532	0.100000
0.610650	-0.046349	0.100000
0.613586	-0.049349	0.100000
0.615789	-0.050589	0.100000
0.615798	-0.049160	0.100000
0.614724	-0.045361	0.100000
0.612950	-0.044017	0.100000
0.611988	-0.046396	0.100000
0.611154	-0.047387	0.100000
0.610215	-0.050460	0.100000
0.610737	-0.054751	0.100000
0.613825	-0.059106	0.100000
0.619561	-0.063887	0.100000
0.626782	-0.069103	0.100000
0.634518	-0.073421	0.100000
0.643593	-0.076533	0.100000
0.653578	-0.078623	0.100000
0.660850	-0.080323	0.100000
0.659476	-0.082434	0.100000
0.658457	-0.084771	0.100000
0.657807	-0.087556	0.100000
0.657237	-0.091757	0.100000
0.657143	-0.096812	0.100000
0.657143	-0.101902	0.100000
0.657143	-0.107390	0.100000
0.657143	-0.114408	0.100000
0.657143	-0.121344	0.100000
0.657143	-0.127671	0.100000
0.657143	-0.133135	0.750000
0.657143	-0.137309	0.707498
0.657143	-0.142803	0.685603
0.657143	-0.148543	0.678915
0.657143	-0.158506	0.674395
0.657143	-0.169463	0.668748
0.657143	-0.178161	0.662809
0.657143	-0.183646	0.657143
0.657143	-0.182755	0.657143
0.657143	-0.178766	0.657143
0.657143	-0.175161	0.657143
0.657143	-0.173004	0.657143
0.657143	-0.171735	0.100000
0.657143	-0.169549	0.100000
0.657143	-0.165553	0.100000
0.657143	-0.160279	0.100000
0.657143	-0.154684	0.100000
0.657143	-0.150288	0.100000
0.657143	-0.148785	0.100000
0.657143	-0.146247	0.100000
0.657143	-0.143474	0.100000
0.657143	-0.140184	0.100000
0.100000	-0.136324	0.100000
0.100000	-0.132269	0.100000
0.100000	-0.129379	0.100000
0.100000	-0.126957	0.100000
0.100000	-0.125123	0.100000
0.100000	-0.122781	0.100000
0.100000	-0.119070	0.100000
0.000000	-0.114616	0.000000
0.300000	-0.111444	0.300000
0.750000	-0.356289	0.750000
0.366333	-0.536364	0.173862
0.377637	-0.536364	0.118931
0.390691	-0.536364	0.087213
0.403852	-0.536364	0.051046
0.413779	-0.536364	0.017469
0.419591	-0.536364	-0.007130
0.424410	-0.536364	-0.025721
0.431880	-0.536364	-0.040745
0.442562	-0.536364	-0.053185
0.452537	-0.536364	-0.064428
0.458379	-0.536364	-0.075456
0.459632	-0.536364	-0.087262
0.456413	-0.536364	-0.098593
0.450697	-0.536364	-0.107772
0.446615	-0.536364	-0.116963
0.446768	-0.536364	-0.124723
0.449092	-0.536364	-0.130960
0.448604	-0.536364	-0.136017
0.445306	-0.536364	-0.141383
0.441090	-0.536364	-0.148301
0.437659	-0.536364	-0.160938
0.435367	-0.536364	-0.178024
0.432872	-0.536364	-0.202297
0.430227	-0.536364	-0.230724
0.428295	-0.536364	-0.263019
0.427294	-0.536364	-0.303654
0.425648	-0.536364	-0.353672
0.423591	-0.536364	-0.411898
0.424945	-0.536364	-0.477756
0.426939	-0.536364	-0.527282
0.425906	-0.536364	-0.536364
0.423231	-0.536364	-0.536364
0.422885	-0.536364	-0.536364
0.428765	-0.536364	-0.536364
0.438559	-0.536364	-0.536364
0.447915	-0.536364	-0.536364
0.456109	-0.536364	-0.536364
0.462074	-0.536364	-0.536364
0.464241	-0.536364	-0.536364
0.462717	-0.536364	-0.536364
0.457788	-0.536364	-0.536364
0.448773	-0.536364	-0.536364
0.437298	-0.536364	-0.536364
0.427259	-0.536364	-0.536364
0.419665	-0.536364	-0.536364
0.414542	-0.536364	-0.536364
0.410055	-0.536364	-0.536364
0.404110	-0.536364	-0.536364
0.400459	-0.536364	-0.536364
0.399669	-0.536364	-0.536364
0.395091	-0.536364	-0.536364
0.385953	-0.536364	-0.536364
0.375418	-0.536364	-0.536364
0.365547	-0.536364	-0.536364
0.356646	-0.536364	-0.536364
0.346234	-0.536364	-0.536364
0.337256	-0.536364	-0.536364
0.337543	-0.536364	-0.536364
0.346868	-0.536364	-0.536364
0.355156	-0.536364	-0.536364
0.357420	-0.536364	-0.536364
0.356923	-0.536364	-0.536364
0.351521	-0.536364	-0.536364
0.340997	-0.536364	-0.536364
0.329886	-0.536364	-0.536364
0.316896	-0.536364	-0.536364
0.298838	-0.536364	-0.536364
0.275350	-0.536364	-0.536364
0.252119	-0.536364	-0.536364
0.233561	-0.536364	-0.536364
0.222034	-0.536364	-0.536364
0.212756	-0.536364	-0.536364
0.195656	-0.536364	-0.536364
0.174876	-0.536364	-0.536364
0.158726	-0.536364	-0.536364
0.142948	-0.536364	-0.536364
0.135431	-0.536364	-0.536364
0.142627	-0.536364	-0.536364
0.147666	-0.536364	-0.536364
0.133626	-0.536364	-0.536364
0.097956	-0.536364	-0.536364
0.077978	-0.536364	-0.536364
0.040350	-0.536364	-0.536364
0.015646	-0.536364	-0.536364
0.003233	-0.536364	-0.536364
-0.001123	-0.536364	-0.536364
0.003625	-0.536364	-0.536364
0.004426	-0.536364	-0.536364
0.002429	-0.536364	-0.536364
-0.000888	-0.536364	-0.536364
-0.007422	-0.536364	-0.536364
-0.015663	-0.536364	-0.536364
-0.024609	-0.536364	-0.536364
-0.033000	-0.536364	-0.536364
-0.038990	-0.536364	-0.536364
-0.042396	-0.536364	-0.536364
-0.044421	-0.536364	-0.536364
-0.046455	-0.536364	-0.536364
-0.049011	-0.536364	-0.536364
-0.051660	-0.536364	-0.536364
-0.054706	-0.536364	-0.536364
-0.058556	-0.536364	-0.536364
-0.063159	-0.536364	-0.523573
-0.067696	-0.536364	-0.471698
-0.071288	-0.536364	-0.411121
-0.073680	-0.536364	-0.354403
-0.074645	-0.536364	-0.298952
-0.073444	-0.536364	-0.249403
-0.073426	-0.536364	-0.202330
-0.074032	-0.536364	-0.160823
-0.074393	-0.536364	-0.133568
-0.075389	-0.536364	-0.117191
-0.077475	-0.522353	-0.102880
-0.080029	-0.508868	-0.088533
-0.082371	-0.502428	-0.083019
-0.084468	-0.497695	-0.093955
-0.086380	-0.492504	-0.098576
-0.088866	-0.487331	-0.106475
-0.091224	-0.481489	-0.117912
-0.093157	-0.476438	-0.130505
-0.095020	-0.475709	-0.140332
-0.096994	-0.479917	-0.176884
-0.098984	-0.487817	-0.235684
-0.101340	-0.497372	-0.298354
-0.104044	-0.508322	-0.363091
-0.106937	-0.522931	-0.423436
-0.110125	-0.534281	-0.472986
-0.113229	-0.536364	-0.506320
-0.116823	-0.536364	-0.522803
-0.121277	-0.536364	-0.525263
-0.126331	-0.536364	-0.517622
-0.131227	-0.536364	-0.501453
-0.135280	-0.530054	-0.481574
-0.138234	-0.519683	-0.463347
-0.143308	-0.511487	-0.447645
-0.148517	-0.504916	-0.431403
-0.159145	-0.498868	-0.414270
-0.171914	-0.495153	-0.398790
-0.185163	-0.494091	-0.383285
-0.200201	-0.493215	-0.364513
-0.217255	-0.490928	-0.341409
-0.234764	-0.489228	-0.314133
-0.250827	-0.489583	-0.280222
-0.265023	-0.491319	-0.242120
-0.279119	-0.493283	-0.200616
-0.292904	-0.494289	-0.164377
-0.307094	-0.493224	-0.138955
-0.322759	-0.491062	-0.128571
-0.337175	-0.491367	-0.118082
-0.348576	-0.494847	-0.110129
-0.357705	-0.498146	-0.099936
-0.366999	-0.499723	-0.087416
-0.378623	-0.501412	-0.074367
-0.394139	-0.505504	-0.060303
-0.415894	-0.514968	-0.051490
-0.445618	-0.530347	-0.048888
-0.482013	-0.535836	-0.048976
-0.522345	-0.536364	-0.052172
-0.535258	-0.536364	-0.055804
-0.536364	-0.536364	-0.058631
-0.536364	-0.536364	-0.063065
-0.536364	-0.536364	-0.066884
-0.536364	-0.536364	-0.069280
-0.536364	-0.536364	-0.070677
-0.536364	-0.536364	-0.070581
-0.536364	-0.536364	-0.069152
-0.536364	-0.536364	-0.068830
-0.536364	-0.536364	-0.065228
-0.536364	-0.536364	-0.062169
-0.536364	-0.536364	-0.061682
-0.536364	-0.536364	-0.059706
-0.536364	-0.536364	-0.054100
-0.536364	-0.536364	-0.045025
-0.536364	-0.536364	-0.034730
-0.536364	-0.536364	-0.028778
-0.536364	-0.536364	-0.030140
-0.536364	-0.536364	-0.033055
-0.536364	-0.536364	-0.033781
-0.536364	-0.536364	-0.034695
-0.536364	-0.536364	-0.036862
-0.536364	-0.536364	-0.039515
-0.536364	-0.536364	-0.042843
-0.536364	-0.536364	-0.046324
-0.536364	-0.536364	-0.050132
-0.536364	-0.536364	-0.054211
-0.536364	-0.536364	-0.057219
-0.536364	-0.536364	-0.058501
-0.536364	-0.536364	-0.057367
-0.536364	-0.536364	-0.056626
-0.536364	-0.536364	-0.054873
-0.536364	-0.536364	-0.053533
-0.536364	-0.536364	-0.054423
-0.536364	-0.536364	-0.054949
-0.536364	-0.536364	-0.053928
-0.536364	-0.536364	-0.051693
-0.536364	-0.536364	-0.053427
-0.536364	-0.536364	-0.053834
-0.536364	-0.536364	-0.053468
-0.536364	-0.536364	-0.048289
-0.536364	-0.536364	-0.042165
-0.536364	-0.536364	-0.035994
-0.536364	-0.536364	-0.031422
-0.536364	-0.536364	-0.033792
-0.536364	-0.536364	-0.036263
-0.536364	-0.536364	-0.038197
-0.536364	-0.536364	-0.040757
-0.536364	-0.536364	-0.043454
-0.536364	-0.536364	-0.045550
-0.536364	-0.536364	-0.045545
-0.536364	-0.536364	-0.040907
-0.536364	-0.536364	-0.033768
-0.536364	-0.536364	-0.029094
-0.536364	-0.536364	-0.027094
-0.536364	-0.536364	-0.024012
-0.536364	-0.536364	-0.020021
-0.536364	-0.536364	-0.017853
-0.536364	-0.536364	-0.017860
-0.536364	-0.536364	-0.016526
-0.536364	-0.536364	-0.013434
-0.536364	-0.536364	-0.012121
-0.536364	-0.536364	-0.013849
-0.536364	-0.536364	-0.015335
-0.536364	-0.536364	-0.019210
-0.536364	-0.536364	-0.022508
-0.536364	-0.536364	-0.022354
-0.536364	-0.536364	-0.023122
-0.536364	-0.536364	-0.024049
-0.536364	-0.536364	-0.026039
-0.536364	-0.536364	-0.027988
-0.536364	-0.536364	-0.030542
-0.536364	-0.536364	-0.033597
-0.536364	-0.536364	-0.037573
-0.536364	-0.536364	-0.043192
-0.536364	-0.536364	-0.048980
-0.536364	-0.536364	-0.054209
-0.536364	-0.536364	-0.059197
-0.536364	-0.536364	-0.063938
-0.536364	-0.536364	-0.068279
-0.536364	-0.536364	-0.071974
-0.536364	-0.536364	-0.074440
-0.536364	-0.536364	-0.075918
-0.536364	-0.536364	-0.076762
-0.536364	-0.536364	-0.075931
-0.536364	-0.536364	-0.075029
-0.536364	-0.536364	-0.073239
-0.536364	-0.536364	-0.073983
-0.536364	-0.536364	-0.074858
-0.536364	-0.536364	-0.075483
-0.536364	-0.536364	-0.076826
-0.536364	-0.536364	-0.078897
-0.536364	-0.536364	-0.081325
-0.536364	-0.536364	-0.084125
-0.536364	-0.536364	-0.088862
-0.536364	-0.536364	-0.095304
-0.536364	-0.536364	-0.101939
-0.536364	-0.536364	-0.109340
-0.536364	-0.536364	-0.119261
-0.536364	-0.536364	-0.129067
-0.536364	-0.536364	-0.137309
-0.536364	-0.536364	-0.147795
-0.536364	-0.536364	-0.183984
-0.536364	-0.536364	-0.226868
-0.536364	-0.536364	-0.277657
-0.536364	-0.536364	-0.341362
-0.536364	-0.536364	-0.413619
-0.536364	-0.536364	-0.491412
-0.536364	-0.536364	-0.530701
-0.536364	-0.536364	-0.536364
-0.536364	-0.536364	-0.536364
-0.536364	-0.536364	-0.536364
-0.536364	-0.536364	-0.536364
-0.536364	-0.536364	-0.536364
-0.536364	-0.536364	-0.536364
-0.536364	-0.536364	-0.536364
-0.536364	-0.536364	-0.536364
-0.536364	-0.536364	-0.536364
-0.536364	-0.536364	-0.536364
-0.536364	-0.536364	-0.536364
-0.536364	-0.536364	-0.536364
-0.536364	-0.536364	-0.536364
-0.536364	-0.536364	-0.536364
-0.536364	-0.536364	-0.536364
-0.536364	-0.536364	-0.536364
-0.536364	-0.536364	-0.536364
-0.536364	-0.536364	-0.536364
-0.536364	-0.536364	-0.536364
-0.536364	-0.536364	-0.536364
-0.536364	-0.536364	-0.536364
-0.536364	-0.536364	-0.536364
-0.536364	-0.536364	-0.536364
-0.536364	-0.536364	-0.536364
-0.536364	-0.536364	-0.536364
-0.536364	-0.536364	-0.536364
-0.536364	-0.536364	-0.536364
-0.536364	-0.536364	-0.536364
-0.536364	-0.536364	-0.536364
-0.536364	-0.536364	-0.536364
-0.536364	-0.536364	-0.536364
-0.536364	-0.536364	-0.536364
-0.401580	-0.536364	-0.010442
-0.348646	-0.536364	-0.097316
-0.333027	-0.536364	-0.095773
-0.318218	-0.536364	-0.093664
-0.304830	-0.536364	-0.091538
-0.293356	-0.536364	-0.090778
-0.282987	-0.536364	-0.090633
-0.272458	-0.536364	-0.090962
-0.264242	-0.536364	-0.091896
-0.257349	-0.536364	-0.092826
-0.251139	-0.536364	-0.094350
-0.244356	-0.536364	-0.096189
-0.236681	-0.536364	-0.098357
-0.228582	-0.536364	-0.100749
-0.220062	-0.536364	-0.102877
-0.211628	-0.536364	-0.104680
-0.203786	-0.536364	-0.106720
-0.194888	-0.536364	-0.108849
-0.184193	-0.536364	-0.110239
-0.174871	-0.536364	-0.110267
-0.165786	-0.536364	-0.109336
-0.156937	-0.536364	-0.108500
-0.147801	-0.536364	-0.107471
-0.144289	-0.536364	-0.107716
-0.141575	-0.536364	-0.108195
-0.139241	-0.536364	-0.108580
-0.138109	-0.536364	-0.109098
-0.137640	-0.536364	-0.109923
-0.136812	-0.536364	-0.111304
-0.134540	-0.536364	-0.112822
-0.131619	-0.536364	-0.113777
-0.130042	-0.536364	-0.114094
-0.128055	-0.536364	-0.114293
-0.126344	-0.536364	-0.114162
-0.124667	-0.536364	-0.111779
-0.123153	-0.536364	-0.109209
-0.122185	-0.536364	-0.106368
-0.119732	-0.536364	-0.104060
-0.115369	-0.536364	-0.101888
-0.109971	-0.536364	-0.100744
-0.104534	-0.536364	-0.101434
-0.100482	-0.536364	-0.102371
-0.096732	-0.536364	-0.102627
-0.092634	-0.536364	-0.102861
