0.100000	0.100000	0.100000
0.100000	0.100001	0.101705
0.100000	0.100001	0.104597
0.100000	0.100001	0.110981
0.100000	0.100001	0.130817
0.100000	0.100002	0.148311
0.100000	0.100002	0.151498
0.100000	0.100002	0.144316
0.100000	0.100002	0.134602
0.100000	0.100003	0.130462
0.100000	0.100003	0.133422
0.143284	0.100003	0.137560
0.181223	0.100003	0.140557
0.203352	0.100003	0.137269
0.213168	0.100004	0.112563
0.212957	0.100004	0.100000
0.209268	0.100004	0.100000
0.201119	0.100004	0.100000
0.189326	0.100004	0.100000
0.180022	0.100005	0.100000
0.178699	0.100005	0.100000
0.182207	0.100005	0.100000
0.185196	0.100005	0.100000
0.189490	0.100005	0.100000
0.193255	0.100006	0.100000
0.187490	0.100006	0.100000
0.168565	0.100007	0.100000
0.146871	0.100006	0.100000
0.131191	0.100006	0.100000
0.115949	0.100007	0.100000
0.107407	0.100007	0.100000
0.108582	0.100007	0.100000
0.112376	0.100007	0.100000
0.114195	0.100007	0.100000
0.113751	0.100007	0.100000
0.106918	0.100007	0.100000
0.100000	0.100007	0.100000
0.100000	0.100007	0.100000
0.119968	0.100007	0.100000
0.149458	0.100007	0.100000
0.174268	0.100007	0.100000
0.194143	0.100007	0.100000
0.204989	0.100007	0.100000
0.211651	0.100007	0.100000
0.224293	0.100007	0.100000
0.237906	0.100007	0.100000
0.241303	0.100007	0.100000
0.241273	0.100006	0.100000
0.248770	0.100007	0.100000
0.254757	0.100007	0.100000
0.258040	0.100007	0.100000
0.266051	0.100007	0.100000
0.279247	0.100007	0.100000
0.292813	0.100006	0.100000
0.303463	0.100007	0.100000
0.309431	0.100006	0.100000
0.308324	0.100006	0.100000
0.303019	0.100006	0.100000
0.303208	0.100005	0.100000
0.314009	0.100006	0.100000
0.331474	0.100005	0.100000
0.341584	0.100004	0.100000
0.339744	0.100006	0.100000
0.325188	0.100004	0.100000
0.296604	0.100002	0.100000
0.260240	0.100004	0.100000
0.227671	0.100004	0.100000
0.203302	0.100002	0.100000
0.183761	0.100002	0.100000
0.166821	0.100002	0.100000
0.153227	0.100001	0.100000
0.144542	0.126231	0.100000
0.132905	0.190167	0.100000
0.113974	0.232864	0.100000
0.100000	0.259192	0.100000
0.100000	0.277876	0.100000
0.100000	0.296588	0.100000
0.100000	0.308013	0.100000
0.100000	0.315999	0.100000
0.100000	0.327206	0.100000
0.100000	0.339789	0.100000
0.100000	0.353205	0.100000
0.100000	0.361399	0.100000
0.100000	0.368605	0.100000
0.100000	0.380216	0.100000
0.100000	0.392339	0.100000
0.100000	0.402279	0.100000
0.100000	0.412457	0.100000
0.100000	0.426919	0.100000
0.100000	0.442764	0.100000
0.100000	0.455418	0.100000
0.100000	0.465286	0.100000
0.100000	0.474330	0.100000
0.100000	0.482683	0.100000
0.100000	0.489513	0.100000
0.100000	0.495946	0.100000
0.100000	0.503329	0.100000
0.100000	0.510628	0.100000
0.100000	0.516820	0.100000
0.100000	0.522281	0.100000
0.100000	0.528636	0.100000
0.100000	0.536890	0.100000
0.100000	0.546470	0.100000
0.100000	0.555979	0.100000
0.100000	0.564311	0.100000
0.100000	0.571273	0.100000
0.100000	0.576962	0.100000
0.100000	0.581483	0.100000
0.100000	0.585137	0.100000
0.100000	0.587436	0.100000
0.100000	0.588818	0.100000
0.100000	0.589761	0.100000
0.100000	0.591495	0.100000
0.100000	0.594164	0.100000
0.100000	0.597252	0.100000
0.100000	0.600559	0.100000
0.100000	0.603526	0.100000
0.100000	0.606748	0.100000
0.100000	0.610207	0.100000
0.100000	0.613473	0.100000
0.100000	0.616463	0.100000
0.100000	0.619130	0.100000
0.100000	0.620980	0.100000
0.100000	0.622402	0.100000
0.100000	0.623709	0.100000
0.100000	0.624011	0.100000
0.100000	0.622906	0.100000
0.100000	0.620769	0.100000
0.100000	0.618526	0.100000
0.100000	0.617216	0.100000
0.100000	0.617071	0.100000
0.100000	0.617264	0.100000
0.100000	0.617492	0.100000
0.100000	0.617459	0.100000
0.100000	0.616507	0.100000
0.100000	0.615141	0.100000
0.100000	0.613563	0.100000
0.100000	0.611765	0.100000
0.100000	0.609928	0.100000
0.100000	0.607790	0.100000
0.100000	0.605693	0.100000
0.100000	0.603488	0.100000
0.100000	0.601820	0.100000
0.100000	0.601540	0.100000
0.100000	0.602095	0.100000
0.100000	0.602766	0.100000
0.100000	0.604434	0.100000
0.100000	0.606932	0.100000
0.100000	0.608912	0.100000
0.100000	0.610549	0.100000
0.100000	0.612143	0.100000
0.100000	0.613468	0.100000
0.100000	0.615050	0.100000
0.100000	0.616674	0.100000
0.100000	0.618634	0.100000
0.100000	0.620880	0.100000
0.100000	0.622384	0.100000
0.100000	0.622562	0.100000
0.100000	0.621536	0.100000
0.100000	0.620513	0.100000
0.100000	0.619226	0.100000
0.100000	0.616997	0.100000
0.100000	0.613808	0.100000
0.100000	0.609300	0.100000
0.100000	0.603986	0.100000
0.100000	0.598438	0.100000
0.100000	0.593284	0.100000
0.100000	0.588869	0.100000
0.100000	0.584750	0.100000
0.100000	0.580833	0.100000
0.100000	0.577906	0.100000
0.100000	0.576603	0.100000
0.100000	0.576618	0.100000
0.100000	0.576339	0.100000
0.100000	0.574120	0.100000
0.100000	0.570177	0.100000
0.100000	0.565107	0.100000
0.100000	0.559427	0.100000
0.100000	0.553829	0.100000
0.100000	0.549662	0.100000
0.100000	0.546569	0.100000
0.100000	0.543450	0.100000
0.100000	0.540934	0.100000
0.100000	0.538315	0.100000
0.100000	0.533929	0.100000
0.100000	0.527537	0.100000
0.100000	0.519921	0.100000
0.100000	0.511483	0.100000
0.100000	0.500680	0.100000
0.100000	0.487795	0.100000
0.100000	0.475401	0.100000
0.100000	0.464433	0.100000
0.100000	0.451873	0.100000
0.100000	0.439249	0.100000
0.100000	0.427662	0.100000
0.100000	0.416087	0.100000
0.100000	0.400919	0.100000
0.100000	0.380132	0.100000
0.100000	0.360287	0.100000
0.100000	0.341855	0.100000
0.100000	0.318943	0.100000
0.100000	0.295197	0.100000
0.100000	0.266467	0.100000
0.100000	0.214495	0.100000
0.100000	0.130398	0.100000
0.100000	0.099984	0.100000
0.100000	0.099985	0.100000
0.100000	0.099986	0.100000
0.100000	0.099987	0.100000
0.100000	0.099987	0.100000
0.100000	0.099988	0.100000
0.100000	0.099989	0.100000
0.100000	0.099989	0.100000
0.100000	0.099990	0.100000
0.100000	0.099993	0.100000
0.100000	0.099992	0.100000
0.100000	0.099992	0.100000
0.100000	0.099995	0.100000
0.100000	0.099994	0.100000
0.100000	0.099995	0.100000
0.100000	0.099997	0.100000
0.100000	0.099998	0.100000
0.100000	0.099999	0.100000
0.100000	0.100000	0.100000
0.100000	0.100000	0.100000
0.100000	0.100002	0.100000
0.100000	0.100003	0.100000
0.100000	0.100005	0.100000
0.100000	0.100006	0.100000
0.100000	0.100007	0.100000
0.100000	0.100007	0.100000
0.100000	0.100009	0.100000
0.100000	0.100009	0.100000
0.100000	0.100011	0.100000
0.100000	0.100014	0.100000
0.100000	0.100014	0.100000
0.100000	0.100014	0.100000
0.100000	0.100017	0.100000
0.100000	0.100018	0.100000
0.100000	0.100019	0.100000
0.100000	0.100020	0.100000
0.100000	0.100021	0.100000
0.100000	0.100023	0.100000
0.100000	0.100024	0.100000
0.100000	0.100025	0.100000
0.100000	0.100027	0.100000
0.100000	0.100028	0.100000
0.100000	0.100030	0.100000
0.100000	0.100032	0.100000
0.100000	0.100033	0.100000
0.100000	0.100033	0.100000
0.100000	0.100036	0.100000
0.100000	0.100036	0.100000
0.100000	0.100038	0.100000
0.100000	0.100039	0.100000
0.100000	0.100040	0.100000
0.100000	0.100042	0.100000
0.100000	0.100043	0.100000
0.100000	0.100044	0.100000
0.100000	0.100046	0.100000
0.100000	0.100046	0.100000
0.100000	0.100047	0.100000
0.100000	0.100048	0.100000
0.100000	0.100050	0.100000
0.100000	0.100051	0.100000
0.100000	0.100052	0.100000
0.100000	0.100054	0.100000
0.100000	0.100054	0.100000
0.100000	0.100055	0.100000
0.100000	0.100056	0.100000
0.100000	0.100058	0.100000
0.100000	0.100059	0.100000
0.100000	0.100060	0.100000
0.100000	0.100061	0.100000
0.100000	0.100062	0.100000
0.100000	0.100063	0.100000
0.100000	0.100064	0.100000
0.100000	0.100065	0.100000
0.100000	0.100066	0.100000
0.100000	0.100066	0.100000
0.100000	0.100067	0.100000
0.100000	0.100068	0.100000
0.100000	0.100069	0.100000
0.100000	0.100069	0.100000
0.100000	0.100070	0.100000
0.100000	0.100071	0.100000
0.100000	0.100072	0.100000
0.100000	0.100072	0.100000
0.100000	0.100073	0.100000
0.100000	0.100073	0.100000
0.100000	0.100074	0.100000
0.100000	0.100075	0.100000
0.100000	0.100075	0.100000
0.100000	0.100076	0.100000
0.100000	0.100076	0.100000
0.100000	0.100076	0.100000
0.100000	0.100077	0.100000
0.100000	0.100077	0.100000
0.100000	0.100077	0.100000
0.100000	0.100078	0.100000
0.100000	0.100078	0.100000
0.100000	0.100078	0.100000
0.100000	0.100078	0.100000
0.100000	0.100078	0.100000
0.100000	0.100079	0.100000
0.100000	0.100078	0.100000
0.100000	0.100079	0.100000
0.100000	0.100079	0.100000
0.100000	0.100079	0.100000
0.100000	0.100079	0.100000
0.100000	0.100078	0.100000
0.100000	0.100078	0.100000
0.100000	0.100078	0.100000
0.100000	0.100078	0.100000
0.100000	0.100078	0.100000
0.100000	0.100077	0.100000
0.100000	0.100077	0.100000
0.100000	0.100076	0.100000
0.100000	0.100076	0.100000
0.100000	0.100075	0.100000
0.100000	0.100075	0.100000
0.100000	0.100074	0.100000
0.100000	0.100074	0.100000
0.100000	0.100073	0.100000
0.100000	0.100073	0.100000
0.100000	0.100072	0.100000
0.100000	0.100072	0.100000
0.100000	0.100071	0.100000
0.100000	0.100070	0.100000
0.100000	0.100070	0.100000
0.100000	0.100069	0.100000
0.100000	0.100068	0.100000
0.100000	0.100066	0.100000
0.100000	0.100065	0.100000
0.100000	0.100064	0.100000
0.100000	0.100063	0.100000
0.100000	0.100062	0.100000
0.100000	0.100061	0.100000
0.100000	0.100060	0.100000
0.100000	0.100059	0.100000
0.100000	0.100058	0.100000
0.100000	0.100056	0.100000
0.100000	0.100055	0.100000
0.100000	0.100054	0.100000
0.100000	0.100052	0.100000
0.100000	0.100051	0.100000
0.100000	0.100049	0.100000
0.100000	0.100047	0.100000
0.100000	0.100047	0.100000
0.100000	0.100046	0.100000
0.100000	0.100044	0.100000
0.100000	0.100042	0.100000
0.100000	0.100041	0.100000
0.100000	0.100039	0.100000
0.100000	0.100038	0.100000
0.100000	0.100036	0.100000
0.100000	0.100034	0.100000
0.100000	0.100033	0.100000
0.125466	0.100031	0.100000
0.169636	0.100029	0.100000
0.212292	0.100027	0.100000
0.238924	0.100025	0.100000
0.252790	0.100024	0.100000
0.268716	0.100021	0.100000
0.286331	0.100019	0.100000
0.305640	0.100019	0.100000
0.327850	0.100017	0.100000
0.350820	0.100014	0.100000
0.370980	0.100012	0.100000
0.389028	0.100010	0.100000
0.406965	0.100007	0.100000
0.424425	0.100005	0.100000
0.437889	0.100004	0.100000
0.445174	0.103999	0.100000
0.449619	0.181068	0.100000
0.454702	0.237698	0.100000
0.462433	0.277722	0.100000
0.471495	0.307457	0.100000
0.479579	0.329743	0.100000
0.484153	0.344838	0.100000
0.483746	0.354562	0.100000
0.478617	0.362006	0.100000
0.469271	0.370411	0.100000
0.458546	0.380654	0.100000
0.450733	0.393269	0.100000
0.447149	0.405841	0.100000
0.448005	0.419656	0.100000
0.454047	0.436433	0.100000
0.462363	0.455650	0.100000
0.468856	0.473290	0.100000
0.473703	0.487018	0.100000
0.477678	0.499544	0.100000
0.483461	0.511517	0.100000
0.490726	0.521531	0.100000
0.496157	0.529206	0.100000
0.498812	0.534782	0.100000
0.499761	0.538933	0.100000
0.498343	0.543816	0.100000
0.495790	0.550490	0.100000
0.493661	0.558305	0.100000
0.490394	0.566118	0.100000
0.485856	0.572076	0.100000
0.482468	0.576296	0.100000
0.481352	0.579808	0.100000
0.481597	0.583756	0.100000
0.483285	0.589079	0.100000
0.486849	0.595630	0.100000
0.491197	0.602037	0.100000
0.494148	0.606847	0.100000
0.494555	0.609724	0.100000
0.493307	0.611367	0.100000
0.491963	0.612691	0.100000
0.491029	0.613344	0.100000
0.490448	0.613618	0.100000
0.490387	0.614928	0.100000
0.491693	0.617419	0.100000
0.495143	0.620418	0.100000
0.499587	0.623540	0.100000
0.501961	0.626246	0.100000
0.502776	0.628597	0.100000
0.503688	0.630877	0.100000
0.504167	0.633323	0.100000
0.503371	0.635517	0.100000
0.502145	0.637252	0.100000
0.500620	0.638857	0.100000
0.498986	0.640553	0.100000
0.498664	0.642320	0.100000
0.500824	0.643585	0.100000
0.503414	0.643990	0.100000
0.505771	0.644011	0.100000
0.508501	0.644039	0.100000
0.510952	0.644012	0.100000
0.511613	0.643739	0.100000
0.509784	0.644099	0.100000
0.505625	0.645535	0.100000
0.500758	0.647261	0.100000
0.494218	0.648574	0.100000
0.483995	0.649483	0.100000
0.470590	0.650055	0.100000
0.457413	0.650210	0.100000
0.448623	0.650160	0.100000
0.445107	0.650010	0.100000
0.444415	0.650127	0.100000
0.443398	0.650615	0.100000
0.440903	0.651074	0.100000
0.437251	0.651215	0.100000
0.431775	0.650704	0.141443
0.426047	0.649897	0.294313
0.421976	0.649437	0.389011
0.420569	0.649732	0.454249
0.421450	0.650776	0.501510
0.422297	0.652847	0.534899
0.418340	0.655663	0.559239
0.411098	0.658389	0.578164
0.404519	0.660304	0.592958
0.396798	0.661053	0.604035
0.388550	0.661074	0.611316
0.377413	0.660905	0.615076
0.358695	0.660654	0.615616
0.332340	0.660173	0.613827
0.304630	0.658927	0.610899
0.287837	0.656809	0.607780
0.281953	0.654430	0.604481
0.279281	0.652517	0.599824
0.278643	0.651340	0.594335
0.280903	0.650348	0.588725
0.284584	0.649117	0.583550
0.288449	0.647120	0.579359
0.294306	0.644698	0.577236
0.299245	0.642472	0.577069
0.297547	0.640395	0.578487
0.294298	0.638054	0.581628
0.297185	0.635141	0.585921
0.306693	0.631812	0.590754
0.320642	0.628397	0.595812
0.331069	0.624607	0.600031
0.335750	0.620696	0.603571
0.336186	0.617343	0.606559
0.336611	0.615007	0.608512
0.340347	0.613443	0.609483
0.344720	0.612309	0.610144
0.347252	0.611585	0.611650
0.346035	0.610910	0.614316
0.338137	0.609909	0.617582
0.319323	0.608356	0.621420
0.296993	0.606665	0.625531
0.283292	0.605646	0.629191
0.280014	0.605587	0.632031
0.282890	0.606357	0.634078
0.284920	0.606965	0.635778
0.282756	0.606111	0.637457
0.278841	0.603224	0.639304
0.278454	0.599393	0.640841
0.280244	0.595582	0.641548
0.282310	0.592491	0.642028
0.280238	0.590657	0.642842
0.273535	0.590139	0.643791
0.273882	0.590247	0.644611
0.290020	0.590003	0.645366
0.315022	0.588731	0.646249
0.341325	0.586861	0.646739
0.363689	0.584585	0.646517
0.377560	0.581020	0.645731
0.383715	0.576729	0.644631
0.384886	0.572670	0.643875
0.386011	0.568941	0.643843
0.387227	0.564753	0.644510
0.386056	0.559340	0.645747
0.383620	0.552910	0.647241
0.382859	0.547851	0.648931
0.382742	0.544803	0.650788
0.382019	0.542725	0.652690
0.388954	0.540757	0.654564
0.405280	0.537151	0.656183
0.423004	0.532611	0.657548
0.436899	0.527761	0.658878
0.444008	0.522445	0.659736
0.446994	0.515230	0.660177
0.450448	0.506442	0.660702
0.456552	0.499151	0.661393
0.464722	0.494697	0.661832
0.473251	0.491741	0.661556
0.481130	0.488104	0.660341
0.488709	0.483396	0.658439
0.495617	0.479382	0.656494
0.500447	0.476894	0.655323
0.503720	0.473651	0.655464
0.506561	0.470880	0.656002
0.507392	0.471013	0.656018
0.506833	0.472629	0.655529
0.507492	0.472466	0.654866
0.508854	0.468227	0.654530
0.510725	0.459231	0.654614
0.513529	0.444626	0.655110
0.517970	0.425801	0.655918
0.524588	0.404807	0.656786
0.532888	0.381261	0.657696
0.540475	0.356512	0.658874
0.545965	0.329612	0.660061
0.548841	0.304290	0.661409
0.549733	0.286766	0.662818
0.549293	0.272818	0.663934
0.547987	0.252665	0.664913
0.546635	0.223013	0.666104
0.547530	0.187505	0.667688
0.550422	0.145999	0.669578
0.552648	0.100062	0.671589
0.554049	0.100066	0.673656
0.554901	0.100069	0.675000
0.554672	0.100071	0.675000
0.553008	0.100073	0.675000
0.550964	0.100077	0.675000
0.551351	0.100079	0.675000
0.554720	0.100082	0.675000
0.559526	0.100085	0.675000
0.564869	0.100087	0.675000
0.570331	0.100090	0.675000
0.575309	0.100092	0.675000
0.579058	0.100094	0.675000
0.581844	0.100098	0.671625
0.584262	0.100099	0.667238
0.586473	0.100101	0.662628
0.589390	0.100104	0.657785
0.593801	0.100106	0.652702
0.599320	0.100109	0.647174
0.604893	0.100112	0.641655
0.609657	0.100113	0.636637
0.613278	0.100115	0.632407
0.616033	0.100117	0.628831
0.618725	0.100119	0.624968
0.620915	0.100122	0.620393
0.622514	0.100124	0.615255
0.623339	0.100125	0.609625
0.623974	0.100127	0.603221
0.625419	0.100129	0.596577
0.627765	0.100131	0.590436
0.630531	0.100132	0.586574
0.633362	0.100134	0.586410
0.636329	0.100136	0.589785
0.639119	0.100137	0.595974
0.640964	0.100139	0.604059
0.641928	0.100140	0.613984
0.642359	0.100142	0.624305
0.642550	0.100143	0.633138
0.643057	0.100144	0.639430
0.643793	0.100145	0.642952
0.644510	0.100146	0.644462
0.646028	0.100147	0.644531
0.648679	0.100148	0.643903
0.651738	0.100149	0.642973
0.654685	0.100150	0.642576
0.657500	0.100151	0.643655
0.660373	0.100152	0.646289
0.663263	0.100152	0.649902
0.665938	0.100153	0.653642
0.668261	0.100154	0.656597
0.670456	0.100154	0.658172
0.672722	0.100155	0.658697
0.675000	0.100155	0.658410
0.675000	0.100155	0.657051
0.100000	0.100155	0.100000
0.675000	0.100156	0.652109
0.459509	0.100156	0.297762
0.460440	0.100156	0.269143
0.458894	0.100156	0.246263
0.456825	0.100155	0.224553
0.453711	0.100155	0.203276
0.447493	0.100155	0.179288
0.439511	0.100155	0.140381
0.433909	0.100155	0.100000
0.431992	0.100154	0.100000
0.428584	0.100153	0.100000
0.426890	0.100152	0.100000
0.432147	0.100152	0.100000
0.440739	0.100151	0.100000
0.448597	0.100151	0.100000
0.454991	0.100149	0.100000
0.459244	0.100149	0.100000
0.462241	0.100147	0.100000
0.465627	0.100146	0.100000
0.470352	0.100145	0.100000
0.475960	0.100144	0.100000
0.483205	0.100143	0.100000
0.491084	0.100141	0.100000
0.498684	0.100140	0.100000
0.506014	0.100138	0.100000
0.512060	0.100138	0.100000
0.515304	0.100135	0.100000
0.516765	0.100133	0.100000
0.518581	0.100132	0.100000
0.521362	0.100130	0.100000
0.524768	0.100128	0.100000
0.527152	0.100126	0.100000
0.527738	0.100124	0.100000
0.527749	0.100122	0.100000
0.526458	0.100120	0.100000
0.524665	0.100118	0.100000
0.523564	0.100116	0.100000
0.523883	0.100113	0.100000
0.525035	0.100111	0.100000
0.525715	0.100109	0.100000
0.526294	0.100105	0.100000
0.527631	0.100103	0.100000
0.527979	0.100100	0.100000
0.527904	0.100098	0.100000
0.529385	0.100095	0.100000
0.531446	0.100092	0.100000
0.533139	0.100089	0.100000
0.534960	0.100087	0.100000
0.536019	0.100085	0.100000
0.537077	0.100081	0.100000
0.538556	0.100078	0.100000
0.539998	0.100075	0.100000
0.539291	0.100073	0.100000
0.534846	0.100070	0.100000
0.528184	0.100066	0.100000
0.520727	0.100063	0.100000
0.514982	0.100060	0.100000
0.510710	0.100056	0.100000
0.505695	0.100053	0.100000
0.501929	0.100049	0.100000
0.499686	0.100046	0.100000
0.498248	0.100044	0.100000
0.497136	0.100039	0.100000
0.496411	0.100034	0.100000
0.495298	0.100033	0.100000
0.491587	0.100030	0.100000
0.486215	0.100025	0.100000
0.481060	0.100021	0.100000
0.476253	0.100019	0.100000
0.470593	0.100014	0.100000
0.464252	0.100010	0.100000
0.457115	0.100007	0.100000
0.450013	0.100003	0.100000
0.445592	0.100000	0.100000
0.438735	0.099999	0.100000
0.427649	0.099996	0.100000
0.414411	0.099993	0.100000
0.403328	0.099990	0.100000
0.398006	0.099988	0.100000
0.395880	0.099985	0.100000
0.391409	0.099982	0.100000
0.381769	0.099979	0.100000
0.370065	0.099977	0.100000
0.357878	0.099974	0.100000
0.340614	0.099970	0.100000
0.314333	0.099968	0.100000
0.289420	0.099966	0.100000
0.269568	0.099962	0.100000
0.254209	0.099960	0.100000
0.244522	0.099957	0.100000
0.236461	0.099954	0.100000
0.227461	0.099951	0.100000
0.219078	0.099949	0.100000
0.209499	0.099946	0.100000
0.191183	0.099943	0.100000
0.156923	0.099940	0.100000
0.104734	0.099938	0.100000
0.100000	0.099935	0.100000
0.100000	0.099932	0.100000
0.100000	0.099930	0.100000
0.100000	0.099927	0.100000
0.100000	0.099923	0.100000
0.100000	0.099921	0.100000
0.100000	0.099919	0.100000
0.100000	0.099917	0.100000
0.100000	0.103855	0.100000
0.100000	0.145663	0.100000
0.100000	0.172863	0.100000
0.100000	0.190404	0.100000
0.100000	0.202893	0.100000
0.100000	0.210011	0.100000
0.100000	0.219843	0.100000
0.100000	0.239350	0.100000
0.100000	0.268200	0.100000
0.100000	0.299618	0.100000
0.100000	0.325730	0.100000
0.100000	0.351579	0.100000
0.100000	0.374945	0.100000
0.100000	0.390942	0.100000
0.100000	0.400962	0.100000
0.100000	0.406537	0.100000
0.100000	0.409402	0.100000
0.100000	0.409114	0.100000
0.100000	0.409118	0.100000
0.100000	0.412994	0.100000
0.100000	0.417529	0.100000
0.100000	0.421078	0.100000
0.100000	0.422593	0.100000
0.100000	0.419359	0.100000
0.100000	0.411588	0.100000
0.100000	0.400789	0.100000
0.100000	0.386205	0.100000
0.100000	0.370931	0.100000
0.100000	0.361676	0.100000
0.100000	0.357171	0.100000
0.100000	0.352931	0.100000
0.100000	0.353610	0.100000
0.100000	0.358333	0.100000
0.100000	0.363303	0.100000
0.100000	0.369911	0.100000
0.100000	0.379941	0.100000
0.100000	0.391637	0.100000
0.100000	0.401013	0.100000
0.100000	0.402980	0.100000
0.100000	0.395156	0.100000
0.100000	0.381074	0.100000
0.100000	0.367563	0.100000
0.100000	0.360190	0.100000
0.100000	0.356595	0.100000
0.100000	0.356300	0.100000
0.100000	0.355247	0.100000
0.100000	0.348927	0.100000
0.100000	0.338504	0.100000
0.100000	0.328380	0.100000
0.100000	0.324899	0.100000
0.100000	0.332597	0.100000
0.100000	0.350150	0.100000
0.100000	0.365246	0.100000
0.100000	0.370308	0.100000
0.100000	0.366775	0.100000
0.100000	0.355230	0.100000
0.100000	0.339682	0.100000
0.100000	0.322160	0.100000
0.100000	0.299633	0.100000
0.100000	0.276943	0.100000
0.100000	0.254241	0.100000
0.100000	0.226222	0.100000
0.100000	0.191233	0.100000
0.100000	0.147146	0.100000
0.100000	0.099862	0.100000
0.100000	0.099863	0.100000
0.100000	0.099864	0.100000
0.100000	0.099866	0.100000
0.100000	0.099867	0.100000
0.100000	0.099869	0.100000
0.100000	0.099870	0.100000
0.100000	0.099872	0.100000
0.100000	0.099873	0.100000
0.100000	0.099875	0.100000
0.100000	0.099877	0.100000
0.100000	0.099878	0.100000
0.100000	0.099882	0.100000
0.100000	0.099883	0.100000
0.100000	0.099885	0.100000
0.100000	0.099887	0.100000
0.100000	0.099888	0.100000
0.100000	0.099891	0.100000
0.100000	0.099894	0.100000
0.100000	0.099896	0.100000
0.100000	0.099898	0.100000
0.100000	0.099901	0.100000
0.100000	0.099903	0.100000
0.100000	0.099906	0.100000
0.100000	0.099908	0.100000
0.100000	0.099911	0.100000
0.100000	0.099914	0.100000
0.100000	0.099917	0.100000
0.100000	0.099918	0.100000
0.100000	0.099922	0.100000
0.100000	0.099924	0.100000
0.100000	0.099927	0.100000
0.100000	0.099929	0.100000
0.100000	0.099933	0.100000
0.100000	0.099936	0.100000
0.100000	0.099939	0.100000
0.100000	0.099942	0.100000
0.100000	0.099945	0.100000
0.100000	0.099948	0.100000
0.100000	0.099951	0.100000
0.100000	0.099955	0.100000
0.100000	0.099958	0.100000
0.100000	0.099960	0.100000
0.100000	0.099964	0.100000
0.100000	0.099969	0.100000
0.100000	0.099970	0.100000
0.100000	0.099973	0.100000
0.100000	0.099978	0.100000
0.100000	0.099980	0.100000
0.100000	0.099984	0.100000
0.100000	0.099988	0.100000
0.100000	0.099992	0.100000
0.100000	0.099995	0.100000
0.100000	0.099998	0.100000
0.100000	0.100001	0.100000
0.100000	0.100005	0.100000
0.100000	0.100009	0.100000
0.100000	0.100015	0.100000
0.100000	0.100019	0.100000
0.100000	0.100022	0.100000
0.100000	0.100027	0.100000
0.100000	0.100032	0.100000
0.100000	0.100034	0.100000
0.100000	0.100040	0.100000
0.100000	0.100046	0.100000
0.100000	0.100049	0.100000
0.100000	0.100053	0.100000
0.100000	0.100059	0.100000
0.100000	0.100062	0.100000
0.100000	0.100067	0.100000
0.100000	0.100072	0.100000
0.100000	0.100076	0.100000
0.100000	0.100080	0.100000
0.100000	0.100085	0.100000
0.100000	0.100088	0.100000
0.100000	0.100093	0.100000
0.100000	0.100098	0.100000
0.100000	0.100101	0.100000
0.100000	0.100106	0.100000
0.100000	0.100110	0.100000
0.100000	0.100113	0.100000
0.100000	0.100119	0.100000
0.100000	0.100123	0.100000
0.100000	0.100126	0.100000
0.100000	0.100130	0.100000
0.100000	0.100134	0.100000
0.100000	0.100138	0.100000
0.100000	0.100142	0.100000
0.100000	0.100145	0.100000
0.100000	0.100150	0.100000
0.100000	0.100152	0.100000
0.100000	0.100155	0.100000
0.100000	0.100159	0.100000
0.100000	0.100163	0.100000
0.100000	0.100166	0.100000
0.100000	0.100170	0.100000
0.100000	0.100173	0.100000
0.100000	0.100176	0.100000
0.100000	0.100178	0.100000
0.100000	0.100181	0.100000
0.100000	0.100185	0.100000
0.100000	0.100189	0.100000
0.100000	0.100191	0.100000
0.100000	0.100194	0.100000
0.100000	0.100196	0.100000
0.100000	0.100198	0.100000
0.100000	0.100201	0.100000
0.100000	0.100204	0.100000
0.100000	0.100206	0.100000
0.100000	0.100208	0.100000
0.100000	0.100210	0.100000
0.100000	0.100212	0.100000
0.100000	0.100214	0.100000
0.100000	0.100216	0.100000
0.100000	0.100218	0.100000
0.100000	0.100219	0.100000
0.100000	0.100221	0.100000
0.100000	0.100222	0.100000
0.100000	0.100224	0.100000
0.100000	0.100225	0.100000
0.100000	0.100226	0.100000
0.100000	0.100227	0.100000
0.100000	0.100229	0.100000
0.100000	0.100229	0.100000
0.100000	0.100230	0.100000
0.100000	0.100231	0.100000
0.100000	0.100232	0.100000
0.100000	0.100232	0.100000
0.100000	0.100232	0.100000
0.100000	0.100233	0.100000
0.100000	0.100233	0.100000
0.100000	0.100233	0.100000
0.100000	0.100233	0.100000
0.100000	0.100233	0.100000
0.100000	0.100233	0.100000
0.100000	0.100232	0.100000
0.100000	0.100232	0.100000
0.100000	0.100231	0.100000
0.100000	0.100231	0.100000
0.100000	0.100230	0.100000
0.100000	0.100230	0.100000
0.100000	0.100228	0.100000
0.100000	0.100227	0.100000
0.100000	0.100226	0.100000
0.100000	0.100225	0.100000
0.100000	0.100224	0.100000
0.100000	0.100222	0.100000
0.100000	0.100221	0.100000
0.100000	0.100219	0.100000
0.100000	0.100217	0.100000
0.100000	0.100215	0.100000
0.100000	0.100213	0.100000
0.100000	0.100211	0.100000
0.100000	0.100209	0.100000
0.100000	0.100207	0.100000
0.100000	0.100204	0.100000
0.100000	0.100203	0.100000
0.100000	0.100200	0.100000
0.100000	0.100197	0.100000
0.100000	0.100195	0.100000
0.100000	0.100192	0.100000
0.100000	0.100189	0.100000
0.100000	0.100186	0.100000
0.100000	0.100182	0.100000
0.100000	0.100179	0.100000
0.100000	0.100177	0.100000
0.100000	0.100173	0.100000
0.100000	0.100170	0.100000
0.100000	0.100166	0.100000
0.100000	0.100163	0.100000
0.100000	0.100159	0.100000
0.100000	0.100155	0.100000
0.100000	0.100152	0.100000
0.100000	0.100147	0.100000
0.100000	0.100143	0.100000
0.100000	0.100139	0.100000
0.100000	0.100135	0.100000
0.100000	0.100130	0.100000
0.100000	0.100127	0.100000
0.100000	0.100123	0.100000
0.100000	0.100118	0.100000
0.100000	0.100114	0.100000
0.100000	0.100110	0.100000
0.100000	0.100105	0.100000
0.100000	0.100100	0.100000
0.100000	0.100096	0.100000
0.100000	0.100091	0.100000
0.100000	0.100086	0.100000
0.100000	0.100082	0.100000
0.100000	0.100077	0.100000
0.100000	0.100073	0.100000
0.142591	0.100067	0.100000
0.185294	0.100063	0.100000
0.227273	0.100057	0.100000
0.261226	0.100050	0.100000
0.285215	0.100047	0.100000
0.306915	0.100043	0.100000
0.331093	0.100036	0.100000
0.358230	0.100032	0.100000
0.385768	0.100026	0.100000
0.410425	0.100020	0.100000
0.428484	0.100015	0.100000
0.440705	0.100010	0.100000
0.450445	0.100005	0.100000
0.460035	0.100000	0.100000
0.470242	0.099999	0.100000
0.480543	0.099994	0.100000
0.488386	0.099990	0.100000
0.490915	0.099986	0.100000
0.490157	0.099982	0.100000
0.490265	0.099979	0.100000
0.491771	0.099974	0.100000
0.494630	0.099970	0.100000
0.499688	0.099967	0.100000
0.506349	0.099962	0.100000
0.513121	0.099957	0.100000
0.518429	0.099954	0.100000
0.523594	0.099950	0.100000
0.528791	0.099946	0.100000
0.533450	0.099942	0.100000
0.536885	0.099938	0.100000
0.538458	0.099934	0.100000
0.538809	0.099930	0.100000
0.539124	0.099926	0.100000
0.540750	0.099922	0.100000
0.542497	0.099918	0.100000
0.544333	0.099914	0.100000
0.547269	0.099911	0.100000
0.550867	0.099907	0.100000
0.555331	0.151989	0.100000
0.559283	0.226920	0.100000
0.562546	0.289692	0.100000
0.566622	0.334221	0.100000
0.570843	0.361266	0.100000
0.574665	0.379070	0.100000
0.578034	0.395367	0.100000
0.580565	0.412025	0.100000
0.582505	0.425159	0.100000
0.585114	0.440096	0.100000
0.588227	0.459707	0.100000
0.590832	0.479180	0.100000
0.592281	0.495469	0.100000
0.592493	0.507791	0.100000
0.591723	0.516549	0.100000
0.590606	0.521964	0.100000
0.590012	0.526401	0.247722
0.590005	0.532061	0.374017
0.590417	0.539369	0.443007
0.591394	0.546101	0.485343
0.592554	0.551271	0.510386
0.593925	0.556176	0.520650
0.594930	0.560598	0.518082
0.595621	0.564861	0.503687
0.595903	0.568191	0.475305
0.595540	0.570250	0.428646
0.594534	0.571985	0.355563
0.592934	0.574163	0.237371
0.591445	0.576461	0.100000
0.590618	0.577836	0.100000
0.589857	0.578338	0.100000
0.588947	0.578222	0.100000
0.588428	0.578657	0.100000
0.587787	0.579437	0.100000
0.587324	0.579962	0.100000
0.586796	0.581006	0.100000
0.585256	0.583418	0.100000
0.582557	0.587049	0.100000
0.579479	0.591051	0.118520
0.576733	0.594010	0.204588
0.574599	0.595640	0.259179
0.572729	0.596606	0.298758
0.570445	0.597483	0.333495
0.568764	0.598781	0.366355
0.568042	0.600824	0.394829
0.567688	0.603413	0.418846
0.567267	0.605898	0.442262
0.566687	0.607495	0.466647
0.565754	0.608175	0.489969
0.564530	0.608824	0.512202
0.563299	0.610096	0.533966
0.562321	0.611532	0.554675
0.561438	0.612158	0.573144
0.560134	0.611785	0.589040
0.557548	0.610916	0.604047
0.552584	0.610058	0.617763
0.545554	0.608865	0.630011
0.538548	0.607819	0.640202
0.533010	0.607070	0.648829
0.528011	0.606603	0.656530
0.522556	0.606425	0.663629
0.516344	0.606794	0.670185
0.510302	0.607862	0.675000
0.504732	0.609629	0.675000
0.499799	0.611845	0.675000
0.494491	0.614253	0.675000
0.488490	0.616613	0.675000
0.483154	0.618287	0.675000
0.479446	0.619009	0.675000
0.478532	0.619029	0.675000
0.481359	0.618660	0.675000
0.484952	0.617766	0.675000
0.485810	0.615849	0.675000
0.484951	0.612955	0.675000
0.483470	0.609627	0.675000
0.480963	0.606375	0.675000
0.476645	0.603800	0.675000
0.472501	0.602686	0.675000
0.471252	0.601933	0.675000
0.471782	0.600044	0.675000
0.473235	0.597417	0.675000
0.475422	0.594786	0.675000
0.477449	0.592503	0.675000
0.479324	0.590912	0.675000
0.481059	0.589682	0.675000
0.480601	0.588683	0.675000
0.477885	0.587404	0.675000
0.473920	0.585679	0.675000
0.468991	0.583812	0.675000
0.462939	0.582027	0.675000
0.454287	0.580079	0.675000
0.445407	0.578024	0.675000
0.441496	0.576213	0.675000
0.443596	0.574531	0.675000
0.449443	0.573938	0.675000
0.455750	0.574914	0.675000
0.459579	0.576341	0.675000
0.462012	0.577230	0.675000
0.464835	0.577230	0.675000
0.467181	0.575818	0.675000
0.469895	0.573512	0.675000
0.472566	0.571026	0.675000
0.474787	0.568650	0.675000
0.477325	0.566445	0.675000
0.480074	0.563862	0.675000
0.481633	0.559732	0.675000
0.481791	0.553379	0.675000
0.481283	0.545597	0.675000
0.479561	0.537864	0.675000
0.477768	0.531823	0.675000
0.477615	0.528149	0.675000
0.482557	0.526014	0.675000
0.491971	0.523841	0.675000
0.501617	0.521259	0.675000
0.509906	0.518098	0.675000
0.517397	0.513262	0.675000
0.523984	0.505879	0.675000
0.529232	0.495754	0.675000
0.533680	0.482823	0.675000
0.536578	0.470229	0.675000
0.538693	0.462752	0.675000
0.540772	0.460541	0.675000
0.542754	0.459556	0.675000
0.545557	0.455599	0.675000
0.550408	0.447927	0.675000
0.556467	0.438663	0.675000
0.562018	0.426563	0.675000
0.566363	0.408297	0.675000
0.569426	0.384672	0.675000
0.570841	0.361688	0.675000
0.571075	0.341875	0.675000
0.570645	0.324036	0.675000
0.569502	0.306896	0.675000
0.568438	0.291202	0.675000
0.569187	0.275001	0.675000
0.572392	0.255988	0.675000
0.576157	0.232370	0.675000
0.579534	0.200263	0.675000
0.582210	0.160507	0.675000
0.584151	0.118744	0.675000
0.585354	0.100091	0.675000
0.586085	0.100097	0.675000
0.586361	0.100103	0.675000
0.586491	0.100109	0.675000
0.587182	0.100114	0.675000
0.588537	0.100120	0.675000
0.590094	0.100126	0.675000
0.592010	0.100132	0.675000
0.595130	0.100138	0.675000
0.598768	0.100143	0.675000
0.602362	0.100149	0.675000
0.605624	0.100153	0.675000
0.608477	0.100161	0.675000
0.610650	0.100165	0.675000
0.612488	0.100171	0.675000
0.614871	0.100176	0.675000
0.617811	0.100181	0.675000
0.621177	0.100186	0.675000
0.624514	0.100191	0.675000
0.627382	0.100195	0.675000
0.629864	0.100201	0.675000
0.632494	0.100205	0.675000
0.634956	0.100210	0.675000
0.637577	0.100215	0.675000
0.640709	0.100219	0.675000
0.644248	0.100224	0.675000
0.648015	0.100229	0.675000
0.651575	0.100233	0.675000
0.654189	0.100237	0.675000
0.656112	0.100241	0.675000
0.658113	0.100244	0.675000
0.660712	0.100249	0.675000
0.663387	0.100253	0.675000
0.666164	0.100256	0.675000
0.668728	0.100260	0.675000
0.670697	0.100263	0.675000
0.672218	0.100267	0.675000
0.673826	0.100270	0.675000
0.675000	0.100273	0.675000
0.675000	0.100276	0.675000
0.675000	0.100279	0.675000
0.675000	0.100282	0.675000
0.675000	0.100284	0.675000
0.675000	0.100287	0.675000
0.675000	0.100289	0.675000
0.675000	0.100291	0.675000
0.675000	0.100294	0.675000
0.675000	0.100296	0.675000
0.675000	0.100298	0.675000
0.675000	0.100299	0.675000
0.675000	0.100301	0.675000
0.675000	0.100303	0.675000
0.675000	0.100304	0.675000
0.675000	0.100305	0.675000
0.675000	0.100306	0.675000
0.675000	0.100307	0.675000
0.675000	0.100308	0.675000
0.675000	0.100309	0.675000
0.675000	0.100310	0.675000
0.675000	0.100310	0.675000
0.675000	0.100310	0.675000
0.100000	0.100311	0.100000
0.675000	0.100311	0.675000
0.545959	0.100311	0.404973
0.547130	0.100310	0.393284
0.548578	0.100310	0.379449
0.551389	0.100309	0.362325
0.555547	0.100309	0.338481
0.560152	0.100308	0.299251
0.564311	0.100307	0.237768
0.567408	0.100306	0.148966
0.568926	0.100305	0.100000
0.569829	0.100304	0.100000
0.569659	0.100302	0.100000
0.567653	0.100301	0.100000
0.564398	0.100299	0.100000
0.562138	0.100297	0.100000
0.562064	0.100295	0.100000
0.563590	0.100293	0.100000
0.566667	0.100290	0.100000
0.569501	0.100288	0.100000
0.571591	0.100285	0.100000
0.573740	0.100283	0.100000
0.575816	0.100280	0.100000
0.577890	0.100277	0.100000
0.579487	0.100274	0.100000
0.580134	0.100271	0.100000
0.580489	0.100269	0.100000
0.581360	0.100264	0.100000
0.582638	0.100261	0.100000
0.583280	0.100257	0.100000
0.582629	0.100254	0.100000
0.582008	0.100250	0.100000
0.582691	0.100245	0.100000
0.583844	0.100241	0.100000
0.584798	0.100237	0.100000
0.585627	0.100233	0.100000
0.586192	0.100229	0.100000
0.586273	0.100224	0.100000
0.586859	0.100219	0.100000
0.588129	0.100214	0.100000
0.588085	0.100210	0.100000
0.586575	0.100204	0.100000
0.584640	0.100200	0.100000
0.581920	0.100194	0.100000
0.578361	0.100190	0.100000
0.574649	0.100184	0.100000
0.571240	0.100178	0.100000
0.568476	0.100172	0.100000
0.566459	0.100168	0.100000
0.565102	0.100162	0.100000
0.564192	0.100155	0.100000
0.563340	0.100150	0.100000
0.562080	0.100144	0.100000
0.561094	0.100139	0.100000
0.560854	0.100132	0.100000
0.560826	0.100126	0.100000
0.560170	0.100120	0.100000
0.559098	0.100113	0.100000
0.557833	0.100107	0.100000
0.558153	0.100101	0.100000
0.560171	0.100095	0.100000
0.561399	0.100087	0.100000
0.560808	0.100083	0.100000
0.559096	0.100074	0.100000
0.557324	0.100067	0.100000
0.555142	0.100061	0.100000
0.552191	0.100056	0.100000
0.549066	0.100047	0.100000
0.546630	0.100041	0.100000
0.545491	0.100034	0.100000
0.544740	0.100027	0.100000
0.544957	0.100020	0.100000
0.545511	0.100014	0.100000
0.545420	0.100007	0.100000
0.544721	0.100000	0.100000
0.541775	0.099998	0.100000
0.536482	0.099993	0.100000
0.529933	0.099987	0.100000
0.522626	0.099982	0.100000
0.515748	0.099977	0.100000
0.508562	0.099972	0.100000
0.499998	0.099966	0.100000
0.488742	0.099961	0.100000
0.474858	0.099957	0.100000
0.457586	0.099950	0.100000
0.438984	0.099944	0.100000
0.424140	0.099940	0.100000
0.412142	0.099935	0.100000
0.398712	0.099929	0.100000
0.386181	0.099925	0.100000
0.377206	0.099919	0.100000
0.370517	0.099914	0.100000
0.366608	0.099909	0.100000
0.361990	0.099904	0.100000
0.351455	0.099899	0.100000
0.329580	0.099894	0.100000
0.294777	0.099888	0.100000
0.255585	0.099884	0.100000
0.211534	0.099879	0.100000
0.163124	0.099874	0.100000
0.107902	0.099869	0.100000
0.100000	0.099864	0.100000
0.100000	0.099859	0.100000
0.100000	0.099855	0.100000
0.100000	0.099851	0.100000
0.100000	0.099846	0.100000
0.100000	0.099841	0.100000
0.100000	0.099837	0.100000
0.100000	0.099833	0.100000
0.100000	0.099828	0.100000
0.100000	0.099824	0.100000
0.100000	0.099820	0.100000
0.100000	0.099816	0.100000
0.100000	0.099812	0.100000
0.100000	0.099808	0.100000
0.100000	0.099804	0.100000
0.100000	0.099800	0.100000
0.100000	0.099797	0.100000
0.100000	0.099794	0.100000
0.100000	0.099790	0.100000
0.100000	0.099787	0.100000
0.100000	0.099783	0.100000
0.100000	0.099780	0.100000
0.100000	0.099777	0.100000
0.100000	0.099774	0.100000
0.100000	0.099771	0.100000
0.100000	0.099768	0.100000
0.100000	0.099765	0.100000
0.100000	0.099763	0.100000
0.100000	0.099760	0.100000
0.100000	0.099757	0.100000
0.100000	0.099755	0.100000
0.100000	0.099753	0.100000
0.100000	0.099751	0.100000
0.100000	0.099749	0.100000
0.100000	0.099747	0.100000
0.100000	0.099745	0.100000
0.100000	0.099743	0.100000
0.100000	0.099742	0.100000
0.100000	0.099741	0.100000
0.100000	0.099739	0.100000
0.100000	0.099738	0.100000
0.100000	0.099737	0.100000
0.100000	0.099735	0.100000
0.100000	0.099735	0.100000
0.100000	0.099734	0.100000
0.100000	0.099733	0.100000
0.100000	0.099733	0.100000
0.100000	0.099732	0.100000
0.100000	0.099732	0.100000
0.100000	0.099732	0.100000
0.100000	0.099731	0.100000
0.100000	0.099732	0.100000
0.100000	0.099732	0.100000
0.100000	0.099732	0.100000
0.100000	0.099733	0.100000
0.100000	0.099733	0.100000
0.100000	0.099734	0.100000
0.100000	0.099735	0.100000
0.100000	0.099736	0.100000
0.100000	0.099737	0.100000
0.100000	0.099738	0.100000
0.100000	0.099740	0.100000
0.100000	0.099741	0.100000
0.100000	0.099743	0.100000
0.100000	0.099744	0.100000
0.100000	0.099746	0.100000
0.100000	0.099748	0.100000
0.100000	0.099750	0.100000
0.100000	0.099752	0.100000
0.100000	0.099754	0.100000
0.100000	0.099756	0.100000
0.100000	0.099759	0.100000
0.100000	0.099761	0.100000
0.100000	0.099764	0.100000
0.100000	0.099767	0.100000
0.100000	0.099769	0.100000
0.100000	0.099773	0.100000
0.100000	0.099776	0.100000
0.100000	0.099779	0.100000
0.100000	0.099783	0.100000
0.100000	0.099785	0.100000
0.100000	0.099790	0.100000
0.100000	0.099793	0.100000
0.100000	0.099797	0.100000
0.100000	0.099800	0.100000
0.100000	0.099804	0.100000
0.100000	0.099808	0.100000
0.100000	0.099813	0.100000
0.100000	0.099817	0.100000
0.100000	0.099820	0.100000
0.100000	0.099826	0.100000
0.100000	0.099829	0.100000
0.100000	0.099834	0.100000
0.100000	0.099838	0.100000
0.100000	0.099844	0.100000
0.100000	0.099848	0.100000
0.100000	0.099854	0.100000
0.100000	0.099857	0.100000
0.100000	0.099862	0.100000
0.100000	0.099867	0.100000
0.100000	0.099872	0.100000
0.100000	0.099877	0.100000
0.100000	0.099883	0.100000
0.100000	0.099888	0.100000
0.100000	0.099893	0.100000
0.100000	0.099899	0.100000
0.100000	0.099904	0.100000
0.100000	0.099910	0.100000
0.100000	0.099914	0.100000
0.100000	0.099920	0.100000
0.100000	0.099927	0.100000
0.100000	0.099931	0.100000
0.100000	0.099938	0.100000
0.100000	0.099945	0.100000
0.100000	0.099949	0.100000
0.100000	0.099954	0.100000
0.100000	0.099962	0.100000
0.100000	0.099966	0.100000
0.100000	0.099973	0.100000
0.100000	0.099978	0.100000
0.100000	0.099985	0.100000
0.100000	0.099990	0.100000
0.100000	0.099996	0.100000
0.100000	0.100002	0.100000
0.100000	0.100008	0.100000
0.100000	0.100016	0.100000
0.100000	0.100024	0.100000
0.100000	0.100032	0.100000
0.100000	0.100038	0.100000
0.100000	0.100046	0.100000
0.100000	0.100055	0.100000
0.100000	0.100060	0.100000
0.100000	0.100069	0.100000
0.100000	0.100078	0.100000
0.100000	0.100085	0.100000
0.100000	0.100091	0.100000
0.100000	0.100100	0.100000
0.100000	0.100107	0.100000
0.100000	0.100114	0.100000
0.100000	0.100123	0.100000
0.100000	0.100130	0.100000
0.100000	0.100137	0.100000
0.100000	0.100144	0.100000
0.100000	0.100152	0.100000
0.100000	0.100159	0.100000
0.100000	0.100166	0.100000
0.100000	0.100174	0.100000
0.100000	0.100181	0.100000
0.100000	0.100188	0.100000
0.100000	0.100194	0.100000
0.100000	0.100202	0.100000
0.100000	0.100208	0.100000
0.100000	0.100215	0.100000
0.100000	0.100221	0.100000
0.100000	0.100228	0.100000
0.100000	0.100234	0.100000
0.100000	0.100241	0.100000
0.100000	0.100246	0.100000
0.100000	0.100253	0.100000
0.100000	0.100258	0.100000
0.100000	0.100264	0.100000
0.100000	0.100270	0.100000
0.100000	0.100276	0.100000
0.100000	0.100282	0.100000
0.100000	0.100287	0.100000
0.100000	0.100293	0.100000
0.100000	0.100297	0.100000
0.100000	0.100302	0.100000
0.100000	0.100308	0.100000
0.100000	0.100312	0.100000
0.100000	0.100318	0.100000
0.100000	0.100322	0.100000
0.100000	0.100326	0.100000
0.100000	0.100330	0.100000
0.100000	0.100335	0.100000
0.100000	0.100339	0.100000
0.100000	0.100342	0.100000
0.100000	0.100346	0.100000
0.100000	0.100350	0.100000
0.100000	0.100353	0.100000
0.100000	0.100356	0.100000
0.100000	0.100360	0.100000
0.100000	0.100362	0.100000
0.100000	0.100365	0.100000
0.100000	0.100368	0.100000
0.100000	0.100370	0.100000
0.100000	0.100373	0.100000
0.100000	0.100375	0.100000
0.100000	0.100377	0.100000
0.100000	0.100379	0.100000
0.100000	0.100381	0.100000
0.100000	0.100382	0.100000
0.100000	0.100383	0.100000
0.100000	0.100384	0.100000
0.100000	0.100386	0.100000
0.100000	0.100386	0.100000
0.100000	0.100387	0.100000
0.100000	0.100388	0.100000
0.100000	0.100388	0.100000
0.100000	0.100388	0.100000
0.100000	0.100388	0.100000
0.100000	0.100388	0.100000
0.100000	0.100388	0.100000
0.100000	0.100387	0.100000
0.100000	0.100386	0.100000
0.100000	0.100385	0.100000
0.100000	0.100384	0.100000
0.100000	0.100383	0.100000
0.100000	0.100382	0.100000
0.100000	0.100381	0.100000
0.100000	0.100379	0.100000
0.100000	0.100377	0.100000
0.100000	0.100375	0.100000
0.100000	0.100373	0.100000
0.100000	0.100370	0.100000
0.100000	0.100368	0.100000
0.100000	0.100365	0.100000
0.100000	0.100362	0.100000
0.100000	0.100359	0.100000
0.100000	0.100355	0.100000
0.100000	0.100352	0.100000
0.100000	0.100349	0.100000
0.100000	0.100345	0.100000
0.100000	0.100342	0.100000
0.100000	0.100337	0.100000
0.100000	0.100334	0.100000
0.100000	0.100329	0.100000
0.100000	0.100324	0.100000
0.100000	0.100321	0.100000
0.100000	0.100316	0.100000
0.100000	0.100310	0.100000
0.100000	0.100305	0.100000
0.100000	0.100300	0.100000
0.100000	0.100295	0.100000
0.100000	0.100290	0.100000
0.100000	0.100284	0.100000
0.100000	0.100279	0.100000
0.100000	0.100272	0.100000
0.100000	0.100266	0.100000
0.100000	0.100260	0.100000
0.100000	0.100254	0.100000
0.100000	0.100247	0.100000
0.100000	0.100241	0.100000
0.100000	0.100235	0.100000
0.100000	0.100228	0.100000
0.100000	0.100221	0.100000
0.100000	0.100214	0.100000
0.100000	0.100208	0.100000
0.100000	0.100201	0.100000
0.100000	0.100193	0.100000
0.100000	0.100186	0.100000
0.100000	0.100178	0.100000
0.100000	0.100171	0.100000
0.100000	0.100164	0.100000
0.100000	0.100156	0.100000
0.100000	0.100149	0.100000
0.100000	0.100140	0.100000
0.100000	0.100133	0.100000
0.100000	0.100126	0.100000
0.100000	0.100117	0.100000
0.100000	0.100109	0.100000
0.100000	0.100101	0.100000
0.100000	0.100092	0.100000
0.100000	0.100083	0.100000
0.100000	0.100076	0.100000
0.100000	0.100069	0.100000
0.103364	0.100059	0.100000
0.154742	0.100051	0.100000
0.207139	0.100043	0.100000
0.258115	0.100033	0.100000
0.295061	0.100024	0.100000
0.322531	0.100017	0.100000
0.342265	0.100008	0.100000
0.352585	0.100000	0.100000
0.361308	0.099998	0.100000
0.370026	0.099991	0.100000
0.375278	0.099984	0.100000
0.377651	0.099977	0.100000
0.380691	0.099971	0.100000
0.387313	0.099965	0.100000
0.396598	0.099958	0.100000
0.401904	0.099952	0.100000
0.402914	0.099946	0.100000
0.406391	0.099939	0.100000
0.413309	0.099932	0.100000
0.418256	0.099926	0.100000
0.421339	0.099920	0.100000
0.423303	0.099913	0.100000
0.424744	0.099907	0.100000
0.426960	0.099900	0.100000
0.431321	0.099894	0.100000
0.438240	0.099888	0.100000
0.446652	0.099881	0.100000
0.457226	0.099875	0.100000
0.467536	0.099869	0.100000
0.474594	0.099863	0.100000
0.479856	0.099857	0.100000
0.485968	0.099851	0.100000
0.492122	0.099845	0.100000
0.497637	0.099839	0.100000
0.501662	0.099833	0.100000
0.504957	0.099827	0.100000
0.507693	0.099822	0.100000
0.509633	0.099816	0.100000
0.511441	0.099810	0.100000
0.513641	0.099805	0.100000
0.516975	0.130415	0.100000
0.521836	0.264803	0.100000
0.528413	0.345081	0.100000
0.534566	0.394686	0.100000
0.538302	0.429850	0.100000
0.540150	0.457658	0.100000
0.540398	0.479423	0.162690
0.540094	0.496185	0.331443
0.539656	0.510171	0.422944
0.540905	0.522415	0.476984
0.543645	0.533384	0.508713
0.545629	0.544012	0.523338
0.546372	0.555069	0.524397
0.545616	0.565561	0.513738
0.544157	0.573897	0.492366
0.544269	0.579852	0.460162
0.546755	0.583730	0.409030
0.550858	0.585797	0.316667
0.555792	0.586918	0.130138
0.560323	0.587700	0.100000
0.563580	0.588034	0.100000
0.565130	0.587826	0.100000
0.565952	0.587817	0.100000
0.566473	0.587371	0.100000
0.566417	0.586131	0.100000
0.565938	0.585368	0.100000
0.565383	0.585846	0.100000
0.563920	0.587441	0.100000
0.561554	0.590660	0.100000
0.559745	0.595800	0.100000
0.560111	0.601436	0.100000
0.561650	0.606587	0.100000
0.562601	0.610950	0.100000
0.563052	0.614447	0.100000
0.563628	0.617758	0.100000
0.564529	0.621595	0.182597
0.565062	0.625736	0.284548
0.564905	0.629569	0.352998
0.564247	0.632636	0.399096
0.563948	0.634901	0.435410
0.564587	0.636619	0.466990
0.565203	0.637712	0.495454
0.565328	0.638373	0.520850
0.565897	0.639264	0.543084
0.566706	0.640176	0.561856
0.567499	0.641306	0.577972
0.568142	0.642623	0.591520
0.568328	0.644011	0.603306
0.568286	0.645624	0.613707
0.569051	0.647339	0.623637
0.570841	0.649381	0.633005
0.572455	0.651436	0.641995
0.573356	0.653017	0.650359
0.572644	0.654313	0.657566
0.569505	0.655589	0.663137
0.564872	0.656251	0.666434
0.560590	0.655962	0.667408
0.558802	0.655035	0.666529
0.559172	0.654172	0.664306
0.560349	0.653546	0.661432
0.561725	0.652734	0.658458
0.561769	0.651571	0.656029
0.559493	0.650032	0.654821
0.555472	0.648124	0.655101
0.551265	0.646637	0.656524
0.548249	0.645493	0.658279
0.546794	0.644774	0.660149
0.546416	0.644781	0.662273
0.545474	0.644520	0.664621
0.543591	0.644052	0.666680
0.541807	0.643846	0.667829
0.540260	0.643496	0.668426
0.538810	0.643066	0.668961
0.537345	0.642207	0.669274
0.538000	0.640985	0.668934
0.542385	0.640169	0.667867
0.549529	0.640158	0.666263
0.557651	0.640827	0.664310
0.564081	0.641250	0.662661
0.567191	0.640961	0.661924
0.568158	0.639832	0.662227
0.568052	0.638010	0.663753
0.567815	0.635867	0.665829
0.567392	0.633765	0.667634
0.568048	0.631654	0.668454
0.569894	0.629857	0.668621
0.571913	0.628497	0.668549
0.573150	0.627119	0.668158
0.572521	0.625565	0.667515
0.571234	0.624246	0.667199
0.570913	0.623282	0.667710
0.571836	0.622187	0.668780
0.573567	0.620866	0.669993
0.575770	0.619148	0.671163
0.578481	0.617615	0.672391
0.581035	0.616651	0.673965
0.582547	0.615855	0.675000
0.583095	0.615013	0.675000
0.583447	0.614041	0.675000
0.583615	0.613269	0.675000
0.584089	0.612611	0.673906
0.585130	0.611825	0.673195
0.586217	0.610820	0.672816
0.587034	0.609197	0.672684
0.587273	0.606299	0.673029
0.586746	0.601396	0.673760
0.586520	0.596543	0.674716
0.586515	0.592477	0.675000
0.585977	0.588917	0.675000
0.584557	0.586481	0.675000
0.583257	0.585501	0.675000
0.582666	0.585412	0.675000
0.582782	0.585130	0.675000
0.583605	0.584742	0.675000
0.584698	0.585071	0.675000
0.586552	0.585616	0.675000
0.589144	0.585590	0.675000
0.591703	0.585152	0.675000
0.593641	0.584863	0.675000
0.594983	0.585106	0.675000
0.595834	0.584551	0.675000
0.596998	0.582498	0.675000
0.599031	0.580157	0.675000
0.601370	0.578987	0.675000
0.602961	0.578567	0.675000
0.603563	0.577701	0.675000
0.604175	0.576684	0.675000
0.606298	0.575489	0.675000
0.608948	0.574245	0.675000
0.610987	0.573113	0.675000
0.612385	0.571965	0.675000
0.613342	0.570945	0.675000
0.614157	0.569698	0.675000
0.615031	0.567360	0.675000
0.616068	0.563763	0.675000
0.617430	0.558538	0.675000
0.619769	0.551546	0.675000
0.622935	0.544865	0.675000
0.625732	0.539033	0.675000
0.627097	0.534033	0.675000
0.627442	0.529908	0.675000
0.627969	0.525419	0.675000
0.628897	0.519091	0.675000
0.630193	0.511111	0.675000
0.631534	0.500488	0.675000
0.632733	0.488387	0.675000
0.634084	0.477876	0.675000
0.635926	0.468265	0.675000
0.638203	0.458829	0.675000
0.640451	0.446219	0.675000
0.642883	0.427900	0.675000
0.645422	0.407044	0.675000
0.648139	0.388469	0.673166
0.650715	0.369194	0.668164
0.652969	0.345411	0.662415
0.655169	0.318227	0.656616
0.657291	0.286406	0.651476
0.659611	0.250436	0.646831
0.662047	0.205356	0.641794
0.664172	0.149875	0.636087
0.666204	0.100358	0.629839
0.668302	0.100364	0.622942
0.669935	0.100370	0.615784
0.670991	0.100376	0.608859
0.671933	0.100382	0.602333
0.673337	0.100387	0.595959
0.675000	0.100393	0.590412
0.675000	0.100397	0.586652
0.675000	0.100402	0.584236
0.675000	0.100407	0.582499
0.675000	0.100412	0.582658
0.675000	0.100416	0.585483
0.675000	0.100420	0.591891
0.675000	0.100425	0.601910
0.675000	0.100428	0.613201
0.675000	0.100432	0.623391
0.675000	0.100436	0.631953
0.675000	0.100439	0.638463
0.675000	0.100442	0.642234
0.675000	0.100445	0.643362
0.675000	0.100448	0.643208
0.675000	0.100450	0.643165
0.675000	0.100453	0.643781
0.675000	0.100455	0.645210
0.675000	0.100457	0.647249
0.675000	0.100459	0.649720
0.675000	0.100460	0.651541
0.675000	0.100461	0.652085
0.675000	0.100463	0.651824
0.675000	0.100464	0.651375
0.675000	0.100464	0.651083
0.675000	0.100465	0.651179
0.675000	0.100465	0.651444
0.100000	0.100466	0.100000
0.675000	0.100465	0.651880
0.542609	0.100465	0.305145
0.542838	0.100465	0.284742
0.543833	0.100464	0.246956
0.546243	0.100463	0.181947
0.549683	0.100462	0.100000
0.553628	0.100461	0.100000
0.556608	0.100459	0.100000
0.557554	0.100458	0.100000
0.558767	0.100456	0.100000
0.560723	0.100454	0.100000
0.562000	0.100452	0.100000
0.561982	0.100449	0.100000
0.560781	0.100446	0.100000
0.558907	0.100443	0.100000
0.556899	0.100440	0.100000
0.555467	0.100437	0.100000
0.554386	0.100433	0.100000
0.554230	0.100430	0.100000
0.555766	0.100426	0.100000
0.558203	0.100422	0.100000
0.560810	0.100418	0.100000
0.562945	0.100413	0.100000
0.564159	0.100409	0.100000
0.564831	0.100404	0.100000
0.565426	0.100399	0.100000
0.566762	0.100393	0.100000
0.567928	0.100388	0.100000
0.568455	0.100383	0.100000
0.569543	0.100377	0.100000
0.572116	0.100372	0.100000
0.574990	0.100365	0.100000
0.577573	0.100359	0.100000
0.580851	0.100352	0.100000
0.584026	0.100346	0.100000
0.586603	0.100339	0.100000
0.588338	0.100333	0.100000
0.589342	0.100325	0.100000
0.589997	0.100318	0.100000
0.590649	0.100311	0.100000
0.591538	0.100303	0.100000
0.592395	0.100296	0.100000
0.592883	0.100288	0.100000
0.592219	0.100281	0.100000
0.590081	0.100272	0.100000
0.587531	0.100264	0.100000
0.585865	0.100256	0.100000
0.584858	0.100248	0.100000
0.584932	0.100240	0.100000
0.585726	0.100231	0.100000
0.586398	0.100222	0.100000
0.587159	0.100213	0.100000
0.588340	0.100204	0.100000
0.589626	0.100195	0.100000
0.590691	0.100186	0.100000
0.591326	0.100178	0.100000
0.591733	0.100167	0.100000
0.591967	0.100158	0.100000
0.591986	0.100149	0.100000
0.592082	0.100139	0.100000
0.591842	0.100129	0.100000
0.590694	0.100121	0.100000
0.588861	0.100110	0.100000
0.586414	0.100099	0.100000
0.583186	0.100091	0.100000
0.579354	0.100082	0.100000
0.575880	0.100071	0.100000
0.573959	0.100060	0.100000
0.573595	0.100051	0.100000
0.573184	0.100040	0.100000
0.572758	0.100030	0.100000
0.572908	0.100020	0.100000
0.572241	0.100009	0.100000
0.570102	0.100000	0.100000
0.567141	0.099997	0.100000
0.563964	0.099990	0.100000
0.560475	0.099981	0.100000
0.556762	0.099973	0.100000
0.552535	0.099966	0.100000
0.546459	0.099958	0.100000
0.540037	0.099950	0.100000
0.533855	0.099943	0.100000
0.528048	0.099936	0.100000
0.522946	0.099927	0.100000
0.518049	0.099918	0.100000
0.511996	0.099912	0.100000
0.504315	0.099905	0.100000
0.495200	0.099896	0.100000
0.486518	0.099889	0.100000
0.478996	0.099882	0.100000
0.474384	0.099874	0.100000
0.474462	0.099867	0.100000
0.477790	0.099859	0.100000
0.481858	0.099852	0.100000
0.484348	0.099844	0.100000
0.483956	0.099837	0.100000
0.479722	0.099830	0.100000
0.471272	0.099823	0.100000
0.460083	0.099816	0.100000
0.448951	0.099809	0.100000
0.441155	0.099802	0.100000
0.436238	0.099794	0.100000
0.433697	0.099788	0.100000
0.434258	0.099781	0.100000
0.435024	0.099775	0.100000
0.433173	0.099768	0.100000
0.428048	0.099762	0.100000
0.419196	0.099756	0.100000
0.406544	0.099750	0.100000
0.395447	0.099744	0.100000
0.385532	0.099738	0.100000
0.369710	0.099732	0.100000
0.342325	0.099727	0.100000
0.312072	0.099721	0.100000
0.289906	0.099715	0.100000
0.270719	0.099710	0.100000
0.243987	0.099705	0.100000
0.206789	0.099700	0.100000
0.153760	0.099695	0.100000
0.100000	0.099690	0.100000
0.100000	0.099685	0.100000
0.100000	0.099680	0.100000
0.100000	0.099676	0.100000
0.100000	0.099671	0.100000
0.100000	0.099667	0.100000
0.100000	0.099663	0.100000
0.100000	0.099659	0.100000
0.100000	0.099655	0.100000
0.100000	0.099652	0.100000
0.100000	0.099648	0.100000
0.100000	0.099645	0.100000
0.100000	0.099642	0.100000
0.100000	0.099639	0.100000
0.100000	0.099636	0.100000
0.100000	0.099633	0.100000
0.100000	0.099631	0.100000
0.100000	0.099629	0.100000
0.100000	0.099626	0.100000
0.100000	0.099624	0.100000
0.100000	0.099622	0.100000
0.100000	0.099621	0.100000
0.100000	0.099619	0.100000
0.100000	0.099618	0.100000
0.100000	0.099616	0.100000
0.100000	0.099615	0.100000
0.100000	0.099614	0.100000
0.100000	0.099614	0.100000
0.100000	0.099613	0.100000
0.100000	0.099613	0.100000
0.100000	0.099612	0.100000
0.100000	0.099612	0.100000
0.100000	0.099613	0.100000
0.100000	0.099613	0.100000
0.100000	0.099614	0.100000
0.100000	0.099615	0.100000
0.100000	0.099616	0.100000
0.100000	0.099617	0.100000
0.100000	0.099618	0.100000
0.100000	0.099619	0.100000
0.100000	0.099621	0.100000
0.100000	0.099623	0.100000
0.100000	0.099625	0.100000
0.100000	0.099627	0.100000
0.100000	0.099629	0.100000
0.100000	0.099632	0.100000
0.100000	0.099635	0.100000
0.100000	0.099637	0.100000
0.100000	0.099640	0.100000
0.100000	0.099644	0.100000
0.100000	0.099647	0.100000
0.100000	0.099650	0.100000
0.100000	0.099654	0.100000
0.100000	0.099658	0.100000
0.100000	0.099661	0.100000
0.100000	0.099666	0.100000
0.100000	0.099669	0.100000
0.100000	0.099675	0.100000
0.100000	0.099679	0.100000
0.100000	0.099683	0.100000
0.100000	0.099688	0.100000
0.100000	0.099693	0.100000
0.100000	0.099698	0.100000
0.100000	0.099704	0.100000
0.100000	0.099709	0.100000
0.100000	0.099714	0.100000
0.100000	0.099720	0.100000
0.100000	0.099725	0.100000
0.100000	0.099731	0.100000
0.100000	0.099738	0.100000
0.100000	0.099743	0.100000
0.100000	0.099750	0.100000
0.100000	0.099756	0.100000
0.100000	0.099763	0.100000
0.100000	0.099769	0.100000
0.100000	0.099776	0.100000
0.100000	0.099783	0.100000
0.100000	0.099790	0.100000
0.100000	0.099795	0.100000
0.100000	0.099804	0.100000
0.100000	0.099811	0.100000
0.100000	0.099818	0.100000
0.100000	0.099825	0.100000
0.100000	0.099833	0.100000
0.100000	0.099840	0.100000
0.100000	0.099847	0.100000
0.100000	0.099855	0.100000
0.100000	0.099863	0.100000
0.100000	0.099871	0.100000
0.100000	0.099879	0.100000
0.100000	0.099887	0.100000
0.100000	0.099896	0.100000
0.100000	0.099902	0.100000
0.100000	0.099911	0.100000
0.100000	0.099921	0.100000
0.100000	0.099926	0.100000
0.100000	0.099935	0.100000
0.100000	0.099944	0.100000
0.100000	0.099953	0.100000
0.100000	0.099960	0.100000
0.100000	0.099969	0.100000
0.100000	0.099979	0.100000
0.100000	0.099986	0.100000
0.100000	0.099995	0.100000
0.100000	0.100003	0.100000
0.100000	0.100011	0.100000
0.100000	0.100022	0.100000
0.100000	0.100034	0.100000
0.100000	0.100045	0.100000
0.100000	0.100055	0.100000
0.100000	0.100066	0.100000
0.100000	0.100077	0.100000
0.100000	0.100086	0.100000
0.100000	0.100099	0.100000
0.100000	0.100111	0.100000
0.100000	0.100120	0.100000
0.100000	0.100130	0.100000
0.100000	0.100142	0.100000
0.100000	0.100152	0.100000
0.100000	0.100163	0.100000
0.100000	0.100174	0.100000
0.100000	0.100184	0.100000
0.100000	0.100194	0.100000
0.100000	0.100204	0.100000
0.100000	0.100215	0.100000
0.100000	0.100225	0.100000
0.100000	0.100235	0.100000
0.100000	0.100245	0.100000
0.100000	0.100256	0.100000
0.100000	0.100265	0.100000
0.100000	0.100274	0.100000
0.100000	0.100285	0.100000
0.100000	0.100294	0.100000
0.100000	0.100303	0.100000
0.100000	0.100312	0.100000
0.100000	0.100322	0.100000
0.100000	0.100331	0.100000
0.100000	0.100339	0.100000
0.100000	0.100348	0.100000
0.100000	0.100357	0.100000
0.100000	0.100365	0.100000
0.100000	0.100373	0.100000
0.100000	0.100381	0.100000
0.100000	0.100389	0.100000
0.100000	0.100397	0.100000
0.100000	0.100405	0.100000
0.100000	0.100413	0.100000
0.100000	0.100419	0.100000
0.100000	0.100426	0.100000
0.100000	0.100433	0.100000
0.100000	0.100440	0.100000
0.100000	0.100447	0.100000
0.100000	0.100453	0.100000
0.100000	0.100459	0.100000
0.100000	0.100465	0.100000
0.100000	0.100471	0.100000
0.100000	0.100476	0.100000
0.100000	0.100481	0.100000
0.100000	0.100486	0.100000
0.100000	0.100492	0.100000
0.100000	0.100496	0.100000
0.100000	0.100500	0.100000
0.100000	0.100505	0.100000
0.100000	0.100509	0.100000
0.100000	0.100513	0.100000
0.100000	0.100516	0.100000
0.100000	0.100520	0.100000
0.100000	0.100523	0.100000
0.100000	0.100526	0.100000
0.100000	0.100528	0.100000
0.100000	0.100531	0.100000
0.100000	0.100533	0.100000
0.100000	0.100535	0.100000
0.100000	0.100537	0.100000
0.100000	0.100539	0.100000
0.100000	0.100540	0.100000
0.100000	0.100541	0.100000
0.100000	0.100542	0.100000
0.100000	0.100542	0.100000
0.100000	0.100543	0.100000
0.100000	0.100543	0.100000
0.100000	0.100543	0.100000
0.100000	0.100543	0.100000
0.100000	0.100542	0.100000
0.100000	0.100541	0.100000
0.100000	0.100540	0.100000
0.100000	0.100539	0.100000
0.100000	0.100537	0.100000
0.100000	0.100536	0.100000
0.100000	0.100534	0.100000
0.100000	0.100531	0.100000
0.100000	0.100529	0.100000
0.100000	0.100526	0.100000
0.100000	0.100523	0.100000
0.100000	0.100520	0.100000
0.100000	0.100517	0.100000
0.100000	0.100513	0.100000
0.100000	0.100509	0.100000
0.100000	0.100505	0.100000
0.100000	0.100500	0.100000
0.100000	0.100496	0.100000
0.100000	0.100491	0.100000
0.100000	0.100486	0.100000
0.100000	0.100481	0.100000
0.100000	0.100476	0.100000
0.100000	0.100470	0.100000
0.100000	0.100465	0.100000
0.100000	0.100458	0.100000
0.100000	0.100452	0.100000
0.100000	0.100446	0.100000
0.100000	0.100439	0.100000
0.100000	0.100432	0.100000
0.100000	0.100425	0.100000
0.100000	0.100417	0.100000
0.100000	0.100410	0.100000
0.100000	0.100402	0.100000
0.100000	0.100395	0.100000
0.100000	0.100388	0.100000
0.100000	0.100378	0.100000
0.100000	0.100370	0.100000
0.100000	0.100362	0.100000
0.100000	0.100353	0.100000
0.100000	0.100344	0.100000
0.100000	0.100335	0.100000
0.100000	0.100326	0.100000
0.100000	0.100316	0.100000
0.100000	0.100307	0.100000
0.100000	0.100296	0.100000
0.100000	0.100288	0.100000
0.100000	0.100278	0.100000
0.100000	0.100268	0.100000
0.100000	0.100257	0.100000
0.100000	0.100248	0.100000
0.100000	0.100237	0.100000
0.100000	0.100227	0.100000
0.100000	0.100217	0.100000
0.100000	0.100205	0.100000
0.100000	0.100194	0.100000
0.100000	0.100184	0.100000
0.100000	0.100173	0.100000
0.100000	0.100162	0.100000
0.100000	0.100151	0.100000
0.100000	0.100140	0.100000
0.100000	0.100127	0.100000
0.100000	0.100115	0.100000
0.100000	0.100105	0.100000
0.100000	0.100095	0.100000
0.116679	0.100082	0.100000
0.148720	0.100071	0.100000
0.176917	0.100059	0.100000
0.199219	0.100046	0.100000
0.217133	0.100034	0.100000
0.229005	0.100023	0.100000
0.234501	0.100011	0.100000
0.235810	0.100000	0.100000
0.236747	0.099997	0.100000
0.237929	0.099988	0.100000
0.245024	0.099978	0.100000
0.262822	0.099969	0.100000
0.281354	0.099961	0.100000
0.298096	0.099952	0.100000
0.311885	0.099943	0.100000
0.319934	0.099934	0.100000
0.327733	0.099925	0.100000
0.338535	0.099916	0.100000
0.352263	0.099906	0.100000
0.363653	0.099898	0.100000
0.368082	0.099889	0.100000
0.364757	0.099880	0.100000
0.362067	0.099871	0.100000
0.368120	0.099863	0.100000
0.378954	0.099854	0.100000
0.391807	0.099845	0.100000
0.406613	0.099837	0.100000
0.421363	0.099828	0.100000
0.432746	0.099820	0.100000
0.439887	0.099811	0.100000
0.443740	0.099803	0.100000
0.445123	0.099795	0.100000
0.446711	0.099787	0.100000
0.448379	0.099779	0.100000
0.447840	0.099771	0.100000
0.444940	0.099762	0.100000
0.441730	0.099755	0.100000
0.443326	0.099747	0.100000
0.451828	0.099740	0.100000
0.462087	0.099732	0.100000
0.470900	0.099725	0.100000
0.479583	0.099718	0.100000
0.489783	0.099711	0.100000
0.499989	0.099704	0.100000
0.507866	0.099697	0.100000
0.512249	0.099690	0.100000
0.510965	0.099684	0.253773
0.506680	0.111126	0.382028
0.505435	0.222670	0.458323
0.506396	0.297996	0.505449
0.509011	0.349257	0.535128
0.511934	0.389479	0.551769
0.513804	0.421794	0.559433
0.515642	0.446857	0.561140
0.516524	0.464209	0.556020
0.514938	0.474461	0.542140
0.510937	0.480409	0.517141
0.506312	0.481769	0.477088
0.503659	0.480354	0.417800
0.502895	0.480259	0.339166
0.502142	0.481896	0.243458
0.500045	0.484501	0.144163
0.495770	0.488926	0.100000
0.490382	0.495499	0.100000
0.484238	0.500984	0.100000
0.479327	0.504922	0.100000
0.476590	0.509071	0.100000
0.476004	0.513082	0.100000
0.475449	0.516039	0.123384
0.472268	0.517876	0.176849
0.466316	0.519905	0.224990
0.459579	0.523092	0.277738
0.453714	0.528029	0.328154
0.447305	0.533988	0.368636
0.440311	0.541093	0.403551
0.431600	0.549509	0.437227
0.418911	0.558277	0.467947
0.404296	0.566118	0.496198
0.388832	0.572354	0.522178
0.372304	0.576771	0.544456
0.353441	0.579691	0.563073
0.337139	0.581625	0.579438
0.330359	0.583366	0.594468
0.334050	0.585539	0.608499
0.346107	0.588073	0.621087
0.355626	0.591068	0.632296
0.358800	0.594452	0.642728
0.356695	0.597916	0.652613
0.350045	0.601227	0.662140
0.344545	0.604037	0.670589
0.340418	0.606692	0.675000
0.337601	0.608361	0.675000
0.340887	0.608252	0.675000
0.349028	0.607377	0.675000
0.352135	0.607008	0.675000
0.348349	0.607299	0.675000
0.337803	0.607168	0.675000
0.317241	0.605710	0.675000
0.284908	0.602755	0.675000
0.249702	0.598821	0.675000
0.217706	0.594863	0.675000
0.190453	0.590902	0.675000
0.165496	0.586763	0.675000
0.143366	0.582720	0.675000
0.125922	0.578616	0.675000
0.110438	0.574771	0.675000
0.106109	0.571437	0.675000
0.114148	0.569465	0.675000
0.117626	0.568939	0.675000
0.106343	0.569380	0.675000
0.100503	0.569916	0.675000
0.123643	0.569773	0.675000
0.172529	0.568710	0.675000
0.217547	0.567050	0.675000
0.247589	0.565337	0.675000
0.262025	0.563251	0.675000
0.262527	0.560725	0.675000
0.252518	0.557943	0.675000
0.241585	0.555638	0.675000
0.232056	0.553819	0.675000
0.228767	0.551811	0.675000
0.223602	0.550184	0.675000
0.219732	0.549902	0.675000
0.218180	0.549231	0.675000
0.212086	0.547130	0.675000
0.202851	0.543829	0.675000
0.190914	0.540002	0.675000
0.179244	0.537355	0.675000
0.166227	0.536792	0.675000
0.153572	0.537890	0.675000
0.148050	0.538400	0.675000
0.152529	0.537706	0.675000
0.164709	0.536489	0.675000
0.179305	0.534624	0.675000
0.194839	0.532544	0.675000
0.204029	0.529718	0.675000
0.198402	0.527257	0.675000
0.180871	0.526032	0.675000
0.163416	0.525107	0.675000
0.152266	0.522342	0.675000
0.158996	0.518281	0.675000
0.178586	0.515901	0.675000
0.199105	0.513684	0.675000
0.226694	0.509400	0.675000
0.256659	0.502620	0.675000
0.282294	0.495970	0.675000
0.306161	0.493118	0.675000
0.330626	0.494854	0.675000
0.349288	0.498511	0.675000
0.360865	0.502036	0.675000
0.366573	0.504693	0.675000
0.367541	0.506367	0.675000
0.365785	0.505838	0.675000
0.359503	0.501877	0.675000
0.346608	0.495365	0.675000
0.330971	0.487250	0.675000
0.318711	0.478722	0.675000
0.308091	0.471217	0.675000
0.295325	0.465256	0.675000
0.285425	0.460293	0.675000
0.284524	0.455881	0.675000
0.295811	0.451859	0.675000
0.312695	0.447973	0.675000
0.331928	0.443613	0.675000
0.353812	0.438782	0.675000
0.373885	0.434750	0.675000
0.387789	0.430349	0.675000
0.399699	0.426038	0.675000
0.411162	0.424958	0.675000
0.422914	0.425923	0.675000
0.433130	0.426690	0.675000
0.440299	0.425521	0.675000
0.446178	0.420106	0.675000
0.451426	0.410215	0.675000
0.455726	0.396608	0.675000
0.458696	0.378330	0.675000
0.462559	0.362131	0.675000
0.468425	0.346179	0.675000
0.475057	0.326037	0.675000
0.481511	0.303649	0.675000
0.487636	0.278599	0.675000
0.494123	0.244886	0.675000
0.499782	0.205288	0.675000
0.504370	0.167756	0.675000
0.507728	0.131067	0.675000
0.511337	0.100337	0.675000
0.516072	0.100348	0.675000
0.520549	0.100358	0.675000
0.523050	0.100369	0.675000
0.522167	0.100379	0.675000
0.520598	0.100389	0.675000
0.518463	0.100399	0.675000
0.515955	0.100409	0.675000
0.514733	0.100418	0.675000
0.514038	0.100427	0.675000
0.516126	0.100437	0.675000
0.522304	0.100445	0.675000
0.530458	0.100454	0.675000
0.539376	0.100464	0.675000
0.547444	0.100472	0.675000
0.553935	0.100479	0.675000
0.559160	0.100488	0.675000
0.563158	0.100495	0.675000
0.566306	0.100504	0.674807
0.568609	0.100511	0.669714
0.570242	0.100518	0.665116
0.572252	0.100525	0.661123
0.576233	0.100532	0.657788
0.582086	0.100538	0.655555
0.587052	0.100544	0.654696
0.590615	0.100551	0.655800
0.593589	0.100556	0.658952
0.596458	0.100562	0.664235
0.599081	0.100568	0.670510
0.601575	0.100573	0.675000
0.604225	0.100577	0.675000
0.607052	0.100582	0.675000
0.609894	0.100586	0.675000
0.612996	0.100590	0.675000
0.616500	0.100595	0.675000
0.620642	0.100598	0.675000
0.624838	0.100601	0.675000
0.628121	0.100604	0.675000
0.630741	0.100607	0.675000
0.633045	0.100610	0.675000
0.635605	0.100612	0.675000
0.638390	0.100614	0.675000
0.640956	0.100616	0.675000
0.643607	0.100617	0.675000
0.646650	0.100618	0.675000
0.650050	0.100619	0.675000
0.653682	0.100620	0.675000
0.656781	0.100620	0.675000
0.100000	0.100620	0.100000
0.659543	0.100620	0.675000
0.413796	0.100620	0.380199
0.419873	0.100619	0.362251
0.423993	0.100618	0.339885
0.426755	0.100617	0.309936
0.430546	0.100615	0.266165
0.436058	0.100614	0.201902
0.445380	0.100612	0.108855
0.456021	0.100609	0.100000
0.462561	0.100607	0.100000
0.462419	0.100604	0.100000
0.455887	0.100601	0.100000
0.448587	0.100597	0.100000
0.444882	0.100594	0.100000
0.445439	0.100590	0.100000
0.451431	0.100585	0.100000
0.463742	0.100581	0.100000
0.478207	0.100576	0.100000
0.490159	0.100571	0.100000
0.497315	0.100566	0.100000
0.500675	0.100561	0.100000
0.502761	0.100555	0.100000
0.504329	0.100549	0.100000
0.505295	0.100543	0.100000
0.506001	0.100536	0.100000
0.506498	0.100530	0.100000
0.506555	0.100522	0.100000
0.505978	0.100516	0.100000
0.504784	0.100508	0.100000
0.502224	0.100501	0.100000
0.498455	0.100493	0.100000
0.495012	0.100484	0.100000
0.492603	0.100476	0.100000
0.489798	0.100467	0.100000
0.486527	0.100459	0.100000
0.482169	0.100451	0.100000
0.478587	0.100441	0.100000
0.475669	0.100431	0.100000
0.474251	0.100422	0.100000
0.473094	0.100413	0.100000
0.472005	0.100402	0.100000
0.472964	0.100392	0.100000
0.472607	0.100382	0.100000
0.470538	0.100372	0.100000
0.469969	0.100361	0.100000
0.471905	0.100349	0.100000
0.475391	0.100338	0.100000
0.479099	0.100328	0.100000
0.482464	0.100317	0.100000
0.484082	0.100305	0.100000
0.483224	0.100294	0.100000
0.481326	0.100283	0.100000
0.479674	0.100270	0.100000
0.474860	0.100258	0.100000
0.466873	0.100246	0.100000
0.460791	0.100234	0.100000
0.457518	0.100221	0.100000
0.458494	0.100209	0.100000
0.462154	0.100197	0.100000
0.464473	0.100184	0.100000
0.463879	0.100171	0.100000
0.461698	0.100160	0.100000
0.462224	0.100145	0.100000
0.461346	0.100131	0.100000
0.457894	0.100120	0.100000
0.457085	0.100108	0.100000
0.457791	0.100093	0.100000
0.459097	0.100080	0.100000
0.459433	0.100067	0.100000
0.457272	0.100053	0.100000
0.451448	0.100039	0.100000
0.444376	0.100027	0.100000
0.435593	0.100013	0.100000
0.420313	0.100000	0.100000
0.395615	0.099996	0.100000
0.363120	0.099986	0.100000
0.327409	0.099976	0.100000
0.291945	0.099965	0.100000
0.259179	0.099955	0.100000
0.229070	0.099945	0.100000
0.193876	0.099935	0.100000
0.156481	0.099925	0.100000
0.129229	0.099915	0.100000
0.112972	0.099904	0.100000
0.100000	0.099893	0.100000
0.100000	0.099884	0.100000
0.100000	0.099874	0.100000
0.100000	0.099864	0.100000
0.100000	0.099854	0.100000
0.100000	0.099844	0.100000
0.100000	0.099834	0.100000
0.100000	0.099824	0.100000
0.100000	0.099814	0.100000
0.100000	0.099805	0.100000
0.100000	0.099795	0.100000
0.100000	0.099785	0.100000
0.100000	0.099776	0.100000
0.100000	0.099767	0.100000
0.100000	0.099758	0.100000
0.100000	0.099748	0.100000
0.100000	0.099739	0.100000
0.100000	0.099730	0.100000
0.100000	0.099721	0.100000
0.100000	0.099713	0.100000
0.100000	0.099704	0.100000
0.100000	0.099696	0.100000
0.100000	0.099687	0.100000
0.100000	0.099679	0.100000
0.100000	0.099671	0.100000
0.100000	0.099663	0.100000
0.100000	0.099656	0.100000
0.100000	0.099648	0.100000
0.100000	0.099641	0.100000
0.100000	0.099633	0.100000
0.100000	0.099626	0.100000
0.100000	0.099619	0.100000
0.100000	0.099612	0.100000
0.100000	0.099606	0.100000
0.100000	0.099599	0.100000
0.100000	0.099593	0.100000
0.100000	0.099587	0.100000
0.100000	0.099581	0.100000
0.100000	0.099575	0.100000
0.100000	0.099569	0.100000
0.100000	0.099564	0.100000
0.100000	0.099559	0.100000
0.100000	0.099554	0.100000
0.100000	0.099549	0.100000
0.100000	0.099544	0.100000
0.100000	0.099539	0.100000
0.100000	0.099535	0.100000
0.100000	0.099531	0.100000
0.100000	0.099527	0.100000
0.100000	0.099523	0.100000
0.100000	0.099520	0.100000
0.100000	0.099517	0.100000
0.100000	0.099514	0.100000
0.100000	0.099511	0.100000
0.100000	0.099508	0.100000
0.100000	0.099506	0.100000
0.100000	0.099504	0.100000
0.100000	0.099502	0.100000
0.100000	0.099500	0.100000
0.100000	0.099498	0.100000
0.100000	0.099497	0.100000
0.100000	0.099496	0.100000
0.100000	0.099495	0.100000
0.100000	0.099494	0.100000
0.100000	0.099494	0.100000
0.100000	0.099494	0.100000
0.100000	0.099494	0.100000
0.100000	0.099494	0.100000
0.100000	0.099495	0.100000
0.100000	0.099495	0.100000
0.100000	0.099497	0.100000
0.100000	0.099498	0.100000
0.100000	0.099500	0.100000
0.100000	0.099501	0.100000
0.100000	0.099503	0.100000
0.100000	0.099505	0.100000
0.100000	0.099508	0.100000
0.100000	0.099510	0.100000
0.100000	0.099513	0.100000
0.100000	0.099517	0.100000
0.100000	0.099520	0.100000
0.100000	0.099524	0.100000
0.100000	0.099527	0.100000
0.100000	0.099531	0.100000
0.100000	0.099535	0.100000
0.100000	0.099540	0.100000
0.100000	0.099544	0.100000
0.100000	0.099549	0.100000
0.100000	0.099554	0.100000
0.100000	0.099559	0.100000
0.100000	0.099564	0.100000
0.100000	0.099569	0.100000
0.100000	0.099576	0.100000
0.100000	0.099581	0.100000
0.100000	0.099587	0.100000
0.100000	0.099594	0.100000
0.100000	0.099600	0.100000
0.100000	0.099607	0.100000
0.100000	0.099614	0.100000
0.100000	0.099621	0.100000
0.100000	0.099627	0.100000
0.100000	0.099635	0.100000
0.100000	0.099643	0.100000
0.100000	0.099651	0.100000
0.100000	0.099658	0.100000
0.100000	0.099666	0.100000
0.100000	0.099675	0.100000
0.100000	0.099683	0.100000
0.100000	0.099691	0.100000
0.100000	0.099700	0.100000
0.100000	0.099709	0.100000
0.100000	0.099717	0.100000
0.100000	0.099728	0.100000
0.100000	0.099735	0.100000
0.100000	0.099744	0.100000
0.100000	0.099755	0.100000
0.100000	0.099764	0.100000
0.100000	0.099773	0.100000
0.100000	0.099782	0.100000
0.100000	0.099793	0.100000
0.100000	0.099803	0.100000
0.100000	0.099813	0.100000
0.100000	0.099823	0.100000
0.100000	0.099833	0.100000
0.100000	0.099843	0.100000
0.100000	0.099853	0.100000
0.100000	0.099864	0.100000
0.100000	0.099873	0.100000
0.100000	0.099885	0.100000
0.100000	0.099897	0.100000
0.100000	0.099905	0.100000
0.100000	0.099915	0.100000
0.100000	0.099928	0.100000
0.100000	0.099939	0.100000
0.100000	0.099949	0.100000
0.100000	0.099960	0.100000
0.100000	0.099972	0.100000
0.100000	0.099982	0.100000
0.100000	0.099993	0.100000
0.100000	0.100004	0.100000
0.100000	0.100015	0.100000
0.100000	0.100029	0.100000
0.100000	0.100044	0.100000
0.100000	0.100058	0.100000
0.100000	0.100071	0.100000
0.100000	0.100086	0.100000
0.100000	0.100099	0.100000
0.100000	0.100112	0.100000
0.100000	0.100127	0.100000
0.100000	0.100143	0.100000
0.100000	0.100156	0.100000
0.100000	0.100168	0.100000
0.100000	0.100184	0.100000
0.100000	0.100197	0.100000
0.100000	0.100211	0.100000
0.100000	0.100225	0.100000
0.100000	0.100238	0.100000
0.100000	0.100251	0.100000
0.100000	0.100265	0.100000
0.100000	0.100278	0.100000
0.100000	0.100291	0.100000
0.100000	0.100304	0.100000
0.100000	0.100317	0.100000
0.100000	0.100330	0.100000
0.100000	0.100342	0.100000
0.100000	0.100355	0.100000
0.100000	0.100368	0.100000
0.100000	0.100380	0.100000
0.100000	0.100392	0.100000
0.100000	0.100403	0.100000
0.100000	0.100415	0.100000
0.100000	0.100427	0.100000
0.100000	0.100439	0.100000
0.100000	0.100449	0.100000
0.100000	0.100461	0.100000
0.100000	0.100471	0.100000
0.100000	0.100481	0.100000
0.100000	0.100492	0.100000
0.100000	0.100502	0.100000
0.100000	0.100512	0.100000
0.100000	0.100522	0.100000
0.100000	0.100531	0.100000
0.100000	0.100541	0.100000
0.100000	0.100549	0.100000
0.100000	0.100558	0.100000
0.100000	0.100568	0.100000
0.100000	0.100576	0.100000
0.100000	0.100583	0.100000
0.100000	0.100592	0.100000
0.100000	0.100599	0.100000
0.100000	0.100606	0.100000
0.100000	0.100613	0.100000
0.100000	0.100620	0.100000
0.100000	0.100627	0.100000
0.100000	0.100633	0.100000
0.100000	0.100639	0.100000
0.100000	0.100645	0.100000
0.100000	0.100650	0.100000
0.100000	0.100655	0.100000
0.100000	0.100660	0.100000
0.100000	0.100665	0.100000
0.100000	0.100669	0.100000
0.100000	0.100673	0.100000
0.100000	0.100676	0.100000
0.100000	0.100680	0.100000
0.100000	0.100683	0.100000
0.100000	0.100686	0.100000
0.100000	0.100689	0.100000
0.100000	0.100691	0.100000
0.100000	0.100693	0.100000
0.100000	0.100694	0.100000
0.100000	0.100696	0.100000
0.100000	0.100697	0.100000
0.100000	0.100697	0.100000
0.100000	0.100698	0.100000
0.100000	0.100698	0.100000
0.100000	0.100698	0.100000
0.100000	0.100697	0.100000
0.100000	0.100696	0.100000
0.100000	0.100695	0.100000
0.100000	0.100694	0.100000
0.100000	0.100692	0.100000
0.100000	0.100690	0.100000
0.100000	0.100688	0.100000
0.100000	0.100685	0.100000
0.100000	0.100682	0.100000
0.100000	0.100679	0.100000
0.100000	0.100675	0.100000
0.100000	0.100672	0.100000
0.100000	0.100667	0.100000
0.100000	0.100663	0.100000
0.100000	0.100658	0.100000
0.100000	0.100653	0.100000
0.100000	0.100648	0.100000
0.100000	0.100642	0.100000
0.100000	0.100636	0.100000
0.100000	0.100630	0.100000
0.100000	0.100624	0.100000
0.100000	0.100617	0.100000
0.100000	0.100610	0.100000
0.100000	0.100602	0.100000
0.100000	0.100595	0.100000
0.100000	0.100587	0.100000
0.100000	0.100579	0.100000
0.100000	0.100571	0.100000
0.100000	0.100562	0.100000
0.100000	0.100554	0.100000
0.100000	0.100543	0.100000
0.100000	0.100534	0.100000
0.100000	0.100525	0.100000
0.100000	0.100516	0.100000
0.100000	0.100505	0.100000
0.100000	0.100495	0.100000
0.100000	0.100485	0.100000
0.100000	0.100474	0.100000
0.100000	0.100464	0.100000
0.100000	0.100452	0.100000
0.100000	0.100440	0.100000
0.100000	0.100428	0.100000
0.100000	0.100417	0.100000
0.100000	0.100405	0.100000
0.100000	0.100393	0.100000
0.100000	0.100380	0.100000
0.100000	0.100369	0.100000
0.100000	0.100356	0.100000
0.100000	0.100342	0.100000
0.100000	0.100330	0.100000
0.158122	0.100317	0.100000
0.194109	0.100303	0.100000
0.214484	0.100290	0.100000
0.232923	0.100277	0.100000
0.253687	0.100263	0.100000
0.276140	0.100249	0.100000
0.302854	0.100235	0.100000
0.328204	0.100221	0.100000
0.345859	0.100206	0.100000
0.356412	0.100191	0.100000
0.361315	0.100178	0.100000
0.363911	0.100164	0.100000
0.366842	0.100147	0.100000
0.372565	0.100135	0.100000
0.382211	0.100121	0.100000
0.394887	0.100104	0.100000
0.408716	0.100090	0.100000
0.420985	0.100075	0.100000
0.426997	0.100060	0.100000
0.429018	0.100044	0.100000
0.431886	0.100030	0.100000
0.434042	0.100015	0.100000
0.435913	0.100000	0.100000
0.440382	0.099996	0.100000
0.448236	0.099984	0.100000
0.456938	0.099972	0.100000
0.463792	0.099961	0.100000
0.467699	0.099950	0.100000
0.469337	0.099938	0.100000
0.469698	0.099927	0.100000
0.470849	0.099916	0.100000
0.473828	0.099904	0.100000
0.478524	0.099892	0.100000
0.484244	0.099880	0.100000
0.491785	0.099870	0.100000
0.501090	0.099859	0.100000
0.509819	0.099847	0.100000
0.516445	0.099836	0.100000
0.521019	0.099825	0.100000
0.524624	0.099814	0.100000
0.528407	0.099803	0.100000
0.532243	0.099792	0.100000
0.536318	0.099781	0.100000
0.541560	0.099771	0.100000
0.546866	0.099760	0.100000
0.552316	0.099749	0.100000
0.558246	0.099739	0.100000
0.563477	0.099729	0.100000
0.567844	0.099719	0.100000
0.571892	0.099708	0.100000
0.574866	0.099698	0.100000
0.576062	0.099688	0.100000
0.575600	0.099678	0.100000
0.574116	0.099669	0.100000
0.572216	0.099660	0.100000
0.570818	0.099650	0.100000
0.570533	0.099641	0.100000
0.571917	0.099632	0.100000
0.574580	0.099623	0.100000
0.577196	0.099615	0.100000
0.580380	0.099607	0.100000
0.584365	0.099598	0.144348
0.587702	0.099590	0.329218
0.589546	0.099582	0.422823
0.589384	0.099573	0.471532
0.587523	0.099566	0.493985
0.584931	0.099559	0.502576
0.582780	0.099552	0.503175
0.581429	0.099545	0.496105
0.580593	0.099537	0.477458
0.580047	0.099531	0.440528
0.580319	0.099524	0.371686
0.581756	0.099518	0.239822
0.583682	0.099512	0.100000
0.584947	0.099506	0.100000
0.584842	0.099501	0.100000
0.583895	0.099495	0.100000
0.582613	0.099490	0.100000
0.580806	0.099485	0.100000
0.578385	0.099480	0.100000
0.575580	0.099476	0.100000
0.572660	0.099471	0.100000
0.571210	0.099467	0.100000
0.571645	0.099463	0.100000
0.572948	0.099460	0.100000
0.574031	0.099456	0.100000
0.574369	0.099453	0.100000
0.573440	0.099450	0.100000
0.571087	0.160179	0.100000
0.568905	0.226267	0.100000
0.566837	0.270754	0.100000
0.564936	0.296542	0.142606
0.563958	0.312335	0.271817
0.563460	0.324964	0.364521
0.562319	0.336104	0.433153
0.559768	0.349488	0.483147
0.557168	0.366463	0.518808
0.556751	0.386108	0.544726
0.557646	0.407282	0.565098
0.559091	0.428681	0.582573
0.560990	0.447825	0.598115
0.561589	0.464155	0.611479
0.560009	0.478045	0.622737
0.557416	0.490039	0.632317
0.555341	0.499560	0.641299
0.554962	0.506749	0.649680
0.555265	0.513575	0.656033
0.554320	0.521139	0.659898
0.551428	0.529098	0.661886
0.547503	0.534856	0.662598
0.543496	0.537875	0.661860
0.539710	0.539547	0.660130
0.536256	0.539431	0.658385
0.533465	0.538582	0.657206
0.531934	0.537574	0.656649
0.532615	0.536282	0.656495
0.533905	0.533763	0.656530
0.533743	0.529899	0.656629
0.531973	0.524652	0.657148
0.530196	0.518751	0.658613
0.528858	0.514100	0.660697
0.527732	0.511307	0.662653
0.528045	0.509670	0.664180
0.528782	0.510287	0.665728
0.529062	0.511697	0.667253
0.529528	0.512489	0.668606
0.529466	0.511495	0.669917
0.526996	0.508784	0.671152
0.521717	0.505311	0.672487
0.515567	0.502475	0.673806
0.511381	0.500898	0.675000
0.509591	0.499738	0.675000
0.509008	0.499125	0.675000
0.508955	0.498044	0.675000
0.509852	0.496047	0.675000
0.511410	0.493962	0.675000
0.512063	0.490142	0.675000
0.512255	0.484303	0.675000
0.511479	0.475292	0.675000
0.509001	0.464536	0.675000
0.505810	0.453222	0.675000
0.503441	0.442696	0.675000
0.502667	0.435398	0.675000
0.503298	0.431249	0.675000
0.504206	0.430030	0.675000
0.504446	0.431469	0.675000
0.504078	0.433771	0.675000
0.502678	0.432993	0.675000
0.501456	0.427842	0.675000
0.502924	0.418578	0.675000
0.506843	0.409724	0.675000
0.512373	0.402940	0.675000
0.516864	0.399554	0.675000
0.520223	0.401458	0.675000
0.521285	0.404326	0.675000
0.521195	0.406432	0.675000
0.523208	0.408094	0.675000
0.527549	0.407584	0.675000
0.530499	0.404568	0.675000
0.531195	0.401363	0.675000
0.531002	0.394976	0.675000
0.529395	0.387438	0.675000
0.528392	0.381691	0.675000
0.528472	0.375467	0.675000
0.527371	0.367174	0.675000
0.524400	0.357643	0.675000
0.520333	0.344888	0.675000
0.516881	0.326077	0.675000
0.515876	0.306561	0.675000
0.519948	0.287702	0.675000
0.529732	0.264692	0.675000
0.542525	0.237908	0.675000
0.554734	0.214305	0.675000
0.563874	0.193469	0.675000
0.569266	0.161990	0.675000
0.571459	0.134554	0.675000
0.572043	0.119555	0.675000
0.571892	0.121550	0.675000
0.571838	0.136256	0.675000
0.572632	0.150723	0.675000
0.574372	0.155888	0.675000
0.576549	0.129132	0.675000
0.579542	0.100159	0.675000
0.582305	0.100174	0.675000
0.583200	0.100188	0.675000
0.581906	0.100204	0.675000
0.579277	0.100219	0.675000
0.575634	0.100234	0.675000
0.572472	0.100250	0.675000
0.570687	0.100265	0.675000
0.570620	0.100280	0.675000
0.572030	0.100295	0.675000
0.573991	0.100309	0.675000
0.575885	0.100324	0.675000
0.577302	0.100338	0.675000
0.577308	0.100353	0.675000
0.576030	0.100368	0.675000
0.575012	0.100381	0.675000
0.574726	0.100395	0.675000
0.573981	0.100410	0.675000
0.573490	0.100423	0.675000
0.574048	0.100436	0.675000
0.576039	0.100449	0.675000
0.579719	0.100463	0.675000
0.584317	0.100475	0.675000
0.589140	0.100488	0.675000
0.594612	0.100500	0.675000
0.600561	0.100513	0.675000
0.605879	0.100524	0.675000
0.610224	0.100535	0.675000
0.613169	0.100547	0.675000
0.614941	0.100558	0.675000
0.616426	0.100570	0.675000
0.618350	0.100581	0.675000
0.620945	0.100592	0.675000
0.623340	0.100601	0.675000
0.625436	0.100611	0.675000
0.627441	0.100621	0.675000
0.629559	0.100631	0.675000
0.632202	0.100640	0.673084
0.635530	0.100648	0.670367
0.639399	0.100658	0.667881
0.642977	0.100666	0.665194
0.645368	0.100674	0.662395
0.647198	0.100682	0.660116
0.649252	0.100690	0.658884
0.651525	0.100697	0.659558
0.653532	0.100704	0.662870
0.655081	0.100711	0.668220
0.656272	0.100717	0.674517
0.657134	0.100723	0.675000
0.657997	0.100728	0.675000
0.659100	0.100734	0.675000
0.660316	0.100739	0.675000
0.661583	0.100743	0.675000
0.663010	0.100748	0.675000
0.664886	0.100752	0.675000
0.667473	0.100756	0.675000
0.670598	0.100759	0.675000
0.673769	0.100763	0.675000
0.675000	0.100765	0.675000
0.675000	0.100768	0.675000
0.675000	0.100770	0.675000
0.675000	0.100772	0.675000
0.675000	0.100773	0.675000
0.675000	0.100774	0.675000
0.675000	0.100775	0.675000
0.675000	0.100775	0.675000
0.100000	0.100775	0.100000
0.675000	0.100775	0.675000
0.358427	0.100774	0.221708
0.366333	0.100774	0.173862
0.377637	0.100772	0.118931
0.390691	0.100771	0.100000
0.403852	0.100769	0.100000
0.413779	0.100766	0.100000
0.419591	0.100764	0.100000
0.424410	0.100761	0.100000
0.431880	0.100758	0.100000
0.442562	0.100754	0.100000
0.452537	0.100750	0.100000
0.458379	0.100746	0.100000
0.459632	0.100741	0.100000
0.456413	0.100736	0.100000
0.450697	0.100730	0.100000
0.446615	0.100725	0.100000
0.446768	0.100719	0.100000
0.449092	0.100713	0.100000
0.448604	0.100706	0.100000
0.445306	0.100699	0.100000
0.441090	0.100692	0.100000
0.437659	0.100685	0.100000
0.435367	0.100677	0.100000
0.432872	0.100669	0.100000
0.430227	0.100660	0.100000
0.428295	0.100651	0.100000
0.427294	0.100643	0.100000
0.425648	0.100634	0.100000
0.423591	0.100624	0.100000
0.424945	0.100614	0.100000
0.426939	0.100604	0.100000
0.425906	0.100594	0.100000
0.423231	0.100582	0.100000
0.422885	0.100572	0.100000
0.428765	0.100561	0.100000
0.438559	0.100550	0.100000
0.447915	0.100538	0.100000
0.456109	0.100526	0.100000
0.462074	0.100514	0.100000
0.464241	0.100501	0.100000
0.462717	0.100489	0.100000
0.457788	0.100476	0.100000
0.448773	0.100463	0.100000
0.437298	0.100449	0.100000
0.427259	0.100436	0.100000
0.419665	0.100421	0.100000
0.414542	0.100409	0.100000
0.410055	0.100395	0.100000
0.404110	0.100380	0.100000
0.400459	0.100365	0.100000
0.399669	0.100351	0.100000
0.395091	0.100336	0.100000
0.385953	0.100322	0.100000
0.375418	0.100307	0.100000
0.365547	0.100292	0.100000
0.356646	0.100276	0.100000
0.346234	0.100260	0.100000
0.337256	0.100245	0.100000
0.337543	0.100229	0.100000
0.346868	0.100213	0.100000
0.355156	0.100198	0.100000
0.357420	0.100181	0.100000
0.356923	0.100164	0.100000
0.351521	0.100149	0.100000
0.340997	0.100134	0.100000
0.329886	0.100115	0.100000
0.316896	0.100099	0.100000
0.298838	0.100083	0.100000
0.275350	0.100066	0.100000
0.252119	0.100049	0.100000
0.233561	0.100033	0.100000
0.222034	0.100016	0.100000
0.212756	0.100000	0.100000
0.195656	0.099996	0.100000
0.174876	0.099983	0.100000
0.158726	0.099970	0.100000
0.142948	0.099957	0.100000
0.135431	0.099944	0.100000
0.142627	0.099932	0.100000
0.147666	0.099919	0.100000
0.133626	0.099906	0.100000
0.100000	0.099894	0.100000
0.100000	0.099881	0.100000
0.100000	0.099868	0.100000
0.100000	0.099856	0.100000
0.100000	0.099844	0.100000
0.100000	0.099831	0.100000
0.100000	0.099819	0.100000
0.100000	0.099806	0.100000
0.100000	0.099794	0.100000
0.100000	0.099782	0.100000
0.100000	0.099770	0.100000
0.100000	0.099758	0.100000
0.100000	0.099746	0.100000
0.100000	0.099734	0.100000
0.100000	0.099723	0.100000
0.100000	0.099711	0.100000
0.100000	0.099699	0.100000
0.100000	0.099689	0.100000
0.100000	0.099677	0.100000
0.100000	0.099666	0.100000
0.100000	0.099655	0.100000
0.100000	0.099644	0.100000
0.100000	0.099634	0.100000
0.100000	0.099623	0.100000
0.100000	0.099613	0.100000
0.100000	0.099603	0.100000
0.100000	0.099593	0.100000
0.100000	0.099583	0.100000
0.100000	0.099574	0.100000
0.100000	0.099565	0.100000
0.100000	0.099555	0.100000
0.100000	0.099546	0.100000
0.100000	0.099537	0.100000
0.100000	0.099528	0.100000
0.100000	0.099520	0.100000
0.100000	0.099512	0.100000
0.100000	0.099504	0.100000
0.100000	0.099496	0.100000
0.100000	0.099488	0.100000
0.100000	0.099481	0.100000
0.100000	0.099474	0.100000
0.100000	0.099467	0.100000
0.100000	0.099460	0.100000
0.100000	0.099454	0.100000
0.100000	0.099448	0.100000
0.100000	0.099442	0.100000
0.100000	0.099436	0.100000
0.100000	0.099430	0.100000
0.100000	0.099425	0.100000
0.100000	0.099420	0.100000
0.100000	0.099415	0.100000
0.100000	0.099411	0.100000
0.100000	0.099407	0.100000
0.100000	0.099403	0.100000
0.100000	0.099399	0.100000
0.100000	0.099395	0.100000
0.100000	0.099392	0.100000
0.100000	0.099389	0.100000
0.100000	0.099387	0.100000
0.100000	0.099384	0.100000
0.100000	0.099382	0.100000
0.100000	0.099380	0.100000
0.100000	0.099379	0.100000
0.100000	0.099377	0.100000
0.100000	0.099376	0.100000
0.100000	0.099375	0.100000
0.100000	0.099375	0.100000
0.100000	0.099375	0.100000
0.100000	0.099375	0.100000
0.100000	0.099375	0.100000
0.100000	0.099376	0.100000
0.100000	0.099377	0.100000
0.100000	0.099379	0.100000
0.100000	0.099381	0.100000
0.100000	0.099383	0.100000
0.100000	0.099385	0.100000
0.100000	0.099387	0.100000
0.100000	0.099390	0.100000
0.100000	0.099393	0.100000
0.100000	0.099396	0.100000
0.100000	0.099400	0.100000
0.100000	0.099404	0.100000
0.100000	0.099408	0.100000
0.100000	0.099413	0.100000
0.100000	0.099417	0.100000
0.100000	0.099422	0.100000
0.100000	0.099427	0.100000
0.100000	0.099432	0.100000
0.100000	0.099438	0.100000
0.100000	0.099443	0.100000
0.100000	0.099450	0.100000
0.100000	0.099456	0.100000
0.100000	0.099463	0.100000
0.100000	0.099469	0.100000
0.100000	0.099477	0.100000
0.100000	0.099484	0.100000
0.100000	0.099491	0.100000
0.100000	0.099499	0.100000
0.100000	0.099507	0.100000
0.100000	0.099516	0.100000
0.100000	0.099525	0.100000
0.100000	0.099533	0.100000
0.100000	0.099542	0.100000
0.100000	0.099550	0.100000
0.100000	0.099560	0.100000
0.100000	0.099570	0.100000
0.100000	0.099579	0.100000
0.100000	0.099589	0.100000
0.100000	0.099599	0.100000
0.100000	0.099609	0.100000
0.100000	0.099620	0.100000
0.100000	0.099630	0.100000
0.100000	0.099642	0.100000
0.100000	0.099652	0.100000
0.100000	0.099664	0.100000
0.100000	0.099673	0.100000
0.100000	0.099686	0.100000
0.100000	0.099697	0.100000
0.100000	0.099709	0.100000
0.100000	0.099721	0.100000
0.100000	0.099732	0.100000
0.100000	0.099745	0.100000
0.100000	0.099757	0.100000
0.100000	0.099769	0.100000
0.100000	0.099782	0.100000
0.100000	0.099794	0.100000
0.100000	0.099807	0.100000
0.100000	0.099819	0.100000
0.100000	0.099833	0.100000
0.100000	0.099844	0.100000
0.100000	0.099859	0.100000
0.100000	0.099872	0.100000
0.100000	0.099884	0.100000
0.100000	0.099896	0.100000
0.100000	0.099912	0.100000
0.100000	0.099924	0.100000
0.100000	0.099937	0.100000
0.100000	0.099951	0.100000
0.100000	0.099965	0.100000
0.100000	0.099978	0.100000
0.100000	0.099992	0.100000
0.100000	0.100004	0.100000
0.100000	0.100018	0.100000
0.100000	0.100035	0.100000
0.100000	0.100053	0.100000
0.100000	0.100071	0.100000
0.100000	0.100087	0.100000
0.100000	0.100105	0.100000
0.100000	0.100123	0.100000
0.100000	0.100139	0.100000
0.100000	0.100156	0.100000
0.100000	0.100176	0.100000
0.100000	0.100191	0.100000
0.100000	0.100207	0.100000
0.100000	0.100226	0.100000
0.100000	0.100242	0.100000
0.100000	0.100258	0.100000
0.100000	0.100276	0.100000
0.100000	0.100292	0.100000
0.100000	0.100309	0.100000
0.100000	0.100324	0.100000
0.100000	0.100341	0.100000
0.100000	0.100358	0.100000
0.100000	0.100374	0.100000
0.100000	0.100389	0.100000
0.100000	0.100405	0.100000
0.100000	0.100420	0.100000
0.100000	0.100435	0.100000
0.100000	0.100452	0.100000
0.100000	0.100466	0.100000
0.100000	0.100480	0.100000
0.100000	0.100494	0.100000
0.100000	0.100509	0.100000
0.100000	0.100523	0.100000
0.100000	0.100537	0.100000
0.100000	0.100550	0.100000
0.100000	0.100564	0.100000
0.100000	0.100577	0.100000
0.100000	0.100590	0.100000
0.100000	0.100602	0.100000
0.100000	0.100615	0.100000
0.100000	0.100628	0.100000
0.100000	0.100639	0.100000
0.100000	0.100651	0.100000
0.100000	0.100661	0.100000
0.100000	0.100673	0.100000
0.100000	0.100684	0.100000
0.100000	0.100695	0.100000
0.100000	0.100705	0.100000
0.100000	0.100714	0.100000
0.100000	0.100724	0.100000
0.100000	0.100733	0.100000
0.100000	0.100742	0.100000
0.100000	0.100750	0.100000
0.100000	0.100759	0.100000
0.100000	0.100767	0.100000
0.100000	0.100775	0.100000
0.100000	0.100782	0.100000
0.100000	0.100788	0.100000
0.100000	0.100795	0.100000
0.100000	0.100801	0.100000
0.100000	0.100807	0.100000
0.100000	0.100813	0.100000
0.100000	0.100818	0.100000
0.100000	0.100823	0.100000
0.100000	0.100827	0.100000
0.100000	0.100831	0.100000
0.100000	0.100835	0.100000
0.100000	0.100839	0.100000
0.100000	0.100842	0.100000
0.100000	0.100844	0.100000
0.100000	0.100847	0.100000
0.100000	0.100849	0.100000
0.100000	0.100850	0.100000
0.100000	0.100851	0.100000
0.100000	0.100852	0.100000
0.100000	0.100853	0.100000
0.100000	0.100853	0.100000
0.100000	0.100852	0.100000
0.100000	0.100852	0.100000
0.100000	0.100851	0.100000
0.100000	0.100849	0.100000
0.100000	0.100847	0.100000
0.100000	0.100845	0.100000
0.100000	0.100843	0.100000
0.100000	0.100840	0.100000
0.100000	0.100837	0.100000
0.100000	0.100833	0.100000
0.100000	0.100829	0.100000
0.100000	0.100825	0.100000
0.100000	0.100820	0.100000
0.100000	0.100814	0.100000
0.100000	0.100809	0.100000
0.100000	0.100803	0.100000
0.100000	0.100797	0.100000
0.100000	0.100790	0.100000
0.100000	0.100783	0.100000
0.100000	0.100776	0.100000
0.100000	0.100769	0.100000
0.100000	0.100761	0.100000
0.100000	0.100753	0.100000
0.100000	0.100744	0.100000
0.100000	0.100735	0.100000
0.100000	0.100726	0.100000
0.100000	0.100716	0.100000
0.100000	0.100706	0.100000
0.100000	0.100697	0.100000
0.100000	0.100685	0.100000
0.100000	0.100675	0.100000
0.100000	0.100663	0.100000
0.100000	0.100652	0.100000
0.100000	0.100640	0.100000
0.100000	0.100629	0.100000
0.100000	0.100617	0.100000
0.100000	0.100604	0.100000
0.100000	0.100591	0.100000
0.100000	0.100577	0.100000
0.100000	0.100565	0.100000
0.100000	0.100550	0.100000
0.100000	0.100537	0.100000
0.100000	0.100522	0.100000
0.100000	0.100508	0.100000
