0.227901
0.689198
0.598001
1.495927
0.824162
2.362091
1.007769
3.163289
1.306833
3.955258
1.735431
4.626682
2.318281
5.211541
2.979707
5.736731
3.656049
6.321543
4.225546
6.891189
4.836561
7.411491
5.466981
7.945076
6.037670
8.489315
6.558654
9.033848
7.076354
9.528387
7.633770
9.996673
8.170341
10.452259
8.714790
10.871223
9.267287
11.276721
9.774446
11.676538
10.266194
12.039953
10.758954
12.391250
11.217935
12.714139
11.671618
13.019094
12.084869
13.315068
12.454780
13.586757
12.816783
13.830722
13.160017
14.048773
13.490669
14.237247
13.797679
14.407263
14.070449
14.552320
14.316808
14.675969
14.524690
14.786839
14.679510
14.872517
14.825304
14.927359
14.964265
14.945621
15.083755
14.918237
15.177272
14.883179
15.214694
14.831031
15.216910
14.753585
15.198058
14.631587
15.158644
14.512175
15.080092
14.309529
15.036246
14.147221
14.905859
13.795872
14.924037
13.703304
14.554041
13.145178
14.706119
13.357984
13.777714
12.684830
14.107526
12.155077
14.094706
12.111621
13.397272
11.017612
13.906984
11.844748
11.735855
11.365713
11.472362
10.688263
11.529348
9.489703
12.292364
8.920561
11.992485
8.522004
11.451529
7.624483
11.406217
7.923928
9.834573
6.128693
10.708720
7.831832
6.956871
7.806962
5.559501
8.626790
4.405519
8.619217
5.490868
5.733799
4.458069
5.958465
2.740073
6.760037
3.574563
4.222988
2.260396
4.786817
0.974454
4.767850
2.149384
1.653883
1.681827
0.737375
1.596513
-0.792649
2.357302
-1.556054
1.877800
-1.989022
1.035735
-3.191065
0.989040
-2.452662
-1.540991
-4.003736
-0.694347
-4.962265
-1.009119
-4.557022
-2.924132
-6.160516
-2.432981
-5.020628
-5.334424
-5.579175
-5.941406
-6.089525
-6.616868
-6.456974
-7.525530
-6.410137
-8.804503
-6.108385
-8.286878
-8.019595
-9.157597
-7.930925
-10.177658
-7.898662
-9.598607
-9.843480
-10.062651
-10.310770
-10.497503
-10.773590
-10.890760
-11.248512
-11.211847
-11.781169
-11.407743
-12.351052
-11.564014
-12.487997
-12.226542
-12.908702
-12.482894
-13.081836
-12.990991
-13.396195
-13.321241
-13.581280
-13.757356
-13.776460
-14.147060
-13.940557
-14.493767
-14.108063
-14.741665
-14.267210
-14.981112
-14.383568
-15.200383
-14.482843
-15.376620
-14.560465
-15.528600
-14.620139
-15.599463
-14.681422
-15.627302
-14.699253
-15.682769
-14.671623
-15.740107
-14.606957
-15.770518
-14.526762
-15.761427
-14.415326
-15.749881
-14.256562
-15.762211
-14.053638
-15.770179
-13.814530
-15.753662
-13.560669
-15.642769
-13.317101
-15.462317
-13.070307
-15.242677
-12.783360
-15.048137
-12.403000
-14.918868
-11.946980
-14.785383
-11.429679
-14.642118
-10.870874
-14.467560
-10.249103
-14.296696
-9.571339
-14.107905
-9.011941
-13.767706
-8.536619
-13.373760
-8.000630
-13.050840
-7.454532
-12.679865
-6.853556
-12.350691
-6.264479
-11.945125
-5.639668
-11.565382
-5.022415
-11.152174
-4.347832
-10.766438
-3.707911
-10.293406
-3.055482
-9.801344
-2.467445
-9.208643
-1.863938
-8.624946
-1.293507
-7.977625
-0.705848
-7.343599
-0.134591
-6.670279
0.447718
-6.002551
1.011172
-5.301330
1.602556
-4.639448
2.181162
-3.950563
2.784517
-3.288561
2.993167
-2.123696
3.605300
-1.465819
4.169386
-0.730981
4.705088
-0.014608
5.263843
0.639948
5.710509
1.411359
6.123946
2.157046
6.460593
2.957891
6.943399
3.598194
7.393681
4.296159
7.842827
4.972986
8.289801
5.627626
8.749047
6.271921
9.170757
6.934183
9.588941
7.562933
10.037504
8.111337
10.491773
8.627412
10.939457
9.111045
11.373806
9.580481
11.790903
10.018691
12.193276
10.443217
12.548737
10.921511
12.855054
11.403047
13.140779
11.862832
13.411457
12.273479
13.672228
12.631205
13.929979
12.940680
14.155050
13.268435
14.338476
13.594759
14.490489
13.904054
14.620349
14.179184
14.733701
14.400043
14.839459
14.564401
14.924581
14.700065
14.978243
14.842015
14.990242
14.989320
14.977345
15.096037
14.907009
15.202848
14.811649
15.256057
14.732763
15.218829
14.616188
15.190074
14.488074
15.119505
14.269494
15.121125
14.072554
15.032371
13.664224
15.128398
13.612072
14.697937
12.872184
15.039268
13.407938
13.628177
12.827814
13.879677
11.757813
14.564349
12.273425
13.016622
11.222881
13.796820
10.506079
13.844686
10.568439
12.823669
9.083748
13.424647
10.972480
9.673484
11.418234
7.995346
12.410367
9.401585
9.183259
8.868023
8.727808
8.241121
8.406216
7.320615
8.602564
5.549970
9.944295
5.044215
9.319733
4.229650
8.997214
4.305502
7.636868
2.446232
8.161119
5.100165
2.879814
6.073374
0.733346
6.775902
3.787873
1.010959
5.021602
-0.535920
5.215898
1.358603
1.005743
0.774055
0.311907
0.282675
-0.578768
0.151363
-2.160114
1.217565
-4.566314
2.089335
-1.074647
-4.327921
0.437599
-5.536510
0.328145
-4.418739
-2.566995
-6.534771
-1.126442
-5.703841
-3.578187
-7.848988
-2.361850
-6.063026
-6.194901
-6.754005
-6.511366
-7.725941
-6.283551
-9.397181
-5.305800
-8.988712
-6.981636
-10.636433
-6.337679
-8.884454
-9.998943
-8.660902
-11.502354
-7.793705
-10.966917
-9.535335
-12.465912
-8.637720
-11.614990
-10.823570
-12.725484
-10.104760
-13.510128
-10.108483
-12.703622
-12.039319
-13.681349
-11.350222
-14.550671
-11.178138
-13.441025
-13.391050
-13.851992
-13.398379
-14.506878
-12.969468
-15.273615
-12.666203
-14.246687
-14.513536
-14.292410
-14.898740
-14.071241
-15.508707
-13.584449
-15.208142
-14.223451
-15.640224
-13.903769
-15.069354
-14.800075
-15.288226
-14.522327
-15.607429
-14.141151
-15.193315
-14.631062
-15.445971
-14.156865
-15.299431
-14.214735
-15.235974
-14.133128
-14.865607
-14.311419
-14.772946
-14.121538
-14.428215
-14.137671
-14.264441
-13.904889
-14.000194
-13.756325
-13.719235
-13.581882
-13.414708
-13.401844
-13.072325
-13.213446
-12.713509
-12.989371
-12.328478
-12.748077
-11.919731
-12.480451
-11.495045
-12.172570
-11.062240
-11.829515
-10.605376
-11.482542
-10.121931
-11.134604
-9.607865
-10.776068
-9.084465
-10.381232
-8.541990
-9.996841
-7.968749
-9.610623
-7.376444
-9.204641
-6.760608
-8.768308
-6.146191
-8.295633
-5.519992
-7.795201
-4.922855
-7.223971
-4.358993
-6.586350
-3.822915
-5.905329
-3.278315
-5.231143
-2.694517
-4.598991
-2.088648
-3.963491
-1.487221
-3.318730
-0.874212
-2.679423
-0.256288
-2.029967
0.337718
-1.322141
0.919648
-1.141297
2.032486
-0.696173
2.526218
0.109564
3.172127
0.689349
3.779155
1.319335
4.394634
1.931803
5.000301
2.541592
5.591008
3.150778
6.179677
3.752488
6.737905
4.366939
7.282399
4.974839
7.812270
5.578536
8.310301
6.200814
8.802619
6.777880
9.308597
7.306472
9.822132
7.793141
10.313476
8.296165
10.766670
8.784908
11.231207
9.216004
11.680750
9.629969
12.110561
10.036326
12.498506
10.456470
12.851739
10.866066
13.197080
11.225553
13.523580
11.567946
13.823856
11.906430
14.083405
12.245856
14.323001
12.552167
14.538239
12.834312
14.732014
13.094578
14.896331
13.320468
15.051066
13.520901
15.154583
13.741763
15.228817
13.913519
15.307472
14.001803
15.363060
14.088104
15.378949
14.163811
15.378759
14.155996
15.386330
14.091723
15.348261
14.066650
15.255993
14.049561
15.131118
14.020505
14.971401
13.978971
14.790117
13.893747
14.592168
13.769404
14.370761
13.626771
14.119911
13.460318
13.848194
13.270440
13.545885
13.070771
13.222179
12.826772
12.887741
12.556493
12.522430
12.272117
12.143965
11.950468
11.744537
11.605460
11.322850
11.229035
10.889572
10.820601
10.434149
10.426279
9.921449
10.058228
9.376662
9.689383
8.813518
9.268456
8.273134
8.780077
7.741646
8.252352
7.202589
7.726121
6.620133
7.203311
6.078242
6.579560
5.520432
5.953591
5.027472
5.259979
4.420892
4.683894
3.871476
4.030133
3.193629
3.516686
2.625434
2.854475
1.868124
2.393553
1.382308
1.555436
0.680375
1.024987
0.199717
0.220255
-0.531212
-0.282494
-1.079818
-1.018644
-1.738946
-1.572806
-2.333779
-2.211822
-3.063852
-2.718274
-3.568238
-3.493205
-4.210482
-4.083034
-4.703209
-4.815708
-5.294160
-5.437729
-5.826657
-6.105381
-6.371031
-6.743393
-6.908003
-7.342039
-7.448959
-7.913788
-7.963450
-8.518665
-8.446665
-9.132022
-8.907130
-9.736005
-9.357352
-10.290530
-9.808929
-10.799623
-10.245003
-11.310403
-10.646924
-11.835986
-11.015110
-12.349470
-11.373404
-12.819304
-11.709995
-13.286214
-12.017532
-13.726952
-12.309227
-14.148103
-12.570162
-14.555207
-12.809380
-14.925654
-13.029572
-15.266433
-13.214964
-15.584310
-13.375613
-15.878216
-13.484581
-16.182663
-13.552538
-16.459246
-13.598730
-16.697128
-13.581104
-16.943762
-13.512926
-17.166441
-13.459831
-17.295927
-13.459450
-17.345272
-13.359328
-17.451513
-13.274430
-17.467630
-13.125414
-17.513300
-12.857132
-17.610926
-12.547136
-17.752443
-12.357177
-17.682852
-12.045967
-17.753986
-11.841301
-17.586634
-11.515741
-17.560247
-11.291189
-17.313786
-10.934426
-17.240669
-10.621523
-17.030409
-10.157444
-16.952520
-9.797491
-16.668669
-9.315445
-16.542845
-8.877224
-16.262913
-8.327764
-16.113600
-7.837040
-15.807218
-7.245150
-15.601682
-6.734739
-15.228062
-6.139421
-14.935736
-5.615602
-14.511538
-4.989279
-14.205400
-4.401034
-13.797973
-3.705062
-13.517618
-3.048699
-13.109572
-2.323259
-12.787537
-1.658570
-12.323133
-0.953579
-11.902367
-0.333391
-11.326396
0.311644
-10.766585
0.856441
-10.068607
1.448159
-9.431464
1.987237
-8.725227
2.606079
-8.132612
3.222149
-7.500789
3.878339
-6.899450
4.476111
-6.233758
5.117231
-3.570049
4.117051
-2.823987
4.677841
-2.134010
5.231062
-1.406020
5.779591
-0.693273
6.303152
0.035401
6.841838
0.719405
7.375572
1.406946
7.913739
2.058704
8.448927
2.676870
9.025078
3.236369
9.568194
3.839005
10.083496
4.442839
10.559018
5.055654
11.027641
5.637944
11.486039
6.195479
11.937792
6.751768
12.334035
7.336721
12.707512
7.884618
13.049307
8.394904
13.293276
8.956604
13.746687
9.241651
14.014153
9.760268
14.210258
10.229297
14.356304
10.713464
14.502932
11.151478
14.653707
11.554449
14.802039
11.927549
14.931327
12.288856
15.046943
12.620245
15.149399
12.923862
15.241732
13.183350
15.326118
13.415938
15.383009
13.649132
15.408298
13.842823
15.420124
14.008382
15.401558
14.134772
15.381682
14.185292
15.343691
14.209974
15.280458
14.210453
15.188407
14.187641
15.063152
14.166875
14.901079
14.132177
14.714334
14.058579
14.516141
13.929083
14.301436
13.763372
14.062422
13.586483
13.785349
13.424070
13.469797
13.266586
13.132842
13.080134
12.736483
12.915196
12.279431
12.721288
11.897605
12.395271
11.387909
12.188836
11.014874
11.774804
10.242403
11.785365
10.182703
10.765208
9.226646
11.013273
9.005265
10.211777
7.900776
10.396650
8.467418
8.310996
7.844772
7.942322
7.007193
7.936578
5.676878
8.434840
5.763283
7.006481
4.367088
7.405159
5.055019
5.032027
4.230459
4.861985
2.896443
5.422757
1.911068
5.181602
2.110957
3.499467
0.461483
4.147228
1.294177
1.441581
0.273213
1.528542
-1.415411
2.332041
-1.058549
0.380513
-2.778316
1.109647
-1.994718
-1.429629
-3.290833
-0.904697
-4.745713
-0.746513
-3.315667
-4.269220
-3.367140
-5.816331
-2.500263
-6.604933
-2.907322
-6.859936
-3.895627
-8.139338
-3.870268
-6.834158
-7.003994
-7.461653
-7.391390
-8.274529
-7.417383
-9.601666
-6.734491
-10.188210
-7.180694
-10.341043
-8.070451
-11.388172
-8.022475
-10.420450
-10.457273
-11.013301
-10.623679
-11.887016
-10.274290
-13.023891
-9.924691
-11.889880
-12.443082
-11.959163
-13.307362
-11.468139
-14.275304
-11.203669
-13.112415
-13.529401
-13.188354
-14.146914
-12.884489
-14.945639
-12.561918
-14.117630
-14.159286
-14.365159
-14.271442
-14.677421
-14.206785
-15.165185
-13.849000
-15.427786
-13.881737
-15.052124
-14.548280
-15.382751
-14.238877
-15.331433
-14.431946
-15.436299
-14.385826
-15.171952
-14.719139
-15.216896
-14.599578
-15.011415
-14.716718
-14.965936
-14.592294
-14.800101
-14.564267
-14.650226
-14.477438
-14.452318
-14.374405
-14.247940
-14.240899
-14.016408
-14.087007
-13.751484
-13.927277
-13.459188
-13.737803
-13.141444
-13.539951
-12.793367
-13.314222
-12.436580
-13.028336
-12.062109
-12.746097
-11.651836
-12.447161
-11.226122
-12.116698
-10.781871
-11.768081
-10.315631
-11.404555
-9.822588
-11.049823
-9.296263
-10.695863
-8.752979
-10.305732
-8.211459
-9.862989
-7.655499
-9.422966
-7.083178
-8.953572
-6.484028
-8.488510
-5.872815
-7.993866
-5.258711
-7.480513
-4.632307
-6.943756
-4.036573
-6.336825
-3.473565
-5.680818
-2.903791
-5.031717
-2.309616
-4.403880
-1.697996
-3.778943
-1.082772
-3.142346
-0.466845
-2.507560
0.145972
-1.852739
0.756672
-1.197843
3.144772
-2.618917
3.194043
-0.819692
4.400477
-1.113575
4.569134
0.207402
5.522637
0.270234
5.794275
1.415905
6.660784
1.581942
6.999261
2.571133
7.833044
2.763482
8.222122
3.631204
9.041651
3.790256
9.475566
4.560895
10.267237
4.727254
10.673588
5.470201
11.397938
5.666992
11.770128
6.373070
12.426239
6.596777
12.752511
7.292074
13.305758
7.573608
13.577703
8.236210
14.044603
8.546625
14.279510
9.122526
14.734556
9.334959
14.989798
9.830507
15.365940
10.070081
15.552726
10.527151
15.864779
10.735098
16.009193
11.156614
16.232990
11.340439
16.180862
11.810173
16.395180
11.863905
16.302988
12.275084
16.398117
12.356767
16.391161
12.561506
16.386091
12.692482
16.313557
12.843248
16.275331
12.892288
16.275427
12.868307
16.213675
12.883319
16.070301
12.916234
15.911621
12.893704
15.771418
12.806271
15.600129
12.716921
15.399194
12.590160
15.211219
12.400554
14.972721
12.239647
14.683649
12.062578
14.403403
11.817924
14.106253
11.550507
13.786664
11.262461
13.431666
10.973031
13.052313
10.657593
12.658722
10.316833
12.242111
9.952109
11.806495
9.589285
11.337964
9.228755
10.845966
8.855345
10.331762
8.473741
9.800556
8.066195
9.260269
7.639918
8.709755
7.164320
8.168873
6.635664
7.629033
6.056570
7.095103
5.446134
6.544813
4.838679
5.991056
4.183366
5.442276
3.522371
4.872063
2.874081
4.281114
2.266303
3.653346
1.688958
3.019109
1.102093
2.389493
0.484420
1.760334
-0.133705
1.126412
-0.731168
0.481213
-1.343771
-0.147268
-1.970282
-0.774844
-2.594193
-1.404954
-3.205015
-2.027944
-3.825306
-2.647844
-4.429507
-3.264669
-5.037588
-3.859850
-5.676363
-4.430561
-6.332975
-4.986049
-6.977627
-5.534237
-7.620005
-6.068951
-8.245497
-6.583493
-8.890344
-7.074463
-9.504333
-7.557411
-10.095973
-8.028019
-10.666103
-8.475796
-11.240989
-8.882371
-11.810032
-9.288448
-12.334863
-9.680555
-12.844333
-10.020067
-13.369884
-10.301435
-13.901519
-10.547998
-14.406065
-10.767038
-14.890980
-10.943936
-15.360684
-11.137424
-15.760778
-11.312021
-16.142843
-11.582775
-16.381729
-11.749660
-16.728035
-11.857043
-17.094006
-12.017963
-17.327473
-12.093487
-17.652645
-12.203945
-17.828716
-12.251312
-18.070074
-12.309257
-18.245325
-12.240169
-18.520470
-12.199408
-18.656694
-12.110351
-18.790283
-12.103992
-18.764992
-12.022265
-18.823730
-11.943769
-18.777519
-11.797285
-18.803408
-11.630853
-18.765785
-11.398079
-18.756166
-11.184307
-18.662004
-10.890100
-18.629883
-10.601283
-18.510647
-10.256000
-18.417717
-9.922257
-18.249908
-9.532032
-18.098135
-9.163690
-17.857754
-8.746646
-17.665575
-8.305775
-17.424534
-7.819842
-17.193136
-7.348907
-16.898834
-6.824183
-16.626110
-6.310907
-16.295712
-5.747835
-16.000315
-5.168689
-15.676993
-4.542753
-15.366134
-3.940434
-14.973559
-3.306554
-14.621840
-2.654253
-14.260819
-1.948347
-13.908984
-1.277247
-13.463761
-0.620862
-12.977791
-0.011975
-12.418826
0.614737
-11.883510
1.238502
-11.292133
1.840911
-10.662257
2.425702
-10.029804
3.056282
-9.429510
3.677170
-8.814571
4.333581
-8.243280
4.993874
-7.647507
5.637698
-7.008712
4.181377
-3.634609
4.749207
-2.965807
5.353607
-2.323112
5.960600
-1.666963
6.531888
-0.987607
7.105827
-0.349019
7.696048
0.260532
8.292650
0.867262
8.857672
1.489568
9.404949
2.105747
9.944777
2.708144
10.465718
3.304623
10.967672
3.913827
11.442310
4.500376
11.913142
5.065217
12.372845
5.619883
12.796500
6.176560
13.204659
6.711455
13.583996
7.258179
13.927432
7.787969
14.261824
8.279233
14.583010
8.743574
14.896684
9.172596
15.186577
9.596749
15.413717
10.093026
15.556873
10.577652
15.673035
10.977372
15.527516
11.580428
15.687572
11.778912
15.642467
12.219114
15.739703
12.413604
15.866024
12.577768
15.958136
12.738403
16.004421
12.898470
15.985450
13.071139
15.955267
13.200720
15.919939
13.275053
15.886142
13.309052
15.784636
13.396702
15.628865
13.480637
15.476278
13.499958
15.324102
13.473652
15.132844
13.460983
14.909950
13.414961
14.678677
13.303535
14.435804
13.156383
14.167472
12.987467
13.880413
12.787630
13.563810
12.587419
13.206902
12.392418
12.827866
12.179621
12.419107
11.960182
11.980462
11.775562
11.508900
11.559196
10.885355
11.475204
10.298233
11.250546
9.692123
10.994658
9.127681
10.654675
8.443678
10.444035
7.951458
9.933672
6.921719
9.940248
7.315887
8.097528
6.018769
8.684353
5.460444
8.119056
4.897092
7.521083
4.339426
6.932160
3.731107
6.402225
3.040715
5.962635
2.313440
5.502302
1.582296
5.024590
0.910227
4.501312
0.052640
4.139176
-0.349558
3.241603
-1.730968
3.296044
-0.438106
-0.028502
-1.706242
0.514705
-3.925467
1.652840
-1.773054
-3.014420
-1.558086
-5.061169
-0.045727
-5.378475
-1.000918
-6.817094
-0.914705
-5.105018
-4.714270
-6.291816
-4.193670
-8.458727
-2.866063
-6.796369
-6.498959
-7.852437
-6.117033
-9.841560
-4.738971
-9.014606
-7.055280
-11.027147
-5.744003
-9.527481
-9.009047
-10.668982
-8.294741
-12.685883
-7.159388
-10.251321
-11.692089
-9.672438
-13.485626
-8.504824
-11.760080
-11.847206
-12.235699
-12.049486
-12.909409
-11.824158
-14.200529
-10.678361
-14.788225
-10.749767
-14.278953
-12.042751
-15.700359
-11.185773
-13.571778
-14.762787
-12.932063
-16.096722
-11.873712
-14.477358
-14.552077
-14.635831
-14.687435
-14.782433
-14.784266
-14.940486
-14.802741
-15.184505
-14.600973
-15.729322
-13.813580
-16.609663
-12.992645
-14.907199
-15.398989
-14.489455
-16.005770
-13.458806
-16.249212
-13.083448
-15.362579
-14.058877
-16.010820
-12.946298
-15.149717
-13.749010
-15.735626
-12.653608
-14.609335
-13.733757
-14.895513
-12.764998
-14.825327
-12.376353
-13.947372
-12.888951
-14.132885
-12.006218
-13.349183
-12.308573
-13.337873
-11.603748
-12.487063
-11.873653
-12.310967
-11.236315
-11.883855
-10.896394
-11.315478
-10.677084
-10.891086
-10.264356
-10.317499
-9.967871
-9.820910
-9.574010
-9.300783
-9.153400
-8.760868
-8.732282
-8.211244
-8.290736
-7.639097
-7.856151
-7.044749
-7.408451
-6.442861
-6.940251
-5.835038
-6.428602
-5.239362
-5.850043
-4.658470
-5.239054
-4.070831
-4.607152
-3.474197
-4.009619
-2.845766
-3.433804
-2.211070
-2.845368
-1.582914
-2.217283
-0.973654
-1.540767
-0.375245
-0.852415
0.229641
-0.180810
2.708246
-2.065396
4.007263
-2.039913
4.261558
-0.847524
5.199448
-0.756144
5.555788
0.288301
6.441934
0.474419
6.803083
1.452832
7.641561
1.663483
8.026377
2.600220
8.767522
2.923785
9.116582
3.797436
9.827621
4.108025
10.192505
4.931754
10.823365
5.287162
11.166822
6.050996
11.757993
6.382802
12.101425
7.085712
12.630114
7.423942
12.969988
7.996085
13.530038
8.203663
13.911581
8.671623
14.428604
8.877541
14.739207
9.347245
15.165092
9.572781
15.398914
10.053136
15.704163
10.339305
15.843683
10.812590
16.059422
11.094905
16.096106
11.501261
16.149820
11.790888
16.181602
12.071790
16.265175
12.238809
16.495478
12.242315
16.643290
12.327857
16.748487
12.375105
16.750904
12.480175
16.648174
12.605254
16.557062
12.648190
16.484262
12.629932
16.476650
12.510014
16.404659
12.424368
16.324717
12.285000
16.171932
12.173085
15.947976
12.070897
15.690341
11.944889
15.393156
11.796410
15.142500
11.558039
14.865889
11.307101
14.572162
11.033894
14.237598
10.749680
13.890841
10.435256
13.473306
10.169598
12.983267
9.925642
12.486418
9.653801
11.976815
9.346018
11.485962
8.978621
10.995605
8.585315
10.468834
8.217716
9.935088
7.808573
9.400176
7.332667
8.888889
6.784161
8.378932
6.185310
7.874597
5.577407
7.332043
4.999542
6.773579
4.404347
6.212645
3.781576
5.654652
3.147660
5.073046
2.532221
4.472410
1.914388
3.870564
1.291144
3.254347
0.671336
2.628245
0.060932
1.991822
-0.549595
1.361276
-1.176683
0.732474
-1.804208
0.109311
-2.452940
-0.494524
-3.107728
-1.117254
-3.717401
-1.757820
-4.308359
-2.381092
-4.924057
-2.986949
-5.556274
-3.559178
-6.218677
-4.096955
-6.897446
-4.616120
-7.575105
-5.110929
-8.261184
-5.559985
-8.952795
-5.981760
-9.635771
-6.376350
-10.312113
-6.660328
-11.062369
-6.846672
-11.823999
-7.132863
-12.481251
-7.600483
-12.938048
-7.928361
-13.604350
-8.364897
-14.030048
-8.667446
-14.649460
-9.047544
-15.072363
-9.301888
-15.636712
-9.645137
-16.036362
-9.827642
-16.602922
-10.107473
-16.941238
-10.292138
-17.380493
-10.574327
-17.631187
-10.748342
-17.969769
-11.008430
-18.156544
-11.131515
-18.488113
-11.281483
-18.710115
-11.300384
-19.044214
-11.368675
-19.224419
-11.355584
-19.471235
-11.403363
-19.543308
-11.382648
-19.698879
-11.387692
-19.730654
-11.297157
-19.864277
-11.206871
-19.911091
-11.029593
-20.008268
-10.882891
-19.996677
-10.666439
-20.028915
-10.469450
-19.972067
-10.195571
-19.950733
-9.959956
-19.821629
-9.646169
-19.756565
-9.345406
-19.589027
-8.988604
-19.459110
-8.644004
-19.259846
-8.223289
-19.106750
-7.809491
-18.890047
-7.318684
-18.734621
-6.824629
-18.527548
-6.251897
-18.372015
-5.697792
-18.123241
-5.108646
-17.884783
-4.539785
-17.583914
-3.919426
-17.304588
-3.326275
-16.934984
-2.706881
-16.595654
-2.074623
-16.236599
-1.377399
-15.930332
-0.686911
-15.550404
0.019590
-15.182611
0.699749
-14.723232
1.373493
-14.243285
1.999262
-13.664521
2.603065
-13.041887
3.159428
-12.375557
3.767437
-11.792119
4.400775
-11.181704
5.039186
-10.567676
5.636332
-9.894508
6.259479
-9.302965
6.915157
-8.697918
4.793332
-4.461241
5.386898
-3.783767
5.976551
-3.123166
6.562607
-2.437511
7.125431
-1.757557
7.678893
-1.058029
8.213921
-0.370117
8.744646
0.305111
9.274919
0.975842
9.772499
1.663877
10.264277
2.296091
10.786938
2.879904
11.315737
3.425302
11.837428
3.977327
12.303812
4.598669
12.686264
5.246668
13.081724
5.801370
13.494022
6.325324
13.902918
6.805171
14.302713
7.276819
14.666088
7.741289
15.002578
8.196652
15.308619
8.639485
15.594875
9.063962
15.839928
9.495946
16.045769
9.912471
16.228146
10.327660
16.353056
10.741650
16.465031
11.090820
16.593613
11.363071
16.724894
11.594763
16.833679
11.798246
16.914387
11.996740
16.748627
12.341396
16.493355
12.652925
16.420204
12.747617
16.342091
12.850532
16.251308
12.928277
16.091316
13.024941
15.923615
13.089384
15.736214
13.128432
15.527718
13.147570
15.308409
13.129086
15.091676
13.045800
14.877425
12.906988
14.632986
12.782458
14.340173
12.667128
14.013511
12.546573
13.660542
12.406631
13.296423
12.172082
12.962805
11.837970
12.608566
11.505633
12.212452
11.206251
11.773792
10.921282
11.298911
10.663932
10.785817
10.414148
10.265701
10.128142
9.702601
9.834087
9.050802
9.603886
8.462044
9.199448
7.755389
8.882993
7.397905
8.092963
6.580749
7.870887
6.499713
6.660589
5.628079
6.581951
4.772382
6.314989
4.648969
5.078204
3.611600
5.112082
3.145800
4.355147
2.166541
4.184194
2.181705
2.665284
0.927979
3.033213
0.057873
2.665691
-0.252453
1.638892
-1.591952
1.731888
-0.645772
-1.173413
-1.096198
-2.151018
-1.090708
-3.771065
-0.304881
-3.838631
-1.635620
-5.413006
-1.337296
-3.800412
-5.071550
-3.634202
-6.631784
-3.104227
-5.768161
-5.626697
-6.655726
-5.634482
-7.955347
-5.246365
-7.715203
-6.806430
-8.976682
-6.372652
-8.858942
-7.753386
-10.096879
-7.397440
-9.558407
-9.297298
-10.397955
-9.155462
-11.473711
-8.957125
-10.761534
-10.989332
-11.182837
-11.422812
-11.564441
-11.861358
-11.873013
-12.371009
-11.998862
-13.119589
-11.714354
-13.844361
-11.651549
-13.291861
-13.132079
-13.794729
-13.032331
-14.540836
-12.663861
-14.330488
-13.473225
-14.983594
-13.163485
-14.568996
-14.145989
-15.024199
-13.823708
-15.345706
-13.735205
-15.168026
-14.235270
-15.667917
-13.860778
-15.104374
-14.751080
-15.348231
-14.442012
-15.576938
-14.198042
-15.122828
-14.746963
-15.274706
-14.397315
-15.328341
-14.186921
-14.978240
-14.415138
-15.054525
-14.009965
-14.764016
-14.048528
-14.757365
-13.702386
-14.296956
-13.842727
-14.167922
-13.495969
-13.838451
-13.362039
-13.548247
-13.141107
-13.182673
-12.941360
-12.840772
-12.680430
-12.475176
-12.401019
-12.085342
-12.098397
-11.677201
-11.777103
-11.247105
-11.425918
-10.804015
-11.042895
-10.340803
-10.640653
-9.863355
-10.215188
-9.372582
-9.756257
-8.863021
-9.319988
-8.308908
-8.929646
-7.716763
-8.537610
-7.122689
-8.087392
-6.541727
-7.548696
-5.984211
-6.977751
-5.405059
-6.410450
-4.808466
-5.868561
-4.183797
-5.317604
-3.586807
-4.659290
-3.017344
-3.970436
-2.430281
-3.331019
-1.806828
-2.710714
-1.194302
-2.051454
-0.592032
-1.366911
0.005515
-0.673385
0.599301
-2.138425
4.619242
-3.718791
2.880732
0.667016
4.472062
-0.303238
6.011350
-1.140172
6.162928
0.207047
7.322353
-0.033391
7.539558
1.211841
8.531311
1.183410
8.752672
2.334248
9.650754
2.371293
9.928791
3.387934
10.766931
3.485502
11.048767
4.398792
11.852072
4.474308
12.172756
5.291170
12.908533
5.402308
13.202265
6.170882
13.860003
6.298762
14.148153
6.965809
14.772443
7.068329
15.033300
7.707912
15.554890
7.848204
15.771331
8.429245
16.209999
8.606075
16.353298
9.160103
16.712862
9.321957
16.833447
9.777616
17.165142
9.849411
17.305975
10.180073
17.599842
10.214258
17.682274
10.528317
17.866631
10.587440
17.885166
10.822430
18.044128
10.774330
18.080145
10.873748
18.208134
10.799899
18.147745
10.928484
18.150444
10.862439
18.036934
10.910379
18.003288
10.777588
17.856499
10.753205
17.759060
10.598423
17.549732
10.539766
17.372402
10.376770
17.090631
10.288670
16.841995
10.095443
16.508680
9.962914
16.204090
9.719109
15.841417
9.500945
15.518993
9.180023
15.129208
8.920544
14.724921
8.631794
14.240812
8.363288
13.799295
8.001686
13.291920
7.702824
12.780968
7.341907
12.231705
6.991333
11.628489
6.615788
10.788522
6.423620
10.171358
5.928658
9.499253
5.527887
8.911442
4.993759
8.398241
4.384224
7.895523
3.765658
7.386693
3.131532
6.880430
2.478997
6.375363
1.813024
5.802881
1.214517
5.065696
0.733305
4.387117
0.142655
3.719404
-0.441461
3.075469
-1.053172
2.392782
-1.628295
1.746343
-2.245617
1.063564
-2.815729
0.378755
-3.400181
-0.256146
-4.034351
-0.824638
-4.724070
-1.353337
-5.417212
-1.929045
-6.045823
-2.499535
-6.693390
-2.947969
-7.445733
-3.215674
-8.322324
-3.595901
-9.054382
-4.114810
-9.679087
-4.547807
-10.438385
-5.023308
-11.047759
-5.445428
-11.723750
-5.943351
-12.253843
-6.366810
-12.890278
-6.815990
-13.419445
-7.187019
-14.054646
-7.553410
-14.630203
-7.846281
-15.230793
-8.219388
-15.669982
-8.533393
-16.226700
-8.810299
-16.715549
-9.051794
-17.193878
-9.351545
-17.544363
-9.606045
-17.947296
-9.836208
-18.331326
-9.967444
-18.772030
-10.123337
-19.083559
-10.256779
-19.400162
-10.405039
-19.647270
-10.470845
-19.952709
-10.550759
-20.124546
-10.618692
-20.291185
-10.691052
-20.411900
-10.678775
-20.576855
-10.662077
-20.674376
-10.593975
-20.777601
-10.534383
-20.791840
-10.439823
-20.840248
-10.295595
-20.876944
-10.088025
-20.932018
-9.861441
-20.957026
-9.564217
-21.007099
-9.272162
-20.949768
-8.979315
-20.860298
-8.703149
-20.694302
-8.388117
-20.536905
-8.056383
-20.345922
-7.682558
-20.150570
-7.293118
-19.938227
-6.851274
-19.722960
-6.408777
-19.455225
-5.937349
-19.206854
-5.414118
-18.967609
-4.866796
-18.674353
-4.342827
-18.337915
-3.770906
-18.054844
-3.153624
-17.738997
-2.532400
-17.415226
-1.880537
-17.109055
-1.175964
-16.805328
-0.491531
-16.439295
0.201757
-16.055649
0.866894
-15.592459
1.528759
-15.134765
2.190605
-14.636138
2.865166
-14.159181
3.553923
-13.640348
4.206272
-13.067606
4.842484
-12.477491
5.488245
-11.883626
6.117259
-11.257643
6.749099
-10.647626
7.395061
-10.055803
8.058953
-5.507451
5.630813
-4.811532
6.202881
-4.127895
6.793015
-3.469872
7.388727
-2.827145
7.974937
-2.152426
8.518661
-1.445861
9.032655
-0.750665
9.579292
-0.125193
10.142806
0.474703
10.699055
1.083983
11.206413
1.740681
11.671135
2.394972
12.128475
3.016582
12.598858
3.580315
13.077267
4.122096
13.526043
4.682882
13.931192
5.252678
14.312778
5.775331
14.723141
6.221164
15.136045
6.641348
15.517045
7.088737
15.827108
7.573537
16.085148
8.062409
16.307085
8.537606
16.514830
8.970009
16.704332
9.386441
16.870228
9.748616
17.055422
10.027584
17.254700
10.264886
17.401613
10.550145
17.459293
10.871813
17.481838
11.143373
17.498825
11.377556
17.484013
11.596437
17.454922
11.748539
17.435280
11.845877
17.378674
11.967087
17.261574
12.060307
17.149879
12.082083
17.035221
12.054933
16.687563
12.194314
16.375496
12.187897
15.955933
12.276031
15.587254
12.257483
15.235205
12.186970
14.949872
12.004004
14.680695
11.779351
14.353940
11.586084
13.994909
11.368151
13.620153
11.132458
13.205748
10.914242
12.761771
10.692276
12.318463
10.408513
11.869122
10.094132
11.389498
9.805680
10.865810
9.530413
10.326576
9.229095
9.774336
8.905722
9.210212
8.553490
8.644218
8.137435
8.097431
7.628964
7.559402
7.080081
7.012789
6.494794
6.470760
5.890945
5.900595
5.332680
5.294363
4.793677
4.679972
4.254876
4.056579
3.691385
3.428111
3.160480
2.767251
2.644611
2.071666
2.124260
1.423900
1.534433
0.753496
0.990019
0.079951
0.452317
-0.670288
0.009309
-1.353867
-0.541725
-2.172486
-0.926187
-2.662068
-1.728288
-3.696704
-1.841392
-3.640218
-3.441623
-4.620877
-3.437840
-5.691876
-3.550209
-5.310149
-5.482854
-5.976923
-5.909731
-6.775397
-6.085283
-7.756359
-6.118564
-7.717264
-7.445828
-8.607190
-7.430528
-9.311716
-7.771898
-9.384122
-8.826161
-10.262823
-8.800723
-10.344220
-9.787905
-11.167752
-9.773951
-11.210189
-10.728271
-11.891469
-10.821426
-11.968711
-11.600221
-12.547569
-11.694453
-12.712028
-12.284071
-13.261045
-12.363904
-13.316411
-13.005110
-13.758495
-13.074303
-13.903090
-13.471299
-14.295243
-13.515666
-14.338511
-13.963238
-14.686947
-13.955795
-14.694612
-14.315470
-14.944546
-14.323207
-14.916636
-14.619516
-15.062526
-14.653718
-15.024093
-14.840393
-15.062324
-14.885388
-15.030172
-14.954218
-14.998216
-14.956301
-14.952567
-14.894516
-14.896323
-14.800300
-14.799161
-14.763470
-14.642872
-14.715544
-14.473059
-14.588562
-14.298095
-14.437615
-14.076512
-14.308194
-13.825671
-14.125571
-13.570580
-13.880347
-13.304184
-13.586837
-13.021885
-13.276018
-12.701317
-12.984845
-12.342854
-12.689576
-11.953821
-12.396104
-11.541609
-12.059861
-11.123322
-11.685443
-10.680486
-11.309109
-10.212059
-10.944828
-9.698938
-10.606951
-9.154834
-10.274638
-8.578753
-9.941738
-7.989760
-9.575561
-7.391559
-9.177762
-6.782735
-8.732818
-6.177985
-8.225205
-5.618323
-7.626537
-5.069886
-7.017632
-4.493070
-6.416216
-3.922026
-5.773591
-3.354291
-5.120547
-2.765450
-4.465498
-2.183917
-3.779596
-1.606394
-3.075483
-1.024246
-2.374466
-0.432388
-1.684269
0.157882
-0.970020
0.742073
-2.552298
5.148703
-4.426638
3.458560
-0.102688
5.305102
-1.486152
6.366895
-1.544439
6.569237
-0.286920
7.509060
-0.200524
7.746546
0.944123
8.628657
1.051858
8.948949
2.057666
9.789083
2.199267
10.127542
3.109726
10.936360
3.236575
11.314163
4.022840
12.112771
4.131313
12.472668
4.888350
13.198635
5.009790
13.540606
5.719381
14.182111
5.901475
14.444633
6.626883
14.970469
6.864500
15.181223
7.553810
15.612698
7.815104
15.798309
8.413288
16.185352
8.647690
16.342976
9.183599
16.659042
9.400532
16.802013
9.801779
17.137730
9.885013
17.286926
10.224106
17.532843
10.322496
17.601665
10.646348
17.751617
10.747963
17.771307
10.971087
17.919949
10.937151
17.952507
11.079886
18.005009
11.079082
17.948244
11.169962
17.972553
11.079823
17.874693
11.147515
17.793736
11.060038
17.641930
11.044290
17.520393
10.919454
17.302538
10.868192
17.113729
10.703084
16.861628
10.557114
16.660181
10.290119
16.390503
10.086540
16.122803
9.810118
15.780890
9.581339
15.445969
9.285260
15.044400
9.038272
14.633966
8.740761
14.163486
8.470589
13.707300
8.115725
13.217314
7.796936
12.698120
7.463502
12.032894
7.160786
11.504848
6.673656
10.942519
6.238060
10.388855
5.746096
9.847059
5.217264
9.408931
4.570131
8.962290
3.941359
8.585501
3.182151
7.966243
2.731855
7.446791
2.066471
6.673725
1.674249
6.029467
1.045869
5.320168
0.531579
4.730693
-0.142234
4.058246
-0.697094
3.463587
-1.371802
2.842145
-1.988971
2.213676
-2.615926
1.574686
-3.238255
1.004657
-3.922523
0.369726
-4.521880
-0.123353
-5.286048
-0.628476
-6.008067
-1.212364
-6.645499
-1.732129
-7.402622
-2.255123
-8.095375
-2.727073
-8.835124
-3.261655
-9.471574
-3.732228
-10.185160
-4.237328
-10.804798
-4.689722
-11.499514
-5.136497
-12.156561
-5.526057
-12.831278
-5.975723
-13.382651
-6.385238
-13.996602
-6.789487
-14.555830
-7.149418
-15.109066
-7.565906
-15.540094
-7.964391
-15.997587
-8.332291
-16.460964
-8.597794
-17.024658
-8.822710
-17.516827
-9.054006
-17.942900
-9.336624
-18.290211
-9.536846
-18.733009
-9.686548
-19.138153
-9.807885
-19.506958
-9.956010
-19.796217
-10.063309
-20.101748
-10.150909
-20.366961
-10.190182
-20.627649
-10.234964
-20.816822
-10.252924
-20.983208
-10.274282
-21.075993
-10.282449
-21.126547
-10.301678
-21.124222
-10.258531
-21.144394
-10.206060
-21.108749
-10.098396
-21.110085
-9.935235
-21.128126
-9.692437
-21.155268
-9.475021
-21.040335
-9.287944
-20.880905
-9.063854
-20.762247
-8.731135
-20.713785
-8.338344
-20.657219
-7.916477
-20.558554
-7.517963
-20.373083
-7.109215
-20.178469
-6.676085
-19.944220
-6.222795
-19.719244
-5.732687
-19.465092
-5.228947
-19.184128
-4.710558
-18.892862
-4.153759
-18.592329
-3.583920
-18.294752
-2.946590
-18.040440
-2.289787
-17.728300
-1.646486
-17.384188
-0.995834
-17.024807
-0.313871
-16.667431
0.367514
-16.262323
1.026056
-15.787299
1.652493
-15.266945
2.290319
-14.756357
2.934807
-14.210180
3.578485
-13.667038
4.229719
-13.096050
4.865601
-12.503929
5.505995
-11.914625
6.152757
-11.315128
6.803067
-10.724987
7.450551
-10.094667
8.058568
-5.962058
5.959059
-5.196650
6.462565
-4.431405
7.029193
-3.815230
7.690175
-3.249462
8.313833
-2.612429
8.884174
-1.924567
9.396431
-1.192595
9.875460
-0.456374
10.366669
0.220555
10.867792
0.889592
11.349655
1.551300
11.813616
2.225800
12.245057
2.894352
12.663214
3.538613
13.084799
4.135638
13.502266
4.734931
13.880690
5.321365
14.254905
5.872750
14.620911
6.395685
14.969316
6.898324
15.296651
7.406766
15.561167
