0.000509
-0.000296
0.004287
-0.004604
0.024992
-0.013956
0.029035
-0.010408
0.021328
-0.009035
0.025183
-0.011718
0.025540
-0.003589
-0.027695
0.025551
-0.110140
0.067704
-0.210917
0.114697
-0.325398
0.168791
-0.435318
0.215912
-0.540542
0.270265
-0.657732
0.326411
-0.778311
0.386168
-0.898956
0.441763
-0.985445
0.476498
-1.056211
0.516170
-1.142617
0.563911
-1.237904
0.613105
-1.330355
0.660273
-1.419221
0.725762
-1.525210
0.790645
-1.603206
0.840658
-1.665213
0.885030
-1.715192
0.907114
-1.724827
0.907520
-1.734528
0.937505
-1.784337
0.995223
-1.866937
1.079718
-1.953203
1.136991
-1.997064
1.155168
-2.007012
1.174760
-2.032446
1.217200
-2.072897
1.229331
-2.075012
1.233550
-2.076722
1.222249
-2.059892
1.196434
-2.031431
1.168126
-2.007053
1.161468
-2.009251
1.172943
-2.019932
1.164400
-2.006710
1.152492
-1.995655
1.152248
-1.998490
1.139570
-1.976001
1.103058
-1.939004
1.080478
-1.908957
1.014485
-1.817194
0.917201
-1.692666
0.824571
-1.559090
0.699391
-1.352528
0.584839
-1.151747
0.495882
-1.011387
0.465907
-1.024115
0.506127
-1.154952
0.597867
-1.375187
0.752247
-1.652964
1.043971
-2.020758
1.443142
-2.386838
1.868154
-2.704491
2.141791
-2.842784
2.010365
-2.633066
1.758229
-2.440652
1.490183
-2.242035
1.411849
-2.222965
1.384605
-2.205790
1.336951
-2.149799
1.241330
-2.046401
1.124666
-1.933337
1.052198
-1.878490
1.013064
-1.823902
0.923337
-1.688074
0.785990
-1.485740
0.648945
-1.270449
0.548949
-1.058773
0.409186
-0.754176
0.260793
-0.464302
0.150931
-0.296322
0.121530
-0.292233
0.141135
-0.379958
0.201399
-0.532331
0.275605
-0.686712
0.351356
-0.848904
0.430261
-0.988320
0.475448
-1.005002
0.435578
-0.885412
0.374691
-0.777860
0.341203
-0.734176
0.334921
-0.754696
0.358714
-0.816452
0.393352
-0.888119
0.421877
-0.921149
0.425728
-0.916313
0.421312
-0.901003
0.406358
-0.868823
0.394377
-0.855031
0.397130
-0.862088
0.390823
-0.844024
0.388241
-0.851496
0.398873
-0.878357
0.411212
-0.904380
0.426445
-0.935955
0.442231
-0.970142
0.459572
-0.990674
0.458422
-0.979929
0.459570
-1.007293
0.484619
-1.060305
0.508560
-1.099121
0.521011
-1.112463
0.524440
-1.110271
0.513182
-1.077817
0.496093
-1.049609
0.488294
-1.038275
0.482285
-1.030563
0.484366
-1.040343
0.489448
-1.056380
0.503117
-1.085915
0.513338
-1.093218
0.513283
-1.092405
0.515360
-1.106329
0.525118
-1.121443
0.531707
-1.134795
0.535950
-1.127432
0.508634
-1.033837
0.442708
-0.902577
0.399743
-0.878101
0.430732
-1.005650
0.521232
-1.210622
0.630253
-1.430221
0.781858
-1.663834
1.000532
-1.953509
1.358879
-2.323020
1.917263
-2.787742
2.239202
-3.013534
2.296622
-3.065955
2.500206
-3.361226
2.575293
-3.423184
2.765280
-3.682357
2.791626
-3.646886
2.862244
-3.682041
2.694512
-3.390775
2.567962
-3.243034
2.379465
-3.049243
2.380672
-3.129822
2.390212
-3.138869
2.467280
-3.234435
2.448799
-3.179495
2.467037
-3.187432
2.381922
-3.054359
2.340744
-2.988057
0.161666
-0.576111
0.293614
-0.753367
0.419160
-0.937108
0.475814
-1.034312
0.491642
-1.072555
0.518638
-1.135705
0.551171
-1.187836
0.570461
-1.220328
0.590279
-1.281160
0.634363
-1.360816
0.668297
-1.407554
0.689095
-1.431182
0.695478
-1.429295
0.686535
-1.413170
0.677359
-1.390216
0.654309
-1.341195
0.625029
-1.284353
0.596699
-1.240302
0.588808
-1.254119
0.609638
-1.316436
0.653116
-1.394769
0.685092
-1.424612
0.691589
-1.436245
0.710032
-1.468249
0.725942
-1.483005
0.728190
-1.477937
0.713485
-1.442194
0.680978
-1.388548
0.657493
-1.360647
0.649575
-1.349441
0.640556
-1.322802
0.623496
-1.293459
0.609796
-1.271434
0.599239
-1.244247
0.576221
-1.189704
0.540952
-1.120798
0.518572
-1.104066
0.523789
-1.125511
0.535653
-1.141847
0.536849
-1.123872
0.507956
-1.049669
0.470346
-0.982557
0.446912
-0.959716
0.452295
-0.987253
0.462621
-0.984345
0.449738
-0.952243
0.424750
-0.880947
0.376940
-0.780279
0.329684
-0.674796
0.268775
-0.543491
0.216789
-0.464764
0.207474
-0.489665
0.237615
-0.586497
0.297466
-0.742560
0.392036
-0.966907
0.511616
-1.196838
0.617514
-1.372240
0.689787
-1.453020
0.730261
-1.504869
0.748358
-1.512022
0.734860
-1.464196
0.673655
-1.350779
0.610980
-1.218287
0.526341
-1.052871
0.453165
-0.923716
0.402964
-0.850009
0.377104
-0.790744
0.332114
-0.684111
0.278435
-0.567015
0.224281
-0.454106
0.170585
-0.326443
0.092552
-0.109067
-0.008562
0.158084
-0.220555
0.570864
-0.649126
1.202076
-0.738335
1.288912
-1.644175
2.286177
-0.207293
0.031889
-0.435106
0.427777
-1.083225
1.534850
-1.935205
2.253349
0.204127
-0.608943
0.820364
-1.377187
1.807321
-0.393561
0.514900
-1.069943
1.614542
-1.390961
1.995913
-0.906783
1.359681
-1.964234
2.407242
0.198609
-0.701200
0.955856
-1.833978
2.471167
-0.670669
0.861261
-1.880084
2.613278
-1.409240
2.028326
-2.578514
3.066322
0.298894
-1.102592
1.488409
-2.665920
3.173301
0.194490
-0.949359
1.197730
-2.473770
3.142136
-0.709102
0.740338
-1.840262
2.566165
-2.315856
3.053143
-1.081602
1.430473
-2.769932
3.390701
-0.088675
-0.518259
0.296803
-1.265692
1.661861
-3.127858
3.645412
0.272327
-1.254127
1.604130
-3.074371
3.568781
0.101992
-0.875854
0.979087
-2.330444
3.133759
-1.887492
2.615781
-2.841141
3.438726
-0.157398
-0.389090
0.048826
-0.797340
0.817541
-2.151822
2.994438
-2.720648
3.546211
-1.317261
1.709631
-3.335322
3.925293
0.242774
-1.339466
1.683848
-4.406723
4.431512
1.511829
-4.051286
4.581359
-0.303655
-1.119329
0.482964
-2.478667
2.873682
-3.114811
3.752333
-0.714718
0.597000
-1.688231
2.262320
-2.693102
3.003863
0.359493
-1.097907
1.493928
-2.251942
2.542460
0.333335
-0.882192
1.212390
-1.710880
2.032919
0.159324
-0.535533
0.762128
-1.541939
2.287555
-1.182613
1.808537
-2.672081
3.160676
0.455286
-1.398049
1.942454
-2.802763
3.151114
0.603461
-1.666432
2.410980
-2.903412
3.516014
0.108002
-0.919314
1.026583
-2.393065
-0.849985
0.524097
-0.148046
0.204258
-0.039618
0.076349
-0.043313
0.064982
-0.013285
-0.020210
0.025663
-0.111342
0.067955
-0.207869
0.106453
-0.287821
0.146212
-0.380098
0.184120
-0.448278
0.215368
-0.523394
0.254601
-0.623934
0.312594
-0.745941
0.367783
-0.861965
0.432783
-1.014173
0.522067
-1.203363
0.621428
-1.403880
0.752637
-1.607006
0.916081
-1.820506
1.106029
-2.040647
1.401174
-2.326231
1.773930
-2.632859
2.256109
-3.065142
2.114366
-2.736399
2.372329
-3.116066
2.158066
-2.782875
2.366413
-3.127026
2.227600
-2.926691
2.492930
-3.323003
2.397477
-3.123065
2.585042
-3.383906
2.435220
-3.168312
2.613091
-3.445455
2.513426
-3.276156
2.678991
-3.536695
2.614548
-3.435263
2.799633
-3.699445
2.739685
-3.569648
2.874038
-3.780297
2.806559
-3.659978
2.928666
-3.834924
2.854587
-3.724644
2.978437
-3.933624
2.967148
-3.894789
3.110945
-4.103867
3.090182
-4.032360
3.191778
-4.192305
3.162467
-4.111483
3.204549
-4.118712
3.031679
-3.845512
2.927536
-3.696625
2.696055
-3.398502
2.573344
-3.246530
2.370168
-2.973242
2.237598
-2.815617
1.787235
-2.406119
1.375681
-2.089885
1.038284
-1.762495
0.814315
-1.515052
0.684375
-1.368979
0.653917
-1.392796
0.717787
-1.573419
0.959434
-1.945419
1.450178
-2.434894
2.209213
-3.114093
2.090062
-2.692094
2.392642
-3.121933
2.087252
-2.638538
2.256592
-2.941654
1.838199
-2.427500
1.893025
-2.630725
1.599539
-2.305065
1.504770
-2.277328
1.276977
-2.047909
1.094989
-1.865720
0.911629
-1.656085
0.763482
-1.448084
0.628992
-1.236283
0.531239
-1.043577
0.430331
-0.840024
0.321680
-0.615008
0.226160
-0.448817
0.183797
-0.425133
0.205103
-0.518956
0.263187
-0.646542
0.322296
-0.765875
0.374647
-0.856584
0.411400
-0.911582
0.424240
-0.911412
0.417844
-0.897773
0.413340
-0.900926
0.418969
-0.904256
0.412435
-0.883679
0.406569
-0.887349
0.415035
-0.907598
0.428218
-0.942896
0.445525
-0.969835
0.458835
-1.007378
0.486332
-1.074242
0.521129
-1.122609
0.527315
-1.113136
0.518990
-1.109438
0.530747
-1.148001
0.557940
-1.211725
0.589327
-1.272349
0.620913
-1.313960
0.633594
-1.337266
0.650553
-1.381916
0.683715
-1.447819
0.730191
-1.500784
0.750046
-1.539329
0.791637
-1.588398
0.813607
-1.619998
0.847501
-1.667082
0.882452
-1.719545
0.949769
-1.820779
1.038049
-1.906194
1.079333
-1.934599
1.094031
-1.942332
1.088100
-1.927636
1.070795
-1.915350
1.085136
-1.929783
1.051529
-1.868859
0.969787
-1.758445
0.874735
-1.644837
0.804961
-1.561840
0.760835
-1.529336
0.788003
-1.620272
0.909772
-1.806639
1.095579
-2.027900
1.391435
-2.325559
1.846291
-2.711160
2.273168
-3.100727
2.271827
-3.019381
2.566108
-3.435581
2.515741
-3.333689
2.809288
-3.778514
2.805205
-3.720831
3.089392
-4.084589
2.961421
-3.764953
2.958345
-3.752274
2.664361
-3.361814
2.649524
-3.433167
2.530997
-3.313902
2.685383
-3.559659
2.664559
-3.470041
2.746701
-3.556767
2.618749
-3.371288
2.656991
-3.476480
2.622385
-3.467183
4.571830
-3.706820
0.087852
-0.451663
0.218303
-0.642895
0.362084
-0.838569
0.437160
-0.946004
0.445195
-0.970300
0.461951
-1.023194
0.499946
-1.099966
0.535053
-1.168340
0.567998
-1.233827
0.607112
-1.318443
0.655845
-1.419108
0.734253
-1.550116
0.822223
-1.642784
0.856473
-1.683094
0.917325
-1.785516
1.038012
-1.949027
1.262033
-2.193614
1.625557
-2.528416
2.244551
-3.130116
2.139881
-2.820915
2.571098
-3.446675
2.358704
-3.027234
2.600232
-3.367152
2.286493
-2.885159
2.402093
-3.101295
2.148624
-2.748877
2.300071
-3.033389
2.170989
-2.809618
2.316958
-3.013375
2.141323
-2.738428
2.215917
-2.875515
1.902575
-2.518273
1.913747
-2.643921
1.780604
-2.491390
1.820980
-2.577188
1.809455
-2.545934
1.838323
-2.583682
1.847854
-2.576479
1.782375
-2.511829
1.744243
-2.493528
1.709049
-2.471184
1.764253
-2.539792
1.863139
-2.617158
1.921475
-2.645185
1.968576
-2.680597
2.007531
-2.706413
2.086725
-2.772935
2.010475
-2.657868
1.709477
-2.381620
1.370449
-2.100716
1.073716
-1.808036
0.831655
-1.519616
0.649637
-1.240923
0.509642
-0.962504
0.354593
-0.624463
0.180208
-0.250450
0.023019
0.118183
-0.170997
0.475594
-0.602962
1.043524
-0.462791
0.707240
-0.807179
0.908360
-0.031489
0.035807
-0.013325
-0.016395
0.015739
-0.150083
0.084547
-0.275537
0.133324
-0.283162
0.095513
-0.150120
0.024159
0.011739
-0.027746
0.116820
-0.112816
0.267861
-0.208369
0.425896
-0.312174
0.586665
-0.451038
0.815298
-0.636728
1.113813
-0.903417
1.520694
-1.207048
1.945385
-1.597435
2.454296
-1.830006
2.730132
-2.461412
3.447589
-1.774931
2.535071
-4.927079
4.322943
2.561692
-4.772943
4.698575
1.541395
-3.987475
4.370570
-0.313316
-0.989464
0.347654
-2.218863
2.623814
-4.430461
4.476582
1.434525
-3.948795
4.515890
-0.614605
-0.504953
-0.711287
-0.296555
-1.100069
0.481716
-2.528171
3.029991
-4.343194
4.480495
0.960460
-3.276215
3.981147
-2.618695
3.197744
-4.346534
4.676687
0.631401
-2.860685
3.490581
-4.263277
4.734437
-0.027856
-1.717436
1.576874
-4.241599
4.811848
-0.465497
-0.922493
-0.029031
-1.810316
1.671161
-4.501122
5.096892
-0.489398
-0.970623
-0.024338
-1.898526
1.765601
-4.755608
5.406008
-0.437122
-1.195027
0.296102
-2.591186
2.904629
-5.595251
5.544760
1.796533
-4.837958
5.472633
-0.592215
-0.910317
-0.284764
-1.523225
0.911376
-3.691565
4.543572
-4.624516
5.445480
-1.866637
1.522894
-4.581127
5.450316
-2.012430
1.799030
-5.210055
6.163177
-1.317181
0.177630
-2.826369
2.999953
-6.712823
6.944805
1.513435
-4.981653
5.892929
-3.557306
4.159685
-6.010743
6.044742
1.395569
-4.376703
5.125599
-2.604673
2.875025
-5.255774
5.086881
1.653877
-4.315040
4.774700
-0.370600
-1.032461
0.276775
-2.188657
2.463312
-4.625220
4.645157
1.573660
-4.275924
4.927850
-0.396465
-1.149064
0.321345
-2.561309
2.911932
-5.405056
5.339715
1.771591
-4.682848
5.259416
-0.399362
-1.208060
0.383373
-2.712422
3.153302
-5.558473
5.468203
1.802068
-4.752552
-2.916719
2.926434
-0.544424
0.560005
0.315387
-0.251694
0.343600
-0.073889
0.091916
-0.021610
-0.048152
0.024136
-0.113842
0.068255
-0.199218
0.106867
-0.302100
0.163371
-0.456046
0.247416
-0.652824
0.352381
-0.895127
0.479171
-1.141418
0.600096
-1.383475
0.753649
-1.644993
1.020544
-1.986936
1.374111
-2.314669
1.734608
-2.590237
1.974448
-2.715149
1.869539
-2.549450
1.781489
-2.513604
1.739265
-2.488354
1.688328
-2.448449
1.680663
-2.451253
1.640872
-2.409365
1.558448
-2.324859
1.416930
-2.213383
1.444420
-2.276919
1.433696
-2.244532
1.392918
-2.213198
1.396823
-2.226462
1.401785
-2.230433
1.420438
-2.255903
1.499513
-2.336318
1.562945
-2.372908
1.569533
-2.370309
1.604526
-2.403071
1.621897
-2.423806
1.822678
-2.622109
1.953528
-2.679563
1.928286
-2.624327
1.928941
-2.646468
2.055543
-2.770386
2.170954
-2.867656
2.175001
-2.835958
2.221425
-2.910028
2.219165
-2.937846
2.344921
-3.112206
2.374270
-3.100960
2.421678
-3.149230
2.365973
-3.049182
2.346631
-3.003616
2.218094
-2.787760
1.834337
-2.453684
1.291740
-1.986174
0.972964
-1.673651
0.706058
-1.295376
0.504604
-0.913441
0.319850
-0.561402
0.168737
-0.263119
0.056167
-0.070058
0.020265
-0.091788
0.079698
-0.333450
0.234290
-0.722560
0.430534
-1.121109
0.623482
-1.453933
0.805717
-1.668488
0.905718
-1.728299
0.860009
-1.617342
0.747071
-1.444470
0.652937
-1.325562
0.627392
-1.307925
0.628413
-1.326234
0.638770
-1.328425
0.622149
-1.276404
0.584068
-1.188553
0.525071
-1.057726
0.449542
-0.895352
0.363250
-0.720333
0.287131
-0.574335
0.216233
-0.421359
0.146268
-0.277444
0.096770
-0.211531
0.094494
-0.250959
0.128723
-0.356699
0.185356
-0.473072
0.235972
-0.589754
0.294500
-0.681761
0.307631
-0.659065
0.281365
-0.605967
0.269043
-0.604151
0.280885
-0.649941
0.309463
-0.707006
0.325987
-0.708022
0.310764
-0.671041
0.298027
-0.652669
0.294259
-0.654401
0.296936
-0.656596
0.296766
-0.655277
0.294127
-0.652677
0.300663
-0.672849
0.308309
-0.687001
0.313554
-0.690131
0.313210
-0.694493
0.316742
-0.697988
0.317113
-0.711261
0.338108
-0.772685
0.364994
-0.811322
0.374196
-0.817574
0.374652
-0.814935
0.373264
-0.824505
0.388264
-0.866011
0.409205
-0.900314
0.420064
-0.904765
0.413350
-0.893296
0.413644
-0.898870
0.421309
-0.934316
0.449856
-1.002227
0.485961
-1.069756
0.519123
-1.128129
0.539759
-1.156859
0.552237
-1.175246
0.554797
-1.170401
0.547901
-1.152371
0.537022
-1.124524
0.518211
-1.097993
0.520618
-1.119499
0.540258
-1.196998
0.609636
-1.373747
0.727531
-1.585502
0.929164
-1.852305
1.153231
-2.090788
1.458837
-2.383239
1.986923
-2.859642
2.268806
-3.073866
2.439048
-3.286106
2.620304
-3.521668
2.761379
-3.654396
2.840595
-3.708636
2.825699
-3.629505
2.732355
-3.456411
2.563994
-3.238268
2.427758
-3.113323
2.381913
-3.128502
2.441705
-3.235402
2.518479
-3.312038
2.555178
-3.316220
2.523734
-3.257836
2.489580
-3.254252
2.535717
-3.380215
2.665917
-7.698062
2.768730
-1.315775
0.245450
-0.697289
0.397639
-0.920048
0.488528
-1.060277
0.507760
-1.103168
0.531274
-1.150329
0.553150
-1.188126
0.570850
-1.225857
0.598410
-1.307992
0.657306
-1.431971
0.747444
-1.576346
0.868996
-1.750662
1.019976
-1.921556
1.158548
-2.059165
1.342726
-2.248156
1.674157
-2.558551
2.288459
-3.163653
2.121155
-2.798174
2.611367
-3.521738
2.388800
-3.073707
2.689517
-3.506423
2.363073
-2.981483
2.515271
-3.263972
2.256524
-2.899782
2.445471
-3.207742
2.265049
-2.918388
2.421801
-3.166105
2.255928
-2.913601
2.400790
-3.148461
2.267622
-2.919210
2.363348
-3.067878
2.208035
-2.830928
2.278019
-2.987860
2.206302
-2.880303
2.320342
-3.024995
2.215890
-2.867279
2.298855
-3.013170
2.223562
-2.864201
2.256852
-2.918341
2.150227
-2.776562
2.190475
-2.855706
2.129260
-2.757465
2.154153
-2.813234
2.045305
-2.687357
2.102206
-2.784107
1.952740
-2.604348
1.893893
-2.597750
1.682785
-2.390809
1.456619
-2.192290
1.143368
-1.896291
0.946430
-1.687984
0.769010
-1.439202
0.598519
-1.130752
0.443860
-0.822807
0.284688
-0.482221
0.120768
-0.130109
-0.012935
0.197838
-0.299638
0.693022
-0.684959
1.111177
-0.567710
0.812887
-0.724986
0.815590
-0.056686
0.058504
-0.006454
-0.131750
0.125593
-0.392768
0.205206
-0.496535
0.221350
-0.476186
0.192847
-0.397718
0.148048
-0.287768
0.090959
-0.166851
0.052393
-0.090283
0.010022
0.058384
-0.074486
0.249916
-0.287240
0.585094
-0.404707
0.773967
-0.780316
1.311856
-0.654824
1.118513
-1.670131
2.292406
-0.043037
-0.310981
0.164202
-0.852541
1.109815
-2.567174
3.500100
-1.436491
1.901969
-3.417840
3.758960
0.596766
-1.759567
2.401999
-3.063131
3.486517
0.520802
-1.652990
2.322638
-3.351970
3.767206
0.786772
-2.205210
3.049459
-3.116622
3.844300
-0.587781
0.300297
-1.345860
1.712115
-3.204826
3.683197
0.302017
-1.328875
1.752407
-3.367302
3.891748
0.346728
-1.465442
1.914973
-3.454359
3.852613
0.627764
-1.958248
2.726231
-3.574792
4.025601
0.658220
-2.101237
2.627051
-4.287050
4.248721
1.754649
-3.487682
4.032101
0.207931
-1.270021
1.544121
-3.330518
4.075077
-1.127228
0.620013
-2.724153
3.367566
-3.930837
4.482423
-0.439656
-0.859092
-0.042579
-1.645704
1.471723
-4.022553
4.590384
-0.654376
-0.466289
-0.851027
-0.101963
-1.595307
1.329611
-3.991591
4.711653
-1.596523
1.283386
-3.914279
4.619592
-1.843678
1.760528
-4.397663
4.805698
0.149657
-2.060567
2.185225
-4.754401
4.888422
1.198659
-3.790568
4.535090
-2.151277
2.304013
-4.722372
4.677794
1.288874
-3.655191
4.151835
-0.461265
0.048622
-0.846852
0.835047
-2.033898
2.707606
-2.133422
2.734328
-1.259461
1.699038
-2.174985
2.420782
0.346609
-0.868292
1.215933
-1.654043
1.993539
0.141879
-0.479056
0.661497
-1.330371
2.019660
-1.259589
1.968979
-2.312620
3.008092
-0.209115
-0.175322
-0.246551
-0.110587
-0.369431
0.119782
-0.826694
0.971223
-2.269603
3.060935
-1.732452
2.415333
-2.872643
3.369715
0.223295
4.200470
3.316329
-0.058712
0.114630
-0.075635
0.070553
0.002345
-0.072353
0.042194
-0.149594
0.086048
-0.249273
0.127019
-0.330720
0.160505
-0.407700
0.203695
-0.513716
0.258413
-0.635040
0.311949
-0.731429
0.356919
-0.839092
0.420234
-0.979181
0.498239
-1.147611
0.591912
-1.347555
0.703449
-1.529152
0.840220
-1.699188
0.954292
-1.854475
1.130573
-2.048285
1.351799
-2.262321
1.654161
-2.525752
2.085069
-2.894523
2.193295
-2.920103
2.361732
-3.123405
2.341557
-3.040482
2.401340
-3.153181
2.383490
-3.121246
2.469216
-3.243328
2.448141
-3.187453
2.505554
-3.283463
2.484728
-3.246374
2.547770
-3.324106
2.505738
-3.257755
2.550756
-3.348702
2.554889
-3.349637
2.616494
-3.402928
2.571271
-3.339025
2.598181
-3.390046
2.567449
-3.331889
2.584411
-3.367948
2.559427
-3.334238
2.596180
-3.406270
2.608216
-3.409590
2.653295
-3.473185
2.656960
-3.476441
2.712156
-3.574269
2.754704
-3.614553
2.808167
-3.662715
2.779728
-3.573108
2.711327
-3.456379
2.574279
-3.252433
2.431521
-3.069124
2.271145
-2.848301
1.924323
-2.525960
1.235425
-1.905368
0.928527
-1.617290
0.683285
-1.282433
0.525901
-0.991898
0.381294
-0.742081
0.314403
-0.709329
0.364552
-0.941522
0.540955
-1.359484
0.797150
-1.761064
1.245393
-2.245067
1.752830
-2.637506
1.962319
-2.691122
1.920850
-2.603216
1.698705
-2.400725
1.487088
-2.247301
1.387586
-2.200898
1.383860
-2.207869
1.311041
-2.110898
1.154537
-1.934197
0.952034
-1.682788
0.741301
-1.385921
0.580571
-1.110460
0.447045
-0.860787
0.337430
-0.663378
0.252497
-0.484056
0.167961
-0.317501
0.112109
-0.246796
0.115084
-0.312689
0.164765
-0.447022
0.230402
-0.566437
0.273038
-0.637220
0.295130
-0.654822
0.292520
-0.629017
0.266616
-0.569525
0.251204
-0.577078
0.276314
-0.654225
0.308623
-0.686792
0.310821
-0.677576
0.298433
-0.650669
0.296466
-0.663445
0.300450
-0.659156
0.298379
-0.667419
0.306758
-0.683704
0.311346
-0.685414
0.305873
-0.669589
0.306059
-0.687086
0.315840
-0.693105
0.311110
-0.690170
0.316715
-0.702710
0.321505
-0.708724
0.323480
-0.715581
0.327069
-0.718865
0.323839
-0.709388
0.319969
-0.698524
0.315151
-0.693009
0.311871
-0.678098
0.304102
-0.676302
0.312032
-0.694904
0.316369
-0.693356
0.307990
-0.667918
0.294430
-0.645243
0.292754
-0.649971
0.296693
-0.661282
0.301497
-0.671100
0.305337
-0.678778
0.314202
-0.716972
0.342418
-0.778068
0.361774
-0.790775
0.359808
-0.782633
0.351667
-0.759861
0.345646
-0.766417
0.358314
-0.797475
0.371325
-0.829468
0.393480
-0.879706
0.425448
-0.980174
0.502025
-1.174647
0.618389
-1.416991
0.774022
-1.645720
0.956339
-1.874736
1.172121
-2.106420
1.467316
-2.377832
1.853355
-2.696289
2.273442
-3.113789
2.263155
-2.969699
2.493613
-3.256482
2.284912
-2.883978
2.319398
-2.964223
2.085632
-2.682055
1.930027
-2.608613
1.848358
-2.563389
1.806495
-2.537305
1.713604
-2.452822
1.674122
-2.452061
1.844715
-2.637082
2.142546
-2.907187
2.174724
-2.861986
7.195427
-3.040014
0.031790
-0.314594
0.124084
-0.470318
0.258156
-0.685845
0.390776
-0.900912
0.459487
-1.023696
0.498145
-1.102592
0.535965
-1.162961
0.562967
-1.217688
0.591908
-1.279455
0.629865
-1.355364
0.673469
-1.441792
0.749166
-1.577936
0.859676
-1.711738
0.939948
-1.808499
1.040574
-1.932484
1.170636
-2.062866
1.303446
-2.194005
1.518353
-2.399019
1.877180
-2.706632
2.238782
-3.021037
2.200839
-2.898477
2.419248
-3.169901
2.260677
-2.885146
2.321306
-2.988196
2.137051
-2.742843
2.217577
-2.905303
2.132219
-2.781112
2.249464
-2.948222
2.171215
-2.817958
2.254912
-2.937244
2.156694
-2.768323
2.165898
-2.819883
1.850284
-2.484660
1.818604
-2.558937
1.686852
-2.426378
1.708446
-2.475358
1.541642
-2.291450
1.420857
-2.212928
1.336975
-2.149489
1.287819
-2.116721
1.276558
-2.122294
1.326261
-2.179532
1.362917
-2.201216
1.370236
-2.206048
1.405056
-2.241713
1.431892
-2.259875
1.416391
-2.221730
1.300574
-2.102314
1.202046
-2.005118
1.026049
-1.765813
0.776155
-1.429948
0.599031
-1.141096
0.455761
-0.854029
0.303557
-0.533578
0.152058
-0.206870
0.015272
0.124083
-0.183207
0.527747
-0.704848
1.247109
-0.573385
0.919408
-1.279229
1.584611
-0.034596
-0.051764
0.007879
-0.032535
0.038440
-0.014586
0.013231
0.004215
-0.041651
0.024212
-0.065182
0.019078
-0.019648
-0.005277
0.051815
-0.046345
0.158775
-0.147323
0.345256
-0.280855
0.569154
-0.446870
0.837355
-0.708015
1.230331
-0.920114
1.537954
-1.394722
2.162210
-1.243351
1.949884
-2.685694
3.410467
0.270269
-1.346131
1.800701
-4.706410
4.692677
1.858628
-4.533777
4.853295
0.462320
-2.561094
3.024312
-4.600735
4.664593
1.233732
-3.713976
4.400120
-1.635694
1.467645
-4.118625
4.760152
-0.817815
-0.218829
-1.405819
0.920359
-3.392712
4.138739
-3.483857
4.268174
-3.269864
4.053047
-4.094518
4.866176
-1.807839
1.615889
-4.444880
5.085499
-0.762145
-0.443822
-1.076716
0.168488
-2.268081
2.430985
-5.298690
5.464378
1.370625
-4.271180
5.083015
-2.278857
2.387621
-5.360738
5.608783
1.210382
-4.133567
5.020904
-3.297832
3.989896
-5.340344
5.696847
0.742484
-3.431976
4.206009
-5.298904
5.866453
0.193881
-2.555789
2.731077
-5.896791
6.049039
1.538409
-4.764585
5.671988
-2.432724
2.463538
-5.773798
6.137006
0.928358
-3.925078
4.833205
-5.312488
6.147104
-1.212589
0.021589
-2.398543
2.303344
-5.857300
6.476799
0.119542
-2.634391
2.685817
-6.252720
6.625352
1.071159
-4.354581
5.386124
-5.529887
6.547843
-2.225330
1.789748
-5.417079
6.315039
-2.456019
2.284944
-5.664094
6.091179
0.065535
-2.259526
2.171388
-5.112447
5.364036
0.507506
-2.759408
3.181349
-4.685151
4.607154
1.167162
-2.525815
3.313521
-2.625650
3.360340
-1.644891
2.240777
-3.125061
3.504070
0.725954
-2.079776
3.030233
-3.455020
4.398786
-0.978889
0.179843
-2.126685
2.299686
-4.822255
4.873909
1.340277
-3.942400
4.622302
-1.467268
1.075655
-3.626292
4.400571
-2.746449
3.290505
-4.789397
4.923631
-1.662391
0.431501
-0.189478
0.304067
-0.205065
0.274581
-0.062152
0.069673
-0.003437
-0.081463
0.033869
-0.138133
0.083271
-0.243043
0.132233
-0.363734
0.189737
-0.504998
0.264061
-0.656961
0.323596
-0.758322
0.372793
-0.874409
0.442572
-1.040254
0.537320
-1.238806
0.642949
-1.448432
0.802896
-1.698202
1.029248
-1.979965
1.353294
-2.298424
1.815145
-2.694188
2.317268
-3.187943
2.306423
-3.071003
2.651493
-3.530746
2.510921
-3.244223
2.701877
-3.556808
2.557487
-3.325003
2.745767
-3.604301
2.602985
-3.387877
2.795557
-3.700365
2.713921
-3.543735
2.888112
-3.797821
2.786473
-3.610468
2.904187
-3.802353
2.810442
-3.667774
2.950774
-3.883369
2.893596
-3.771076
3.003197
-3.918729
2.899702
-3.748199
2.968167
-3.885472
2.912884
-3.802006
3.014431
-3.960274
2.981089
-3.880250
3.053870
-3.985180
2.995743
-3.900457
3.063412
-3.997860
3.003442
-3.887472
3.031384
-3.948734
2.975338
-3.858808
2.999020
-3.884849
2.912498
-3.749444
2.885028
-3.706481
2.764369
-3.535796
2.699536
-3.449791
2.554242
-3.223287
2.411699
-3.007506
2.169082
-2.736757
1.384123
-2.015522
1.059186
-1.762977
0.754753
-1.391254
0.577004
-1.090522
0.442707
-0.893289
0.409758
-0.943911
0.503512
-1.251221
0.711925
-1.662981
1.195717
-2.225370
1.825807
-2.726443
2.075945
-2.773061
2.012799
-2.663695
1.841076
-2.533896
1.807224
-2.548573
1.787883
-2.531958
1.792654
-2.532971
1.622068
-2.341464
1.335142
-2.081686
1.088200
-1.841017
0.861439
-1.554018
0.659700
-1.259840
0.529455
-1.029505
0.421757
-0.827036
0.324185
-0.637422
0.247515
-0.502668
0.206937
-0.462670
0.215887
-0.534701
0.268326
-0.643860
0.306833
-0.703604
0.335544
-0.759125
0.350360
-0.769739
0.348810
-0.754264
0.335492
-0.728791
0.329321
-0.718434
0.327356
-0.731837
0.342780
-0.772107
0.362634
-0.809567
0.377264
-0.824161
0.372885
-0.804006
0.361132
-0.782414
0.355254
-0.771034
0.351636
-0.783556
0.371607
-0.840845
0.399482
-0.886471
0.417849
-0.913408
0.425027
-0.917048
0.422918
-0.919312
0.435467
-0.964641
0.459196
-0.988027
0.449072
-0.949726
0.434439
-0.933055
0.434320
-0.939097
0.434189
-0.933641
0.435567
-0.945031
0.440545
-0.941999
0.425696
-0.904591
0.410319
-0.881036
0.407079
-0.891049
0.415420
-0.904409
0.418019
-0.895471
0.412635
-0.897031
0.418076
-0.911555
0.425027
-0.930084
0.443944
-0.984136
0.471493
-1.028639
0.490370
-1.073220
0.517118
-1.116169
0.534413
-1.153761
0.557357
-1.203778
0.582906
-1.259685
0.621938
-1.341907
0.664966
-1.434790
0.752840
-1.595299
0.903857
-1.813662
1.118958
-2.062249
1.449487
-2.375429
1.861796
-2.707345
2.267913
-3.099508
2.284992
-3.073332
2.654118
-3.611272
2.673138
-3.553986
2.993385
-4.021821
2.980955
-3.934753
3.233390
-4.232795
3.056241
-3.891184
3.065843
-3.892498
2.766659
-3.500484
2.779721
-3.646295
2.721323
-3.577429
2.885488
-3.786519
2.801054
-3.626665
2.879202
-3.772494
2.835161
-3.734375
2.995659
-3.959748
2.991768
-3.926437
8.887951
-4.050611
0.030379
-0.289107
0.106428
-0.397643
0.210411
-0.567839
0.317028
-0.734388
0.360986
-0.814377
0.397210
-0.936209
0.477579
-1.094187
0.547999
-1.209182
0.591367
-1.280785
0.632866
-1.362243
0.673898
-1.432345
0.723793
-1.511425
0.782956
-1.606311
0.871472
-1.732369
0.980260
-1.879587
1.162224
-2.086755
1.425540
-2.336556
1.788047
-2.640243
2.250158
-3.093101
2.196006
-2.916045
2.577917
-3.460855
2.432184
-3.133229
2.634929
-3.444795
2.423701
-3.121611
2.593584
-3.390289
2.414270
-3.112645
2.558009
-3.351875
2.412374
-3.102122
2.515841
-3.274223
2.366380
-3.057120
2.475262
-3.234705
2.360746
-3.048043
2.436753
-3.162313
2.309685
-2.978722
2.370522
-3.090944
2.293331
-2.992034
2.393803
-3.139802
2.337506
-3.033430
2.402747
-3.134928
2.332975
-3.022869
2.384109
-3.107372
2.317099
-2.984076
2.317312
-2.986430
2.218336
-2.858472
2.228936
-2.897761
2.174953
-2.811592
2.185037
-2.832078
2.085249
-2.712565
1.787104
-2.439907
1.407205
-2.121613
1.081487
-1.801318
0.793844
-1.438110
0.579543
-1.071108
0.401625
-0.717471
0.225324
-0.351007
0.061275
0.029838
-0.079084
0.309338
-0.490898
0.869070
-0.552125
0.851743
-0.647457
0.840259
-0.266417
0.287545
-0.107850
-0.127118
-0.047293
-0.060761
-0.092426
-0.077884
-0.114955
-0.071428
-0.122979
-0.051813
-0.127277
-0.027169
-0.140791
0.002693
-0.155083
0.031936
-0.144382
0.035164
-0.057207
-0.007096
0.119992
-0.168761
0.467759
-0.572795
1.078856
-0.630091
1.118839
-1.502441
2.181824
-0.216971
0.052256
-0.558888
0.603205
-1.720258
2.538328
-3.085873
3.676417
0.160191
-1.049373
1.226734
-2.661045
3.384356
-1.053518
1.290660
-2.720319
3.426014
-0.727209
0.690706
-1.964487
2.770622
-3.141552
3.783313
-0.051037
-0.725024
0.568926
-1.890151
2.617287
-3.757739
4.110667
0.445726
-2.418095
2.917763
-4.306551
4.456516
1.044456
-3.418349
4.149300
-2.279037
2.652026
-4.756509
4.760204
1.608209
-4.328485
4.937035
-0.369526
-1.167160
0.400002
-2.648386
3.100812
-5.277545
5.255331
1.706940
-4.616917
5.266303
-0.580048
-0.888855
-0.299145
-1.493497
0.855348
-3.628251
4.482715
-4.943301
5.728511
-1.127133
0.018033
-2.207635
2.103317
-5.337414
5.913794
0.087280
-2.406387
2.437718
-5.819684
6.218633
0.805723
-3.739624
4.568903
-5.758173
6.323016
0.257196
-2.826477
3.076729
-6.357373
6.416627
1.852390
-5.342165
6.220443
-1.609185
0.761312
-3.771511
4.577208
-6.224310
6.634126
0.959135
-4.147009
5.082955
-5.799742
6.576330
-0.780196
-0.940012
-0.598991
-1.211713
0.020955
-2.259599
2.110779
-5.222355
5.625786
0.101432
-2.183382
2.171403
-4.917652
5.045481
0.787690
-3.084759
3.662527
-3.595938
4.089926
-0.651764
0.402453
-1.536343
2.012447
-3.356273
3.626882
0.767161
-2.066447
2.937038
-3.023187
3.983663
-0.949034
0.353557
-2.432500
2.874059
-4.947335
4.894126
1.596673
-4.299420
4.898601
-0.487178
-0.924625
-0.072371
-1.738482
1.494501
-4.176584
4.744117
-1.023276
0.221867
5.647403
4.137547
-0.064710
0.069465
-0.004047
-0.029727
0.032631
-0.132714
0.078738
-0.241358
0.129727
-0.361873
0.196195
-0.544618
0.303060
-0.787651
0.415605
-0.997200
0.512619
-1.171237
0.595811
-1.336680
0.681650
-1.472260
0.785955
-1.646984
0.956197
-1.881927
1.212081
-2.167682
1.675266
-2.595917
2.337288
-3.292162
2.257870
-2.976951
2.721506
-3.618210
2.436329
-3.100638
2.674814
-3.490220
2.391311
-3.064147
2.602229
-3.397343
2.361324
-3.026500
2.531435
-3.314309
2.351650
-3.040441
2.517982
-3.280163
2.326194
-2.972468
2.411036
-3.132993
2.264833
-2.945186
2.405066
-3.155969
2.303466
-2.988346
2.423596
-3.197788
2.367622
-3.100615
2.513374
-3.308750
2.447968
-3.180638
2.547204
-3.343748
2.490698
-3.256275
2.607491
-3.428456
2.567913
-3.353606
2.668312
-3.502368
2.627100
-3.424845
2.707973
-3.543355
2.658226
-3.450237
2.706765
-3.534751
2.666518
-3.489223
2.755014
-3.610505
2.723565
-3.533325
2.749826
-3.564743
2.672304
-3.427011
2.613312
-3.305892
2.408983
-3.004488
2.236944
-2.800425
1.572073
-2.193920
1.213365
-1.937522
0.892923
-1.578681
0.662576
-1.243766
0.504131
-0.946492
0.355267
-0.698772
0.317838
-0.766912
0.408124
-1.030750
0.575907
-1.403277
0.824043
-1.787826
1.237757
-2.227281
1.724778
-2.618709
2.063639
-2.805384
2.051482
-2.695985
1.892483
-2.564320
1.696471
-2.418215
1.574303
-2.334651
1.433199
-2.215392
1.305065
-2.092448
1.117000
-1.884506
0.889480
-1.586376
0.676222
-1.292583
0.554037
-1.081075
0.446390
-0.870769
0.336504
-0.641366
0.227706
-0.433493
0.162211
-0.341448
0.143836
-0.341445
0.161682
-0.398509
0.185649
-0.432939
0.194907
-0.438261
0.190711
-0.427666
0.181951
-0.398329
0.169721
-0.375564
0.153139
-0.320793
0.118307
-0.246886
0.099430
-0.231479
0.099319
-0.240709
0.107140
-0.263635
0.120435
-0.295962
0.138351
-0.338628
0.152829
-0.351519
0.151630
-0.343944
0.146797
-0.330710
0.143279
-0.329589
0.142077
-0.320500
0.139925
-0.326358
0.140778
-0.311648
0.124072
-0.266677
0.104107
-0.238390
0.105385
-0.256048
0.115161
-0.279288
0.123023
-0.283379
0.116526
-0.253366
0.099060
-0.221133
0.088346
-0.197547
0.078797
-0.183433
0.075162
-0.173055
0.069998
-0.168541
0.075225
-0.191402
0.083405
-0.195417
0.082748
-0.202766
0.088439
-0.216626
0.096796
-0.239301
0.112216
-0.288339
0.137332
-0.344012
0.164525
-0.405621
0.193884
-0.462109
0.212306
-0.487385
0.218536
-0.487484
0.213919
-0.472991
0.208518
-0.473120
0.214748
-0.500897
0.234720
-0.552982
0.265990
-0.649573
0.332407
-0.813398
0.423812
-1.032492
0.554376
-1.314612
0.706456
-1.579575
0.971379
-1.945523
1.391086
-2.368943
2.147768
-3.118984
2.228093
-3.018007
2.747957
-3.777669
2.712317
-3.598104
3.136236
-4.209197
2.985867
-3.822624
3.131089
-3.995141
2.757517
-3.446159
2.751729
-3.485344
2.428102
-3.074365
2.487696
-3.242618
2.356040
-3.077756
2.534007
-3.378749
2.521116
-3.334666
2.729715
-3.593619
2.632824
-3.386282
10.151499
-3.481434
0.033996
-0.309658
0.114255
-0.410194
0.204079
-0.524145
0.274574
-0.621199
0.298066
-0.671951
0.312591
-0.711814
0.338203
-0.773263
0.366374
-0.822502
0.389149
-0.865468
0.403513
-0.872967
0.398377
-0.858710
0.390209
-0.846083
0.391136
-0.855000
0.396411
-0.872373
0.411493
-0.905439
0.421989
-0.912707
0.424002
-0.914517
0.414726
-0.880019
0.391347
-0.830488
0.368430
-0.789747
0.357546
-0.781775
0.359520
-0.788515
