-0.001912
-0.002839
-0.001135
0.000307
0.000719
0.000930
-0.001072
-0.002687
0.000493
0.005990
0.009506
0.008314
0.005384
0.002542
-0.000025
-0.000917
-0.002018
-0.002830
-0.002125
-0.000213
0.000928
0.000821
0.001139
0.001028
-0.001253
-0.004220
-0.004520
-0.003012
-0.002752
-0.001395
0.000412
0.000871
0.000465
0.000045
-0.001121
-0.001615
0.000488
0.004116
0.006103
0.005647
0.004905
0.002903
0.001944
0.003649
0.004077
0.001184
0.000173
0.002393
0.001985
0.001161
0.002663
0.004425
0.004765
0.003969
0.002366
-0.000315
-0.001869
0.000295
0.004460
0.007499
0.004675
-0.000677
-0.006229
-0.011177
-0.012342
-0.009565
-0.006353
-0.004658
-0.003807
-0.002931
-0.001805
-0.002342
-0.003657
-0.003266
-0.002555
-0.001883
-0.000826
-0.001620
-0.003835
-0.005466
-0.004471
-0.002375
-0.001858
-0.001218
-0.001358
-0.003109
-0.004175
-0.003203
-0.002131
-0.002396
-0.001496
0.001198
0.002167
0.000464
-0.002140
-0.006256
-0.008944
-0.009526
-0.008147
-0.004974
-0.001660
-0.000027
0.001095
0.000802
-0.000364
-0.002495
-0.006530
-0.008641
-0.006547
-0.005149
-0.006660
-0.006037
-0.003548
-0.003197
-0.004650
-0.006374
-0.006083
-0.006717
-0.006918
-0.005123
-0.005749
-0.006354
-0.004840
-0.001216
-0.001547
-0.003389
-0.003917
-0.005844
-0.008634
-0.011612
-0.013802
-0.015244
-0.016256
-0.015294
-0.013878
-0.011559
-0.009175
-0.008233
-0.009286
-0.010572
-0.011672
-0.014090
-0.016615
-0.017034
-0.015139
-0.012065
-0.009271
-0.009123
-0.010761
-0.009379
-0.008567
-0.009507
-0.008096
-0.007516
-0.007568
-0.008280
-0.010242
-0.012470
-0.014373
-0.014923
-0.014175
-0.011000
-0.008789
-0.006875
-0.004108
-0.003017
-0.004912
-0.007638
-0.008374
-0.008991
-0.010278
-0.010480
-0.008320
-0.005157
-0.004517
-0.003803
-0.003757
-0.004631
-0.006312
-0.006131
-0.005279
-0.005210
-0.004220
-0.003501
-0.003916
-0.004957
-0.004879
-0.005371
-0.007660
-0.006689
-0.003225
-0.001464
-0.000218
0.001284
-0.001328
-0.005000
-0.006188
-0.006819
-0.006677
-0.006246
-0.006168
-0.005778
-0.006221
-0.008039
-0.009183
-0.009644
-0.010179
-0.010501
-0.012034
-0.012165
-0.011407
-0.011427
-0.012071
-0.011632
-0.009104
-0.004161
-0.000157
-0.000138
0.000118
0.002159
0.003728
0.005432
0.005079
0.001144
-0.002836
-0.007148
-0.009795
-0.010470
-0.009735
-0.009214
-0.008471
-0.008095
-0.008360
-0.007718
-0.005169
-0.004123
-0.005976
-0.005789
-0.004117
-0.004057
-0.004998
-0.007516
-0.008395
-0.006428
-0.006036
-0.007379
-0.008750
-0.010012
-0.011345
-0.010044
-0.007689
-0.004002
-0.002832
-0.002867
-0.001853
-0.001532
0.000550
0.004245
0.006464
0.006688
0.004271
0.000474
-0.002314
-0.003440
-0.005329
-0.006574
-0.005458
-0.002545
0.000175
0.001394
0.002737
0.004722
0.005878
0.004301
0.002394
0.002261
0.003071
0.003211
0.004092
0.005406
0.006261
0.004377
0.001012
0.000192
-0.000450
-0.000819
0.000054
0.001175
0.002772
0.004153
0.005202
0.003592
0.001639
0.002970
0.006419
0.009876
0.011737
0.012103
0.012377
0.012584
0.011741
0.014322
0.014460
0.012507
0.008961
0.008953
0.008845
0.006155
0.004095
0.003898
0.003327
0.001104
-0.000443
-0.000300
0.000887
0.002556
0.003930
0.002589
-0.001806
-0.003942
-0.001968
0.003588
0.008237
0.009518
0.008855
0.007148
0.005841
0.005602
0.005435
0.006603
0.009790
0.011511
0.010516
0.008994
0.003436
-0.000036
0.001165
0.001255
-0.000584
-0.002498
-0.001938
-0.000521
0.002826
0.007647
0.010731
0.012722
0.013658
0.013401
0.011372
0.009540
0.006219
0.003472
0.003429
0.003732
0.004286
0.004196
0.004061
0.005264
0.005906
0.007045
0.004047
0.000812
0.001680
0.002625
0.003750
0.005626
0.007000
0.006761
0.006613
0.007552
0.008367
0.006529
0.002323
0.000305
0.001094
0.003703
0.005406
0.004952
0.001610
-0.003692
-0.008731
-0.012756
-0.013437
-0.010282
-0.006453
-0.002675
0.001849
0.004226
0.002943
0.001512
0.000689
0.002690
0.004583
0.002791
-0.000397
-0.002455
-0.005295
-0.006606
-0.006119
-0.007418
-0.008695
-0.007225
-0.004607
-0.002999
-0.001303
0.000884
0.001951
0.000576
-0.002210
-0.004002
-0.004038
-0.003583
-0.003227
-0.002725
-0.001317
0.000997
0.002181
-0.000220
-0.002139
-0.002086
-0.002665
-0.004321
-0.004949
-0.005371
-0.005507
-0.003950
-0.000997
-0.000446
-0.000660
-0.000075
-0.000307
-0.002571
-0.005800
-0.008724
-0.009446
-0.011209
-0.014821
-0.017105
-0.015651
-0.010983
-0.006333
-0.003997
-0.004278
-0.005499
-0.006408
-0.007724
-0.007758
-0.006442
-0.004520
-0.002909
-0.002902
-0.006222
-0.008320
-0.007668
-0.008166
-0.008232
-0.009574
-0.013016
-0.015499
-0.014576
-0.009487
-0.005382
-0.004259
-0.003573
-0.002592
-0.002096
-0.002007
-0.001240
-0.001504
-0.003928
-0.004458
-0.002179
0.000363
0.002338
0.001168
-0.001186
-0.003044
-0.003078
-0.001631
-0.001319
-0.002103
-0.003791
-0.006782
-0.011178
-0.011786
-0.008043
-0.004309
-0.002230
-0.002531
-0.003989
-0.004566
-0.003370
-0.002687
-0.002604
-0.004002
-0.005542
-0.003170
0.002282
0.006172
0.007878
0.007335
0.003860
-0.000049
-0.002769
-0.002724
-0.002601
-0.003912
-0.004593
-0.003616
-0.003232
-0.003560
0.000794
0.006743
0.008688
0.007059
0.002351
-0.000878
-0.000424
0.001972
0.004068
0.004764
0.004478
0.004543
0.004242
0.002237
0.000674
0.000281
-0.002305
-0.004148
-0.002608
-0.001651
-0.000908
0.000437
0.002852
0.006308
0.009572
0.009393
0.006497
0.002108
-0.001510
-0.004047
-0.005675
-0.005696
-0.001508
0.002307
0.001192
-0.000329
-0.001365
-0.003486
-0.006302
-0.006985
-0.002355
0.003341
0.006394
0.007981
0.008825
0.008213
0.005567
0.003381
0.002637
0.002253
0.004075
0.008205
0.011837
0.012748
0.011021
0.007957
0.005474
0.005471
0.003893
0.001921
-0.000783
-0.001465
0.001493
0.004940
0.006848
0.007551
0.008560
0.008292
0.004721
0.001229
-0.000953
-0.002025
-0.000805
0.000028
-0.000151
0.003305
0.008460
0.010661
0.010596
0.010436
0.011208
0.011779
0.011088
0.009522
0.009063
0.009742
0.010608
0.012220
0.013606
0.011800
0.004809
0.001617
-0.000595
-0.001035
-0.001909
-0.004441
-0.005622
-0.003506
-0.000623
-0.001697
-0.000402
0.004710
0.007451
0.007222
0.006298
0.004614
0.003567
0.003986
0.005361
0.006414
0.008388
0.009557
0.009785
0.009990
0.008830
0.005367
0.003027
0.003605
0.005073
0.006127
0.004740
0.002065
0.001203
-0.000795
-0.001532
-0.000452
0.001677
0.002950
0.002270
0.002117
0.003266
0.001772
0.001099
0.003402
0.004228
0.003604
0.003793
0.002532
0.002554
0.003307
0.003291
-0.000313
-0.006416
-0.009471
-0.009989
-0.006993
-0.004711
-0.005542
-0.003869
-0.001953
-0.000905
-0.000414
0.000093
-0.000374
-0.003342
-0.005029
-0.004547
-0.003962
-0.004541
-0.004916
-0.005415
-0.005094
-0.002687
-0.004567
-0.007448
-0.008321
-0.006291
-0.002383
-0.000404
-0.001818
-0.004652
-0.005409
-0.005211
-0.007080
-0.010056
-0.008334
-0.005735
-0.003833
-0.001954
-0.001440
-0.001620
-0.001337
-0.001586
-0.003775
-0.007203
-0.009880
-0.011873
-0.011626
-0.008484
-0.005902
-0.005298
-0.006011
-0.006959
-0.009276
-0.010051
-0.009841
-0.011218
-0.010412
-0.007103
-0.004747
-0.004409
-0.004094
-0.002642
-0.000785
-0.000871
-0.002459
-0.006401
-0.010101
-0.010402
-0.008949
-0.007482
-0.006596
-0.004489
-0.002935
-0.002908
-0.001195
-0.000025
-0.002550
-0.007097
-0.011090
-0.013190
-0.013200
-0.013302
-0.014970
-0.016801
-0.018371
-0.018211
-0.016499
-0.013962
-0.009300
-0.005739
-0.006321
-0.008441
-0.009708
-0.009874
-0.008978
-0.009911
-0.012836
-0.015555
-0.016859
-0.015969
-0.013635
-0.013146
-0.013357
-0.012167
-0.008943
-0.007416
-0.009311
-0.012455
-0.014113
-0.013254
-0.010688
-0.011239
-0.011918
-0.010629
-0.009031
-0.008261
-0.009179
-0.010323
-0.010499
-0.009949
-0.008902
-0.007556
-0.006574
-0.005628
-0.006064
-0.008018
-0.007934
-0.007705
-0.007596
-0.009478
-0.010877
-0.009883
-0.010033
-0.012090
-0.013904
-0.013857
-0.012660
-0.012573
-0.011901
-0.009568
-0.008594
-0.007143
-0.008411
-0.010642
-0.010577
-0.010284
-0.010178
-0.009097
-0.006868
-0.003718
-0.003351
-0.007953
-0.012557
-0.013859
-0.012235
-0.009753
-0.006284
-0.003374
-0.001852
-0.001192
-0.000395
-0.000675
-0.002781
-0.005601
-0.008221
-0.009353
-0.007769
-0.004796
-0.002976
-0.003167
-0.005182
-0.007809
-0.008339
-0.008253
-0.008864
-0.010638
-0.011734
-0.009265
-0.005261
-0.001412
-0.000212
-0.002692
-0.003509
-0.003153
-0.004828
-0.006270
-0.006567
-0.006415
-0.004893
-0.004302
-0.005735
-0.007819
-0.009093
-0.008336
-0.005994
-0.003854
-0.004132
-0.004179
-0.004655
-0.005913
-0.007547
-0.008214
-0.006397
-0.003517
-0.001123
0.001085
0.001713
0.001317
0.001682
0.001023
0.000390
0.000625
-0.000388
-0.002022
-0.003966
-0.005267
-0.002656
0.000648
0.004890
0.008858
0.009745
0.006987
0.004883
0.004492
0.004855
0.005533
0.004672
0.006152
0.007626
0.008290
0.009408
0.010407
0.007885
0.004246
0.000994
-0.002582
-0.005700
-0.004509
-0.000066
0.002922
0.002740
0.002334
0.001533
0.000814
-0.000573
-0.003332
-0.004611
-0.003532
-0.000501
0.007507
0.009055
0.009716
0.007972
0.004545
0.002792
0.004756
0.006741
0.008037
0.009842
0.011528
0.012397
0.014309
0.014307
0.011245
0.006595
0.004695
0.005481
0.006684
0.008202
0.008706
0.007266
0.005131
0.005786
0.008762
0.007950
0.004407
0.004407
0.006741
0.007932
0.009344
0.009721
0.008510
0.008091
0.007694
0.006527
0.005044
0.003534
0.002562
0.004074
0.007341
0.010040
0.011024
0.010644
0.009932
0.008463
0.005983
0.004923
0.005343
0.005657
0.005243
0.005786
0.006904
0.007238
0.007437
0.008470
0.008037
0.006258
0.005720
0.005471
0.005193
0.006514
0.005810
0.003768
0.003785
0.005698
0.008372
0.010477
0.010972
0.008435
0.005248
0.003879
0.004277
0.005472
0.006257
0.004286
-0.001330
-0.004998
-0.004015
-0.002437
-0.000830
0.001921
0.004245
0.004908
0.003345
0.003461
0.003830
0.003313
0.001606
-0.001392
-0.003458
-0.003488
-0.001229
-0.001023
-0.000908
0.001029
0.002319
0.004191
0.003474
0.002284
0.004283
0.004976
0.004441
0.003697
0.001822
0.000421
0.002376
0.003885
0.002187
-0.000948
-0.004378
-0.007064
-0.007977
-0.006530
-0.004871
-0.003638
-0.001996
-0.001322
-0.000480
-0.001229
-0.001900
-0.002900
-0.004639
-0.006422
-0.008064
-0.007747
-0.005963
-0.005862
-0.006362
-0.005430
-0.005867
-0.005500
-0.005778
-0.008620
-0.011680
-0.012409
-0.011257
-0.009512
-0.008735
-0.009609
-0.008089
-0.005834
-0.004977
-0.005123
-0.005480
-0.006252
-0.006863
-0.006834
-0.006240
-0.005997
-0.006840
-0.009417
-0.013918
-0.017187
-0.016257
-0.013120
-0.011827
-0.012131
-0.012783
-0.012102
-0.011133
-0.010076
-0.010309
-0.010881
-0.009960
-0.008148
-0.005268
-0.001412
-0.000488
-0.003321
-0.005111
-0.005709
-0.006709
-0.008464
-0.008145
-0.005261
-0.003552
-0.002694
-0.002010
-0.002177
-0.002339
-0.002447
-0.004685
-0.006994
-0.008168
-0.009001
-0.009939
-0.011966
-0.011632
-0.007293
-0.002473
0.000694
0.001366
-0.000600
-0.001815
-0.001453
-0.001920
-0.001569
-0.001547
-0.001933
-0.001561
-0.001266
-0.002440
-0.003939
-0.004643
-0.005872
-0.005880
-0.004130
0.001216
0.006385
0.007318
0.006370
0.005974
0.005322
0.003897
0.003107
0.000867
-0.000319
-0.000398
-0.000616
0.000880
0.004859
0.007735
0.007393
0.005291
0.002752
-0.000884
-0.003656
-0.005248
-0.006875
-0.006650
-0.002415
0.003499
0.005190
0.004571
0.003012
0.001160
-0.000866
-0.002205
-0.003499
-0.003842
-0.002018
-0.000017
0.000720
0.001830
0.005236
0.006883
0.007028
0.006292
0.005134
0.002954
0.001722
0.003300
0.005129
0.006737
0.006956
0.005636
0.004516
0.005279
0.004822
0.005701
0.008121
0.010254
0.011861
0.011626
0.007699
0.004682
0.005316
0.008596
0.009405
0.010415
0.009670
0.006701
0.004464
0.005322
0.008252
0.009711
0.009666
0.010174
0.011588
0.012047
0.010898
0.010207
0.010219
0.009650
0.011537
0.011519
0.009361
0.008336
0.009994
0.010708
0.008048
0.004116
0.002401
0.002792
0.002569
0.003079
0.004179
0.007539
0.010501
0.004354
0.003545
0.004082
0.006717
0.009534
0.010808
0.010286
0.008277
0.004860
0.003498
0.001026
-0.003176
-0.005834
-0.003456
0.001292
0.004756
0.008284
0.007965
0.006415
0.006698
0.006663
0.006797
0.005685
0.003268
0.002530
0.003927
0.005069
0.003408
-0.000081
0.000002
0.003484
0.004763
0.004221
0.003841
0.003044
0.001630
0.003036
0.004877
0.001284
-0.002768
-0.004009
-0.006003
-0.007909
-0.007902
-0.006813
-0.005030
-0.003192
-0.001688
-0.000714
-0.000562
-0.001341
-0.000628
0.000963
0.001346
-0.000009
-0.000845
-0.001190
0.002086
0.005634
0.004036
0.000193
-0.002119
-0.002136
-0.002839
-0.004235
-0.004445
-0.003054
-0.000617
0.000118
0.001850
0.002448
0.001314
0.000325
-0.003540
-0.007353
-0.008979
-0.009573
-0.008370
-0.008216
-0.009297
-0.011539
-0.013045
-0.014675
-0.013895
-0.009501
-0.006703
-0.007084
-0.005978
-0.003519
-0.001995
-0.000354
-0.000619
-0.003479
-0.008310
-0.012260
-0.011714
-0.011121
-0.010259
-0.009771
-0.010131
-0.010466
-0.010659
-0.009643
-0.007845
-0.006384
-0.004227
-0.000962
0.000806
0.000728
-0.000806
-0.005733
-0.010274
-0.013491
-0.015187
-0.013794
-0.010700
-0.010563
-0.011896
-0.009874
-0.006982
-0.005336
-0.003016
0.000835
0.001573
-0.001477
-0.004372
-0.007672
-0.010067
-0.011885
-0.013436
-0.012359
-0.011279
-0.011311
-0.012135
-0.013186
-0.012260
-0.012060
-0.013124
-0.013187
-0.013236
-0.014629
-0.017248
-0.019299
-0.017887
-0.015445
-0.015893
-0.016891
-0.018361
-0.020137
-0.018360
-0.015214
-0.012965
-0.010440
-0.007233
-0.006213
-0.006496
-0.007499
-0.010269
-0.012619
-0.014733
-0.014370
-0.013336
-0.012765
-0.011972
-0.008443
-0.005695
-0.006773
-0.008314
-0.008120
-0.008121
-0.010461
-0.011320
-0.010318
-0.011928
-0.011670
-0.008608
-0.010304
-0.014801
-0.016452
-0.016306
-0.016947
-0.018539
-0.019720
-0.017498
-0.011463
-0.008796
-0.009831
-0.011629
-0.013570
-0.014825
-0.013971
-0.010583
-0.007912
-0.008137
-0.009318
-0.010780
-0.010773
-0.010096
-0.007997
-0.005826
-0.004334
-0.002989
-0.002643
-0.001545
0.000538
0.000155
-0.001145
-0.001560
-0.002913
-0.005669
-0.008808
-0.010209
-0.009413
-0.008438
-0.009549
-0.011846
-0.013071
-0.011174
-0.007782
-0.007521
-0.007467
-0.005421
-0.004201
-0.002090
0.000776
0.001716
0.003421
0.004081
0.000923
-0.003411
-0.005834
-0.006910
-0.007420
-0.008126
-0.006628
-0.005914
-0.007509
-0.008640
-0.009849
-0.011085
-0.010495
-0.010456
-0.010006
-0.007826
-0.006271
-0.007544
-0.006980
-0.002825
0.000014
0.001291
0.001933
0.002438
0.002630
0.002493
-0.001021
-0.004015
-0.004055
-0.003160
-0.001337
0.001898
0.003625
0.003388
0.001467
-0.000533
0.000693
0.002583
0.001711
-0.001019
-0.003062
-0.003428
-0.001935
0.000590
0.002540
0.003729
0.002180
-0.001353
-0.003939
-0.005409
-0.005595
-0.001901
0.001845
0.004312
0.005193
0.004323
0.004314
0.005494
0.006904
0.008445
0.008446
0.007780
0.007342
0.005395
0.002834
0.002049
0.001792
0.000879
-0.000571
0.000756
0.002479
0.001525
0.005421
0.003367
0.003292
0.004275
0.003182
0.002633
0.003898
0.007896
0.011606
0.013291
0.013969
0.013445
0.010458
0.006559
0.004930
0.005029
0.006722
0.006837
0.004091
0.004060
0.005265
0.006010
0.007242
0.009939
0.008721
0.005666
0.007760
0.013247
0.018359
0.019933
0.018489
0.017029
0.015772
0.013737
0.010708
0.006844
0.005649
0.006708
0.007487
0.007792
0.005979
0.002985
0.003210
0.003480
0.003636
0.003877
0.002438
0.003840
0.007326
0.007950
0.006739
0.006138
0.003681
0.000637
0.002459
0.005554
0.005938
0.005866
0.005550
0.005295
0.005261
0.003271
-0.000433
-0.003073
-0.001800
0.003373
0.005685
0.007805
0.009933
0.007964
0.006187
0.004116
0.000371
-0.000230
-0.000082
-0.001780
-0.003290
-0.002887
-0.000787
0.000964
-0.001229
-0.003846
-0.002295
0.000004
-0.001169
-0.002352
-0.003087
-0.003468
-0.002922
-0.001323
0.000722
0.002151
0.004408
0.004811
0.002191
0.000590
0.001642
0.001968
0.001547
0.000004
-0.000767
-0.001398
-0.002418
-0.002619
-0.002095
-0.000475
0.001861
0.004758
0.004634
0.001066
-0.001949
-0.004664
-0.005630
-0.005828
-0.002864
-0.000092
-0.001148
-0.003147
-0.005695
-0.006827
-0.003952
0.000399
0.003629
0.005638
0.005236
0.002801
-0.000862
-0.002522
-0.003258
-0.004615
-0.005599
-0.005776
-0.007775
-0.009657
-0.008378
-0.003793
-0.001292
-0.002490
-0.003554
-0.003283
-0.002563
-0.003356
-0.004869
-0.005954
-0.005154
-0.003085
-0.003110
-0.004174
-0.003164
-0.002598
-0.002596
-0.002909
-0.003944
-0.004455
-0.002579
-0.000145
-0.000456
-0.002103
-0.005997
-0.011725
-0.014869
-0.013716
-0.008303
-0.003877
-0.002224
-0.001780
-0.004574
-0.009401
-0.012723
-0.012676
-0.010107
-0.007088
-0.005069
-0.006063
-0.007741
-0.007580
-0.007167
-0.006970
-0.006980
-0.003484
0.002877
0.008267
0.011175
0.008877
0.002292
-0.002319
-0.004629
-0.004856
-0.005301
-0.002961
-0.000277
0.000194
-0.001640
-0.006163
-0.007672
-0.005251
-0.002225
-0.000225
0.001028
0.002481
0.002344
-0.000293
-0.002975
-0.003634
-0.004254
-0.003464
-0.001806
-0.001587
-0.002278
-0.003832
-0.005946
-0.005049
-0.004438
-0.005926
-0.008332
-0.007888
-0.005903
-0.003994
-0.002125
-0.001330
0.000881
0.002678
0.002413
0.000765
-0.000826
-0.002143
-0.001204
0.001426
0.002509
0.000414
-0.002530
-0.002504
0.002116
0.003777
0.001910
-0.000083
-0.001510
-0.002009
-0.001814
-0.001263
-0.000123
0.003352
0.006556
0.005567
0.000470
-0.003224
-0.002544
-0.001056
0.000376
0.000572
-0.000030
0.000479
0.002413
0.004223
0.004224
0.005177
0.005877
0.006869
0.006411
0.005142
0.005179
0.005159
0.006491
0.007359
0.006006
0.005743
0.006334
0.003994
0.000910
0.000391
0.003195
0.005239
0.005513
0.006424
0.007779
0.007287
0.004162
0.001816
-0.000682
-0.003530
-0.003063
0.002551
0.007639
0.009716
0.011671
0.012292
0.011164
0.009937
0.010790
0.009159
0.006669
0.006417
0.008182
0.009355
0.011444
0.015289
0.017163
0.015870
0.014170
0.012304
0.003737
0.001794
0.003125
0.005676
0.007714
0.008943
0.007313
0.003314
0.003892
0.005490
0.004126
0.001384
-0.001125
-0.002487
-0.002681
-0.001440
-0.000699
0.001151
0.004519
0.006417
0.006913
0.006057
0.004153
0.003003
0.002863
0.004558
0.004238
0.002828
0.004142
0.007682
0.008586
0.008063
0.010115
0.010202
0.008843
0.006454
0.004377
0.003460
0.003480
0.004147
0.004076
0.003045
-0.000163
-0.004177
-0.005213
-0.003155
-0.001319
0.001643
0.003662
0.003392
0.003712
0.004747
0.004969
0.004408
0.003241
0.002581
0.002111
0.001549
0.001774
0.000851
-0.001661
-0.003520
-0.005307
-0.007509
-0.008700
-0.007308
-0.003162
0.000679
0.000477
0.000367
0.001759
-0.000191
-0.003617
-0.005360
-0.005653
-0.006085
-0.006254
-0.006948
-0.009992
-0.009907
-0.008805
-0.007615
-0.006115
-0.005519
-0.006786
-0.008430
-0.009503
-0.008256
-0.006403
-0.003054
0.001692
0.004925
0.005729
0.004095
0.000937
-0.003207
-0.007316
-0.009352
-0.008554
-0.005300
-0.002810
-0.000884
0.001494
0.001610
-0.000466
-0.002937
-0.005465
-0.007645
-0.006130
-0.005010
-0.007817
-0.012519
-0.011950
-0.007429
-0.005644
-0.007273
-0.008966
-0.010892
-0.012239
-0.011129
-0.008202
-0.006645
-0.007165
-0.009090
-0.009306
-0.008907
-0.009204
-0.008883
-0.008171
-0.008277
-0.008031
-0.006993
-0.008529
-0.013120
-0.017670
-0.021379
-0.023718
-0.025368
-0.021935
-0.015524
-0.010706
-0.007613
-0.008763
-0.009813
-0.011257
-0.014562
-0.016409
-0.016558
-0.016071
-0.015010
-0.013781
-0.013297
-0.010545
-0.008028
-0.010401
-0.014798
-0.018894
-0.019492
-0.018675
-0.018804
-0.016767
-0.012092
-0.007258
-0.005464
-0.006365
-0.006411
-0.007494
-0.009467
-0.010585
-0.010178
-0.007529
-0.006870
-0.007524
-0.009034
-0.012507
-0.016013
-0.018470
-0.018106
-0.014496
-0.010471
-0.009161
-0.010998
-0.013326
-0.013180
-0.013360
-0.013190
-0.011807
-0.012187
-0.012855
-0.012291
-0.010165
-0.009107
-0.006940
-0.002571
-0.001344
-0.003030
-0.003996
-0.003280
-0.003381
-0.005141
-0.007614
-0.008548
-0.006524
-0.003679
-0.003177
-0.004226
-0.002214
-0.000341
-0.001897
-0.004108
-0.005594
-0.006158
-0.006664
-0.005766
-0.005132
-0.004661
-0.004461
-0.005421
-0.009165
-0.013019
-0.014687
-0.013308
-0.011221
-0.008503
-0.004506
-0.000636
-0.001107
-0.002124
-0.001367
-0.000860
-0.000833
-0.000452
-0.002503
-0.001936
-0.000957
-0.002860
-0.002735
-0.002573
-0.003333
-0.002461
-0.000958
-0.000666
-0.001751
-0.002921
-0.002910
-0.003472
-0.002776
-0.000575
0.001341
0.002280
0.001611
0.000798
0.000459
-0.000163
-0.002858
-0.004512
-0.001797
0.001596
0.003103
0.002922
0.000729
-0.001043
-0.001594
-0.001295
-0.001703
-0.001106
-0.000927
0.001135
0.003649
0.004592
0.005887
0.008390
0.008524
0.005498
0.001653
-0.003872
-0.006896
-0.007024
-0.005047
-0.002394
-0.001074
-0.000062
-0.000584
-0.000817
-0.000331
0.000956
0.003538
0.005522
0.005492
0.005361
0.007088
0.007359
0.005935
0.002748
0.001695
0.003359
0.003627
0.003205
0.002786
0.002078
0.006184
0.004005
0.001323
-0.000495
-0.001331
-0.001616
0.000934
0.005788
0.009472
0.009187
0.007149
0.005830
0.007169
0.009013
0.007287
0.002858
-0.000672
-0.001250
0.001713
0.007136
0.012389
0.015164
0.013986
0.012914
0.013356
0.012744
0.011093
0.010919
0.013087
0.015257
0.015786
0.014952
0.012624
0.007930
0.005260
0.006797
0.008811
0.006605
0.006689
0.008939
0.008932
0.008414
0.007439
0.005766
0.003561
0.003852
0.006922
0.008096
0.006850
0.005409
0.004638
0.003154
0.001253
-0.000161
-0.001043
-0.003557
-0.005069
-0.003851
-0.001862
-0.001591
0.000109
0.003340
0.005187
0.005217
0.002562
0.001657
0.002633
0.002479
0.001648
0.000941
-0.000441
-0.002167
-0.003387
-0.003512
-0.003434
-0.001675
0.001744
0.002417
0.002275
0.001584
-0.000432
-0.000375
0.001111
0.002748
0.001986
-0.001367
-0.005350
-0.004987
-0.000529
0.002161
0.003690
0.005466
0.006201
0.004516
0.001724
-0.000702
-0.002659
-0.002516
-0.002535
-0.004482
-0.006485
-0.006679
-0.002793
0.002967
0.004978
0.004235
0.004626
0.006884
0.007787
0.005770
0.001695
-0.005788
-0.009679
-0.005688
-0.002846
-0.000630
-0.000036
-0.001261
-0.001178
-0.002369
-0.005675
-0.008804
-0.009389
-0.006741
-0.004402
-0.004443
-0.006132
-0.008703
-0.009814
-0.010392
-0.008838
-0.006481
-0.004279
-0.004243
-0.006835
-0.009389
-0.009853
-0.008813
-0.009056
-0.009284
-0.010307
-0.012714
-0.013247
-0.012932
-0.012707
-0.013050
-0.011028
-0.006427
-0.001846
0.002003
0.001110
-0.001828
-0.004386
-0.006506
-0.005864
-0.005191
-0.004613
-0.001948
0.000228
-0.002162
-0.005551
-0.008659
-0.012548
-0.015932
-0.015184
-0.012827
-0.010662
-0.009499
-0.008390
-0.007058
-0.006458
-0.004326
-0.002104
-0.002989
-0.005726
-0.004708
0.000573
0.006446
0.007314
0.004792
0.000822
-0.003347
-0.006609
-0.006812
-0.006340
-0.004617
-0.005127
-0.004726
-0.004096
-0.005289
-0.006044
-0.006612
-0.006388
-0.006501
-0.006256
-0.004645
-0.002584
-0.001012
-0.000439
-0.000070
-0.001401
-0.005012
-0.007780
-0.007437
-0.005908
-0.002203
0.000694
0.001240
0.003502
0.005021
0.004670
0.005016
0.006355
0.004895
0.002146
-0.000535
-0.002985
-0.004480
-0.006773
-0.009798
-0.010603
-0.008772
-0.007907
-0.008521
-0.007256
-0.004026
0.000345
0.002790
0.004428
0.006496
0.006677
0.004186
0.003532
0.003705
0.004412
0.003875
0.001942
0.001160
0.000808
0.000092
-0.001007
-0.000142
0.001807
0.002855
0.003110
0.003136
0.003929
0.003307
0.002136
0.000578
0.000903
0.002371
0.001990
-0.000849
-0.005828
-0.006790
-0.007546
-0.008002
-0.006163
-0.005463
-0.001624
0.004361
0.007958
0.010177
0.009837
0.007901
0.006108
0.003987
0.002400
0.000716
-0.000603
0.000487
0.005586
0.011164
0.009891
0.006065
0.004839
0.005000
0.004620
0.004447
0.005002
0.005538
0.005581
0.006451
0.007936
0.010454
0.011146
0.008292
0.006112
0.005160
0.006428
0.007604
0.006977
0.007585
0.009595
0.011621
0.013240
0.011226
0.006283
0.004076
0.002270
0.004516
0.003265
0.002339
0.003114
0.004477
0.007688
0.009312
0.006205
0.000251
-0.005443
-0.005829
-0.002655
0.000840
0.005372
0.011279
0.014454
0.013211
0.008674
0.004474
0.003004
0.002402
0.001674
0.001363
0.001115
0.000568
-0.000224
-0.000987
-0.002646
-0.004018
-0.003490
-0.002190
-0.002572
-0.003006
-0.004053
-0.003086
-0.002307
-0.000773
-0.000515
-0.000446
0.001530
0.000187
-0.001529
-0.000093
0.002339
0.003931
0.004264
0.004008
0.002198
-0.000449
-0.001546
-0.001219
-0.004333
-0.007197
-0.005082
-0.002393
0.001389
0.003801
0.002605
-0.000107
-0.001547
0.000939
-0.000309
-0.002575
-0.000192
0.001156
0.001694
0.000801
-0.001463
-0.004613
-0.005476
-0.006524
-0.010710
-0.015514
-0.017419
-0.016010
-0.013351
-0.010496
-0.008390
-0.008718
-0.008119
-0.005153
-0.002651
-0.002225
-0.004334
-0.005406
-0.003869
-0.001411
0.000159
0.000263
-0.002335
-0.007193
-0.011527
-0.012738
-0.011357
-0.011828
-0.011419
-0.009621
-0.009937
-0.010092
-0.009107
-0.008277
-0.005433
-0.003817
-0.005967
-0.008593
-0.007610
-0.005606
-0.005076
-0.004174
-0.003113
-0.002171
-0.002264
-0.002958
-0.003023
-0.004942
-0.006170
-0.004637
-0.005045
-0.007974
-0.009511
-0.009175
-0.009622
-0.010635
-0.013090
-0.014997
-0.014272
-0.013610
-0.012979
-0.010882
-0.008598
-0.007141
-0.008209
-0.007510
-0.006552
-0.008270
-0.010737
-0.014439
-0.016872
-0.018461
-0.017970
-0.016337
-0.013911
-0.009742
-0.008497
-0.010627
-0.012475
-0.012465
-0.011356
-0.010764
-0.011778
-0.012585
-0.010358
-0.007442
-0.006098
-0.007094
-0.008980
-0.012063
-0.015586
-0.017585
-0.018367
-0.017487
-0.013915
-0.009401
-0.006697
-0.006049
-0.006749
-0.006901
-0.008764
-0.011228
-0.010370
-0.010624
-0.013859
-0.014932
-0.015286
-0.014658
-0.012535
-0.009562
-0.005132
-0.002878
-0.002919
-0.003375
-0.005440
-0.008970
-0.011172
-0.011710
-0.009014
-0.005932
-0.004693
-0.005222
-0.004200
-0.000316
0.003460
0.003962
0.003133
0.001736
-0.002391
-0.006426
-0.007175
-0.005683
-0.005532
-0.005367
-0.004697
-0.005613
-0.005506
-0.002891
0.000311
0.000534
-0.002276
-0.007215
-0.011986
-0.013718
-0.010393
-0.004182
-0.000456
-0.000512
-0.000967
0.000250
-0.000120
-0.002783
-0.004796
-0.005645
-0.004720
-0.001566
0.001126
0.003494
0.003784
0.000443
-0.004128
-0.006630
-0.007116
-0.005425
-0.001778
0.001303
0.002297
0.001876
0.001018
0.000847
0.000307
-0.002355
-0.002608
-0.002066
-0.000950
0.001900
0.003879
0.002420
-0.000603
-0.002574
-0.003523
-0.002008
0.001624
0.004471
0.004931
0.002983
-0.001024
-0.005713
-0.006743
-0.006629
-0.005329
-0.001837
0.000783
0.002767
0.001254
-0.000348
0.000426
0.001768
0.002365
0.002384
0.002236
0.001700
0.001326
0.000824
0.001195
0.002526
0.002574
0.003582
0.005551
0.006938
0.007267
0.002669
-0.003125
-0.005301
-0.004921
-0.003840
-0.002621
-0.000669
0.003135
0.005139
0.003666
0.001590
0.000573
-0.000087
-0.001045
-0.001927
-0.001701
0.001199
0.004813
0.006163
0.006286
0.004867
0.007691
0.009637
0.010770
0.007822
0.003912
0.001029
0.002360
0.004007
0.003709
0.004774
0.006540
0.006910
0.006950
0.007277
0.008723
0.012102
0.014196
0.013287
0.012055
0.010097
0.006750
0.005178
0.005519
0.005159
0.003987
0.002944
0.001987
0.001285
0.001759
0.004482
0.004533
0.003645
0.005335
0.006498
0.008249
0.009647
0.009183
0.006766
0.004013
0.003170
0.004109
0.004994
0.006079
0.007374
0.008983
0.011071
0.012744
0.013190
0.011554
0.009182
0.008109
0.004654
0.001559
0.001422
0.002503
0.003598
0.005912
0.006541
0.004210
0.001401
-0.001186
-0.002304
-0.002117
-0.000628
0.001627
0.003706
0.004995
0.004637
0.000654
-0.002140
-0.001465
-0.001954
-0.002152
-0.000107
0.002766
0.003839
0.002577
0.000051
-0.002048
-0.003266
-0.002493
-0.000687
0.001117
0.002350
0.004640
0.007282
0.007387
0.005290
0.002837
0.001664
0.002114
0.002384
0.002989
0.005267
0.005836
0.006594
0.008121
0.007311
0.005943
0.005644
0.003402
-0.000871
-0.005012
-0.007524
-0.008471
-0.007197
-0.004533
-0.000580
0.002602
0.002695
0.004383
0.006895
0.005525
0.001148
-0.004190
-0.008677
-0.010946
-0.009506
-0.007213
-0.005776
-0.004974
-0.002823
0.000264
0.001640
-0.000109
-0.003914
-0.006248
-0.007131
-0.008461
-0.009926
-0.010693
-0.010736
-0.007058
-0.002568
-0.000474
-0.000954
-0.002748
-0.005810
-0.009142
-0.008559
-0.008150
-0.007650
-0.005521
-0.004405
-0.005728
-0.008625
-0.008572
-0.004065
-0.001388
-0.000193
0.000830
-0.001890
-0.006515
-0.008559
-0.007359
-0.003906
-0.002629
-0.005250
-0.009133
-0.010982
-0.010965
-0.010399
-0.009622
-0.008324
-0.006165
-0.002593
-0.001586
-0.003921
-0.006458
-0.006325
-0.005529
-0.005185
-0.003015
-0.002352
-0.003051
-0.002776
-0.003598
-0.007306
-0.011331
-0.012176
-0.009138
-0.005807
-0.004212
-0.003588
-0.002422
-0.001528
-0.002675
-0.003248
-0.004523
-0.006718
-0.007527
-0.006389
-0.004335
-0.002549
-0.002162
-0.003016
-0.003855
-0.005168
-0.004931
-0.001645
0.001399
0.003641
0.002542
0.001152
-0.002050
-0.003612
-0.000426
0.003217
0.001285
-0.002250
-0.003663
-0.005865
-0.004910
-0.003259
-0.005161
-0.008091
-0.009627
-0.008619
-0.005163
0.002043
0.011116
0.017884
0.019587
0.015724
0.008647
0.001501
-0.002223
-0.003868
-0.003645
-0.001653
0.000662
0.001842
0.004079
0.003688
-0.001247
-0.007126
-0.010537
-0.012886
-0.011384
-0.007885
-0.003706
-0.000145
0.001204
0.001136
0.000015
-0.003572
-0.006783
-0.006101
-0.004351
-0.005559
-0.005079
-0.002743
0.000589
0.004900
0.007730
0.008779
0.010590
0.012698
0.011653
0.009302
0.005227
0.001519
0.000558
0.002053
0.004534
0.004049
0.003117
0.002871
0.003471
0.005779
0.008885
0.011589
0.010913
0.006213
0.004050
0.005376
0.006858
0.006221
0.004508
0.003061
0.001526
0.001416
0.002431
0.002811
0.002921
0.003719
0.006251
0.010442
0.013961
0.014890
0.013857
0.012508
0.011074
0.009138
0.007266
0.005723
0.004944
0.005121
0.005410
0.005610
0.003037
0.004683
0.006699
0.008081
0.008695
0.007143
0.004656
0.004084
0.006153
0.008955
0.008911
0.005717
0.001721
-0.002233
-0.004255
-0.002706
0.000849
0.002673
0.000350
-0.001950
-0.002599
-0.001886
-0.000960
-0.001086
-0.001161
-0.000601
0.000099
-0.000351
-0.000619
0.001830
0.002318
0.000151
-0.001010
0.000650
0.005118
0.008273
0.008365
0.007807
0.006152
0.002814
-0.000576
-0.003610
-0.006917
-0.008395
-0.006714
-0.004573
-0.002671
-0.002141
-0.002975
-0.001430
0.000351
-0.001984
-0.004582
-0.005087
-0.004427
-0.003668
-0.004117
-0.003192
0.001003
0.005106
0.004797
0.001960
0.000638
-0.001688
-0.003951
-0.003950
-0.004459
-0.006080
-0.007420
-0.006575
-0.004583
-0.002309
-0.001577
-0.003423
-0.004004
-0.002681
-0.002412
-0.000619
0.002360
0.001939
-0.001971
-0.006903
-0.011669
-0.011884
-0.007828
-0.003142
0.000438
0.002719
0.001970
-0.000356
-0.002906
-0.004869
-0.006399
-0.007840
-0.006836
-0.004074
-0.001954
-0.001600
-0.002841
-0.003112
-0.003697
-0.005162
-0.007363
-0.008996
-0.008165
-0.006328
-0.003152
0.000515
0.001580
0.001202
-0.000145
-0.000965
-0.004219
-0.006783
-0.006733
-0.006310
-0.005853
-0.005529
-0.006328
-0.005445
-0.004385
-0.005441
-0.005715
-0.006224
-0.009052
-0.009708
-0.008662
-0.008210
-0.009151
-0.012441
-0.016423
-0.019082
-0.018330
-0.015279
-0.015012
-0.016785
-0.016562
-0.016013
-0.013566
-0.012809
-0.014698
-0.016302
-0.015577
-0.013480
-0.011628
-0.010154
-0.008947
-0.009591
-0.010550
-0.008476
-0.006116
-0.004713
-0.005298
-0.007081
-0.009698
-0.013865
-0.018437
-0.021141
-0.021922
-0.021468
-0.017514
-0.010878
-0.005985
-0.003098
-0.001881
-0.001794
-0.002636
-0.005864
-0.010174
-0.012167
-0.012426
-0.010006
-0.006060
-0.004366
-0.006341
-0.010440
-0.011970
-0.011268
-0.011990
-0.012555
-0.014205
-0.016306
-0.017024
-0.018698
-0.019461
-0.017430
-0.013445
-0.009543
-0.007763
-0.009719
-0.010746
-0.011214
-0.012488
-0.013195
-0.013238
-0.012272
-0.010008
-0.006343
-0.005084
-0.006528
-0.007073
-0.006726
-0.005174
-0.003213
-0.003503
-0.004986
-0.005519
-0.004621
-0.002559
-0.002544
-0.006438
-0.009707
-0.010050
-0.008777
-0.006297
-0.005113
-0.005127
-0.006232
-0.008954
-0.009631
-0.006926
-0.003387
-0.001273
-0.001920
-0.002788
-0.003373
-0.005329
-0.006257
-0.006391
-0.005952
-0.004025
-0.002277
-0.000907
-0.002114
-0.003518
-0.002332
0.000281
0.002165
0.000518
-0.002424
-0.003145
-0.003910
-0.004079
-0.004287
-0.003889
-0.001274
0.002181
0.004010
0.002239
-0.001280
-0.003900
-0.004407
-0.003196
-0.002134
-0.002786
-0.002391
-0.003452
-0.005282
-0.006469
-0.007915
-0.009093
-0.008992
-0.007561
-0.005681
-0.003734
-0.000710
0.002751
0.004441
0.006125
0.006754
0.005115
0.002796
0.002833
0.005058
0.005506
0.004611
0.002053
-0.002285
-0.005660
-0.006074
-0.004969
-0.001663
0.001681
0.001546
-0.001301
-0.004822
-0.005163
-0.001275
0.000900
0.000400
-0.000077
0.000704
0.003066
0.006149
0.006901
0.005656
0.004551
0.005026
0.005574
0.005231
0.008983
0.007284
0.006756
0.006518
0.005574
0.004230
0.003650
0.004095
0.002725
0.002169
0.001504
0.002258
0.003133
0.003499
0.004003
0.003920
0.003333
0.004665
0.006624
0.007086
0.007133
0.006826
0.008708
0.008144
0.005894
0.004170
0.000915
-0.001591
-0.001639
0.001067
0.004109
0.003449
0.003725
0.003285
0.002908
0.002330
0.001025
0.002740
0.006595
0.009848
0.011026
0.009131
0.007813
0.008526
