-0.013132
0.005574
0.005201
-0.000830
-0.000124
0.001629
-0.013943
0.003180
0.019359
0.015046
0.007697
-0.007340
0.003315
-0.004238
-0.001910
0.002573
-0.008555
0.000444
0.001866
0.006011
-0.002488
-0.000495
0.004293
-0.002889
-0.011389
-0.007539
0.004662
-0.000192
-0.007634
0.009483
-0.000999
-0.000528
-0.002178
0.000718
-0.007270
0.003416
0.010461
0.011942
0.001562
0.000719
0.005538
-0.007200
0.009585
0.010662
-0.003526
-0.011310
0.011842
0.009551
-0.012091
0.008034
0.008674
0.005978
0.000584
0.001459
-0.002889
-0.007542
0.002065
0.014471
0.012112
0.007730
-0.020720
-0.005010
-0.020316
-0.013838
-0.003091
0.003113
-0.004910
-0.004944
-0.003431
-0.000497
0.000482
-0.010411
-0.003796
0.002876
-0.004098
0.001191
0.001158
-0.010772
-0.007714
-0.005821
0.006281
-0.000967
-0.005852
0.004057
-0.007950
-0.008047
-0.001746
0.003720
-0.003797
-0.005755
0.007056
0.008034
-0.004943
-0.006962
-0.007005
-0.019340
-0.003190
-0.009598
0.001658
0.002368
0.003247
-0.003562
0.005674
-0.007542
-0.000123
-0.011857
-0.017116
-0.001608
0.006483
-0.012669
-0.013875
0.007326
-0.000728
-0.010342
-0.008822
-0.009225
0.002673
-0.017828
0.002034
-0.000730
-0.017822
0.000922
0.000314
0.011877
-0.023622
0.003284
-0.006766
-0.013513
-0.013771
-0.017290
-0.013912
-0.017389
-0.016475
-0.006602
-0.014827
-0.001273
-0.009496
-0.009259
-0.017375
-0.009061
-0.015595
-0.022203
-0.018465
-0.010916
-0.007409
-0.005216
-0.006766
-0.018093
-0.014073
0.005877
-0.019165
-0.009396
0.002775
-0.016274
-0.002962
-0.015763
-0.014119
-0.017045
-0.015768
-0.011688
-0.010637
0.002843
-0.015227
0.002876
-0.000630
-0.007103
-0.016077
-0.009869
-0.003258
-0.014348
-0.012058
-0.006664
0.002066
-0.000526
-0.013242
0.005100
-0.012192
-0.003567
-0.014485
0.005843
-0.009767
-0.003866
0.000382
-0.005552
-0.006860
-0.007678
0.000584
-0.012573
-0.014292
0.010494
0.001461
-0.004509
0.004359
0.003114
-0.022301
-0.003393
-0.003901
-0.008854
-0.002520
-0.007239
-0.006189
-0.003701
-0.011486
-0.013501
-0.006623
-0.011011
-0.010977
-0.010270
-0.020287
-0.002382
-0.013916
-0.011826
-0.015488
-0.004671
-0.000734
0.011372
-0.002383
-0.009764
0.008775
0.006921
0.003549
0.011100
-0.006097
-0.012565
-0.004708
-0.019709
-0.003629
-0.011515
-0.002718
-0.013504
-0.002384
-0.012564
-0.007641
-0.003731
0.004966
-0.012833
-0.013308
0.006078
-0.003730
-0.008756
-0.007170
-0.017983
0.001464
0.000226
-0.014318
-0.010172
-0.010877
-0.011918
-0.014144
0.003483
-0.007709
0.010933
-0.017655
0.004697
-0.001473
-0.002821
0.012820
0.010798
0.004055
0.003483
-0.008146
-0.005620
-0.003291
-0.001371
-0.014755
-0.001436
0.000788
0.006686
0.000920
0.000245
0.008000
0.008607
0.004089
-0.006901
0.004088
0.005641
0.005673
-0.000226
0.011438
0.005101
0.007764
-0.010237
-0.002415
0.007528
-0.007370
0.004022
0.002606
0.003348
0.007326
0.004291
0.007326
-0.010435
0.005270
0.013628
0.014876
0.014001
0.009719
0.010461
0.014171
0.011675
0.006887
0.012586
0.012888
-0.003999
0.000246
0.019695
-0.005645
-0.004302
0.001666
0.004595
-0.005823
-0.009293
-0.001238
-0.000290
0.001596
0.002605
0.001360
-0.013099
-0.017861
0.002234
0.005236
0.019327
0.002068
0.002574
0.000684
-0.000698
0.003078
0.004156
0.000383
0.011876
0.015380
0.002507
0.000685
0.004426
-0.027255
0.012583
0.002808
-0.008703
-0.010007
-0.007264
0.004528
-0.004477
0.015549
0.011035
0.006719
0.012786
0.007595
0.007933
-0.001539
0.008405
-0.013034
0.005404
0.003718
-0.000426
0.003955
-0.003495
0.003450
0.007326
-0.001134
0.011341
-0.025841
0.006922
0.005572
-0.003054
0.006079
0.005843
0.003719
-0.001928
0.007090
0.007292
0.004831
-0.009764
-0.010745
0.004394
0.002572
0.009820
-0.002451
-0.002516
-0.016946
-0.017215
-0.018897
-0.020244
-0.006191
-0.001099
-0.005685
0.002167
0.008169
-0.005281
-0.010070
0.000684
-0.005283
0.015416
-0.005380
-0.011491
-0.009132
-0.004743
-0.020216
-0.000867
-0.009664
-0.019607
-0.009190
-0.000427
-0.004369
-0.007034
0.001259
0.001125
-0.004034
-0.011883
-0.011143
-0.005722
-0.003697
-0.006899
-0.005788
-0.004708
0.001157
0.002877
-0.004707
-0.018357
0.001192
-0.004641
-0.010137
-0.012627
-0.003527
-0.012963
-0.005249
-0.000461
0.003450
-0.014794
0.001425
-0.003426
-0.006661
-0.016271
-0.013867
-0.016474
-0.005387
-0.028373
-0.023964
-0.019208
-0.004877
-0.001641
-0.005181
-0.010234
-0.013744
-0.010606
-0.010274
-0.015796
-0.004003
-0.007268
-0.002213
-0.006492
-0.010603
-0.025786
-0.002352
-0.008178
-0.018393
-0.005380
-0.025233
-0.023488
-0.018257
-0.005856
0.005371
-0.012762
-0.009663
-0.004541
-0.003902
-0.006834
-0.005181
-0.000459
-0.011655
-0.015633
0.002270
0.001830
-0.000055
0.001160
-0.016271
-0.004440
-0.010639
0.001866
-0.002583
-0.008730
-0.007881
-0.012965
-0.018489
-0.025514
0.002066
-0.000561
-0.004504
-0.006358
-0.012965
-0.009705
-0.005351
0.000040
-0.010473
-0.004069
-0.017177
-0.006562
0.010056
0.011775
0.000518
0.005203
-0.004537
-0.011926
-0.007099
-0.008146
0.003482
-0.012498
-0.010372
-0.005855
-0.000831
-0.011683
-0.006090
0.023339
0.006516
-0.002512
-0.005485
-0.017070
0.002301
0.003214
0.006180
0.000551
-0.000326
-0.001202
0.004156
-0.003259
-0.008883
-0.000293
-0.002685
-0.019974
-0.000191
0.002877
-0.010371
0.001425
-0.001372
0.008708
0.009483
0.010663
-0.007605
-0.003092
-0.014047
-0.003966
-0.012625
-0.007409
-0.005719
0.017305
-0.007168
-0.014954
0.000180
-0.009325
-0.012855
-0.015599
-0.001843
0.017070
0.003180
0.002371
0.005775
0.005068
-0.000799
-0.007302
0.001898
-0.000227
-0.001573
0.012889
0.014810
0.010595
0.002844
-0.000124
-0.002587
0.001696
0.009516
-0.014218
0.002573
-0.017352
0.008809
0.007258
0.006584
0.001158
0.004663
0.008809
-0.002176
-0.013462
-0.001304
-0.007743
-0.002852
0.004191
-0.008141
-0.003291
0.020612
0.010057
0.001863
0.004696
0.008270
0.011977
0.006517
0.003517
0.002135
0.010528
0.008101
0.009146
0.014473
0.009618
-0.005587
0.004494
-0.007337
0.003617
0.000920
-0.005856
-0.012462
0.002068
0.007899
0.003114
-0.017619
0.023577
0.014440
0.003077
0.002740
0.006280
-0.001235
0.008000
0.007494
0.011001
0.005843
0.018789
0.004392
0.013056
0.009483
0.003213
-0.006053
0.009113
0.010494
0.008270
0.007124
-0.005753
-0.000427
0.007023
-0.013032
0.010393
0.000443
0.011810
-0.001844
-0.000361
0.006517
0.008539
-0.012825
0.013730
0.010764
-0.001607
0.003347
0.008270
-0.007368
0.015078
-0.000327
0.005169
-0.021430
-0.014747
-0.002382
-0.008244
0.012144
-0.012801
-0.009468
0.012651
-0.006464
0.004561
-0.003227
0.005168
-0.006963
-0.013104
0.002237
-0.000969
-0.003193
-0.008786
-0.000898
-0.008889
0.002201
0.006450
-0.027906
-0.000122
-0.009334
0.010258
0.003753
-0.003124
-0.012326
-0.007983
0.002103
-0.006125
-0.016537
-0.013712
0.014371
-0.011007
0.005270
-0.001777
-0.002517
-0.001943
0.002470
-0.005314
-0.011723
-0.013739
-0.009529
-0.014819
-0.000900
0.002607
-0.006626
-0.007169
-0.009124
-0.006765
-0.018923
0.000620
-0.013006
-0.016134
0.003315
0.001123
-0.005117
-0.007474
0.000484
0.002943
0.003181
-0.008247
-0.004611
-0.021999
-0.007507
-0.002179
-0.004336
-0.005078
-0.005985
0.006281
-0.006492
-0.003118
0.010325
-0.005280
-0.015364
-0.015596
-0.013804
-0.010713
-0.007741
-0.016570
-0.020628
-0.017160
-0.020704
-0.009663
-0.011921
-0.005993
0.006248
-0.008381
-0.016505
-0.010207
-0.008387
-0.006833
-0.004135
-0.020177
-0.018257
-0.017723
-0.013747
-0.007974
-0.007072
-0.020450
-0.009127
-0.006357
0.003618
-0.015656
-0.017215
-0.018195
-0.009193
-0.005786
-0.002283
-0.026683
-0.001373
-0.007642
-0.004173
-0.010539
-0.013667
-0.009666
-0.007370
-0.007175
-0.005011
-0.004167
-0.005788
-0.002073
-0.012590
-0.011958
0.002470
-0.013004
-0.002248
-0.023444
-0.001873
-0.005416
-0.015703
-0.018092
-0.012801
-0.007847
-0.008883
-0.016910
-0.003564
-0.002653
-0.013307
0.003516
-0.026581
-0.005113
-0.006594
-0.010342
-0.008955
-0.002583
-0.000357
0.004933
-0.015264
-0.025681
-0.011786
-0.007575
-0.002313
-0.005856
0.005471
-0.003599
0.000349
-0.001910
0.004327
-0.006729
-0.008416
-0.010536
-0.010473
-0.005449
0.003215
0.001292
-0.003931
-0.007365
-0.011924
-0.011037
-0.000157
-0.010981
-0.009258
-0.017616
-0.006494
0.005809
0.001294
0.006248
-0.008481
-0.013073
0.007933
-0.005924
-0.012195
-0.003054
-0.005214
-0.004302
0.003415
-0.010002
-0.010166
-0.011252
-0.006667
-0.000697
0.001261
-0.002010
-0.011852
0.003517
-0.011689
-0.005282
-0.012625
-0.002281
0.003111
0.002472
0.001630
0.006550
-0.003596
0.002572
0.005404
-0.005277
0.004663
0.001998
-0.006636
-0.002651
-0.008854
-0.002312
0.015549
0.000345
0.021988
0.008641
0.005202
-0.006929
0.012215
0.004090
0.009786
0.006180
-0.001406
0.023234
0.000652
0.014606
0.010730
0.013491
-0.010676
0.005371
-0.007167
-0.006796
-0.009260
0.015415
0.009079
0.002338
-0.005009
0.007663
-0.004607
0.004866
-0.008306
-0.008384
0.000923
0.003686
0.010191
0.005102
0.003989
0.005674
-0.008420
-0.005615
0.002573
0.014135
-0.001534
0.008877
0.008809
0.009753
0.006719
0.019999
-0.002716
-0.001267
-0.009894
0.011842
0.002841
0.006180
0.006753
0.001122
-0.004240
-0.001978
0.013731
0.011101
-0.014344
-0.004674
0.014001
0.005944
0.001562
0.011709
-0.001169
0.001192
0.007259
-0.000126
-0.000628
-0.002279
-0.002921
-0.001305
0.011304
0.009484
0.007663
0.003582
0.003887
0.004596
-0.001436
-0.004271
0.006145
0.002606
0.001056
-0.001945
0.008236
0.002777
0.001799
0.004427
0.008910
-0.005077
-0.000427
0.005337
-0.001474
0.002168
0.010022
-0.012017
-0.000156
0.005338
0.008405
0.009281
0.007225
0.003013
-0.009196
-0.000326
0.001800
0.004764
0.003684
0.001493
-0.013247
-0.022840
-0.001711
0.002437
-0.008117
0.001056
0.004764
0.000617
-0.002413
-0.009529
0.010932
-0.007234
0.000213
-0.011922
-0.011286
-0.006930
-0.002483
0.004056
-0.017510
0.004225
0.000921
-0.002853
0.008067
-0.016270
0.004832
0.010191
-0.008382
0.002031
-0.004643
-0.008116
-0.002319
0.012585
-0.007776
-0.010648
-0.012189
-0.014457
-0.012805
-0.008684
-0.002215
-0.009797
-0.004741
-0.002350
-0.009089
0.001058
-0.016475
0.000416
-0.015896
-0.009565
-0.015539
-0.013098
-0.004743
-0.005953
-0.017661
-0.008050
-0.004576
-0.019027
0.000451
-0.020217
-0.020991
-0.019573
-0.009362
-0.012007
-0.009298
-0.016607
-0.018362
0.002574
-0.012227
-0.008886
-0.012794
-0.008714
-0.014648
-0.009259
-0.010436
-0.007441
-0.012665
-0.014787
-0.023484
-0.029750
-0.018994
-0.007437
-0.011276
-0.021859
-0.017389
-0.019106
-0.008816
-0.017153
-0.009429
-0.022475
-0.011765
-0.009565
-0.007743
-0.001135
0.002608
-0.016366
-0.017985
-0.003863
-0.012356
-0.013199
-0.018354
-0.001169
-0.001778
-0.011651
-0.003767
-0.006937
-0.008721
-0.005214
-0.007768
-0.020831
-0.009369
-0.014006
-0.013477
-0.017015
-0.023193
-0.002789
0.003280
-0.001773
-0.002282
-0.008788
-0.013745
-0.000799
-0.003932
-0.011142
0.001428
-0.011963
-0.003765
-0.004204
-0.005925
-0.013978
-0.008053
-0.008720
-0.015328
-0.002649
-0.003561
0.019864
0.000212
-0.004607
-0.000225
0.003989
-0.003191
-0.003530
0.000788
-0.015591
0.004126
-0.008116
-0.003189
0.004899
0.013628
-0.000595
-0.003866
-0.004944
-0.005788
-0.015895
-0.005619
-0.012528
-0.013738
-0.002855
0.011641
0.008303
-0.012635
0.002167
-0.009869
-0.002923
-0.011721
-0.003462
-0.013639
-0.001878
0.000888
-0.002956
-0.005755
0.003787
0.013293
-0.006498
0.005910
-0.004910
0.001527
-0.011139
0.003956
0.007090
0.001225
0.006584
-0.003530
-0.002176
0.000247
0.008843
-0.010001
0.015956
0.004832
0.011035
0.007326
0.001764
-0.014589
0.007562
0.008169
0.016595
-0.008487
0.020133
-0.012159
0.000452
-0.002823
0.014878
0.008539
0.002406
0.003415
0.010663
0.010766
0.004024
0.001560
0.009112
0.005775
0.002303
0.022428
-0.009421
0.005135
0.004326
0.018349
-0.003394
-0.006328
-0.007909
0.005236
0.000551
-0.005485
0.005438
0.000110
0.019866
0.001765
-0.002546
0.008034
0.008640
0.019694
0.011303
0.011404
0.005607
0.003955
-0.003765
0.014168
-0.015124
-0.006223
-0.004713
0.019695
0.007494
0.009382
0.018116
-0.008855
0.013293
0.010090
0.005574
0.010966
-0.001876
0.000381
0.009719
0.011304
0.004730
-0.006869
-0.005658
0.017071
0.013359
-0.002586
0.005370
0.004763
0.001222
-0.000561
0.019420
0.001866
-0.020316
0.002336
-0.001102
-0.013882
-0.005044
-0.002111
-0.002315
0.001424
0.000148
0.001865
0.000518
-0.000898
-0.003628
0.009955
0.002807
0.000146
-0.005687
0.004831
-0.002621
0.025829
0.001798
-0.010105
-0.004742
0.001428
0.004157
-0.009161
-0.003224
0.000013
0.004831
0.006281
-0.005219
0.016389
-0.007406
0.002807
-0.000899
-0.020019
-0.003902
-0.007777
-0.006862
0.000818
-0.015158
-0.008411
-0.019809
-0.006834
-0.022137
0.003381
0.003583
-0.010136
-0.012253
0.007933
-0.000191
-0.000090
0.005977
-0.009125
-0.010668
-0.020655
-0.009962
0.003484
-0.018116
0.000819
-0.015200
-0.007099
-0.011210
-0.007816
-0.002791
-0.002858
-0.004203
0.005101
0.007528
-0.002014
-0.000190
-0.006426
-0.023593
-0.007039
-0.019386
-0.009093
-0.002893
-0.002211
-0.022468
-0.008721
0.005876
-0.005109
-0.002854
0.006517
0.012146
-0.011076
-0.009529
-0.004173
-0.016474
-0.005655
-0.016572
-0.011380
-0.000697
-0.014278
-0.009866
-0.015495
-0.012018
-0.002242
-0.018564
-0.012599
-0.008451
-0.014425
-0.019306
-0.022674
-0.017346
-0.002754
-0.014011
-0.024085
-0.012866
-0.024691
-0.019166
-0.001135
-0.012253
-0.008486
-0.002919
0.001225
-0.013237
-0.003328
-0.012491
-0.017454
-0.010671
-0.019436
-0.000227
-0.016434
-0.007570
-0.010371
0.011270
-0.011928
-0.013789
-0.006562
-0.001440
-0.011215
-0.019405
-0.000530
-0.007610
-0.023786
0.005775
-0.001976
-0.031483
-0.018019
-0.008454
-0.014273
-0.020180
-0.021166
-0.017683
-0.000156
0.007090
-0.021770
-0.011313
-0.015657
-0.014349
-0.013611
-0.003830
0.001730
-0.008650
-0.014042
-0.008718
-0.013976
-0.001709
-0.010468
0.005134
-0.006434
0.001156
-0.000999
-0.003462
0.006989
0.005707
-0.009430
0.001966
-0.000157
-0.008255
-0.011517
-0.012527
-0.004238
-0.002754
-0.007509
-0.017076
-0.014051
-0.009600
0.003314
-0.001676
-0.017753
0.002235
0.001629
-0.005684
0.010394
0.004696
-0.001403
0.015551
-0.003527
-0.011314
-0.008215
-0.001638
-0.007001
-0.004810
-0.010306
0.008270
-0.014685
-0.009866
-0.006496
-0.012863
-0.010167
-0.001740
-0.015995
-0.000865
-0.000698
-0.006228
-0.017012
0.009517
0.010057
-0.002349
0.004933
0.001797
0.006146
0.002001
0.004086
-0.019981
0.005100
-0.000124
0.001729
0.005606
0.012955
-0.001273
0.003215
-0.006532
0.001663
0.014405
0.002372
-0.006159
-0.006193
-0.000934
0.001121
0.006921
0.006989
0.004459
0.006180
-0.009665
-0.006330
-0.002856
-0.005011
-0.000329
0.018820
0.000248
0.011775
0.000212
0.002909
0.010258
0.010461
0.010562
0.013192
0.002978
0.010427
0.007157
-0.002180
0.001497
0.008202
0.000383
-0.000227
-0.003187
0.017100
-0.000964
-0.003936
-0.003598
-0.003967
0.006181
0.000078
-0.010905
0.005067
0.003044
0.020373
0.004629
0.009820
0.007730
0.005101
-0.007341
-0.002484
0.005236
0.002000
0.010629
-0.008253
-0.009053
0.013530
-0.002691
0.004898
0.005168
0.015786
-0.018498
0.003585
0.022292
0.020573
0.019223
0.005943
0.008000
0.012417
0.008000
0.003181
-0.001372
-0.006164
0.011371
0.004022
0.003044
0.002672
-0.009703
-0.005688
0.011540
-0.009831
0.005742
-0.004746
-0.008248
0.016154
0.006550
-0.005755
0.000112
0.003011
-0.014694
-0.004477
0.017639
-0.000864
-0.003832
0.003653
-0.002451
0.002673
-0.000260
-0.012186
-0.012932
-0.006666
0.007865
0.014844
-0.012088
0.018956
0.000012
-0.010235
0.006988
-0.011587
-0.011956
0.008135
-0.011786
-0.011413
-0.008108
-0.000630
0.000684
-0.003863
-0.023479
-0.004303
0.006584
-0.005588
-0.018429
-0.001035
-0.013035
-0.004169
-0.006126
0.000888
-0.001506
-0.001637
0.008404
-0.010264
-0.011044
0.000551
0.004394
-0.009193
-0.001507
-0.013573
0.001257
-0.012430
-0.006360
-0.005953
-0.003964
0.000919
0.001897
0.007056
-0.014081
-0.013510
-0.006566
-0.016568
-0.002655
-0.014484
0.013561
-0.012591
-0.013890
-0.010333
-0.017586
-0.005314
0.006989
0.001528
0.001327
0.001931
-0.008081
-0.008379
-0.015056
0.000788
-0.013342
-0.010941
-0.010782
-0.008145
-0.025240
-0.009936
-0.003322
0.007663
-0.016270
-0.013441
-0.006192
-0.004707
-0.006054
-0.015459
-0.010439
-0.011853
-0.000965
-0.004376
-0.016202
-0.008550
0.001057
-0.013332
-0.004168
-0.011589
-0.010636
-0.007509
0.004158
-0.004271
-0.014134
-0.008652
-0.027261
-0.026322
-0.014083
-0.006598
0.006820
-0.012668
-0.006561
-0.008649
-0.025102
-0.022400
-0.016742
-0.007944
-0.006727
-0.007236
-0.009733
-0.022164
-0.010709
-0.007647
-0.013171
-0.010505
-0.012967
0.013527
0.009483
0.008809
0.004461
-0.015873
-0.019270
-0.002483
-0.012935
-0.001405
-0.017861
0.013428
-0.011487
-0.004303
-0.018387
-0.022949
0.000923
-0.001202
-0.002419
-0.004976
-0.001775
0.001527
-0.009899
-0.014219
-0.008783
-0.003525
-0.014108
0.002302
-0.006666
-0.009394
-0.009122
-0.013872
-0.014413
0.004562
-0.018626
-0.013782
-0.020336
0.002542
-0.011349
-0.002382
-0.005816
-0.007238
0.008000
-0.006429
-0.005451
-0.010273
-0.005210
-0.010070
0.005977
0.000788
-0.006160
-0.016483
-0.009192
0.003010
0.017001
-0.018802
-0.004875
-0.009393
-0.005245
-0.006090
-0.004203
-0.004812
-0.000359
0.012652
0.000481
-0.012827
-0.020858
-0.002415
0.003348
-0.006695
0.000750
-0.010648
-0.003735
-0.000057
0.004698
-0.000393
-0.005484
0.010022
-0.004373
0.010360
-0.009730
0.003078
0.002539
-0.001099
0.011034
-0.002755
-0.004845
0.008169
0.000720
-0.015231
-0.004133
0.001897
0.011978
-0.005351
0.001224
0.006180
0.005304
-0.005617
-0.011118
0.000383
-0.015599
-0.009964
0.004594
0.020407
0.000113
0.005033
0.012719
0.001561
0.002807
0.004192
0.015585
-0.014451
0.006382
0.004224
0.012888
-0.000328
0.019595
0.017779
0.007326
0.002302
0.010023
0.001292
-0.000022
0.003043
0.017944
0.008169
0.012953
0.008842
-0.003256
-0.005176
0.027449
-0.002010
-0.000395
-0.005011
-0.000831
-0.001135
0.001463
0.005708
-0.002824
0.013900
0.011877
0.004864
0.008000
0.001224
0.001459
0.006112
0.005404
0.015415
-0.008184
0.007191
0.015012
0.018986
-0.002248
0.012956
0.022391
-0.001909
0.012111
-0.003728
0.009045
0.002911
0.009045
0.006246
0.002604
0.000720
-0.011893
-0.007385
0.004966
0.006654
-0.001337
0.016223
-0.001439
0.002302
0.009584
0.007933
0.003347
0.004124
0.000617
0.006416
0.000775
0.003012
0.006011
-0.005956
-0.006261
-0.001406
-0.009664
-0.009660
-0.005386
0.004189
0.011000
0.003214
-0.011129
0.011404
0.004393
-0.015156
-0.004537
-0.002717
-0.001978
-0.008116
-0.002080
-0.011247
-0.020236
0.009348
-0.014586
0.002977
-0.006226
-0.003795
-0.014787
-0.006056
-0.010480
0.005269
-0.006801
0.014032
0.009618
0.006854
0.002205
-0.002723
-0.005415
-0.011348
-0.011103
-0.004341
0.000586
0.007090
-0.004335
0.006888
0.006551
-0.005850
-0.004977
-0.005723
-0.008757
-0.008350
0.011910
-0.013848
-0.018441
-0.021735
0.014101
0.000382
-0.011484
-0.015125
-0.005957
-0.017214
-0.007501
-0.001914
0.001326
-0.010572
-0.009294
-0.014886
0.001663
-0.011748
-0.007539
-0.004982
-0.005415
-0.010575
-0.002147
-0.003594
-0.020628
-0.024196
-0.020580
-0.025582
-0.021313
-0.027770
0.007123
-0.007040
-0.004640
-0.005316
-0.023624
0.000854
-0.022314
-0.019138
-0.011986
-0.013073
-0.012980
-0.010071
-0.010875
-0.013719
0.006955
-0.011791
-0.026255
-0.019549
-0.024425
-0.004772
-0.020788
-0.017888
-0.002719
0.001426
0.000081
-0.011791
-0.009598
0.000721
-0.016643
-0.008686
-0.009695
-0.002856
0.003787
-0.016607
-0.003531
-0.016605
-0.020492
-0.018295
-0.018775
-0.006325
-0.000760
-0.005012
-0.014616
-0.019000
-0.013344
-0.003261
-0.019846
-0.004403
-0.008346
-0.018530
-0.008521
-0.007913
-0.000156
-0.014042
0.008876
0.007461
-0.011689
-0.006254
-0.000025
0.003113
-0.008386
-0.009016
-0.011789
-0.001440
0.005101
0.000956
-0.009391
-0.004739
0.015383
-0.005853
-0.009812
-0.004304
-0.005452
-0.002918
-0.008043
0.004394
-0.009161
0.001730
-0.007001
-0.007303
-0.024571
-0.011005
-0.012594
0.000384
-0.010740
0.003551
0.004594
0.006281
-0.017656
0.008067
0.000751
0.000788
-0.000933
0.004191
-0.016678
0.020266
-0.011045
-0.006834
0.008809
-0.008213
-0.001607
0.005944
0.001494
-0.002653
-0.005046
-0.001806
0.002068
-0.008117
0.008809
0.004090
0.005236
0.001835
-0.002246
0.003248
0.001360
-0.001100
-0.013778
0.004056
0.014842
0.003719
0.003112
-0.000023
-0.007002
0.003012
-0.000398
0.003551
-0.006162
0.009315
-0.006965
0.019663
0.001058
0.007326
0.011169
0.017843
-0.002484
-0.001975
-0.004267
-0.018486
0.004460
-0.005247
0.008000
0.000180
-0.000395
0.004022
-0.007171
0.006652
0.000012
0.009281
0.011203
0.006483
0.001359
0.010192
0.016392
-0.000527
0.005135
-0.008879
0.015720
0.008034
-0.000627
0.005572
0.002169
0.001998
-0.000358
-0.007537
-0.006087
-0.004507
-0.004576
-0.005010
0.012719
0.011641
0.006348
-0.007171
0.001729
0.001427
0.015546
0.003212
-0.010272
-0.011592
-0.004472
0.001731
0.011979
0.016293
0.014369
0.008472
-0.002350
0.015687
0.010394
0.003584
0.003483
0.013764
0.017642
0.011875
0.008708
0.007326
0.000518
-0.010435
0.010191
0.013192
0.004932
-0.015698
0.023641
0.002668
0.000651
0.005067
-0.000831
-0.001607
-0.005617
0.012181
0.011337
-0.003600
-0.001573
0.000282
0.001534
-0.007569
-0.004168
-0.005515
-0.004707
-0.019582
-0.001306
-0.001744
-0.001776
-0.012256
0.010764
0.002946
0.000584
-0.002953
-0.013507
0.009415
-0.001406
-0.004707
-0.003934
-0.003194
-0.009969
-0.007744
-0.007984
-0.003860
-0.008887
0.005977
0.004529
-0.011987
0.003785
-0.009727
-0.008348
0.005101
-0.000967
0.003146
-0.013976
-0.013440
-0.016656
0.010427
0.006517
-0.006563
0.005000
0.004021
0.000010
-0.009363
-0.005985
-0.007741
-0.008486
0.001728
-0.012760
-0.014722
-0.011553
-0.004846
0.012653
0.007595
-0.009629
-0.001438
0.006753
0.010898
-0.002888
-0.007169
-0.013304
-0.033382
0.002946
0.012822
-0.017933
0.009045
-0.016637
-0.004235
-0.001509
-0.015871
-0.018097
-0.014969
-0.005824
0.001260
-0.010741
-0.013133
-0.015941
-0.018160
-0.008455
-0.018170
0.001225
-0.011151
-0.001102
-0.019215
-0.017460
-0.015565
-0.007205
-0.009900
-0.019163
-0.008891
-0.022484
-0.021326
-0.009597
-0.018837
-0.014386
-0.020981
0.001224
-0.000900
0.001258
0.002675
-0.022121
-0.005652
-0.014691
-0.010470
0.000382
-0.014283
-0.002856
0.004191
-0.005720
-0.024463
-0.008448
-0.021601
-0.023350
-0.023147
-0.002283
-0.017322
-0.007839
-0.017484
-0.005751
-0.010907
-0.010375
0.002875
-0.007067
-0.017319
-0.015059
0.009517
0.011471
0.011168
-0.014389
-0.002753
-0.016165
-0.010303
-0.015194
0.001190
-0.015518
0.004494
-0.026384
0.008472
-0.017957
-0.010234
-0.009899
-0.011442
-0.006364
-0.014352
-0.005145
-0.003257
-0.002653
-0.004133
-0.005752
-0.002084
-0.015286
-0.018534
-0.010134
-0.002310
-0.008285
0.010427
-0.008850
-0.003192
0.012012
-0.005418
-0.000427
0.005336
0.006450
-0.014079
-0.002144
-0.011754
-0.007849
-0.009160
-0.018992
-0.018389
-0.006805
-0.005112
-0.017318
-0.014070
-0.000460
-0.000296
0.007461
-0.007171
0.008000
0.004764
-0.003390
-0.009929
0.010831
-0.005417
0.008371
-0.010783
-0.003425
-0.000428
-0.004374
-0.005750
-0.007571
0.006449
-0.000694
-0.001200
-0.001877
-0.000226
0.004493
-0.009557
0.000147
-0.010268
0.008843
-0.002419
-0.007372
-0.015939
-0.022175
0.007461
-0.026446
-0.000901
-0.005924
-0.013302
0.018246
0.007123
0.003415
0.009821
-0.004739
0.001898
-0.000932
-0.004607
-0.000965
-0.008653
-0.003056
0.005944
0.021785
0.010698
-0.019648
0.002844
0.004426
0.003214
-0.003260
0.003888
0.002641
0.002336
0.000178
0.008944
0.005775
0.016088
-0.002724
-0.006559
0.006045
-0.000698
0.014437
-0.001641
0.000348
0.011370
0.010292
0.010731
0.011102
-0.010133
-0.007510
0.009011
0.016156
0.001360
-0.007404
0.009180
0.005877
0.008910
0.020033
0.001157
-0.009831
-0.013107
-0.011174
0.013125
0.003583
0.008337
0.017100
0.024955
0.006719
0.003381
-0.006326
0.004698
0.006888
0.000855
0.000987
0.002841
0.000144
-0.000493
-0.001810
-0.001304
-0.009262
-0.001676
0.002472
0.000179
-0.009579
0.001492
-0.011618
0.011944
-0.011039
0.013259
-0.013171
0.009416
0.006247
-0.016139
0.005169
0.008910
0.006483
0.003956
0.002371
0.003684
-0.006733
-0.003428
0.002505
0.001497
-0.024858
0.000953
0.010090
-0.003291
0.017301
-0.004033
-0.004701
-0.006432
0.003179
0.016799
-0.025887
0.007562
0.013359
-0.007169
0.007966
-0.009963
-0.003428
-0.014459
0.006517
-0.018491
-0.022602
-0.022162
-0.009223
-0.007743
-0.007249
-0.005178
-0.007438
-0.016645
0.002977
0.002944
-0.001778
-0.006797
-0.013784
0.002102
0.003283
0.003988
-0.000966
-0.002044
-0.015434
-0.017771
-0.014483
-0.004572
-0.005216
-0.022408
0.000955
-0.008796
-0.016819
-0.004236
-0.006563
-0.007404
0.008944
-0.012495
-0.015975
-0.009669
0.007157
-0.007001
-0.005923
0.000954
-0.002588
0.000652
-0.006898
-0.002583
-0.001000
-0.016816
0.001695
0.002674
-0.016573
-0.014651
-0.004473
-0.005889
-0.014950
-0.010606
-0.023916
-0.010376
-0.007340
-0.016272
-0.008456
-0.003055
-0.006324
-0.006088
-0.018704
0.008202
-0.013976
-0.014811
-0.014706
-0.025447
-0.011646
-0.024062
-0.005651
-0.016677
-0.003362
0.000618
-0.020120
-0.017249
-0.011582
-0.007102
-0.008180
-0.012122
-0.017686
-0.009292
0.003247
-0.006158
-0.006768
-0.015554
-0.010162
-0.023184
-0.018433
-0.016434
-0.017415
-0.010097
-0.000292
-0.002586
-0.008080
-0.008209
-0.010366
-0.002380
-0.021939
-0.009801
0.001326
-0.022606
-0.022435
-0.004876
-0.021130
-0.004878
-0.008482
-0.000495
0.006315
-0.010137
-0.003431
-0.004841
-0.014448
-0.016337
-0.007809
-0.010405
0.008067
-0.007610
-0.004236
-0.011486
0.008708
0.010596
0.007090
-0.005853
0.004899
-0.004712
-0.017082
-0.006629
0.000788
-0.000055
-0.012398
0.001023
-0.005313
-0.011720
0.003011
0.006483
0.005336
-0.010333
-0.010544
-0.021289
-0.014655
-0.007577
0.010158
0.008101
-0.004777
-0.007505
0.002472
0.006821
-0.009970
-0.009262
-0.003459
-0.005181
0.003483
0.008876
0.000820
0.010663
-0.005918
-0.012012
-0.011385
-0.002148
-0.005488
0.005371
0.007427
0.002808
-0.001066
-0.000192
-0.000563
0.004190
-0.004172
-0.012370
0.011707
-0.008181
0.009348
0.008438
0.003181
-0.010539
-0.003766
-0.002451
-0.002853
0.009786
0.010494
0.004899
-0.000092
-0.005279
-0.012091
-0.012803
0.006584
-0.012293
0.006921
0.006483
0.000686
0.007730
-0.016280
0.008405
0.003685
0.005707
-0.000192
0.003415
0.001258
0.000415
0.002335
-0.001103
0.006955
0.005674
-0.002583
0.013933
0.007191
0.008944
0.004461
-0.022437
-0.004504
0.000177
0.000114
-0.001641
0.000515
0.005674
0.015853
-0.002754
-0.004065
0.000113
0.002335
-0.001673
-0.002887
-0.002283
0.003112
0.014678
0.008371
0.001831
0.007123
-0.003731
0.007225
0.018585
-0.001303
-0.010139
-0.003662
-0.005554
0.016832
-0.007446
-0.000631
0.008640
0.004493
-0.000900
0.005505
0.003683
0.012482
0.018516
0.005573
0.001966
0.009415
-0.002385
-0.004440
0.007393
0.003853
-0.003157
-0.002115
-0.001744
-0.003629
-0.002383
0.002808
0.011843
-0.014920
0.006382
0.009247
-0.000900
0.014271
0.001865
0.001831
-0.007069
-0.001371
0.003618
0.005202
0.000214
0.007023
0.004696
0.010259
0.011303
0.009955
0.006652
-0.000899
0.002773
0.006888
-0.018122
0.003820
0.001259
0.002877
0.000179
0.012451
-0.007741
-0.007034
-0.006501
-0.008926
-0.002178
-0.004407
0.002809
0.001561
0.003047
0.000652
-0.004366
-0.021430
0.002878
0.000212
-0.014487
0.000991
0.003618
0.004527
-0.005852
-0.007101
-0.010405
-0.005821
-0.008085
0.002639
-0.002621
0.001528
-0.002348
0.011606
0.004562
-0.003967
-0.005288
-0.004139
0.000517
0.002474
-0.004068
0.004122
0.009584
-0.007034
0.012584
0.003955
-0.005152
0.003081
0.003449
-0.013735
-0.013198
-0.014384
-0.009928
-0.011551
-0.001202
-0.003498
0.007764
-0.002722
-0.008313
0.015789
0.001798
-0.012326
-0.013745
-0.018364
-0.015661
-0.012723
0.000249
-0.011645
-0.007036
-0.009903
0.004730
0.000110
-0.005450
-0.015457
-0.016238
-0.006357
-0.012056
-0.016543
-0.015162
-0.013573
-0.013129
0.009955
-0.005923
-0.004946
-0.012868
-0.009460
-0.020117
-0.015734
0.002809
-0.022409
-0.001676
-0.005418
-0.010476
-0.018599
-0.018698
0.001055
0.008539
-0.014450
0.002505
-0.005077
-0.022818
-0.016706
-0.006225
-0.002722
0.002978
-0.016607
-0.020278
-0.019671
-0.009358
-0.013296
-0.011857
-0.012063
-0.007577
-0.004236
0.004291
-0.017488
-0.015058
-0.012830
-0.000025
-0.012438
-0.006738
0.003414
-0.015934
-0.005348
-0.003935
-0.014814
-0.024798
-0.017760
-0.007336
0.000989
-0.008986
-0.008441
-0.007782
-0.000697
-0.007375
-0.014052
-0.001303
-0.018306
-0.012126
-0.008450
-0.003192
-0.004404
-0.004353
-0.010104
-0.009664
-0.007845
-0.013973
0.000313
0.006551
-0.002722
0.004730
-0.017591
0.004730
-0.026038
0.007831
0.007663
0.002978
-0.026728
-0.002986
-0.007810
-0.018138
0.009685
-0.013711
-0.019674
-0.015472
-0.011248
-0.003596
0.001999
0.022630
0.021924
0.017169
0.004360
-0.006869
-0.011423
-0.011717
-0.000295
-0.010840
0.001090
-0.000629
0.001325
-0.004810
0.012349
-0.017658
-0.019573
-0.020315
-0.010407
-0.023527
0.005607
-0.010842
0.006584
-0.005350
-0.003600
-0.005990
-0.007509
-0.022273
-0.007877
0.001389
-0.008117
-0.021292
0.006483
-0.005550
0.009112
0.007831
0.003381
0.003651
0.015585
0.009686
-0.004706
0.004257
-0.014685
-0.000191
0.000278
0.007292
0.004426
-0.012261
0.004764
-0.003630
0.006079
0.009180
0.011507
0.010158
-0.006161
-0.013126
0.012753
0.006314
0.004596
-0.006525
-0.000661
-0.003160
-0.005179
0.003686
0.000517
-0.002897
0.000281
0.003584
0.012449
0.016698
0.011506
0.005674
0.005573
0.007258
0.003955
0.000716
0.001628
-0.000261
0.002776
0.003516
0.001327
0.002537
0.014235
0.001831
0.017405
0.003854
0.012955
-0.005482
0.005371
0.008708
0.017877
0.012147
-0.000293
-0.004573
-0.003490
-0.008720
0.001426
0.009315
0.009720
-0.001978
-0.013557
0.003011
-0.002145
0.005236
-0.001471
-0.002651
0.001355
0.002439
0.001763
-0.004808
0.003854
0.015043
-0.010272
-0.003090
0.002202
0.012718
0.018986
0.005101
0.003719
0.009180
-0.001573
-0.004841
-0.003799
-0.007910
-0.013033
-0.001636
0.003719
-0.003187
0.002775
-0.007102
-0.004236
0.012383
-0.002518
-0.017184
-0.000360
-0.002383
0.000280
-0.003192
-0.007843
0.007730
0.016224
0.007258
-0.008893
-0.002116
0.005438
-0.013735
-0.000156
0.001088
-0.009798
-0.008710
-0.007271
0.003516
-0.001438
0.004428
-0.007373
-0.010575
0.004629
0.001697
-0.006459
0.013597
0.005505
-0.009943
-0.013388
-0.014722
-0.018297
0.006820
0.003994
0.005370
0.003146
0.005303
-0.009427
-0.001908
-0.008653
-0.003392
-0.009461
-0.008215
0.004865
0.001933
-0.000460
-0.005250
-0.006969
0.003347
-0.009764
-0.006124
-0.013951
-0.005953
0.000515
-0.002994
0.009180
0.005169
-0.004674
0.002065
-0.006195
0.004020
-0.023280
0.003146
-0.005146
-0.003736
-0.004876
-0.004236
-0.011479
0.007292
-0.008791
-0.009934
0.000482
-0.011651
-0.018697
0.003145
-0.008855
-0.006970
-0.015461
-0.022910
-0.021147
-0.018374
-0.005449
-0.007744
-0.026354
-0.018024
-0.007847
-0.018533
0.002541
-0.025978
-0.016644
-0.017446
-0.004475
-0.010132
-0.007811
-0.008215
-0.006090
-0.017522
-0.006972
0.005168
-0.006972
-0.001135
-0.013980
-0.007947
-0.017893
-0.023300
-0.024896
-0.017716
-0.019941
-0.016640
0.002202
0.003450
-0.005486
0.000956
-0.004573
-0.001305
-0.006762
-0.017887
-0.015834
-0.005920
-0.011519
0.005674
-0.000121
-0.008687
-0.018093
-0.018632
-0.001708
-0.009054
-0.018458
-0.007543
-0.024602
-0.014716
-0.015020
-0.026550
-0.011857
-0.007611
-0.001777
-0.005318
-0.010166
-0.023044
0.000212
-0.017816
-0.012263
-0.012455
-0.010603
-0.007030
-0.001977
0.004124
-0.014552
-0.010068
-0.002080
-0.005451
0.003414
-0.001136
-0.010916
-0.005886
-0.002318
0.001191
0.004056
-0.011859
-0.020923
-0.005517
-0.004467
-0.003087
0.001794
-0.009866
-0.003597
-0.012394
-0.015730
0.000651
0.004594
0.002471
-0.001913
-0.009835
0.001325
-0.005989
-0.011754
0.000111
-0.007875
-0.000462
0.003349
-0.001609
0.003078
-0.014658
0.002507
0.005539
0.007764
0.001594
-0.012658
-0.003695
0.003381
-0.009802
0.002944
-0.008858
0.003887
0.008539
0.009078
0.001160
-0.009804
-0.006427
-0.003971
0.001563
0.002306
-0.002048
-0.008277
0.007326
-0.016658
-0.001676
-0.009494
-0.009329
-0.009395
-0.003394
-0.002217
-0.001305
0.000485
0.009752
0.008034
0.001967
0.014474
0.000819
-0.000424
-0.000563
0.013596
0.011371
-0.001507
0.004764
-0.009090
-0.010680
-0.005389
0.002335
-0.002185
0.013929
0.001629
-0.007304
-0.009559
-0.009765
0.008000
0.014068
-0.007474
-0.001035
0.001055
0.007225
0.011236
0.012820
-0.001040
0.003584
0.004596
0.012349
0.003380
0.004730
-0.001136
0.001226
0.005574
0.000048
-0.001909
-0.002823
0.001897
0.002205
-0.012632
0.006854
-0.011789
0.011067
-0.007943
0.003988
-0.001914
-0.001033
-0.003632
0.011910
0.001426
0.000651
0.003449
0.000181
0.018144
-0.015064
0.004224
-0.005750
-0.013306
-0.003835
-0.000563
0.008809
0.000987
-0.014212
0.012990
-0.014489
0.007798
-0.011110
-0.002383
0.011607
0.010226
0.007764
0.002775
-0.006628
0.009820
0.007494
