0.000306
0.000523
0.001171
0.003792
0.003552
0.000670
-0.001498
-0.001970
-0.000820
0.000587
0.000827
0.000602
-0.000676
-0.004798
-0.009720
-0.011768
-0.013341
-0.013994
-0.014215
-0.015970
-0.017058
-0.016533
-0.014872
-0.014206
-0.016051
-0.017033
-0.016573
-0.016502
-0.017728
-0.017365
-0.017101
-0.014129
-0.010041
-0.009847
-0.010531
-0.011530
-0.012926
-0.013503
-0.013375
-0.013782
-0.012626
-0.011561
-0.013021
-0.015165
-0.013771
-0.010552
-0.009475
-0.008609
-0.008039
-0.006969
-0.005713
-0.002092
0.000055
-0.001100
-0.003266
-0.005162
-0.007177
-0.009669
-0.011350
-0.010933
-0.008384
-0.006304
-0.003568
-0.001908
-0.001735
-0.002521
-0.003993
-0.004559
-0.002826
-0.000888
-0.000484
-0.000515
0.000336
0.001471
0.002263
0.002820
0.003355
0.002909
0.001984
0.000448
-0.000755
-0.001342
0.000084
0.000995
0.001197
0.001525
0.000859
-0.000316
0.000096
0.002199
0.003604
0.004149
0.002847
0.003405
0.006148
0.008843
0.012498
0.015758
0.015186
0.015921
0.020646
0.025624
0.029263
0.029921
0.026956
0.022958
0.016437
0.004644
-0.007331
-0.015394
-0.022244
-0.028193
-0.033984
-0.039299
-0.042494
-0.043338
-0.043130
-0.039345
-0.033417
-0.027300
-0.020467
-0.012849
-0.002643
0.006199
0.012096
0.016255
0.018647
0.016989
0.012084
0.007242
0.003619
0.001348
0.002227
0.005336
0.007130
0.009623
0.012162
0.012473
0.011598
0.007832
0.004999
0.006218
0.009739
0.014289
0.019496
0.024050
0.027396
0.029018
0.028094
0.028754
0.034235
0.040845
0.044444
0.042803
0.039433
0.030647
0.016861
0.004701
-0.003397
-0.009795
-0.016421
-0.021017
-0.023035
-0.022840
-0.022186
-0.023203
-0.023687
-0.022467
-0.017845
-0.008286
0.003548
0.014019
0.017864
0.016834
0.013087
0.007655
0.004419
-0.000261
-0.006147
-0.008908
-0.009642
-0.011002
-0.010026
-0.006623
-0.003183
-0.000114
0.000589
0.000885
0.002697
0.004300
0.003766
0.002854
0.000414
-0.002134
-0.000248
0.002421
0.001720
-0.000046
-0.002368
-0.004393
-0.003920
-0.003551
-0.004395
-0.004897
-0.004772
-0.004830
-0.005595
-0.004821
-0.001502
0.001103
0.001303
-0.001883
-0.006304
-0.008138
-0.007246
-0.006489
-0.004780
-0.002583
-0.001516
-0.000736
0.001308
0.003907
0.004932
0.004699
0.003139
0.001718
0.001588
0.001471
0.000383
-0.001262
-0.001403
-0.001510
-0.003163
-0.004521
-0.003960
-0.001890
-0.000257
-0.000063
0.000037
-0.001177
-0.002695
-0.002416
-0.001453
-0.001927
-0.001532
-0.000448
0.003135
0.009756
0.016513
0.019337
0.017417
0.009688
-0.002537
-0.013709
-0.022032
-0.027520
-0.029681
-0.030797
-0.031561
-0.031125
-0.032058
-0.034860
-0.037270
-0.040608
-0.040652
-0.035227
-0.030245
-0.025242
-0.020336
-0.018894
-0.021303
-0.022246
-0.023247
-0.022346
-0.019784
-0.019785
-0.017405
-0.011524
-0.004840
0.002899
0.013747
0.023232
0.028459
0.030436
0.027216
0.020659
0.011569
0.002535
-0.005323
-0.008985
-0.007315
-0.004520
-0.003391
-0.000618
0.001828
0.004205
0.008012
0.011056
0.011531
0.012144
0.013951
0.017131
0.014042
0.007619
0.002461
0.000331
-0.002962
-0.005700
-0.006921
-0.007537
-0.008499
-0.010172
-0.011458
-0.010474
-0.008001
-0.006681
-0.006485
-0.008599
-0.012913
-0.013859
-0.012035
-0.009602
-0.007349
-0.005819
-0.004488
-0.002427
-0.000895
-0.000058
-0.000071
0.000044
0.002644
0.004167
0.004962
0.005987
0.005668
0.005168
0.002745
-0.001631
-0.006310
-0.009463
-0.012830
-0.014172
-0.011957
-0.008070
-0.004397
-0.002513
-0.005120
-0.006990
-0.006105
-0.004610
-0.003391
-0.002416
-0.000786
0.001332
0.003721
0.004555
0.005034
0.002778
0.000460
-0.000379
-0.000845
0.000608
0.002278
0.001868
0.001492
0.001095
0.000270
0.000518
0.002507
0.004132
0.006291
0.007682
0.006625
0.002530
-0.002501
-0.004788
-0.006023
-0.005458
-0.004049
-0.001914
0.002212
0.006749
0.008494
0.007898
0.006131
0.003012
-0.001654
-0.005631
-0.006925
-0.003892
-0.000011
0.001160
0.002412
0.005683
0.009465
0.011567
0.011411
0.011350
0.013890
0.016241
0.015686
0.011966
0.005195
-0.002246
-0.009389
-0.015029
-0.018476
-0.022277
-0.027481
-0.033095
-0.036256
-0.035812
-0.034209
-0.030911
-0.024903
-0.016737
-0.011143
-0.010009
-0.008481
-0.004751
-0.002513
0.000956
0.006673
0.010991
0.012779
0.014925
0.017844
0.020074
0.019830
0.017431
0.014188
0.009748
0.005388
0.004279
0.007365
0.011503
0.012508
0.013716
0.014085
0.013073
0.013365
0.013646
0.017211
0.024553
0.032078
0.036317
0.038667
0.040524
0.043225
0.045676
0.044324
0.041973
0.040775
0.037184
0.029125
0.019708
0.009258
-0.001239
-0.008981
-0.012600
-0.013012
-0.013323
-0.017026
-0.018822
-0.018478
-0.017410
-0.014286
-0.008585
-0.003547
0.000503
0.005105
0.008613
0.010094
0.010926
0.009024
0.007393
0.006017
0.003021
0.000026
-0.000913
0.001833
0.005706
0.007935
0.010228
0.011673
0.010548
0.007867
0.005058
0.003825
0.003809
0.004546
0.003366
-0.000047
-0.000950
0.000527
0.001184
0.000687
0.000436
0.001002
-0.000718
-0.003867
-0.006366
-0.007714
-0.006160
-0.002997
0.000023
0.002524
0.003735
0.004765
0.005719
0.006121
0.006171
0.005085
0.003959
0.003885
0.001598
-0.000499
-0.000067
0.000849
-0.000385
-0.004038
-0.008837
-0.012198
-0.012199
-0.008252
-0.001868
0.000077
-0.002413
-0.004841
-0.005672
-0.004114
-0.002132
-0.000178
0.001340
0.001682
0.001941
0.003350
0.003489
0.004420
0.004892
0.003471
0.002814
0.004000
0.006250
0.008131
0.009044
0.009609
0.010384
0.011207
0.011310
0.010892
0.008856
0.003397
-0.002887
-0.007001
-0.012008
-0.020114
-0.026457
-0.027685
-0.026914
-0.026927
-0.026901
-0.026831
-0.027593
-0.026216
-0.022951
-0.018938
-0.015855
-0.016481
-0.018501
-0.019747
-0.020553
-0.022041
-0.021717
-0.019336
-0.012734
-0.002651
0.007042
0.014980
0.021575
0.029226
0.033430
0.031039
0.023253
0.012827
0.004545
-0.001669
-0.004707
-0.006014
-0.003742
0.002573
0.009439
0.014198
0.015379
0.012194
0.005707
0.000545
-0.003493
-0.008770
-0.012455
-0.012163
-0.012839
-0.008887
-0.006105
-0.005176
-0.004561
-0.004777
-0.007431
-0.011944
-0.013574
-0.012525
-0.012219
-0.012149
-0.010626
-0.010415
-0.012587
-0.011960
-0.009338
-0.008064
-0.009260
-0.010385
-0.011433
-0.015353
-0.016978
-0.015641
-0.014990
-0.016231
-0.018748
-0.022614
-0.025184
-0.026395
-0.027370
-0.028230
-0.028492
-0.026266
-0.024736
-0.025526
-0.026597
-0.028060
-0.028247
-0.027230
-0.025991
-0.025724
-0.023623
-0.017466
-0.010220
-0.004892
-0.001440
0.001199
0.000823
-0.000409
-0.001042
-0.004128
-0.009106
-0.013258
-0.013807
-0.012123
-0.010321
-0.006056
-0.000764
0.001552
-0.000314
-0.004185
-0.005863
-0.005052
-0.004633
-0.005062
-0.005754
-0.006901
-0.010222
-0.011666
-0.009264
-0.008604
-0.006725
-0.003942
-0.004024
-0.005182
-0.004352
-0.004353
-0.003144
-0.001408
-0.002455
-0.004449
-0.006835
-0.010041
-0.011502
-0.010159
-0.009969
-0.009767
-0.006704
-0.004193
-0.004540
-0.005896
-0.005515
-0.000145
0.008266
0.016090
0.022100
0.024371
0.027635
0.030799
0.030208
0.027249
0.026970
0.027652
0.027445
0.027740
0.026519
0.026133
0.027973
0.029475
0.030574
0.033845
0.038444
0.038607
0.036282
0.031501
0.025183
0.016294
0.004611
-0.008702
-0.020729
-0.032772
-0.043835
-0.051297
-0.052658
-0.049100
-0.040041
-0.028864
-0.017185
-0.005561
0.002828
0.006565
0.008597
0.010915
0.010397
0.009235
0.009014
0.008370
0.008521
0.009378
0.010196
0.012132
0.013995
0.015031
0.017038
0.019510
0.022789
0.025159
0.025285
0.025376
0.026950
0.029350
0.028636
0.027891
0.029025
0.028669
0.028343
0.029685
0.031896
0.031424
0.027164
0.019902
0.009182
-0.002467
-0.010688
-0.016652
-0.018824
-0.017926
-0.017578
-0.016868
-0.014614
-0.011758
-0.009576
-0.006236
-0.001551
0.001268
0.001306
0.001698
0.000563
-0.002088
-0.001562
0.000270
0.002316
0.002981
0.000752
-0.001943
-0.003192
-0.002970
-0.004902
-0.005643
-0.004446
-0.003417
-0.004488
-0.006632
-0.008967
-0.010271
-0.009278
-0.004386
0.000318
0.002104
0.001934
-0.001525
-0.004587
-0.006137
-0.008854
-0.009104
-0.008207
-0.008871
-0.007380
-0.003858
-0.002956
-0.003704
-0.005093
-0.007318
-0.009347
-0.009674
-0.007415
-0.004327
-0.004358
-0.006984
-0.006822
-0.003869
-0.003736
-0.004737
-0.005572
-0.005301
-0.005271
-0.007809
-0.011642
-0.013386
-0.010937
-0.007069
-0.004366
-0.002398
-0.001054
-0.000106
0.001989
0.002749
0.002522
0.000267
-0.001058
0.001641
0.006221
0.010115
0.012683
0.015405
0.015779
0.014012
0.012793
0.011332
0.007787
0.001565
-0.007356
-0.015635
-0.021109
-0.024021
-0.025873
-0.027177
-0.029947
-0.030984
-0.030357
-0.029449
-0.027858
-0.025090
-0.024079
-0.021403
-0.018141
-0.016190
-0.017404
-0.020070
-0.021796
-0.022900
-0.023953
-0.022381
-0.018284
-0.008850
0.005404
0.019344
0.027814
0.029925
0.029876
0.024903
0.017293
0.009141
0.001543
-0.006260
-0.010818
-0.010520
-0.007387
-0.001361
0.005285
0.009402
0.010589
0.008812
0.005218
-0.000006
-0.007036
-0.013877
-0.017269
-0.016432
-0.010238
-0.007092
-0.005434
-0.004311
-0.002181
0.000686
0.000235
-0.001643
-0.002665
-0.005022
-0.007465
-0.010663
-0.013163
-0.011282
-0.011269
-0.011113
-0.010207
-0.011459
-0.013432
-0.014198
-0.014328
-0.017008
-0.020195
-0.019217
-0.015202
-0.009914
-0.007094
-0.009022
-0.013476
-0.017269
-0.020613
-0.024531
-0.027899
-0.029709
-0.033037
-0.034735
-0.033678
-0.031378
-0.028444
-0.024950
-0.021863
-0.016711
-0.009141
-0.001728
0.004218
0.009978
0.012763
0.013489
0.012985
0.010440
0.008121
0.003829
-0.002125
-0.006123
-0.006797
-0.003512
-0.000239
0.003370
0.005658
0.005815
0.006046
0.007018
0.006844
0.005391
0.003346
0.001626
0.000456
-0.000404
-0.001191
-0.002829
-0.004304
-0.002958
-0.002944
-0.004531
-0.002800
-0.000141
0.001025
0.000760
0.000201
0.000087
-0.001207
-0.003526
-0.005993
-0.008500
-0.008144
-0.007371
-0.005918
-0.004734
-0.005781
-0.005501
-0.004350
-0.005951
-0.006403
-0.003776
0.001494
0.008566
0.015453
0.020706
0.023914
0.026346
0.030178
0.033291
0.034747
0.034782
0.034789
0.035458
0.037024
0.038910
0.042855
0.047983
0.050791
0.050357
0.049898
0.050453
0.047470
0.042132
0.036324
0.026740
0.010992
-0.006798
-0.022212
-0.034910
-0.043210
-0.046861
-0.047457
-0.045575
-0.041413
-0.034387
-0.024283
-0.011468
0.001929
0.011605
0.017749
0.021037
0.021217
0.019148
0.015566
0.012025
0.010081
0.010531
0.012118
0.012398
0.012060
0.013987
0.017712
0.020450
0.023699
0.028574
0.033655
0.036927
0.038334
0.039254
0.040406
0.040307
0.036840
0.033845
0.032661
0.032487
0.032289
0.029645
0.023900
0.018195
0.012848
0.004640
-0.005970
-0.015486
-0.021244
-0.022029
-0.017168
-0.011404
-0.005404
-0.000352
0.004175
0.007151
0.007648
0.005520
0.003310
-0.000247
-0.004261
-0.006572
-0.008414
-0.007521
-0.004990
-0.004040
-0.003147
-0.004145
-0.007487
-0.007013
-0.002876
-0.001388
-0.001736
0.000444
0.004151
0.005864
0.004623
0.002915
-0.000121
-0.001806
-0.001203
-0.000638
-0.000050
0.001077
0.001965
0.000339
0.000190
0.001344
0.002997
0.005397
0.007605
0.006933
0.002114
-0.000748
-0.001765
-0.001148
0.002179
0.006361
0.008324
0.008908
0.005952
0.001970
0.000162
-0.000143
-0.000010
-0.000671
-0.003483
-0.003652
-0.002122
-0.002584
-0.003499
-0.002347
-0.002029
-0.000174
0.002840
0.003407
0.002995
0.002395
0.000707
-0.002083
-0.003898
-0.004742
-0.002308
0.005327
0.015096
0.022587
0.025234
0.023473
0.021216
0.020233
0.019394
0.014642
0.007407
-0.001980
-0.013508
-0.021560
-0.026569
-0.027722
-0.025471
-0.023271
-0.024189
-0.025863
-0.025772
-0.025064
-0.026042
-0.024098
-0.020326
-0.019870
-0.018566
-0.016482
-0.015477
-0.013788
-0.011964
-0.012331
-0.011237
-0.006090
0.002682
0.010241
0.014369
0.016297
0.017433
0.018217
0.016012
0.010770
0.005680
0.000751
-0.001688
-0.001675
-0.003460
-0.004506
-0.002863
-0.000006
0.002828
0.005081
0.005944
0.005622
0.000849
-0.005807
-0.008067
-0.007478
-0.008230
-0.006942
-0.007455
-0.005211
-0.005944
-0.007044
-0.009310
-0.013981
-0.018139
-0.019820
-0.018190
-0.015216
-0.012152
-0.007870
-0.007126
-0.009069
-0.013423
-0.018044
-0.022382
-0.025211
-0.027423
-0.031077
-0.034510
-0.034122
-0.032225
-0.031910
-0.033511
-0.035638
-0.037492
-0.039014
-0.038893
-0.035022
-0.028738
-0.024409
-0.018762
-0.009805
0.000017
0.006148
0.008749
0.008837
0.005586
0.003114
0.004479
0.005315
0.003218
0.002457
0.003516
0.003597
0.005185
0.008993
0.012345
0.011503
0.005610
-0.000985
-0.000887
0.003289
0.005401
0.004164
0.002484
0.001606
0.000867
0.000729
0.000559
-0.000553
-0.002984
-0.005630
-0.005538
-0.002478
-0.000107
-0.000018
-0.000803
-0.000329
0.000285
-0.001215
-0.006911
-0.011531
-0.010412
-0.005802
-0.001103
0.002881
0.003073
0.000940
-0.002301
-0.005834
-0.005804
-0.006576
-0.006629
-0.004747
-0.001340
0.000523
-0.002105
-0.007205
-0.012462
-0.015260
-0.012369
-0.006454
-0.002677
-0.000628
0.002947
0.006747
0.007693
0.009182
0.014638
0.020250
0.025166
0.029981
0.034235
0.036939
0.040357
0.042792
0.045275
0.049530
0.053481
0.056518
0.055860
0.052538
0.049156
0.045617
0.041315
0.034456
0.022179
0.006012
-0.011353
-0.027323
-0.041588
-0.052283
-0.057346
-0.057646
-0.055991
-0.051234
-0.042496
-0.032754
-0.022940
-0.011959
-0.000848
0.009314
0.016519
0.020956
0.022711
0.019273
0.012749
0.006696
0.001623
-0.001970
-0.003350
-0.001806
0.001620
0.005703
0.008561
0.011006
0.013923
0.016899
0.019583
0.022050
0.023921
0.024698
0.024744
0.021301
0.020495
0.021708
0.021642
0.021819
0.019322
0.013214
0.005257
-0.002703
-0.008767
-0.013693
-0.017491
-0.017805
-0.015777
-0.015966
-0.018153
-0.017428
-0.009269
0.000266
0.005727
0.007703
0.006060
0.002348
-0.001874
-0.005557
-0.008049
-0.009204
-0.007439
-0.002902
0.002483
0.004917
0.004760
0.003265
0.001903
0.000379
-0.001240
-0.000785
-0.000180
-0.000009
0.000178
0.001005
-0.000503
-0.003044
-0.002386
-0.001838
-0.001804
-0.000793
0.000687
0.000341
-0.000840
-0.000560
0.000091
0.000063
-0.003443
-0.008193
-0.008624
-0.006421
-0.003657
-0.000994
0.000206
0.000571
0.001190
0.000451
-0.002586
-0.005193
-0.005782
-0.004961
-0.003369
-0.001294
0.002023
0.003188
0.001653
0.000771
-0.000045
-0.002289
-0.005808
-0.007952
-0.009218
-0.008956
-0.007965
-0.008402
-0.005862
-0.003407
-0.002478
-0.002338
-0.000620
0.001446
0.002445
0.003438
0.004087
0.004491
0.006265
0.006666
0.003292
-0.000277
-0.002107
-0.005926
-0.013449
-0.021785
-0.025304
-0.027506
-0.030247
-0.030853
-0.029285
-0.028369
-0.027095
-0.026899
-0.030328
-0.032287
-0.032281
-0.030348
-0.027736
-0.026221
-0.025789
-0.027132
-0.025103
-0.019172
-0.013012
-0.007069
-0.000304
0.006813
0.014363
0.021975
0.027858
0.029841
0.027470
0.023249
0.014687
0.003818
-0.004283
-0.008755
-0.010951
-0.009664
-0.005463
0.000098
0.005585
0.008819
0.009714
0.007652
-0.000375
-0.010557
-0.017094
-0.019223
-0.017511
-0.014698
-0.009295
-0.007576
-0.004317
-0.002344
-0.003969
-0.005234
-0.005191
-0.005895
-0.006777
-0.007412
-0.007105
-0.006304
-0.005781
-0.005639
-0.006687
-0.010158
-0.014909
-0.016924
-0.019031
-0.020161
-0.020725
-0.022535
-0.024119
-0.023296
-0.019858
-0.016838
-0.017669
-0.020907
-0.023215
-0.028310
-0.032713
-0.031145
-0.027835
-0.027635
-0.026972
-0.023815
-0.019853
-0.012198
-0.004342
0.001095
0.006266
0.012037
0.013948
0.011800
0.008252
0.004868
0.000736
-0.001370
-0.000816
-0.000545
0.000327
0.000857
0.000907
0.000792
-0.000859
-0.002438
-0.002375
-0.000487
0.002308
0.003963
0.004601
0.005515
0.005397
0.002222
-0.003765
-0.008452
-0.007328
-0.003331
0.000361
0.001740
-0.000324
-0.004043
-0.004134
-0.000192
0.003132
0.004879
0.005379
0.004199
0.001782
0.000948
-0.000830
-0.001752
-0.000277
0.000939
0.001082
-0.000865
-0.002286
-0.000780
0.000650
0.001333
0.002537
0.004738
0.006177
0.007662
0.011394
0.017958
0.023892
0.026293
0.026077
0.025611
0.026544
0.028324
0.032710
0.038122
0.041738
0.042584
0.042838
0.044777
0.047722
0.049183
0.046998
0.047251
0.049127
0.047714
0.042906
0.033544
0.017356
-0.001245
-0.017916
-0.029426
-0.035612
-0.042254
-0.050526
-0.055843
-0.052429
-0.042876
-0.033018
-0.023234
-0.013559
-0.003952
0.002671
0.005740
0.009166
0.011291
0.013736
0.015641
0.012531
0.007537
0.008277
0.014616
0.021780
0.025939
0.024738
0.021682
0.021457
0.023349
0.026340
0.029337
0.031895
0.032898
0.034113
0.033110
0.030358
0.029212
0.030549
0.031526
0.033082
0.033442
0.030885
0.024902
0.014053
0.001647
-0.008562
-0.015691
-0.018735
-0.018804
-0.015720
-0.009629
-0.002474
0.003149
0.004952
0.005761
0.007357
0.008786
0.007509
0.002752
-0.000243
-0.000561
-0.001825
-0.005511
-0.009461
-0.012206
-0.013807
-0.012004
-0.007218
-0.001882
0.004477
0.007561
0.006351
0.001067
-0.002481
-0.003742
-0.005483
-0.006859
-0.004990
-0.000390
0.002740
0.003628
0.003471
0.003933
0.006162
0.005670
0.001015
-0.003861
-0.008155
-0.009825
-0.007050
-0.005083
-0.003656
-0.000948
0.001198
0.002618
0.002095
0.002563
0.003976
0.005658
0.006518
0.006252
0.004534
0.005544
0.006396
0.002614
-0.001394
-0.003113
-0.002679
-0.001339
-0.000598
0.002016
0.004837
0.005802
0.005472
0.005138
0.004404
0.000754
-0.002098
-0.002659
-0.003799
-0.005570
-0.006374
-0.006980
-0.006756
-0.004827
-0.001026
0.000694
-0.000616
0.000642
0.000807
-0.000021
0.000251
-0.001034
-0.005054
-0.009896
-0.013260
-0.016471
-0.019524
-0.021107
-0.021498
-0.024932
-0.030039
-0.032432
-0.030819
-0.026050
-0.022592
-0.023314
-0.024961
-0.025767
-0.026713
-0.026079
-0.023858
-0.021349
-0.019879
-0.016766
-0.011632
-0.008161
-0.006131
-0.000919
0.006424
0.016265
0.027434
0.034085
0.033792
0.030870
0.025029
0.014875
0.004031
-0.001414
-0.001035
0.001660
0.005162
0.007987
0.010137
0.007425
0.001650
-0.002043
-0.002818
-0.002028
-0.000227
0.000542
0.001529
0.001766
-0.003036
-0.005469
-0.010233
-0.015249
-0.016222
-0.014944
-0.012573
-0.011135
-0.011283
-0.011635
-0.010824
-0.008987
-0.008386
-0.010300
-0.012843
-0.014122
-0.015702
-0.015395
-0.012581
-0.010934
-0.012109
-0.015298
-0.017455
-0.018861
-0.021110
-0.022927
-0.025559
-0.027534
-0.026564
-0.023230
-0.019356
-0.016888
-0.018430
-0.021320
-0.021172
-0.020716
-0.021565
-0.021766
-0.022952
-0.023217
-0.022771
-0.020492
-0.017937
-0.017436
-0.014477
-0.008440
-0.002501
0.001259
0.000655
-0.003159
-0.006193
-0.004980
-0.003148
-0.003730
-0.002884
-0.000278
-0.000526
-0.002368
-0.003133
-0.003178
-0.001443
0.000889
0.001706
0.000699
-0.001788
-0.004802
-0.006879
-0.006279
-0.001457
0.002884
0.002740
0.002010
0.000451
0.000112
0.002083
0.002529
0.001639
0.000713
0.000056
-0.000842
-0.002891
-0.005224
-0.005378
-0.003764
-0.003539
-0.003452
-0.003652
-0.004510
-0.006712
-0.009578
-0.009660
-0.007323
-0.004207
-0.000777
0.004704
0.011136
0.015979
0.019025
0.020951
0.024484
0.025694
0.024546
0.023954
0.027076
0.033495
0.038923
0.042270
0.045809
0.047432
0.045916
0.044968
0.044186
0.043206
0.042246
0.039674
0.030347
0.013935
-0.004573
-0.024480
-0.042910
-0.055948
-0.062422
-0.062417
-0.058964
-0.055102
-0.047657
-0.037093
-0.023937
-0.011763
-0.003907
0.002744
0.008351
0.012285
0.014614
0.014991
0.011887
0.006247
0.001386
-0.000075
0.001815
0.006527
0.011828
0.015791
0.021350
0.026913
0.032311
0.036882
0.038953
0.038919
0.037775
0.036406
0.033224
0.028744
0.025077
0.024169
0.025366
0.024599
0.020832
0.013894
0.003996
-0.006430
-0.014468
-0.019183
-0.022118
-0.020697
-0.016061
-0.013005
-0.010382
-0.005699
-0.002236
0.000025
0.004298
0.006915
0.006565
0.001566
-0.006334
-0.012096
-0.013465
-0.008507
-0.003247
-0.001263
0.001051
0.002833
0.001905
-0.002024
-0.003675
-0.001466
0.000292
-0.001226
-0.003539
-0.003910
-0.003147
-0.001753
-0.000715
0.001198
0.000776
-0.002395
-0.004532
-0.003468
-0.000050
0.000868
-0.001688
-0.002405
-0.002064
-0.001740
-0.000621
-0.001154
-0.001503
-0.001298
-0.000367
0.000942
0.000525
0.000854
0.001417
0.000602
0.000126
0.001070
0.002855
0.001620
-0.001238
-0.003000
-0.001964
-0.000387
0.001229
0.003263
0.003951
0.004205
0.002222
-0.000097
-0.000524
-0.001683
-0.001248
-0.000865
-0.001111
-0.000414
-0.001012
-0.003334
-0.006550
-0.008656
-0.007280
-0.002826
0.000643
0.001487
0.002207
0.003852
0.004316
0.001775
-0.001749
-0.003988
-0.003082
-0.002698
-0.004634
-0.006184
-0.006329
-0.010026
-0.017068
-0.023823
-0.029508
-0.033191
-0.033604
-0.032276
-0.028720
-0.026169
-0.026636
-0.027696
-0.026615
-0.025326
-0.024623
-0.025229
-0.025988
-0.026400
-0.027478
-0.022367
-0.011842
-0.003677
0.004588
0.013600
0.019240
0.020434
0.019749
0.017877
0.014038
0.011067
0.008371
0.006066
0.005503
0.005588
0.006421
0.008462
0.007661
0.004101
-0.002149
-0.009163
-0.011775
-0.012679
-0.013131
-0.011393
-0.008483
-0.005178
-0.004866
-0.004404
-0.006916
-0.008987
-0.009633
-0.009578
-0.008702
-0.008983
-0.010095
-0.010438
-0.011294
-0.012069
-0.011383
-0.009066
-0.007493
-0.007635
-0.008038
-0.008106
-0.009493
-0.010050
-0.010857
-0.011999
-0.013319
-0.017503
-0.020145
-0.018268
-0.015053
-0.013224
-0.014119
-0.015773
-0.016019
-0.014479
-0.013793
-0.014995
-0.017100
-0.019422
-0.022014
-0.024792
-0.024479
-0.021443
-0.018845
-0.017768
-0.015247
-0.008776
-0.000806
0.005319
0.009161
0.011375
0.011537
0.008960
0.005292
0.001668
-0.001755
-0.004503
-0.005574
-0.003504
-0.002400
-0.002699
-0.001897
-0.000544
0.001153
0.002794
0.006030
0.008161
0.008111
0.007643
0.007596
0.006468
0.004228
0.002577
0.000382
0.000331
0.003876
0.008151
0.009986
0.009287
0.007028
0.004886
0.004272
0.002660
0.000835
-0.001010
-0.004444
-0.007272
-0.006733
-0.004722
-0.003330
-0.003161
-0.004530
-0.005301
-0.005155
-0.004862
-0.003615
0.000474
0.005525
0.007675
0.008049
0.008870
0.012082
0.020731
0.031657
0.038768
0.039149
0.037531
0.038070
0.038834
0.039671
0.042284
0.043585
0.044444
0.044506
0.044172
0.046522
0.050498
0.051094
0.047242
0.039890
0.026695
0.012462
0.000639
-0.013656
-0.029305
-0.042471
-0.051241
-0.053149
-0.047245
-0.038419
-0.028098
-0.019036
-0.013645
-0.008621
-0.002790
0.002743
0.005421
0.006397
0.007465
0.008300
0.012331
0.015458
0.015403
0.016429
0.020044
0.022932
0.026417
0.030457
0.032324
0.032866
0.034948
0.037142
0.037817
0.037909
0.037438
0.038631
0.040561
0.043355
0.042173
0.038523
0.032246
0.023449
0.012309
0.001914
-0.008803
-0.015161
-0.013898
-0.009900
-0.006730
-0.006495
-0.006332
-0.005379
-0.001750
0.003901
0.006555
0.005961
0.002773
0.000034
0.000771
-0.000357
-0.004159
-0.006348
-0.005471
-0.002798
0.000297
0.005654
0.006302
0.003948
0.001442
-0.002276
-0.002500
-0.001409
-0.001487
-0.001476
-0.001257
-0.000909
0.000601
0.003447
0.004914
0.005671
0.004047
-0.000060
-0.003385
-0.004458
-0.001658
0.001512
0.002961
0.005376
0.004586
0.000075
-0.001334
-0.001172
-0.002655
-0.003352
-0.002548
-0.000701
0.002348
0.004929
0.005993
0.007221
0.005524
0.002703
0.001690
0.001613
0.001633
0.000628
-0.000788
-0.001336
-0.001124
-0.001028
-0.000474
0.001151
0.004397
0.005373
0.005015
0.004431
0.003482
0.002656
0.002526
0.003389
0.003288
0.003746
0.003637
0.002388
0.001805
0.001804
0.000570
0.002085
0.005841
0.007821
0.009704
0.009785
0.005839
0.000385
-0.003698
-0.010840
-0.019587
-0.024938
-0.026799
-0.026475
-0.026205
-0.026233
-0.025899
-0.027096
-0.026303
-0.024134
-0.023163
-0.024459
-0.026802
-0.026857
-0.026951
-0.028931
-0.031188
-0.030637
-0.026477
-0.022172
-0.017940
-0.011933
-0.004986
0.004712
0.015190
0.026924
0.034049
0.036893
0.034721
0.026668
0.017230
0.008211
0.002304
-0.000182
-0.001270
-0.001708
-0.002101
-0.000201
0.003078
0.004009
0.003399
0.002256
0.001128
0.000182
-0.000575
-0.003561
-0.005865
-0.004756
-0.006131
-0.006330
-0.007666
-0.009714
-0.012841
-0.015747
-0.017401
-0.017115
-0.014443
-0.010986
-0.008973
-0.009712
-0.011802
-0.014299
-0.015752
-0.019019
-0.020295
-0.017204
-0.012179
-0.010818
-0.012863
-0.015049
-0.018696
-0.022754
-0.024375
-0.026151
-0.027259
-0.027956
-0.030468
-0.031782
-0.032214
-0.032968
-0.032125
-0.030736
-0.031547
-0.033284
-0.033857
-0.030088
-0.026366
-0.023995
-0.017637
-0.010098
-0.002937
0.001428
0.001058
-0.001382
-0.002969
-0.002764
-0.000901
0.000477
0.001245
-0.002958
-0.008398
-0.007808
-0.005879
-0.005676
-0.004882
-0.003067
-0.000528
0.001811
0.001023
0.000489
-0.001881
-0.004178
-0.004363
-0.004974
-0.005140
-0.002905
0.000119
0.002254
0.005311
0.005173
0.001512
-0.000947
-0.003242
-0.003610
-0.003277
-0.004977
-0.004297
-0.000941
0.000475
0.001063
-0.000244
-0.001003
-0.000351
0.000698
0.002909
0.005040
0.004250
0.002284
0.002207
0.003195
0.005198
0.007358
0.008851
0.010177
0.012401
0.014307
0.014490
0.015275
0.016752
0.017662
0.020940
0.025391
0.030237
0.034339
0.038111
0.039358
0.040287
0.043083
0.045467
0.047095
0.047315
0.045533
0.044847
0.043666
0.035793
0.021343
0.003818
-0.016692
-0.036599
-0.051868
-0.062136
-0.065640
-0.064699
-0.058119
-0.044481
-0.027914
-0.013338
-0.003306
0.003685
0.008116
0.006921
0.004079
0.002147
0.000162
-0.000492
-0.001095
0.000332
0.004292
0.010910
0.018681
0.022527
0.024640
0.026986
0.029661
0.034121
0.038378
0.039189
0.037364
0.035333
0.031495
0.028475
0.027413
0.026621
0.024481
0.020307
0.015646
0.008718
0.000332
-0.007157
-0.015564
-0.018754
-0.015217
-0.010724
-0.009658
-0.011271
-0.008293
-0.003812
-0.002323
-0.000342
0.001478
0.002443
0.001191
0.000109
0.000260
-0.001589
-0.004744
-0.006689
-0.007174
-0.006907
-0.006138
-0.004828
-0.001720
0.000946
0.001733
0.002075
0.001179
0.000366
0.001171
-0.000457
-0.004917
-0.008913
-0.009900
-0.008035
-0.006489
-0.005475
-0.003331
-0.001647
-0.000041
0.000199
-0.002185
-0.006033
-0.008254
-0.006247
-0.001142
0.004548
0.005379
0.003524
0.001309
-0.000842
-0.000968
0.000472
0.001022
-0.001036
-0.001285
-0.000454
0.002657
0.005465
0.005474
0.004665
0.003185
0.000565
-0.001989
-0.001520
-0.000753
0.001134
0.003629
0.001236
-0.000371
-0.001268
-0.001385
-0.000952
-0.002778
-0.006425
-0.007620
-0.006216
-0.004419
-0.004082
-0.006159
-0.005810
-0.003033
-0.003423
-0.004006
-0.005227
-0.005464
-0.005232
-0.007038
-0.010067
-0.009452
-0.009285
-0.013498
-0.018994
-0.021591
-0.023939
-0.027305
-0.028039
-0.029618
-0.030026
-0.027482
-0.025378
-0.025080
-0.025184
-0.025549
-0.027323
-0.030090
-0.031469
-0.029687
-0.026303
-0.023412
-0.022656
-0.022610
-0.022202
-0.017601
-0.008168
0.002093
0.011679
0.020044
0.027079
0.031406
0.031881
0.024848
0.012292
-0.000066
-0.007951
-0.009322
-0.006482
-0.000494
0.004935
0.005479
0.004038
0.000634
-0.005702
-0.010030
-0.009536
-0.008185
-0.007758
-0.006931
-0.002806
0.003537
0.009765
0.007498
0.002279
-0.002098
-0.004631
-0.007007
-0.007301
-0.005940
-0.004759
-0.007582
-0.014293
-0.020976
-0.022371
-0.020604
-0.018210
-0.014129
-0.010405
-0.010428
-0.011728
-0.011441
-0.010138
-0.009937
-0.009888
-0.010452
-0.012274
-0.013827
-0.015619
-0.016857
-0.017508
-0.021538
-0.024578
-0.025145
-0.025387
-0.025520
-0.026446
-0.025042
-0.024895
-0.027944
-0.028658
-0.025962
-0.023908
-0.018467
-0.008583
-0.000568
0.002530
0.002566
0.002154
0.001096
0.001199
0.001664
0.001296
0.001080
0.000862
-0.001159
-0.000036
0.003502
0.003344
0.002992
0.002538
0.000365
-0.001243
-0.000214
0.000688
0.001572
0.003361
0.004379
0.004223
0.002666
0.002173
0.000050
-0.004304
-0.006322
-0.006131
-0.004997
-0.003458
-0.001738
-0.001796
-0.001523
-0.000706
-0.000798
-0.001683
-0.001139
0.000345
0.004183
0.007568
0.007116
0.005424
0.003743
0.002064
0.000094
-0.000786
0.000886
0.001803
0.001304
0.002705
0.007549
0.013667
0.020120
0.025364
0.028163
0.032332
0.038272
0.042925
0.044989
0.047537
0.049543
0.048441
0.048474
0.049079
0.048931
0.050684
0.052859
0.051689
0.048201
0.037168
0.020522
0.006928
-0.002642
-0.012003
-0.024010
-0.036990
-0.048621
-0.056005
-0.059664
-0.056249
-0.047027
-0.035696
-0.023593
-0.012102
-0.002812
0.003126
0.005548
0.003730
0.002634
0.003835
0.004757
0.006623
0.010622
0.016001
0.021303
0.024559
0.026294
0.029064
0.033405
0.037840
0.040106
0.039193
0.036874
0.036255
0.038429
0.038864
0.036491
0.033753
0.031158
0.031826
0.032240
0.025485
0.014811
0.005865
-0.000731
-0.008428
-0.013548
-0.013589
-0.010698
-0.007584
-0.005611
-0.004755
-0.004516
-0.002517
0.002194
0.005568
0.005273
0.003295
0.003697
0.003784
0.002951
0.002747
0.002344
0.003012
0.003096
0.003340
0.004482
0.004296
0.001706
-0.001037
-0.000666
0.000655
0.001910
0.002313
0.003243
0.004199
0.004712
0.005945
0.007415
0.008596
0.007957
0.005555
0.004474
0.004277
0.003387
0.001030
-0.000744
-0.000315
-0.000184
0.000245
0.002982
0.006433
0.008335
0.008489
0.006719
0.006316
0.006508
0.006400
0.005733
0.003284
-0.000634
-0.002595
-0.004040
-0.004743
-0.002030
0.002920
0.008269
0.010502
0.008211
0.003469
-0.000740
0.000137
0.003122
0.003041
0.002068
0.001874
0.001623
0.000975
-0.000326
-0.001216
-0.000055
0.000800
0.000269
-0.000618
-0.000353
0.002221
0.004015
0.003090
0.003044
0.002877
0.001995
0.002728
0.002557
0.000518
-0.002162
-0.006429
-0.012808
-0.019489
-0.024450
-0.027458
-0.026244
-0.023655
-0.022381
-0.020795
-0.019448
-0.018816
-0.020183
-0.023268
-0.025522
-0.024698
-0.024096
-0.025145
-0.026913
-0.025898
-0.021557
-0.017061
-0.015264
-0.015841
-0.015844
-0.012660
-0.006984
0.002891
0.016772
0.028690
0.036017
0.037294
0.032149
0.023517
0.013743
0.004525
-0.001055
-0.000191
0.003795
0.006898
0.008894
0.008598
0.004623
-0.001707
-0.007213
-0.010227
-0.013760
-0.014886
-0.011596
-0.006894
-0.004357
-0.008385
-0.008909
-0.008468
-0.009915
-0.011346
-0.012085
-0.011984
-0.012749
-0.013416
-0.014922
-0.019840
-0.026180
-0.031420
-0.031304
-0.027965
-0.025587
-0.022713
-0.020571
-0.020479
-0.021140
-0.017875
-0.015536
-0.018846
-0.022920
-0.026004
-0.028398
-0.030807
-0.033888
-0.036233
-0.037248
-0.040498
-0.041037
-0.033724
-0.023257
-0.014624
-0.005742
0.004025
0.009310
0.009863
0.008780
0.007109
0.005890
0.005833
0.007299
0.008350
0.007061
0.005123
0.003879
0.001901
0.001232
0.002968
0.007058
0.010420
0.010944
0.010378
0.007412
0.001668
-0.002095
-0.001387
-0.000450
0.000148
0.000429
-0.001682
-0.005118
-0.006046
-0.006731
-0.006873
-0.004651
-0.001887
-0.000537
-0.001645
-0.002540
-0.003321
-0.005235
-0.005800
-0.004844
-0.004881
-0.004229
-0.003860
-0.003650
-0.003097
-0.002722
-0.001967
-0.001504
-0.000497
0.001329
0.002049
-0.000146
-0.003047
-0.005887
-0.006481
-0.004024
-0.001323
0.001634
0.004062
0.005387
0.006167
0.011810
0.019411
0.025187
0.029911
0.032083
0.033136
0.035379
0.037196
0.036155
0.037071
0.039280
0.040264
0.044052
0.046643
0.045072
0.043937
0.043201
0.041107
0.026771
0.002092
-0.021009
-0.035257
-0.043615
-0.050298
-0.055726
-0.057678
-0.056118
-0.051646
-0.045472
-0.038369
-0.029272
-0.018514
-0.008914
-0.001311
0.004737
0.009231
0.010625
0.008967
0.007687
0.008813
0.009414
0.007988
0.008653
0.011599
0.015042
0.018479
0.024641
0.032648
0.038535
0.038833
0.035169
0.031252
0.028760
0.027298
0.028250
0.030208
0.030961
0.030721
0.024285
0.014847
0.007307
0.001032
-0.005463
-0.010191
-0.010990
-0.008587
-0.006361
-0.004779
-0.001974
-0.000831
-0.001042
0.001347
0.002267
0.000851
0.001131
0.003801
0.007280
0.009116
0.006733
0.001495
-0.001810
-0.002583
-0.004306
-0.004597
-0.005931
-0.006494
-0.006971
-0.008443
-0.007762
-0.004668
-0.002034
-0.000324
-0.000098
0.000460
0.000393
-0.001185
-0.002127
-0.001481
-0.000235
-0.002041
-0.002807
-0.000521
0.002684
0.004705
0.005318
0.004453
0.000263
-0.003353
-0.004096
-0.004411
-0.004255
-0.002355
-0.000361
0.002120
0.004734
0.004559
0.003022
0.002802
0.003056
0.002344
0.001125
0.001124
0.001924
0.001684
0.000222
-0.002403
-0.002765
-0.000943
0.001190
0.000409
-0.001092
-0.000863
-0.001580
-0.002450
-0.003048
-0.005992
-0.007589
-0.007217
-0.007111
-0.007419
-0.007304
-0.007626
-0.005698
-0.003364
-0.002159
-0.000392
0.001502
0.002091
0.003352
0.002036
0.000228
-0.001300
-0.003761
-0.005375
-0.006480
-0.009242
-0.015122
-0.020553
-0.022645
-0.026876
-0.032035
-0.035879
-0.039116
-0.039086
-0.037747
-0.039629
-0.043646
-0.046099
-0.044875
-0.043825
-0.042680
-0.040576
-0.040106
-0.040469
-0.037094
-0.031273
-0.026172
-0.023503
-0.019675
-0.007105
0.010241
0.023710
0.029684
0.031432
0.033214
0.033534
0.032160
0.028763
0.020279
0.012314
0.006888
0.001322
-0.003599
-0.007727
-0.011717
-0.014844
-0.013956
-0.009650
-0.002254
0.005588
0.010578
0.012516
0.008344
0.004673
0.003497
0.004984
0.006505
0.007019
0.005228
0.003204
0.001540
-0.001107
-0.003375
-0.004575
-0.005547
-0.006955
-0.007603
-0.005931
-0.004884
-0.005234
-0.004336
-0.001414
0.001707
0.002790
0.003183
0.003585
0.002073
0.000307
-0.000209
-0.000539
-0.002262
-0.004161
-0.003380
-0.001011
0.000472
-0.000225
0.001270
0.004509
0.006374
0.007577
0.007247
0.006829
0.005383
0.002536
0.000423
-0.000808
-0.000117
