0.000000
0.000000
0.174511
0.002874
0.348969
0.008572
0.523321
0.017045
0.697513
0.028242
0.871493
0.042112
1.045208
0.058603
1.218604
0.077662
1.391629
0.099235
1.564230
0.123269
1.736355
0.149708
1.907951
0.178498
2.078966
0.209581
2.249348
0.242902
2.419044
0.278402
2.588004
0.316026
2.756176
0.355713
2.923508
0.397405
3.089950
0.441043
3.255451
0.486566
3.419960
0.533916
3.583427
0.583030
3.745804
0.633848
3.907039
0.686308
4.067085
0.740348
4.225891
0.795906
4.383411
0.852919
4.539596
0.911325
4.694398
0.971059
4.847770
1.032060
4.999666
1.094262
5.150039
1.157602
5.298844
1.222017
5.446035
1.287440
5.591567
1.353809
5.735396
1.421058
5.877478
1.489124
6.017770
1.557940
6.156230
1.627442
6.292814
1.697566
6.427482
1.768246
6.560192
1.839418
6.690905
1.911016
6.819579
1.982977
6.946177
2.055235
7.070659
2.127725
7.192987
2.200384
7.313125
2.273147
7.431035
2.345949
7.546683
2.418728
7.660031
2.491418
7.771047
2.563957
7.879696
2.636282
7.985945
2.708329
8.089762
2.780036
8.191115
2.851340
8.289973
2.922181
8.386307
2.992495
8.480086
3.062222
8.571282
3.131302
8.659868
3.199674
8.745817
3.267278
8.829102
3.334055
8.909698
3.399946
8.987580
3.464893
9.062725
3.528838
9.135109
3.591724
9.204712
3.653495
9.271511
3.714094
9.335486
3.773467
9.396618
3.831558
9.454889
3.888314
9.510279
3.943682
9.562773
3.997609
9.612355
4.050043
9.659009
4.100933
9.702721
4.150230
9.743478
4.197883
9.781267
4.243844
9.816078
4.288065
9.847899
4.330499
9.876720
4.371101
9.902534
4.409824
9.925331
4.446625
9.945106
4.481461
9.961852
4.514288
9.975563
4.545066
9.986237
4.573753
9.993869
4.600311
9.998457
4.624701
10.000000
4.646885
9.998497
4.666827
9.993949
4.684491
9.986358
4.699843
9.975725
4.712850
9.962053
4.723479
9.945348
4.731699
9.925613
4.737481
9.902856
4.740794
9.877082
4.741612
9.848301
4.739908
9.816519
4.735655
9.781749
4.728831
9.743998
4.719411
9.703281
4.707374
9.659608
4.692698
9.612992
4.675365
9.563450
4.655355
9.510994
4.632652
9.455642
4.607240
9.397410
4.579103
9.336316
4.548228
9.272378
4.514603
9.205616
4.478216
9.136051
4.439059
9.063703
4.397122
8.988594
4.352399
8.910748
4.304882
8.830188
4.254568
8.746939
4.201452
8.661025
4.145533
8.572474
4.086810
8.481312
4.025282
8.387567
3.960952
8.291267
3.893822
8.192442
3.823897
8.091122
3.751181
7.987338
3.675682
7.881120
3.597407
7.772503
3.516366
7.661519
3.432569
7.548201
3.346027
7.432584
3.256755
7.314703
3.164766
7.194595
3.070075
7.072295
2.972700
6.947841
2.872658
6.821272
2.769969
6.692624
2.664653
6.561939
2.556732
6.429255
2.446228
6.294612
2.333167
6.158053
2.217572
6.019618
2.099472
5.879350
1.978893
5.737291
1.855865
5.593485
1.730417
5.447975
1.602581
5.300806
1.472389
5.152023
1.339875
5.001670
1.205073
4.849794
1.068020
4.696441
0.928751
4.541657
0.787306
4.385491
0.643723
4.227988
0.498042
4.069198
0.350305
3.909169
0.200554
3.747949
0.048831
3.585588
-0.104818
3.422134
-0.260349
3.257638
-0.417714
3.092151
-0.576868
2.925721
-0.737762
2.758400
-0.900346
2.590239
-1.064571
2.421290
-1.230386
2.251602
-1.397739
2.081229
-1.566577
1.910223
-1.736846
1.738634
-1.908494
1.566516
-2.081463
1.393921
-2.255699
1.220901
-2.431145
1.047509
-2.607743
0.873799
-2.785435
0.699822
-2.964162
0.525632
-3.143864
0.351282
-3.324482
0.176825
-3.505954
0.002314
-3.688220
-0.172198
-3.871215
-0.346657
-4.054879
-0.521010
-4.239148
-0.695205
-4.423957
-0.869188
-4.609243
-1.042907
-4.794941
-1.216307
-4.980985
-1.389338
-5.167310
-1.561945
-5.353849
-1.734076
-5.540537
-1.905680
-5.727305
-2.076703
-5.914087
-2.247093
-6.100815
-2.416799
-6.287422
-2.585769
-6.473838
-2.753951
-6.659996
-2.921295
-6.845826
-3.087749
-7.031261
-3.253263
-7.216230
-3.417785
-7.400665
-3.581267
-7.584495
-3.743658
-7.767653
-3.904909
-7.950068
-4.064971
-8.131670
-4.223794
-8.312390
-4.381331
-8.492158
-4.537534
-8.670904
-4.692355
-8.848560
-4.845746
-9.025055
-4.997662
-9.200320
-5.148056
-9.374286
-5.296881
-9.546883
-5.444094
-9.718042
-5.589648
-9.887696
-5.733500
-10.055774
-5.875606
-10.222210
-6.015922
-10.386934
-6.154406
-10.549879
-6.291016
-10.710977
-6.425709
-10.870163
-6.558446
-11.027368
-6.689185
-11.182526
-6.817887
-11.335572
-6.944512
-11.486441
-7.069022
-11.635066
-7.191379
-11.781384
-7.311547
-11.925332
-7.429487
-12.066844
-7.545164
-12.205859
-7.658544
-12.342315
-7.769590
-12.476149
-7.878271
-12.607301
-7.984552
-12.735711
-8.088401
-12.861318
-8.189787
-12.984064
-8.288679
-13.103891
-8.385046
-13.220742
-8.478859
-13.334559
-8.570090
-13.445287
-8.658711
-13.552871
-8.744695
-13.657256
-8.828015
-13.758390
-8.908647
-13.856220
-8.986565
-13.950694
-9.061746
-14.041762
-9.134168
-14.129375
-9.203807
-14.213483
-9.270644
-14.294038
-9.334657
-14.370995
-9.395827
-14.444308
-9.454135
-14.513931
-9.509564
-14.579822
-9.562096
-14.641938
-9.611716
-14.700238
-9.658409
-14.754681
-9.702161
-14.805228
-9.742957
-14.851842
-9.780786
-14.894485
-9.815636
-14.933123
-9.847497
-14.967720
-9.876358
-14.998243
-9.902211
-15.024661
-9.925049
-15.046942
-9.944864
-15.065058
-9.961649
-15.078980
-9.975401
-15.088682
-9.986115
-15.094137
-9.993787
-15.095321
-9.998416
-15.092212
-9.999999
-15.084788
-9.998537
-15.073028
-9.994030
-15.056914
-9.986478
-15.036428
-9.975886
-15.011553
-9.962254
-14.982276
-9.945589
-14.948583
-9.925895
-14.910461
-9.903177
-14.867901
-9.877444
-14.820892
-9.848702
-14.769427
-9.816960
-14.713501
-9.782229
-14.653107
-9.744518
-14.588244
-9.703840
-14.518907
-9.660206
-14.445098
-9.613630
-14.366817
-9.564126
-14.284067
-9.511709
-14.196851
-9.456395
-14.105174
-9.398201
-14.009044
-9.337144
-13.908469
-9.273244
-13.803458
-9.206520
-13.694023
-9.136991
-13.580177
-9.064680
-13.461933
-8.989608
-13.339307
-8.911798
-13.212317
-8.831274
-13.080981
-8.748060
-12.945319
-8.662182
-12.805353
-8.573665
-12.661105
-8.482538
-12.512600
-8.388827
-12.359865
-8.292560
-12.202925
-8.193769
-12.041811
-8.092482
-11.876553
-7.988730
-11.707181
-7.882545
-11.533730
-7.773959
-11.356234
-7.663005
-11.174728
-7.549718
-10.989251
-7.434131
-10.799841
-7.316281
-10.606537
-7.196201
-10.409382
-7.073931
-10.208419
-6.949505
-10.003691
-6.822963
-9.795245
-6.694343
-9.583127
-6.563685
-9.367385
-6.431027
-9.148069
-6.296410
-8.925231
-6.159876
-8.698922
-6.021466
-8.469195
-5.881222
-8.236105
-5.739186
-7.999709
-5.595403
-7.760063
-5.449915
-7.517225
-5.302768
-7.271256
-5.154006
-7.022216
-5.003673
-6.770167
-4.851817
-6.515172
-4.698484
-6.257295
-4.543719
-5.996602
-4.387570
-5.733159
-4.230085
-5.467033
-4.071312
-5.198293
-3.911299
-4.927009
-3.750094
-4.653251
-3.587748
-4.377090
-3.424308
-4.098600
-3.259826
-3.817854
-3.094351
-3.534925
-2.927933
-3.249891
-2.760624
-2.962826
-2.592474
-2.673808
-2.423535
-2.382915
-2.253857
-2.090226
-2.083493
-1.795820
-1.912494
-1.499778
-1.740913
-1.202180
-1.568801
-0.903109
-1.396212
-0.602647
-1.223197
-0.300878
-1.049810
0.002116
-0.876104
0.306249
-0.702130
0.611436
-0.527943
0.917592
-0.353594
1.224630
-0.179138
1.532464
-0.004628
1.841006
0.169884
2.150169
0.344344
2.459865
0.518699
2.770004
0.692897
3.080499
0.866883
3.391259
1.040605
3.702196
1.214011
4.013219
1.387046
4.324238
1.559659
4.635162
1.731797
4.945901
1.903408
5.256364
2.074439
5.566460
2.244838
5.876098
2.414554
6.185187
2.583534
6.493634
2.751727
6.801349
2.919082
7.108240
3.085548
7.414217
3.251074
7.719186
3.415611
8.023058
3.579106
8.325741
3.741512
8.627144
3.902779
8.927175
4.062856
9.225745
4.221696
9.522763
4.379251
9.818137
4.535472
10.111780
4.690311
10.403600
4.843722
10.693508
4.995657
10.981415
5.146072
11.267234
5.294918
11.550874
5.442153
11.832250
5.587729
12.111272
5.731604
12.387856
5.873733
12.661914
6.014074
12.933360
6.152582
13.202110
6.289217
13.468080
6.423936
13.731184
6.556699
13.991341
6.687465
14.248468
6.816194
14.502482
6.942847
14.753304
7.067385
15.000853
7.189771
15.245049
7.309968
15.485814
7.427938
15.723071
7.543645
15.956742
7.657055
16.186752
7.768133
16.413026
7.876846
16.635490
7.983159
16.854071
8.087041
17.068697
8.188459
17.279298
8.287384
17.485803
8.383785
17.688144
8.477632
17.886253
8.568898
18.080064
8.657553
18.269511
8.743572
18.454531
8.826928
18.635061
8.907595
18.811038
8.985550
18.982404
9.060768
19.149097
9.133226
19.311062
9.202902
19.468241
9.269776
19.620579
9.333826
19.768023
9.395034
19.910519
9.453380
20.048018
9.508848
20.180469
9.561419
20.307825
9.611078
20.430038
9.657809
20.547064
9.701600
20.658859
9.742435
20.765380
9.780304
20.866588
9.815193
20.962442
9.847094
21.052906
9.875995
21.137943
9.901888
21.217520
9.924766
21.291602
9.944621
21.360160
9.961447
21.423163
9.975239
21.480583
9.985993
21.532395
9.993706
21.578574
9.998375
21.619097
9.999998
21.653942
9.998576
21.683090
9.994109
21.706524
9.986598
21.724227
9.976046
21.736185
9.962455
21.742385
9.945830
21.742817
9.926176
21.737471
9.903498
21.726339
9.877805
21.709417
9.849103
21.686700
9.817401
21.658187
9.782709
21.623876
9.745038
21.583770
9.704399
21.537872
9.660804
21.486187
9.614266
21.428721
9.564801
21.365483
9.512423
21.296485
9.457147
21.221737
9.398991
21.141254
9.337972
21.055051
9.274110
20.963148
9.207423
20.865561
9.137931
20.762314
9.065657
20.653429
8.990621
20.538930
8.912847
20.418844
8.832359
20.293200
8.749181
20.162027
8.663338
20.025357
8.574856
19.883224
8.483763
19.735664
8.390086
19.582713
8.293853
19.424410
8.195095
19.260795
8.093841
19.091912
7.990121
18.917803
7.883968
18.738515
7.775414
18.554095
7.664492
18.364591
7.551235
18.170056
7.435679
17.970540
7.317858
17.766098
7.197808
17.556786
7.075566
17.342661
6.951169
17.123781
6.824655
16.900208
6.696062
16.672002
6.565430
16.439228
6.432799
16.201951
6.298208
15.960238
6.161699
15.714155
6.023313
15.463774
5.883093
15.209165
5.741081
14.950400
5.597321
14.687554
5.451855
14.420702
5.304730
14.149921
5.155988
13.875289
5.005677
13.596884
4.853841
13.314789
4.700526
13.029085
4.545780
12.739856
4.389649
12.447185
4.232182
12.151160
4.073425
11.851867
3.913428
11.549395
3.752239
11.243832
3.589907
10.935270
3.426482
10.623800
3.262014
10.309515
3.096551
9.992509
2.930146
9.672876
2.762848
9.350714
2.594709
9.026117
2.425779
8.699185
2.256111
8.370017
2.085756
8.038711
1.914765
7.705368
1.743191
7.370090
1.571086
7.032978
1.398503
6.694137
1.225494
6.353669
1.052112
6.011679
0.878409
5.668272
0.704438
5.323554
0.530253
4.977632
0.355907
4.630612
0.181452
4.282602
0.006942
3.933710
-0.167570
3.584044
-0.342032
3.233715
-0.516389
2.882831
-0.690588
2.531502
-0.864578
2.179840
-1.038304
1.827953
-1.211714
1.475954
-1.384754
1.123954
-1.557374
0.772064
-1.729518
0.420396
-1.901136
0.069062
-2.072175
-0.281826
-2.242583
-0.632156
-2.412308
-0.981816
-2.581298
-1.330693
-2.749502
-1.678675
-2.916869
-2.025650
-3.083347
-2.371505
-3.248886
-2.716129
-3.413436
-3.059409
-3.576946
-3.401233
-3.739366
-3.741491
-3.900648
-4.080069
-4.060742
-4.416859
-4.219599
-4.751747
-4.377171
-5.084625
-4.533409
-5.415381
-4.688267
-5.743906
-4.841697
-6.070090
-4.993653
-6.393826
-5.144087
-6.715003
-5.292955
-7.033515
-5.440211
-7.349254
-5.585810
-7.662114
-5.729708
-7.971988
-5.871860
-8.278771
-6.012225
-8.582359
-6.150758
-8.882646
-6.287418
-9.179532
-6.422163
-9.472911
-6.554952
-9.762684
-6.685744
-10.048750
-6.814500
-10.331008
-6.941181
-10.609360
-7.065748
-10.883708
-7.188163
-11.153955
-7.308388
-11.420004
-7.426388
-11.681762
-7.542126
-11.939134
-7.655567
-12.192028
-7.766676
-12.440351
-7.875420
-12.684014
-7.981765
-12.922928
-8.085679
-13.157004
-8.187131
-13.386156
-8.286089
-13.610298
-8.382523
-13.829346
-8.476405
-14.043218
-8.567704
-14.251831
-8.656395
-14.455107
-8.742449
-14.652966
-8.825840
-14.845331
-8.906543
-15.032127
-8.984534
-15.213279
-9.059788
-15.388714
-9.132283
-15.558363
-9.201997
-15.722154
-9.268908
-15.880020
-9.332996
-16.031895
-9.394241
-16.177714
-9.452626
-16.317414
-9.508131
-16.450934
-9.560741
-16.578213
-9.610438
-16.699195
-9.657209
-16.813823
-9.701038
-16.922042
-9.741913
-17.023800
-9.779821
-17.119046
-9.814750
-17.207731
-9.846690
-17.289808
-9.875631
-17.365232
-9.901565
-17.433959
-9.924482
-17.495947
-9.944377
-17.551158
-9.961244
-17.599554
-9.975076
-17.641098
-9.985870
-17.675757
-9.993623
-17.703499
-9.998333
-17.724294
-9.999997
-17.738115
-9.998615
-17.744935
-9.994189
-17.744731
-9.986718
-17.737481
-9.976206
-17.723165
-9.962655
-17.701765
-9.946070
-17.673266
-9.926456
-17.637655
-9.903819
-17.594919
-9.878165
-17.545049
-9.849503
-17.488038
-9.817841
-17.423880
-9.783189
-17.352573
-9.745557
-17.274115
-9.704957
-17.188507
-9.661401
-17.095753
-9.614903
-16.995857
-9.565476
-16.888828
-9.513136
-16.774674
-9.457899
-16.653407
-9.399781
-16.525041
-9.338800
-16.389591
-9.274975
-16.247076
-9.208325
-16.097516
-9.138871
-15.940933
-9.066633
-15.777350
-8.991634
-15.606796
-8.913896
-15.429297
-8.833444
-15.244885
-8.750301
-15.053593
-8.664493
-14.855454
-8.576046
-14.650507
-8.484988
-14.438789
-8.391345
-14.220343
-8.295146
-13.995210
-8.196421
-13.763437
-8.095199
-13.525070
-7.991512
-13.280158
-7.885392
-13.028754
-7.776869
-12.770909
-7.665978
-12.506679
-7.552752
-12.236122
-7.437226
-11.959296
-7.319435
-11.676263
-7.199414
-11.387086
-7.077201
-11.091829
-6.952832
-10.790560
-6.826346
-10.483348
-6.697781
-10.170263
-6.567176
-9.851378
-6.434570
-9.526767
-6.300005
-9.196506
-6.163521
-8.860674
-6.025160
-8.519350
-5.884964
-8.172617
-5.742976
-7.820556
-5.599238
-7.463254
-5.453795
-7.100797
-5.306691
-6.733274
-5.157971
-6.360775
-5.007680
-5.983391
-4.855864
-5.601216
-4.702568
-5.214345
-4.547841
-4.822875
-4.391728
-4.426903
-4.234278
-4.026530
-4.075539
-3.621855
-3.915558
-3.212983
-3.754384
-2.800017
-3.592067
-2.383062
-3.428656
-1.962225
-3.264201
-1.537615
-3.098751
-1.109340
-2.932358
-0.677512
-2.765072
-0.242242
-2.596944
0.196356
-2.428024
0.638168
-2.258365
1.083077
-2.088019
1.530968
-1.917036
1.981722
-1.745470
2.435221
-1.573372
2.891343
-1.400794
3.349969
-1.227790
3.810977
-1.054413
4.274242
-0.880714
4.739642
-0.706746
5.207051
-0.532564
5.676344
-0.358219
6.147394
-0.183766
6.620075
-0.009256
7.094257
0.165257
7.569814
0.339719
8.046614
0.514078
8.524528
0.688280
9.003426
0.862272
9.483176
1.036002
9.963647
1.209417
10.444706
1.382463
10.926221
1.555088
11.408058
1.727239
11.890084
1.898864
12.372166
2.069911
12.854169
2.240328
13.335959
2.410062
13.817400
2.579063
14.298359
2.747277
14.778700
2.914655
15.258289
3.081146
15.736989
3.246698
16.214666
3.411261
16.691184
3.574785
17.166408
3.737220
17.640203
3.898517
18.112434
4.058627
18.582966
4.217501
19.051664
4.375090
19.518394
4.531347
19.983021
4.686223
20.445411
4.839673
20.905431
4.991648
21.362947
5.142103
21.817826
5.290992
22.269937
5.438269
22.719146
5.583891
23.165324
5.727811
23.608337
5.869987
24.048058
6.010375
24.484355
6.148933
24.917099
6.285618
25.346163
6.420389
25.771419
6.553204
26.192740
6.684023
26.610000
6.812807
27.023074
6.939515
27.431838
7.064110
27.836168
7.186554
28.235942
7.306809
28.631039
7.424838
29.021338
7.540606
29.406720
7.654078
29.787067
7.765218
30.162261
7.873994
30.532187
7.980371
30.896730
8.084317
31.255777
8.185802
31.609215
8.284793
31.956933
8.381261
32.298822
8.475177
32.634774
8.566511
32.964681
8.655236
33.288437
8.741325
33.605940
8.824752
33.917087
8.905491
34.221775
8.983518
34.519907
9.058808
34.811383
9.131340
35.096108
9.201091
35.373987
9.268039
35.644926
9.332165
35.908835
9.393448
36.165623
9.451870
36.415203
9.507414
36.657488
9.560062
36.892394
9.609798
37.119839
9.656608
37.339740
9.700477
37.552020
9.741391
37.756602
9.779338
37.953409
9.814307
38.142369
9.846286
38.323410
9.875267
38.496464
9.901241
38.661461
9.924198
38.818338
9.944133
38.967031
9.961040
39.107478
9.974912
39.239620
9.985747
39.363400
9.993540
39.478762
9.998290
39.585654
9.999995
39.684024
9.998653
39.773825
9.994267
39.855008
9.986837
39.927530
9.976365
39.991349
9.962855
40.046423
9.946310
40.092716
9.926736
40.130192
9.904139
40.158817
9.878525
40.178560
9.849903
40.189391
9.818280
40.191285
9.783668
40.184217
9.746075
40.168164
9.705514
40.143106
9.661998
40.109026
9.615538
40.065909
9.566150
40.013741
9.513849
39.952512
9.458650
39.882213
9.400570
39.802838
9.339627
39.714383
9.275840
39.616846
9.209227
39.510228
9.139810
39.394532
9.067609
39.269764
8.992646
39.135931
8.914945
38.993043
8.834528
38.841113
8.751421
38.680154
8.665648
38.510184
8.577236
38.331222
8.486212
38.143288
8.392603
37.946408
8.296438
37.740607
8.197746
37.525912
8.096558
37.302355
7.992903
37.069968
7.886814
36.828786
7.778324
36.578847
7.667464
36.320189
7.554269
36.052855
7.438773
35.776888
7.321011
35.492334
7.201020
35.199241
7.078836
34.897660
6.954495
34.587642
6.828037
34.269244
6.699499
33.942520
6.568920
33.607531
6.436341
33.264337
6.301802
32.913001
6.165343
32.553588
6.027007
32.186164
5.886835
31.810799
5.744870
31.427565
5.601155
31.036533
5.455734
30.637779
5.308652
30.231379
5.159953
29.817413
5.009683
29.395961
4.857886
28.967105
4.704610
28.530929
4.549902
28.087521
4.393807
27.636967
4.236375
27.179358
4.077652
26.714784
3.917687
26.243339
3.756529
25.765118
3.594227
25.280216
3.430830
24.788733
3.266388
24.290767
3.100951
23.786420
2.934570
23.275795
2.767296
22.758996
2.599178
22.236128
2.430269
21.707299
2.260620
21.172617
2.090282
20.632193
1.919307
20.086138
1.747748
19.534564
1.575657
18.977585
1.403086
18.415316
1.230087
17.847875
1.056714
17.275378
0.883019
16.697945
0.709055
16.115695
0.534875
15.528749
0.360532
14.937230
0.186079
14.341259
0.011570
13.740962
-0.162943
13.136464
-0.337406
12.527889
-0.511767
11.915366
-0.685971
11.299021
-0.859967
10.678983
-1.033701
10.055382
-1.207120
9.428346
-1.380171
8.798007
-1.552802
8.164496
-1.724960
7.527944
-1.896593
6.888484
-2.067648
6.246249
-2.238073
5.601373
-2.407816
4.953989
-2.576827
4.304231
-2.745052
3.652235
-2.912442
2.998134
-3.078944
2.342066
-3.244509
1.684164
-3.409085
1.024566
-3.572624
0.363406
-3.735074
-0.299178
-3.896386
-0.963051
-4.056512
-1.628077
-4.215403
-2.294119
-4.373009
-2.961040
-4.529284
-3.628705
-4.684179
-4.296977
-4.837647
-4.965720
-4.989643
-5.634799
-5.140118
-6.304078
-5.289028
-6.973420
-5.436327
-7.642693
-5.581971
-8.311759
-5.725914
-8.980486
-5.868114
-9.648739
-6.008526
-10.316384
-6.147108
-10.983289
-6.283818
-11.649320
-6.418614
-12.314347
-6.551456
-12.978236
-6.682302
-13.640859
-6.811113
-14.302084
-6.937849
-14.961783
-7.062472
-15.619826
-7.184945
-16.276086
-7.305229
-16.930436
-7.423288
-17.582749
-7.539086
-18.232901
-7.652589
-18.880768
-7.763760
-19.526224
-7.872567
-20.169150
-7.978976
-20.809422
-8.082955
-21.446922
-8.184473
-22.081529
-8.283497
-22.713126
-8.379999
-23.341596
-8.473948
-23.966824
-8.565317
-24.588695
-8.654077
-25.207096
-8.740201
-25.821915
-8.823663
-26.433042
-8.904438
-27.040368
-8.982501
-27.643786
-9.057828
-28.243188
-9.130397
-28.838471
-9.200184
-29.429532
-9.267170
-30.016267
-9.331333
-30.598579
-9.392654
-31.176367
-9.451114
-31.749534
-9.506696
-32.317987
-9.559383
-32.881630
-9.609158
-33.440372
-9.656007
-33.994123
-9.699914
-34.542795
-9.740868
-35.086300
-9.778854
-35.624553
-9.813863
-36.157473
-9.845882
-36.684976
-9.874903
-37.206985
-9.900916
-37.723421
-9.923914
-38.234208
-9.943889
-38.739274
-9.960835
-39.238547
-9.974748
-39.731956
-9.985623
-40.219434
-9.993457
-40.700915
-9.998247
-41.176336
-9.999992
-41.645635
-9.998691
-42.108752
-9.994345
-42.565630
-9.986955
-43.016213
-9.976524
-43.460448
-9.963054
-43.898284
-9.946549
-44.329672
-9.927015
-44.754564
-9.904458
-45.172917
-9.878884
-45.584686
-9.850302
-45.989833
-9.818719
-46.388319
-9.784146
-46.780107
-9.746593
-47.165165
-9.706072
-47.543460
-9.662594
-47.914963
-9.616174
-48.279648
-9.566824
-48.637488
-9.514561
-48.988463
-9.459401
-49.332550
-9.401359
-49.669733
-9.340454
-49.999995
-9.276704
-50.323323
-9.210129
-50.639706
-9.140749
-50.949134
-9.068585
-51.251601
-8.993658
-51.547102
-8.915993
-51.835635
-8.835612
-52.117201
-8.752540
-52.391801
-8.666803
-52.659440
-8.578426
-52.920125
-8.487436
-53.173865
-8.393861
-53.420671
-8.297730
-53.660557
-8.199071
-53.893540
-8.097916
-54.119636
-7.994294
-54.338867
-7.888237
-54.551254
-7.779778
-54.756823
-7.668949
-54.955600
-7.555785
-55.147615
-7.440319
-55.332898
-7.322587
-55.511484
-7.202625
-55.683408
-7.080470
-55.848708
-6.956158
-56.007424
-6.829727
-56.159597
-6.701217
-56.305271
-6.570665
-56.444494
-6.438112
-56.577313
-6.303598
-56.703778
-6.167165
-56.823943
-6.028853
-56.937860
-5.888705
-57.045587
-5.746764
-57.147182
-5.603072
-57.242705
-5.457674
-57.332219
-5.310613
-57.415787
-5.161935
-57.493475
-5.011685
-57.565352
-4.859909
-57.631487
-4.706652
-57.691952
-4.551962
-57.746820
-4.395886
-57.796167
-4.238470
-57.840068
-4.079764
-57.878603
-3.919816
-57.911853
-3.758673
-57.939898
-3.596386
-57.962823
-3.433003
-57.980713
-3.268575
-57.993655
-3.103151
-58.001737
-2.936782
-58.005049
-2.769519
-58.003683
-2.601413
-57.997731
-2.432513
-57.987288
-2.262874
-57.972449
-2.092544
-57.953311
-1.921578
-57.929974
-1.750026
-57.902536
-1.577942
-57.871099
-1.405377
-57.835764
-1.232383
-57.796636
-1.059015
-57.753819
-0.885324
-57.707419
-0.711363
-57.657543
-0.537185
-57.604298
-0.362844
-57.547794
-0.188393
-57.488140
-0.013884
-57.425447
0.160629
-57.359828
0.335094
-57.291395
0.509456
-57.220261
0.683663
-57.146542
0.857662
-57.070351
1.031399
-56.991805
1.204823
-56.911021
1.377879
-56.828116
1.550516
-56.743207
1.722681
-56.656413
1.894321
-56.567853
2.065384
-56.477647
2.235818
-56.385913
2.405571
-56.292774
2.574591
-56.198348
2.742827
-56.102758
2.910228
-56.006124
3.076742
-55.908568
3.242320
-55.810213
3.406910
-55.711179
3.570462
-55.611589
3.732927
-55.511565
3.894255
-55.411229
4.054397
-55.310704
4.213304
-55.210111
4.370928
-55.109574
4.527221
-55.009212
4.682134
-54.909150
4.835622
-54.809507
4.987637
-54.710406
5.138133
-54.611968
5.287064
-54.514313
5.434385
-54.417562
5.580051
-54.321834
5.724017
-54.227249
5.866240
-54.133927
6.006676
-54.041986
6.145283
-53.951543
6.282018
-53.862716
6.416840
-53.775622
6.549707
-53.690376
6.680580
-53.607094
6.809418
-53.525890
6.936182
-53.446878
7.060834
-53.370171
7.183335
-53.295880
7.303649
-53.224116
7.421737
-53.154990
7.537566
-53.088610
7.651099
-53.025084
7.762301
-52.964519
7.871140
-52.907021
7.977581
-52.852693
8.081593
-52.801640
8.183143
-52.753963
8.282201
-52.709764
8.378736
-52.669141
8.472719
-52.632193
8.564122
-52.599015
8.652917
-52.569705
8.739076
-52.544355
8.822574
-52.523058
8.903385
-52.505904
8.981484
-52.492983
9.056847
-52.484382
9.129453
-52.480187
9.199277
-52.480484
9.266300
-52.485353
9.330501
-52.494876
9.391860
-52.509133
9.450358
-52.528200
9.505978
-52.552154
9.558703
-52.581067
9.608517
-52.615012
9.655405
-52.654058
9.699351
-52.698273
9.740344
-52.747724
9.778370
-52.802474
9.813418
-52.862585
9.845477
-52.928118
9.874538
-52.999129
9.900591
-53.075675
9.923628
-53.157810
9.943644
-53.245584
9.960631
-53.339047
9.974584
-53.438246
9.985499
-53.543226
9.993373
-53.654029
9.998203
-53.770696
9.999989
-53.893266
9.998728
-54.021773
9.994423
-54.156251
9.987073
-54.296732
9.976682
-54.443244
9.963252
-54.595814
9.946788
-54.754464
9.927294
-54.919218
9.904777
-55.090095
9.879243
-55.267110
9.850700
-55.450279
9.819157
-55.639612
9.784624
-55.835120
9.747110
-56.036810
9.706628
-56.244685
9.663190
-56.458747
9.616808
-56.678997
9.567498
-56.905429
9.515273
-57.138040
9.460151
-57.376820
9.402147
-57.621759
9.341280
-57.872843
9.277568
-58.130057
9.211030
-58.393381
9.141687
-58.662795
9.069560
-58.938275
8.994670
-59.219794
8.917041
-59.507324
8.836696
-59.800834
8.753659
-60.100289
8.667957
-60.405652
8.579615
-60.716885
8.488659
-61.033945
8.395119
-61.356789
8.299021
-61.685370
8.200396
-62.019637
8.099273
-62.359538
7.995684
-62.705020
7.889659
-63.056025
7.781231
-63.412493
7.670434
-63.774362
7.557300
-64.141566
7.441865
-64.514040
7.324163
-64.891712
7.204230
-65.274510
7.082104
-65.662359
6.957820
-66.055183
6.831417
-66.452901
6.702934
-66.855430
6.572409
-67.262687
6.439883
-67.674583
6.305395
-68.091030
6.168986
-68.511934
6.030699
-68.937203
5.890575
-69.366739
5.748657
-69.800442
5.604988
-70.238212
5.459612
-70.679944
5.312574
-71.125533
5.163917
-71.574870
5.013687
-72.027845
4.861931
-72.484344
4.708694
-72.944253
4.554022
-73.407454
4.397964
-73.873829
4.240566
-74.343255
4.081877
-74.815609
3.921944
-75.290764
3.760817
-75.768595
3.598545
-76.248969
3.435176
-76.731756
3.270762
-77.216822
3.105351
-77.704031
2.938994
-78.193245
2.771743
-78.684324
2.603647
-79.177128
2.434758
-79.671512
2.265127
-80.167331
2.094807
-80.664440
1.923849
-81.162688
1.752305
-81.661926
1.580227
-82.162002
1.407668
-82.662761
1.234680
-83.164049
1.061316
-83.665708
0.887628
-84.167581
0.713671
-84.669507
0.539496
-85.171325
0.365157
-85.672871
0.190706
-86.173983
0.016198
-86.674493
-0.158316
-87.174236
-0.332781
-87.673042
-0.507145
-88.170743
-0.681354
-88.667167
-0.855356
-89.162143
-1.029097
-89.655497
-1.202525
-90.147057
-1.375587
-90.636645
-1.548230
-91.124087
-1.720401
-91.609205
-1.892048
-92.091820
-2.063119
-92.571754
-2.233562
-93.048828
-2.403324
-93.522859
-2.572355
-93.993667
-2.740602
-94.461069
-2.908014
-94.924883
-3.074541
-95.384925
-3.240131
-95.841011
-3.404734
-96.292955
-3.568301
-96.740574
-3.730780
-97.183681
-3.892124
-97.622089
-4.052282
-98.055612
-4.211205
-98.484064
-4.368847
-98.907257
-4.525157
-99.325003
-4.680090
-99.737115
-4.833597
-100.143405
-4.985631
-100.543685
-5.136148
-100.937766
-5.285100
-101.325460
-5.432442
-101.706579
-5.578130
-102.080936
-5.722119
-102.448341
-5.864366
-102.808607
-6.004826
-103.161546
-6.143457
-103.506970
-6.280217
-103.844692
-6.415065
-104.174524
-6.547959
-104.496281
-6.678858
-104.809776
-6.807723
-105.114822
-6.934515
-105.411235
-7.059195
-105.698829
-7.181725
-105.977419
-7.302068
-106.246823
-7.420186
-106.506857
-7.536045
-106.757338
-7.649609
-106.998084
-7.760842
-107.228915
-7.869712
-107.449650
-7.976186
-107.660110
-8.080230
-107.860116
-8.181813
-108.049491
-8.280904
-108.228057
-8.377473
-108.395641
-8.471490
-108.552066
-8.562928
-108.697159
-8.651757
-108.830748
-8.737951
-108.952662
-8.821485
-109.062731
-8.902331
-109.160785
-8.980466
-109.246658
-9.055866
-109.320183
-9.128508
-109.381196
-9.198370
-109.429532
-9.265430
-109.465030
-9.329668
-109.487530
-9.391065
-109.496872
-9.449601
-109.492898
-9.505260
-109.475454
-9.558023
-109.444383
-9.607876
-109.399534
-9.654802
-109.340756
-9.698788
-109.267899
-9.739820
-109.180815
-9.777885
-109.079359
-9.812973
-108.963387
-9.845072
-108.832756
-9.874172
-108.687326
-9.900265
-108.526959
-9.923343
-108.351517
-9.943398
-108.160867
-9.960425
-107.954875
-9.974419
-107.733412
-9.985374
-107.496348
-9.993288
-107.243556
-9.998159
-106.974913
-9.999985
-106.690296
-9.998765
-106.389585
-9.994500
-106.072662
-9.987191
-105.739411
-9.976840
-105.389718
-9.963450
-105.023472
-9.947026
-104.640563
-9.927572
-104.240886
-9.905095
-103.824335
-9.879601
-103.390807
-9.851098
-102.940204
-9.819595
-102.472427
-9.785101
-101.987382
-9.747627
-101.484975
-9.707184
-100.965116
-9.663785
-100.427717
-9.617442
-99.872693
-9.568171
-99.299961
-9.515985
-98.709440
-9.460901
-98.101051
-9.402935
-97.474720
-9.342106
-96.830373
-9.278431
-96.167940
-9.211931
-95.487353
-9.142625
-94.788546
-9.070534
-94.071456
-8.995681
-93.336024
-8.918088
-92.582191
-8.837779
-91.809902
-8.754778
-91.019105
-8.669111
-90.209749
-8.580803
-89.381788
-8.489882
-88.535176
-8.396376
-87.669872
-8.300312
-86.785836
-8.201720
-85.883031
-8.100630
-84.961422
-7.997073
-84.020979
-7.891080
-83.061672
-7.782684
-82.083475
-7.671918
-81.086364
-7.558815
-80.070318
-7.443410
-79.035319
-7.325738
-77.981350
-7.205835
-76.908399
-7.083737
-75.816455
-6.959482
-74.705509
-6.833107
-73.575557
-6.704651
-72.426597
-6.574153
-71.258626
-6.441653
-70.071649
-6.307190
-68.865670
-6.170807
-67.640697
-6.032545
-66.396739
-5.892445
-65.133810
-5.750550
-63.851925
-5.606904
-62.551102
-5.461551
-61.231361
-5.314534
-59.892725
-5.165898
-58.535219
-5.015689
-57.158872
-4.863953
-55.763713
-4.710735
-54.349776
-4.556082
-52.917096
-4.400042
-51.465709
-4.242662
-49.995658
-4.083989
-48.506984
-3.924073
-46.999731
-3.762961
-45.473949
-3.600704
-43.929685
-3.437349
-42.366992
-3.272948
-40.785924
-3.107550
-39.186539
-2.941206
-37.568894
-2.773966
-35.933051
-2.605881
-34.279073
-2.437002
-32.607026
-2.267381
-30.916977
-2.097070
-29.208997
-1.926120
-27.483157
-1.754583
-25.739532
-1.582512
-23.978198
-1.409958
-22.199233
-1.236976
-20.402718
-1.063616
-18.588735
-0.889933
-16.757368
-0.715979
-14.908704
-0.541807
-13.042831
-0.367469
-11.159839
-0.193020
-9.259821
-0.018512
-7.342870
0.156002
-5.409082
0.330468
-3.458555
0.504834
-1.491388
0.679046
0.492318
0.853051
2.492460
1.026796
4.508933
1.200228
6.541632
1.373295
8.590448
1.545944
10.655273
1.718122
12.735995
1.889776
14.832501
2.060855
16.944679
2.231306
19.072412
2.401078
21.215584
2.570119
23.374076
2.738376
25.547769
2.905800
27.736541
3.072339
29.940271
3.237942
32.158835
3.402558
34.392108
3.566139
36.639964
3.728633
38.902277
3.889992
41.178917
4.050166
43.469755
4.209107
45.774662
4.366765
48.093504
4.523094
50.426151
4.678045
52.772467
4.831571
55.132320
4.983625
57.505574
5.134162
59.892092
5.283135
62.291737
5.430500
64.704372
5.576210
67.129858
5.720222
69.568056
5.862491
72.018826
6.002975
74.482026
6.141631
76.957517
6.278417
79.445155
6.413290
81.944799
6.546210
84.456306
6.677136
86.979531
6.806028
89.514332
6.932848
92.060564
7.057556
94.618081
7.180115
97.186740
7.300487
99.766394
7.418635
102.356898
7.534524
104.958106
7.648118
107.569871
7.759383
110.192048
7.868285
112.824490
7.974790
115.467049
8.078866
118.119580
8.180482
120.781935
8.279606
123.453968
8.376209
126.135532
8.470260
128.826479
8.561732
131.526663
8.650596
134.235937
8.736826
136.954155
8.820395
139.681170
8.901277
142.416836
8.979448
145.161006
9.054884
147.913536
9.127563
150.674279
9.197462
153.443089
9.264559
156.219823
9.328835
159.004335
9.390269
161.796481
9.448844
164.596117
9.504541
167.403100
9.557343
170.217286
9.607234
173.038533
9.654199
175.866700
9.698224
178.701644
9.739295
181.543224
9.777400
184.391300
9.812527
187.245733
9.844666
190.106382
9.873806
192.973109
9.899939
195.845777
9.923056
198.724248
9.943152
201.608385
9.960219
204.498053
9.974253
207.393117
9.985249
210.293441
9.993203
213.198893
9.998115
216.109339
9.999981
219.024648
9.998801
221.944688
9.994576
224.869329
9.987307
227.798441
9.976997
230.731896
9.963647
233.669566
9.947264
236.611324
9.927850
239.557044
9.905413
242.506600
9.879959
245.459870
9.851496
248.416729
9.820033
251.377056
9.785578
254.340729
9.748144
257.307627
9.707740
260.277632
9.664380
263.250624
9.618076
266.226488
9.568843
269.205106
9.516696
272.186362
9.461650
275.170143
9.403723
278.156336
9.342931
281.144827
9.279294
284.135507
9.212831
287.128263
9.143562
290.122988
9.071508
293.119573
8.996691
296.117910
8.919134
299.117894
8.838861
302.119420
8.755896
305.122384
8.670264
308.126682
8.581991
311.132212
8.491105
314.138874
8.397632
317.146567
8.301602
320.155194
8.203043
323.164654
8.101987
326.174853
7.998462
329.185693
7.892502
332.197080
7.784137
335.208919
7.673402
338.221119
7.560330
341.233586
7.444955
344.246230
7.327313
347.258961
7.207439
350.271689
7.085370
353.284327
6.961143
356.296786
6.834796
359.308981
6.706368
362.320825
6.575896
365.332235
6.443422
368.343126
6.308986
371.353415
6.172628
374.363020
6.034390
377.371860
5.894314
380.379855
5.752443
383.386923
5.608820
386.392988
5.463489
389.397969
5.316494
392.401789
5.167880
395.404373
5.017691
398.405642
4.865975
401.405523
4.712776
404.403939
4.558142
407.400817
4.402120
410.396083
4.244757
413.389664
4.086101
416.381487
3.926201
419.371480
3.765105
422.359571
3.602862
425.345690
3.439522
428.329765
3.275135
431.311726
3.109750
434.291504
2.943418
437.269029
2.776189
440.244231
2.608115
443.217042
2.439246
446.187393
2.269635
449.155215
2.099332
452.120441
1.928390
455.083002
1.756861
458.042831
1.584796
460.999860
1.412249
463.954021
1.239272
466.905246
1.065917
469.853469
0.892238
472.798621
0.718287
475.740634
0.544117
478.679442
0.369782
481.614976
0.195333
484.547168
0.020826
487.475950
-0.153688
490.401254
-0.328155
493.323012
-0.502523
496.241154
-0.676737
499.155610
-0.850745
502.066313
-1.024494
504.973191
-1.197931
507.876174
-1.371003
510.775191
-1.543658
513.670172
-1.715842
516.561043
-1.887504
519.447733
-2.058591
522.330169
-2.229051
525.208276
-2.398832
528.081981
-2.567882
530.951208
-2.736151
533.815881
-2.903586
536.675923
-3.070137
539.531257
-3.235752
542.381805
-3.400382
545.227486
-3.563977
548.068221
-3.726486
550.903928
-3.887860
553.734524
-4.048050
556.559927
-4.207007
559.380051
-4.364683
562.194811
-4.521030
565.004119
-4.675999
567.807888
-4.829545
570.606028
-4.981619
573.398448
-5.132176
576.185056
-5.281171
578.965758
-5.428556
581.740459
-5.574289
584.509063
-5.718323
587.271471
-5.860616
590.027585
-6.001125
592.777303
-6.139805
595.520521
-6.276615
598.257136
-6.411514
600.987042
-6.544460
603.710130
-6.675413
606.426291
-6.804333
609.135412
-6.931180
611.837382
-7.055917
614.532083
-7.178504
617.219400
-7.298905
619.899213
-7.417083
622.571400
-7.533002
625.235838
-7.646627
627.892402
-7.757923
630.540965
-7.866856
633.181396
-7.973393
635.813564
-8.077502
638.437334
-8.179151
641.052571
-8.278308
643.659135
-8.374945
646.256886
-8.469030
648.845680
-8.560536
651.425371
-8.649435
653.995812
-8.735700
656.556850
-8.819304
659.108335
-8.900222
661.650108
-8.978429
664.182013
-9.053902
666.703888
-9.126617
669.215570
-9.196553
671.716892
-9.263688
674.207687
-9.328001
676.687781
-9.389473
679.157001
-9.448086
681.615170
-9.503821
684.062107
-9.556662
686.497631
-9.606592
688.921555
-9.653596
691.333690
-9.697660
693.733847
-9.738770
696.121829
-9.776914
698.497441
-9.812081
700.860480
-9.844259
703.210746
-9.873439
705.548030
-9.899612
707.872123
-9.922770
710.182814
-9.942905
712.479886
-9.960013
714.763122
-9.974087
717.032298
-9.985123
719.287190
-9.993118
721.527571
-9.998069
723.753208
-9.999976
725.963867
-9.998837
728.159310
-9.994652
730.339297
-9.987424
732.503583
-9.977153
734.651920
-9.963844
736.784059
-9.947501
738.899743
-9.928127
740.998717
-9.905730
743.080719
-9.880316
745.145485
-9.851893
747.192749
-9.820469
749.222238
-9.786055
751.233679
-9.748659
753.226794
-9.708295
755.201302
-9.664974
757.156920
-9.618709
759.093359
-9.569515
761.010329
-9.517406
762.907534
-9.462399
764.784677
-9.404509
766.641456
-9.343756
768.477568
-9.280156
770.292703
-9.213731
772.086551
-9.144499
773.858796
-9.072481
775.609119
-8.997701
777.337200
-8.920181
779.042713
-8.839943
780.725330
-8.757013
782.384718
-8.671417
784.020542
-8.583179
785.632464
-8.492327
787.220141
-8.398888
788.783228
-8.302892
790.321376
-8.204367
791.834232
-8.103343
793.321443
-7.999851
794.782647
-7.893922
796.217484
-7.785590
797.625588
-7.674886
799.006589
-7.561844
800.360117
-7.446500
801.685795
-7.328888
802.983246
-7.209043
804.252086
-7.087003
805.491932
-6.962804
806.702395
-6.836485
807.883084
-6.708084
809.033604
-6.577639
810.153557
-6.445192
811.242543
-6.310781
812.300158
-6.174448
813.325995
-6.036235
814.319643
-5.896183
815.280690
-5.754336
816.208720
-5.610736
817.103314
-5.465427
817.964050
-5.318454
818.790503
-5.169860
819.582246
-5.019693
820.338847
-4.867996
821.059874
-4.714817
821.744889
-4.560202
822.393455
-4.404197
823.005130
-4.246852
823.579469
-4.088213
824.116025
-3.928329
824.614348
-3.767249
825.073986
-3.605021
825.494485
-3.441695
825.875387
-3.277321
826.216231
-3.111949
826.516557
-2.945629
826.775899
-2.778412
826.993790
-2.610349
827.169760
-2.441490
827.303339
-2.271888
827.394051
-2.101595
827.441422
-1.930661
827.444972
-1.759139
827.404222
-1.587081
827.318689
-1.414540
827.187888
-1.241568
827.011333
-1.068218
826.788535
-0.894543
826.519004
-0.720595
826.202249
-0.546428
825.837775
-0.372094
825.425086
-0.197647
824.963685
-0.023140
824.453073
0.151375
823.892750
0.325843
823.282213
0.500212
822.620959
0.674428
821.908482
0.848439
821.144276
1.022192
820.327834
1.195634
819.458646
1.368711
818.536201
1.541371
817.559989
1.713562
816.529497
1.885231
815.444211
2.056326
814.303616
2.226795
813.107196
2.396585
811.854436
2.565646
810.544817
2.733925
809.177823
2.901371
807.752932
3.067934
806.269627
3.233563
804.727387
3.398206
803.125691
3.561815
801.464018
3.724339
799.741846
3.885728
797.958654
4.045934
796.113919
4.204908
794.207118
4.362601
792.237729
4.518966
790.205229
4.673954
788.109094
4.827518
785.948803
4.979613
783.723832
5.130190
781.433658
5.279206
779.077759
5.426613
776.655612
5.572367
774.166695
5.716425
771.610488
5.858741
768.986467
5.999273
766.294114
6.137978
763.532907
6.274814
760.702327
6.409738
757.801855
6.542710
754.830974
6.673690
751.789165
6.802637
748.675913
6.929512
745.490701
7.054277
742.233017
7.176893
738.902346
7.297323
735.498175
7.415531
732.019995
7.531480
728.467295
7.645136
724.839567
7.756463
721.136304
7.865427
717.357001
7.971997
713.501153
8.076138
709.568258
8.177819
705.557815
8.277010
701.469325
8.373680
697.302292
8.467799
693.056219
8.559340
688.730613
8.648274
684.324983
8.734574
679.838840
8.818213
675.271695
8.899167
670.623065
8.977410
665.892465
9.052919
661.079416
9.125671
656.183439
9.195644
651.204058
9.262816
646.140801
9.327167
640.993196
9.388677
635.760775
9.447328
630.443074
9.503101
625.039628
9.555980
619.549979
9.605949
613.973669
9.652992
608.310245
9.697095
602.559254
9.738244
596.720250
9.776428
590.792788
9.811634
584.776425
9.843852
578.670723
9.873072
572.475248
9.899285
566.189567
9.922482
559.813252
9.942658
553.345878
9.959806
546.787024
9.973920
540.136272
9.984996
533.393209
9.993032
526.557423
9.998024
519.628508
9.999970
512.606061
9.998872
505.489685
9.994728
498.278983
9.987539
490.973564
9.977309
483.573043
9.964041
476.077037
9.947737
468.485166
9.928404
460.797057
9.906047
453.012340
9.880673
445.130649
9.852290
437.151622
9.820906
429.074904
9.786530
420.900141
9.749175
412.626986
9.708850
404.255096
9.665568
395.784133
9.619342
387.213762
9.570186
378.543655
9.518116
369.773487
9.463147
360.902939
9.405296
351.931697
9.344580
342.859451
9.281018
333.685897
9.214630
324.410735
9.145435
315.033672
9.073454
305.554418
8.998711
295.972688
8.921226
286.288206
8.841025
276.500696
8.758130
266.609892
8.672569
256.615529
8.584366
246.517353
8.493548
236.315109
8.400144
226.008553
8.304181
215.597443
8.205689
205.081545
8.104698
194.460629
8.001239
183.734472
7.895343
172.902855
7.787042
161.965565
7.676369
150.922398
7.563358
139.773151
7.448044
128.517631
7.330462
117.155649
7.210647
105.687022
7.088635
94.111572
6.964465
82.429130
6.838174
70.639530
6.709800
58.742614
6.579382
46.738230
6.446961
34.626231
6.312576
22.406477
6.176268
10.078835
6.038080
-2.356824
5.898052
-14.900619
5.756228
-27.552667
5.612651
-40.313075
5.467365
-53.181946
5.320413
-66.159375
5.171841
-79.245451
5.021694
-92.440257
4.870017
-105.743869
4.716857
-119.156356
4.562261
-132.677782
4.406275
-146.308202
4.248947
-160.047666
4.090325
-173.896218
3.930457
-187.853893
3.769392
-201.920720
3.607179
-216.096724
3.443868
-230.381918
3.279507
-244.776314
3.114148
-259.279912
2.947840
-273.892709
2.780635
-288.614693
2.612582
-303.445846
2.443734
-318.386141
2.274142
-333.435548
2.103857
-348.594027
1.932931
-363.861531
1.761417
-379.238007
1.589366
-394.723395
1.416831
-410.317628
1.243864
-426.020631
1.070519
-441.832322
0.896847
-457.752613
0.722903
-473.781408
0.548738
-489.918603
0.374406
-506.164090
0.199960
-522.517749
0.025454
-538.979457
-0.149061
-555.549082
-0.323530
-572.226483
-0.497901
-589.011516
-0.672120
-605.904026
-0.846134
-622.903852
-1.019890
-640.010826
-1.193336
-657.224771
-1.366419
-674.545506
-1.539085
-691.972838
-1.711283
-709.506571
-1.882959
-727.146499
-2.054062
-744.892409
-2.224539
-762.744081
-2.394339
-780.701287
-2.563409
-798.763793
-2.731699
-816.931355
-2.899157
-835.203724
-3.065732
-853.580641
-3.231373
-872.061841
-3.396030
-890.647053
